0.000	38.07	0.00	0.00	0.00	0.00	0.00	0.0	6	10.00
0.122	37.77	0.00	0.00	0.00	0.00	0.00	0.0	6	10.00
0.245	37.67	0.00	0.00	0.00	0.00	0.00	0.0	6	10.00
0.367	37.99	0.00	0.00	0.00	0.00	0.00	0.0	6	10.00
0.489	38.18	0.00	0.00	0.00	0.00	0.00	0.0	6	10.00
0.612	37.96	0.00	0.00	0.00	0.00	0.00	0.0	6	10.00
0.734	38.24	0.00	0.00	0.00	0.00	0.00	0.0	6	10.00
0.856	38.40	0.00	0.00	0.00	0.00	0.00	0.0	6	10.00
0.979	37.95	0.00	0.00	0.00	0.00	0.00	0.0	6	10.00
1.101	38.23	0.00	0.00	0.00	0.00	0.00	0.0	6	10.00
1.223	38.08	0.00	0.00	0.00	0.00	0.00	0.0	6	10.00
1.346	37.89	0.00	0.00	0.00	0.00	0.00	0.0	6	10.00
1.468	38.34	0.00	0.00	0.00	0.00	0.00	0.0	6	10.00
1.590	37.85	0.00	0.00	0.00	0.00	0.00	0.0	6	10.00
1.712	37.74	0.00	0.00	0.00	0.00	0.00	0.0	6	10.00
1.835	38.12	0.00	0.00	0.00	0.00	0.00	0.0	6	10.00
1.957	37.93	0.00	0.00	0.00	0.00	0.00	0.0	6	10.00
2.079	37.81	0.00	0.00	0.00	0.00	0.00	0.0	6	10.00
2.202	37.88	0.00	0.00	0.00	0.00	0.00	0.0	6	10.00
2.324	38.16	0.00	0.00	0.00	0.00	0.00	0.0	6	10.00
2.446	38.01	0.00	0.00	0.00	0.00	0.00	0.0	6	10.00
2.569	37.73	0.00	0.00	0.00	0.00	0.00	0.0	6	10.00
2.691	37.93	0.00	0.00	0.00	0.00	0.00	0.0	6	10.00
2.813	37.81	0.00	0.00	0.00	0.00	0.00	0.0	6	10.00
2.936	38.01	0.00	0.00	0.00	0.00	0.00	0.0	6	10.00
3.058	38.06	0.00	0.00	0.00	0.00	0.00	0.0	6	10.00
3.180	38.11	0.00	0.00	0.00	0.00	0.00	0.0	6	10.00
3.303	38.12	0.00	0.00	0.00	0.00	0.00	0.0	6	10.00
3.425	37.97	0.00	0.00	0.00	0.00	0.00	0.0	6	10.00
3.547	38.09	0.00	0.00	0.00	0.00	0.00	0.0	6	10.00
3.670	38.30	0.00	0.00	0.00	0.00	0.00	0.0	6	10.00
3.792	38.02	0.00	0.00	0.00	0.00	0.00	0.0	6	10.00
3.914	38.11	0.00	0.00	0.00	0.00	0.00	0.0	6	10.00
4.037	38.30	0.00	0.00	0.00	0.00	0.00	0.0	6	10.00
4.159	37.82	0.00	0.00	0.00	0.00	0.00	0.0	6	10.00
4.281	38.26	0.00	0.00	0.00	0.00	0.00	0.0	6	10.00
4.404	38.09	0.00	0.00	0.00	0.00	0.00	0.0	6	10.00
4.526	38.23	0.00	0.00	0.00	0.00	0.00	0.0	6	10.00
4.648	38.10	0.00	0.00	0.00	0.00	0.00	0.0	6	10.00
4.771	38.07	0.00	0.00	0.00	0.00	0.00	0.0	6	10.00
4.893	38.10	0.00	0.00	0.00	0.00	0.00	0.0	6	10.00
5.015	37.89	0.00	0.00	0.00	0.00	0.00	0.0	6	10.00
5.138	38.41	0.00	0.00	0.00	0.00	0.00	0.0	6	10.00
5.260	38.20	0.00	0.00	0.00	0.00	0.00	0.0	6	10.00
5.382	37.97	0.00	1.83	0.00	0.00	0.00	0.0	6	10.35
5.505	30.57	0.12	3.66	11.99	0.23	2.81	76.7	6	10.67
5.627	30.51	0.20	6.10	12.17	0.38	4.68	76.8	6	11.09
5.749	30.41	0.30	9.15	12.08	0.58	7.05	77.1	6	11.60
5.872	30.64	0.40	12.20	12.26	0.77	9.39	77.0	6	12.10
5.994	30.56	0.50	15.24	12.27	0.96	11.75	77.1	6	12.60
6.116	30.56	0.60	18.29	12.22	1.16	14.15	77.3	6	13.09
6.239	30.42	0.72	21.95	12.25	1.39	17.00	77.5	6	13.68
6.361	30.37	0.80	24.39	12.22	1.54	18.83	77.2	6	14.06
6.483	30.36	0.90	27.44	12.32	1.73	21.26	77.5	6	14.54
6.606	30.37	0.98	29.88	12.39	1.88	23.32	78.0	6	14.93
6.728	30.54	1.10	33.54	12.43	2.10	26.15	78.0	6	15.50
6.850	30.40	1.20	36.59	12.51	2.27	28.39	77.6	6	15.97
6.973	30.69	1.29	39.63	12.62	2.45	30.97	78.1	6	16.44
7.095	30.66	1.45	44.51	12.58	2.78	34.96	78.5	6	17.20
7.217	30.66	1.51	46.34	12.70	2.87	36.39	78.5	6	17.48
7.339	30.66	1.57	48.17	12.66	2.98	37.78	78.4	6	17.76
7.462	30.60	1.63	50.00	12.64	3.10	39.18	78.4	6	18.04
7.584	30.55	1.70	51.83	12.75	3.20	40.76	78.6	6	18.31
7.706	30.80	1.74	53.66	12.74	3.32	42.27	78.8	6	18.59
7.829	30.38	1.85	56.10	12.75	3.46	44.16	78.7	6	18.96
7.951	30.72	1.91	58.54	12.79	3.60	46.09	78.7	6	19.33
8.073	30.46	1.98	60.37	12.92	3.69	47.64	78.9	6	19.61
8.196	30.56	2.04	62.20	12.85	3.82	49.09	78.9	6	19.89
8.318	30.35	2.13	64.63	12.81	4.00	51.24	79.3	6	20.25
8.440	30.56	2.19	67.07	12.95	4.11	53.18	79.3	6	20.62
8.563	30.64	2.25	68.90	12.94	4.22	54.59	79.2	6	20.90
8.685	30.48	2.34	71.34	13.04	4.36	56.86	79.7	6	21.26
8.807	30.24	2.42	73.17	12.94	4.49	58.17	79.5	6	21.54
8.930	30.58	2.45	75.00	13.03	4.58	59.73	79.6	6	21.81
9.052	30.43	2.56	78.05	13.09	4.77	62.45	80.0	6	22.27
9.174	30.70	2.60	79.88	13.09	4.88	63.83	79.9	6	22.54
9.297	30.80	2.67	82.32	13.18	5.00	65.93	80.1	6	22.90
9.419	30.41	2.79	84.76	13.19	5.15	67.94	80.2	6	23.27
9.541	30.69	2.84	87.20	13.23	5.28	69.83	80.1	6	23.63
9.664	30.48	2.94	89.63	13.20	5.44	71.86	80.2	6	23.99
9.786	30.36	3.05	92.68	13.34	5.59	74.57	80.5	6	24.44
9.908	30.48	3.10	94.51	13.35	5.70	76.15	80.6	6	24.71
10.031	30.58	3.15	96.34	13.44	5.76	77.40	80.3	6	24.98
10.153	30.56	3.21	98.17	13.37	5.90	78.95	80.4	6	25.25
10.275	30.76	3.25	100.00	13.42	6.04	81.06	81.1	6	25.52
10.398	30.51	3.35	102.16	13.50	6.10	82.34	80.6	6	25.84
10.520	30.72	3.40	104.33	13.49	6.25	84.31	80.8	6	26.16
10.642	30.78	3.46	106.49	13.55	6.36	86.12	80.9	6	26.48
10.764	30.44	3.57	108.65	13.51	6.50	87.77	80.8	6	26.80
10.887	30.59	3.60	110.09	13.59	6.58	89.40	81.2	6	27.01
11.009	30.44	3.66	111.53	13.55	6.68	90.54	81.2	6	27.22
11.132	30.76	3.67	112.98	13.64	6.75	92.12	81.5	6	27.43
11.254	30.37	3.77	114.42	13.72	6.77	92.84	81.1	6	27.64
11.376	30.54	3.79	115.86	13.75	6.84	94.10	81.2	6	27.85
11.498	30.63	3.85	118.02	13.70	7.00	95.93	81.3	6	28.17
11.621	30.29	3.97	120.18	13.80	7.10	98.00	81.5	6	28.49
11.743	30.59	3.98	121.63	13.78	7.19	99.16	81.5	6	28.70
11.865	30.22	4.10	123.79	13.75	7.36	101.15	81.7	6	29.01
11.988	30.29	4.13	125.23	13.71	7.48	102.56	81.9	6	29.22
12.110	30.62	4.11	125.95	13.81	7.44	102.71	81.5	6	29.33
12.232	30.39	4.19	127.39	13.80	7.53	103.95	81.6	6	29.54
12.355	30.67	4.18	128.11	13.88	7.54	104.60	81.6	6	29.64
12.477	30.64	4.20	128.83	13.88	7.59	105.37	81.8	6	29.75
12.599	30.61	4.23	129.55	13.79	7.69	106.05	81.9	6	29.85
12.722	30.55	4.27	130.28	13.87	7.69	106.68	81.9	6	29.96
12.844	30.29	4.33	131.00	13.94	7.72	107.55	82.1	6	30.06
12.966	30.65	4.30	131.72	13.86	7.80	108.06	82.0	6	30.17
13.089	30.64	4.30	131.72	13.87	7.78	107.88	81.9	6	30.17
13.211	30.30	4.37	132.44	13.86	7.83	108.54	82.0	6	30.27
13.333	30.56	4.33	132.44	13.95	7.82	109.08	82.4	6	30.27
13.456	30.41	4.38	133.16	13.96	7.83	109.29	82.1	6	30.38
13.578	30.29	4.40	133.16	13.89	7.88	109.40	82.2	6	30.38
13.700	30.60	4.38	133.88	13.93	7.89	109.92	82.1	6	30.48
13.823	30.42	4.40	133.88	13.97	7.88	110.04	82.2	6	30.48
13.945	30.40	4.40	133.88	13.91	7.89	109.80	82.0	6	30.48
14.067	30.58	4.38	133.88	13.94	7.88	109.74	82.0	6	30.48
14.190	30.52	4.39	133.88	13.94	7.88	109.81	82.0	6	30.48
14.312	30.58	4.40	134.60	13.94	7.92	110.41	82.0	6	30.50
14.434	30.53	4.41	134.60	13.90	8.00	111.15	82.6	6	30.50
14.557	30.69	4.39	134.60	13.92	7.93	110.36	82.0	6	30.50
14.679	30.55	4.41	134.60	13.93	7.96	110.90	82.4	6	30.50
14.801	30.34	4.44	134.60	13.91	7.96	110.73	82.3	6	30.50
14.924	30.76	4.38	134.60	13.96	7.95	111.06	82.5	6	30.50
15.046	30.09	4.47	134.60	13.89	7.98	110.89	82.4	6	30.38
15.168	30.56	4.40	134.60	13.97	7.89	110.30	81.9	6	30.38
15.290	30.52	4.41	134.60	13.94	7.93	110.56	82.1	6	30.38
15.413	30.52	4.41	134.60	13.88	7.97	110.65	82.2	6	30.38
15.535	30.48	4.42	134.60	13.88	7.95	110.30	81.9	6	30.39
15.658	30.37	4.43	134.70	13.96	7.96	111.12	82.5	6	30.39
15.780	30.53	4.42	134.81	13.96	7.97	111.28	82.5	6	30.40
15.902	30.54	4.42	134.91	13.90	7.96	110.68	82.0	6	30.41
16.024	30.46	4.43	135.01	13.97	7.98	111.47	82.6	6	30.42
16.147	30.79	4.39	135.12	13.96	7.97	111.32	82.4	6	30.43
16.269	30.55	4.43	135.22	13.97	7.96	111.22	82.2	6	30.45
16.391	30.75	4.40	135.32	13.91	8.01	111.34	82.3	6	30.46
16.514	30.65	4.42	135.42	13.96	7.98	111.41	82.3	6	30.47
16.636	30.48	4.45	135.53	14.02	7.94	111.30	82.1	6	30.48
16.758	30.61	4.43	135.63	13.92	8.03	111.81	82.4	6	30.49
16.881	30.41	4.46	135.73	13.93	7.98	111.18	81.9	6	30.50
17.003	30.51	4.45	135.84	13.93	8.05	112.19	82.6	6	30.51
17.125	30.61	4.44	135.94	13.92	8.04	111.93	82.3	6	30.52
17.248	30.47	4.46	136.04	14.00	7.97	111.59	82.0	6	30.52
17.370	30.30	4.49	136.04	13.97	8.00	111.68	82.1	6	30.53
17.492	30.78	4.42	136.04	13.89	8.04	111.75	82.1	6	30.54
17.615	30.82	4.42	136.15	14.02	7.98	111.85	82.2	6	30.54
17.737	30.49	4.47	136.25	13.97	8.05	112.39	82.5	6	30.55
17.859	30.36	4.49	136.35	13.93	8.04	111.96	82.1	6	30.56
17.982	30.63	4.45	136.45	14.04	7.98	112.09	82.2	6	30.57
18.104	30.65	4.46	136.56	13.96	8.07	112.65	82.5	6	30.59
18.226	30.74	4.44	136.66	13.95	8.07	112.62	82.4	6	30.59
18.349	30.60	4.47	136.76	14.00	8.03	112.37	82.2	6	30.60
18.471	30.50	4.48	136.76	14.10	8.00	112.80	82.5	6	30.60
18.593	30.56	4.47	136.76	13.93	8.06	112.28	82.1	6	30.61
18.716	30.58	4.47	136.76	13.96	8.07	112.57	82.3	6	30.61
18.838	30.64	4.46	136.76	13.95	8.08	112.76	82.4	6	30.61
18.960	30.53	4.48	136.87	13.96	8.05	112.41	82.1	6	30.62
19.083	30.37	4.51	136.97	13.94	8.07	112.51	82.1	6	30.63
19.205	30.49	4.50	137.07	13.96	8.07	112.70	82.2	6	30.65
19.327	30.34	4.52	137.28	13.94	8.09	112.81	82.2	6	30.66
19.450	30.61	4.49	137.48	14.08	8.05	113.40	82.5	6	30.68
19.572	30.49	4.52	137.69	13.95	8.08	112.76	81.9	6	30.70
19.694	30.42	4.53	137.90	13.98	8.13	113.71	82.5	6	30.72
19.817	30.53	4.52	138.00	13.89	8.18	113.61	82.3	6	30.74
19.939	30.45	4.53	138.10	13.96	8.14	113.60	82.3	6	30.75
20.061	30.42	4.55	138.31	14.06	8.09	113.72	82.2	6	30.76
20.183	30.31	4.57	138.41	14.00	8.15	114.05	82.4	6	30.78
20.306	30.79	4.50	138.51	13.99	8.15	114.10	82.4	6	30.80
20.428	30.39	4.56	138.72	13.96	8.16	113.89	82.1	6	30.81
20.550	30.47	4.56	138.93	14.04	8.16	114.55	82.5	6	30.83
20.673	30.55	4.55	139.13	14.03	8.15	114.36	82.2	6	30.85
20.795	30.57	4.56	139.34	14.08	8.15	114.78	82.4	6	30.87
20.917	30.42	4.58	139.44	14.07	8.14	114.55	82.1	6	30.89
21.040	30.38	4.60	139.65	14.02	8.20	114.94	82.3	6	30.91
21.162	30.44	4.59	139.85	14.04	8.18	114.93	82.2	6	30.92
21.284	30.59	4.58	139.96	14.10	8.17	115.11	82.2	6	30.94
21.407	30.39	4.61	140.06	14.16	8.17	115.62	82.5	6	30.95
21.529	30.77	4.56	140.16	14.07	8.21	115.56	82.4	6	30.96
21.651	30.17	4.65	140.26	14.09	8.24	116.07	82.8	6	30.97
21.774	30.69	4.57	140.37	14.04	8.28	116.23	82.8	6	30.98
21.896	30.72	4.57	140.37	13.98	8.27	115.64	82.4	6	30.98
22.018	30.69	4.57	140.37	14.00	8.25	115.47	82.3	6	30.98
22.141	30.53	4.60	140.37	13.95	8.27	115.38	82.2	6	30.98
22.263	30.59	4.59	140.37	14.09	8.17	115.08	82.0	6	30.98
22.385	30.38	4.62	140.37	14.09	8.19	115.33	82.2	6	30.98
22.508	30.45	4.61	140.37	14.08	8.22	115.72	82.4	6	30.98
22.630	30.48	4.60	140.26	14.04	8.25	115.88	82.6	6	30.97
22.752	30.44	4.61	140.16	14.02	8.23	115.32	82.3	6	30.96
22.875	30.51	4.59	140.06	13.99	8.24	115.37	82.4	6	30.95
22.997	30.35	4.61	139.96	14.04	8.18	114.93	82.1	6	30.93
23.119	30.67	4.56	139.75	14.05	8.19	115.02	82.3	6	30.92
23.242	30.36	4.60	139.54	13.96	8.25	115.22	82.6	6	30.90
23.364	30.53	4.56	139.34	13.93	8.25	114.95	82.5	6	30.88
23.486	30.52	4.56	139.23	13.95	8.20	114.40	82.2	6	30.86
23.609	30.62	4.54	139.03	14.06	8.10	113.93	81.9	6	30.84
23.731	30.60	4.54	138.82	13.91	8.25	114.72	82.6	6	30.82
23.853	30.29	4.58	138.62	13.99	8.18	114.42	82.5	6	30.81
23.976	30.36	4.56	138.51	13.96	8.14	113.58	82.0	6	30.79
24.098	30.12	4.60	138.41	13.93	8.17	113.79	82.2	6	30.78
24.220	30.54	4.53	138.31	13.93	8.21	114.30	82.6	6	30.77
24.343	30.41	4.55	138.20	13.92	8.17	113.80	82.3	6	30.76
24.465	30.58	4.52	138.20	14.04	8.11	113.93	82.4	6	30.76
24.587	30.37	4.55	138.20	14.03	8.12	113.86	82.4	6	30.75
24.709	30.41	4.54	138.10	14.01	8.09	113.34	82.1	6	30.74
24.832	30.38	4.54	138.00	13.99	8.10	113.32	82.1	6	30.74
24.954	30.49	4.52	137.90	14.01	8.11	113.70	82.4	6	30.73
25.076	30.32	4.54	137.79	13.95	8.10	113.04	82.0	6	30.71
25.199	30.37	4.53	137.69	13.95	8.12	113.20	82.2	6	30.70
25.321	30.30	4.54	137.59	13.94	8.13	113.32	82.4	6	30.70
25.443	30.47	4.51	137.48	14.09	8.01	112.80	82.0	6	30.69
25.566	30.36	4.53	137.48	14.02	8.08	113.24	82.4	6	30.68
25.688	30.46	4.51	137.48	13.94	8.11	113.08	82.2	6	30.68
25.810	30.57	4.50	137.48	13.97	8.07	112.81	82.1	6	30.68
25.933	30.63	4.49	137.48	13.98	8.11	113.36	82.5	6	30.68
26.055	30.39	4.52	137.48	14.00	8.12	113.64	82.7	6	30.68
26.177	30.33	4.53	137.48	14.01	8.07	113.11	82.3	6	30.68
26.300	30.31	4.54	137.48	14.02	8.02	112.37	81.7	6	30.68
26.422	30.45	4.52	137.48	14.10	8.01	112.98	82.2	6	30.68
26.544	30.61	4.49	137.48	13.97	8.10	113.09	82.3	6	30.69
26.667	30.44	4.52	137.59	13.99	8.12	113.62	82.6	6	30.70
26.789	30.39	4.53	137.69	13.98	8.10	113.20	82.2	6	30.70
26.911	30.34	4.54	137.79	13.96	8.13	113.57	82.4	6	30.71
27.034	30.26	4.56	137.90	14.06	8.11	114.04	82.7	6	30.73
27.156	30.49	4.53	138.00	13.97	8.11	113.28	82.1	6	30.74
27.278	30.23	4.57	138.10	14.02	8.11	113.72	82.3	6	30.74
27.401	30.38	4.55	138.20	13.98	8.15	113.94	82.4	6	30.75
27.523	30.40	4.55	138.20	13.98	8.14	113.76	82.3	6	30.76
27.645	30.55	4.52	138.20	14.03	8.10	113.73	82.3	6	30.76
27.768	30.26	4.57	138.20	14.06	8.10	113.92	82.4	6	30.76
27.890	30.63	4.51	138.20	13.98	8.13	113.66	82.2	6	30.76
28.012	30.44	4.54	138.20	14.09	8.08	113.95	82.5	6	30.76
28.135	30.35	4.55	138.20	13.89	8.17	113.42	82.1	6	30.76
28.257	30.39	4.55	138.20	14.02	8.11	113.67	82.3	6	30.76
28.379	30.56	4.52	138.20	13.96	8.13	113.49	82.1	6	30.76
28.502	30.41	4.54	138.20	13.98	8.16	114.05	82.5	6	30.76
28.624	30.31	4.56	138.20	14.04	8.11	113.81	82.4	6	30.76
28.746	30.28	4.56	138.20	13.97	8.17	114.07	82.5	6	30.76
28.869	30.36	4.55	138.20	14.06	8.11	113.98	82.5	6	30.76
28.991	30.57	4.52	138.20	14.01	8.10	113.53	82.1	6	30.76
29.113	30.68	4.51	138.31	14.03	8.11	113.81	82.3	6	30.77
29.235	30.57	4.53	138.41	14.03	8.14	114.25	82.5	6	30.78
29.358	30.65	4.52	138.51	13.97	8.18	114.32	82.5	6	30.79
29.480	30.40	4.56	138.62	14.02	8.14	114.10	82.3	6	30.80
29.602	30.53	4.54	138.72	14.04	8.10	113.76	82.0	6	30.81
29.725	30.70	4.52	138.82	14.15	8.11	114.68	82.6	6	30.82
29.847	30.56	4.55	138.93	14.07	8.13	114.38	82.3	6	30.83
29.969	30.68	4.53	138.93	14.05	8.17	114.73	82.6	6	30.83
30.092	30.37	4.57	138.93	14.06	8.14	114.41	82.4	6	30.84
30.214	30.79	4.51	138.93	13.97	8.20	114.63	82.5	6	30.84
30.336	30.76	4.52	139.03	14.02	8.15	114.33	82.2	6	30.86
30.459	30.45	4.57	139.13	14.03	8.11	113.76	81.8	6	30.89
30.581	30.69	4.55	139.76	13.98	8.23	114.99	82.3	6	30.93
30.703	30.78	4.56	140.40	14.01	8.21	115.07	82.0	6	30.99
30.826	30.58	4.61	141.03	14.08	8.29	116.64	82.7	6	31.05
30.948	30.39	4.66	141.66	14.01	8.32	116.49	82.2	6	31.11
31.070	30.50	4.66	142.29	14.02	8.35	117.02	82.2	6	31.15
31.193	30.41	4.68	142.29	13.97	8.37	117.03	82.2	6	31.16
31.315	30.32	4.69	142.29	14.08	8.32	117.17	82.3	6	31.15
31.437	30.60	4.63	141.76	14.12	8.29	117.06	82.6	6	31.12
31.560	30.70	4.60	141.23	14.02	8.28	116.13	82.2	6	31.08
31.682	30.31	4.64	140.71	14.08	8.24	116.03	82.5	6	31.02
31.804	30.36	4.62	140.18	13.99	8.24	115.26	82.2	6	30.98
31.927	30.63	4.56	139.65	14.01	8.23	115.22	82.5	6	30.94
32.049	30.46	4.58	139.65	14.10	8.14	114.80	82.2	6	30.92
32.171	30.41	4.59	139.65	14.09	8.17	115.15	82.5	6	30.91
32.294	30.43	4.59	139.65	13.96	8.23	114.92	82.3	6	30.91
32.416	30.53	4.57	139.65	14.00	8.20	114.75	82.2	6	30.91
32.538	30.69	4.55	139.65	13.94	8.22	114.64	82.1	6	30.91
32.661	30.70	4.55	139.65	14.02	8.18	114.65	82.1	6	30.91
32.783	30.67	4.55	139.65	14.14	8.14	115.09	82.4	6	30.91
32.905	30.55	4.57	139.65	14.01	8.20	114.95	82.3	6	30.91
33.028	30.36	4.60	139.65	13.95	8.26	115.22	82.5	6	30.91
33.150	30.28	4.61	139.65	14.04	8.20	115.08	82.4	6	30.91
33.272	30.45	4.59	139.65	14.01	8.19	114.79	82.2	6	30.91
33.395	30.31	4.61	139.65	14.00	8.22	115.13	82.4	6	30.91
33.517	30.67	4.55	139.65	14.00	8.20	114.83	82.2	6	30.91
33.639	30.64	4.56	139.65	13.97	8.24	115.11	82.4	6	30.91
33.761	30.48	4.58	139.65	13.96	8.26	115.37	82.6	6	30.92
33.884	30.69	4.55	139.75	14.11	8.14	114.85	82.2	6	30.92
34.006	30.49	4.59	139.85	13.96	8.25	115.20	82.4	6	30.93
34.128	30.36	4.61	139.96	14.10	8.16	115.00	82.2	6	30.94
34.251	30.61	4.58	140.06	14.03	8.20	115.07	82.2	6	30.95
34.373	30.38	4.61	140.16	13.90	8.30	115.40	82.3	6	30.96
34.495	30.91	4.54	140.26	14.04	8.26	115.91	82.6	6	30.97
34.618	30.49	4.60	140.37	14.04	8.22	115.38	82.2	6	30.98
34.740	30.39	4.62	140.37	14.03	8.24	115.64	82.4	6	30.98
34.862	30.53	4.60	140.37	14.01	8.28	115.99	82.6	6	30.98
34.985	30.33	4.63	140.37	13.91	8.31	115.67	82.4	6	30.98
35.107	30.78	4.56	140.37	13.97	8.30	115.92	82.6	6	30.98
35.229	30.19	4.65	140.37	14.00	8.27	115.81	82.5	6	30.98
35.352	30.57	4.59	140.37	14.03	8.26	115.87	82.5	6	30.99
35.474	30.44	4.61	140.37	14.00	8.29	116.07	82.7	6	31.01
35.596	30.40	4.63	140.79	14.06	8.28	116.47	82.7	6	31.02
35.719	30.66	4.60	141.00	13.97	8.33	116.36	82.5	6	31.05
35.841	30.56	4.62	141.21	14.05	8.29	116.51	82.5	6	31.07
35.963	30.57	4.63	141.41	14.04	8.33	116.92	82.7	6	31.09
36.086	30.38	4.66	141.62	14.11	8.26	116.50	82.3	6	31.11
36.208	30.52	4.64	141.72	14.04	8.30	116.49	82.2	6	31.11
36.330	30.43	4.66	141.72	14.10	8.26	116.43	82.2	6	31.10
36.453	30.19	4.68	141.29	14.00	8.31	116.27	82.3	6	31.09
36.575	30.60	4.61	141.09	14.00	8.31	116.33	82.5	6	31.06
36.697	30.38	4.64	140.88	14.06	8.28	116.32	82.6	6	31.04
36.820	30.43	4.62	140.68	14.01	8.29	116.11	82.5	6	31.02
36.942	30.69	4.58	140.47	13.99	8.26	115.52	82.2	6	31.00
37.064	30.60	4.59	140.37	14.07	8.19	115.21	82.1	6	30.99
37.187	30.48	4.61	140.37	13.99	8.29	115.90	82.6	6	30.99
37.309	30.56	4.59	140.37	13.99	8.29	115.91	82.6	6	30.98
37.431	30.49	4.60	140.37	13.97	8.25	115.25	82.1	6	30.98
37.553	30.68	4.58	140.37	14.07	8.23	115.86	82.5	6	30.98
37.676	30.37	4.62	140.37	14.05	8.26	116.10	82.7	6	30.98
37.798	30.34	4.63	140.37	13.94	8.31	115.89	82.6	6	30.98
37.920	30.17	4.65	140.37	14.04	8.24	115.70	82.4	6	30.98
38.043	30.34	4.63	140.37	14.04	8.23	115.55	82.3	6	30.98
38.165	30.53	4.60	140.37	14.06	8.19	115.10	82.0	6	30.98
38.288	30.64	4.58	140.37	13.97	8.31	116.08	82.7	6	30.98
38.410	30.30	4.63	140.37	14.06	8.23	115.80	82.5	6	30.98
38.532	30.64	4.58	140.37	14.01	8.27	115.83	82.5	6	30.99
38.654	30.41	4.62	140.37	14.08	8.19	115.33	82.2	6	31.01
38.777	30.68	4.59	140.79	14.10	8.25	116.32	82.6	6	31.04
38.899	30.75	4.59	141.22	14.03	8.31	116.60	82.6	6	31.07
39.021	30.68	4.62	141.65	14.09	8.26	116.31	82.1	6	31.11
39.144	30.39	4.67	142.07	14.00	8.41	117.74	82.9	6	31.14
39.266	30.33	4.68	142.07	14.11	8.26	116.49	82.0	6	31.15
39.388	30.39	4.67	142.07	14.07	8.32	117.08	82.4	6	31.15
39.511	30.52	4.66	142.07	14.07	8.33	117.22	82.5	6	31.14
39.633	30.63	4.63	141.65	14.04	8.30	116.56	82.3	6	31.11
39.755	30.53	4.63	141.22	14.06	8.30	116.63	82.6	6	31.07
39.878	30.62	4.60	140.79	14.03	8.28	116.21	82.5	6	31.04
40.000	30.28	4.64	140.37	14.02	8.20	114.99	81.9	6	31.01
40.122	30.60	4.59	140.37	14.00	8.28	115.92	82.6	6	30.99
40.245	30.68	4.58	140.37	14.09	8.23	115.95	82.6	6	30.99
40.367	30.63	4.58	140.37	14.03	8.27	115.96	82.6	6	31.01
40.489	30.70	4.59	140.79	14.07	8.24	115.93	82.3	6	31.04
40.612	30.34	4.65	141.22	14.08	8.27	116.39	82.4	6	31.07
40.734	30.55	4.64	141.65	14.02	8.31	116.50	82.2	6	31.11
40.856	30.45	4.67	142.07	14.09	8.32	117.21	82.5	6	31.14
40.979	30.75	4.62	142.07	14.03	8.36	117.28	82.5	6	31.15
41.101	30.55	4.65	142.07	14.15	8.27	117.06	82.4	6	31.15
41.223	30.30	4.69	142.07	13.98	8.40	117.40	82.6	6	31.14
41.346	30.41	4.66	141.65	14.05	8.33	116.99	82.6	6	31.11
41.468	30.40	4.64	141.22	14.07	8.27	116.40	82.4	6	31.07
41.590	30.43	4.63	140.79	14.09	8.24	116.14	82.5	6	31.04
41.712	30.31	4.63	140.37	14.10	8.20	115.61	82.4	6	31.01
41.835	30.54	4.60	140.37	14.07	8.24	115.91	82.6	6	30.99
41.957	30.75	4.56	140.37	14.12	8.20	115.83	82.5	6	30.98
42.080	30.07	4.67	140.37	14.01	8.24	115.47	82.3	6	30.98
42.202	30.80	4.56	140.37	14.09	8.21	115.63	82.4	6	30.98
42.324	30.21	4.65	140.37	14.04	8.24	115.76	82.5	6	30.98
42.447	30.37	4.62	140.37	13.99	8.27	115.72	82.4	6	30.99
42.569	30.50	4.60	140.37	14.07	8.21	115.50	82.3	6	30.99
42.691	30.40	4.62	140.47	14.08	8.22	115.68	82.3	6	31.00
42.813	30.70	4.58	140.57	14.01	8.27	115.85	82.4	6	31.03
42.936	30.34	4.65	141.00	14.00	8.29	116.11	82.3	6	31.06
43.058	30.69	4.61	141.43	14.05	8.28	116.36	82.3	6	31.10
43.180	30.53	4.65	141.85	13.98	8.34	116.66	82.2	6	31.14
43.303	30.39	4.68	142.28	14.13	8.30	117.28	82.4	6	31.17
43.425	30.59	4.66	142.71	14.06	8.40	118.16	82.8	6	31.20
43.547	30.52	4.68	142.81	14.10	8.34	117.61	82.4	6	31.21
43.670	30.32	4.71	142.91	14.20	8.32	118.09	82.6	6	31.21
43.792	30.46	4.68	142.69	14.12	8.34	117.81	82.6	6	31.21
43.914	30.33	4.70	142.47	14.09	8.34	117.58	82.5	6	31.20
44.037	30.21	4.71	142.35	14.05	8.38	117.81	82.8	6	31.19
44.159	30.73	4.63	142.24	14.00	8.40	117.52	82.6	6	31.18
44.281	30.51	4.66	142.12	14.08	8.34	117.34	82.6	6	31.18
44.404	30.41	4.68	142.22	14.06	8.36	117.59	82.7	6	31.18
44.526	30.74	4.63	142.32	14.07	8.34	117.37	82.5	6	31.19
44.648	30.52	4.67	142.43	13.99	8.40	117.57	82.5	6	31.20
44.771	30.28	4.71	142.65	14.06	8.37	117.65	82.5	6	31.21
44.893	30.76	4.64	142.76	13.97	8.42	117.60	82.4	6	31.21
45.015	30.51	4.68	142.88	13.98	8.43	117.95	82.6	6	31.22
45.138	30.83	4.64	143.00	13.98	8.42	117.71	82.3	6	31.22
45.260	30.50	4.69	143.12	14.03	8.43	118.30	82.7	6	31.23
45.382	30.50	4.70	143.23	14.01	8.41	117.84	82.3	6	31.23
45.505	30.52	4.70	143.35	14.09	8.38	118.15	82.4	6	31.23
45.627	30.58	4.69	143.35	14.07	8.38	117.99	82.3	6	31.23
45.749	30.60	4.68	143.13	14.10	8.39	118.35	82.7	6	31.22
45.872	30.37	4.71	142.91	14.08	8.43	118.68	83.0	6	31.22
45.994	30.89	4.62	142.69	14.06	8.39	118.03	82.7	6	31.21
46.116	30.81	4.62	142.47	14.16	8.30	117.49	82.5	6	31.20
46.239	30.53	4.66	142.25	14.12	8.32	117.50	82.6	6	31.18
46.361	30.63	4.64	142.03	13.99	8.36	116.97	82.4	6	31.17
46.483	30.64	4.63	141.81	14.15	8.27	116.98	82.5	6	31.16
46.605	30.54	4.65	142.03	14.01	8.37	117.28	82.6	6	31.17
46.728	30.50	4.66	142.25	14.06	8.34	117.36	82.5	6	31.18
46.850	30.39	4.69	142.47	14.04	8.35	117.27	82.3	6	31.19
46.972	30.49	4.68	142.69	14.01	8.40	117.71	82.5	6	31.20
47.095	30.54	4.67	142.59	14.03	8.41	117.95	82.7	6	31.20
47.217	30.20	4.72	142.48	14.09	8.34	117.41	82.4	6	31.19
47.339	30.51	4.66	142.28	14.02	8.39	117.54	82.6	6	31.17
47.462	30.73	4.62	141.85	14.08	8.32	117.23	82.6	6	31.14
47.584	30.72	4.60	141.43	14.07	8.24	115.99	82.0	6	31.10
47.706	30.45	4.63	141.00	14.06	8.26	116.11	82.3	6	31.06
47.829	30.48	4.61	140.57	14.00	8.31	116.35	82.8	6	31.03
47.951	30.10	4.67	140.47	14.03	8.24	115.61	82.3	6	31.00
48.073	30.32	4.63	140.37	14.01	8.27	115.88	82.6	6	30.99
48.196	30.41	4.62	140.37	14.01	8.24	115.43	82.2	6	30.99
48.318	30.63	4.58	140.37	14.06	8.23	115.71	82.4	6	30.98
48.440	30.85	4.55	140.37	14.10	8.22	115.90	82.6	6	30.98
48.563	30.54	4.60	140.37	14.02	8.25	115.64	82.4	6	30.98
48.685	30.41	4.62	140.37	14.08	8.21	115.62	82.4	6	30.98
48.807	30.37	4.62	140.37	14.05	8.23	115.59	82.4	6	30.98
48.930	30.61	4.59	140.37	13.97	8.29	115.78	82.5	6	30.98
49.052	30.60	4.59	140.37	13.92	8.34	116.14	82.7	6	30.98
49.174	30.42	4.61	140.37	14.07	8.25	116.04	82.7	6	30.98
49.297	30.49	4.60	140.37	13.95	8.28	115.50	82.3	6	30.98
49.419	30.58	4.59	140.37	14.04	8.24	115.64	82.4	6	30.98
49.541	30.49	4.60	140.37	14.08	8.19	115.27	82.1	6	30.98
49.664	30.34	4.62	140.26	13.98	8.27	115.54	82.4	6	30.97
49.786	30.54	4.59	140.16	13.99	8.23	115.18	82.2	6	30.96
49.908	30.39	4.61	140.06	14.14	8.15	115.25	82.3	6	30.95
50.031	30.60	4.57	139.96	14.03	8.21	115.15	82.3	6	30.94
50.153	30.55	4.58	139.85	13.93	8.27	115.27	82.4	6	30.94
50.275	30.38	4.60	139.75	13.90	8.27	114.88	82.2	6	30.96
50.398	30.41	4.61	140.18	14.05	8.18	114.92	82.0	6	30.98
50.520	30.39	4.63	140.71	14.07	8.23	115.80	82.3	6	31.02
50.642	30.45	4.64	141.23	13.98	8.35	116.72	82.6	6	31.08
50.764	30.81	4.60	141.76	14.11	8.30	117.16	82.7	6	31.13
50.887	30.59	4.65	142.29	13.98	8.39	117.28	82.4	6	31.17
51.009	30.71	4.65	142.82	14.07	8.38	117.93	82.6	6	31.20
51.132	30.46	4.71	143.35	14.05	8.42	118.25	82.5	6	31.20
51.254	30.60	4.66	142.72	14.12	8.36	118.00	82.7	6	31.19
51.376	30.53	4.65	142.09	14.04	8.35	117.21	82.5	6	31.15
51.498	30.29	4.67	141.46	14.05	8.28	116.38	82.3	6	31.10
51.621	30.60	4.60	140.82	13.95	8.36	116.62	82.8	6	31.03
51.743	30.35	4.62	140.19	13.98	8.27	115.65	82.5	6	30.97
51.865	30.53	4.57	139.56	14.04	8.19	115.02	82.4	6	30.91
51.988	30.32	4.58	138.93	14.03	8.19	114.85	82.7	6	30.87
52.110	30.26	4.59	138.93	13.94	8.17	113.89	82.0	6	30.85
52.232	30.68	4.53	138.93	14.01	8.16	114.37	82.3	6	30.84
52.355	30.33	4.58	138.93	14.01	8.16	114.42	82.4	6	30.84
52.477	30.66	4.53	139.03	13.94	8.24	114.85	82.6	6	30.85
52.599	30.59	4.55	139.13	14.02	8.17	114.47	82.3	6	30.85
52.722	30.48	4.57	139.23	14.00	8.18	114.47	82.2	6	30.87
52.844	30.49	4.57	139.34	13.96	8.21	114.70	82.3	6	30.88
52.966	30.31	4.60	139.44	13.98	8.21	114.70	82.3	6	30.89
53.089	30.44	4.58	139.54	13.97	8.21	114.68	82.2	6	30.90
53.211	30.61	4.56	139.65	13.96	8.29	115.72	82.9	6	30.90
53.333	30.45	4.59	139.65	14.01	8.21	114.98	82.3	6	30.92
53.456	30.63	4.56	139.65	14.05	8.22	115.41	82.6	6	30.94
53.578	30.81	4.55	140.18	14.03	8.27	115.94	82.7	6	30.98
53.700	30.24	4.65	140.71	14.03	8.26	115.80	82.3	6	31.01
53.823	30.47	4.64	141.23	14.08	8.29	116.70	82.6	6	31.04
53.945	30.60	4.62	141.23	14.07	8.26	116.19	82.3	6	31.06
54.067	30.49	4.63	141.23	13.99	8.32	116.37	82.4	6	31.07
54.190	30.34	4.65	141.23	14.01	8.31	116.38	82.4	6	31.06
54.312	30.57	4.62	141.23	14.05	8.28	116.30	82.4	6	31.04
54.434	30.35	4.64	140.71	14.04	8.28	116.20	82.6	6	31.01
54.557	30.72	4.56	140.18	14.02	8.24	115.51	82.4	6	30.98
54.679	30.42	4.59	139.65	14.02	8.21	115.03	82.4	6	30.94
54.801	30.44	4.59	139.65	14.00	8.22	115.04	82.4	6	30.92
54.923	30.65	4.56	139.65	14.00	8.20	114.83	82.2	6	30.91
55.046	30.41	4.59	139.65	14.05	8.17	114.82	82.2	6	30.91
55.168	30.21	4.62	139.65	14.04	8.20	115.20	82.5	6	30.91
55.291	30.65	4.56	139.65	14.02	8.16	114.45	82.0	6	30.91
55.413	30.54	4.57	139.65	14.14	8.11	114.74	82.2	6	30.91
55.535	30.56	4.57	139.65	14.05	8.20	115.17	82.5	6	30.91
55.657	30.41	4.59	139.65	14.06	8.16	114.78	82.2	6	30.92
55.780	30.68	4.56	139.85	14.05	8.20	115.16	82.3	6	30.93
55.902	30.41	4.61	140.06	14.06	8.20	115.33	82.3	6	30.95
56.025	30.50	4.59	140.16	13.99	8.25	115.41	82.3	6	30.96
56.147	30.32	4.63	140.26	14.05	8.22	115.49	82.3	6	30.97
56.269	30.64	4.58	140.37	13.95	8.29	115.72	82.4	6	30.98
56.391	30.47	4.61	140.47	14.01	8.28	115.99	82.6	6	30.99
56.514	30.40	4.62	140.57	13.94	8.29	115.60	82.2	6	30.99
56.636	30.49	4.61	140.47	13.99	8.27	115.76	82.4	6	30.99
56.758	30.46	4.61	140.37	14.00	8.24	115.44	82.2	6	30.99
56.881	30.44	4.61	140.37	13.97	8.27	115.49	82.3	6	30.99
57.003	30.16	4.65	140.37	13.96	8.26	115.29	82.1	6	30.99
57.125	30.37	4.62	140.47	14.05	8.25	115.88	82.5	6	31.00
57.248	30.86	4.56	140.57	14.03	8.30	116.38	82.8	6	31.01
57.370	30.39	4.63	140.68	14.04	8.28	116.20	82.6	6	31.02
57.492	30.77	4.57	140.78	13.98	8.29	115.84	82.3	6	31.03
57.615	30.41	4.64	140.99	14.00	8.31	116.36	82.5	6	31.05
57.737	30.55	4.62	141.19	14.01	8.31	116.45	82.5	6	31.07
57.859	30.50	4.64	141.40	14.08	8.26	116.37	82.3	6	31.09
57.982	30.37	4.66	141.50	13.94	8.38	116.84	82.6	6	31.11
58.104	30.59	4.63	141.71	14.06	8.29	116.57	82.3	6	31.13
58.226	30.45	4.66	141.91	14.08	8.31	117.00	82.4	6	31.14
58.349	30.58	4.65	142.12	14.07	8.34	117.31	82.5	6	31.16
58.471	30.39	4.68	142.22	14.09	8.29	116.83	82.1	6	31.18
58.593	30.29	4.70	142.32	14.08	8.33	117.30	82.4	6	31.19
58.716	30.11	4.73	142.43	14.00	8.38	117.39	82.4	6	31.20
58.838	30.28	4.71	142.53	14.06	8.35	117.42	82.4	6	31.20
58.960	30.38	4.69	142.53	14.04	8.38	117.61	82.5	6	31.21
59.083	30.40	4.69	142.53	14.05	8.36	117.37	82.3	6	31.21
59.205	30.39	4.69	142.65	14.06	8.36	117.55	82.4	6	31.21
59.327	30.65	4.66	142.76	14.03	8.42	118.19	82.8	6	31.22
59.450	30.52	4.68	142.88	14.16	8.35	118.28	82.8	6	31.22
59.572	30.28	4.72	143.00	14.13	8.35	117.99	82.5	6	31.22
59.694	30.43	4.70	143.12	14.01	8.44	118.32	82.7	6	31.22
59.816	30.43	4.71	143.18	14.02	8.50	119.14	83.2	6	31.23
59.939	30.49	4.70	143.18	14.14	8.34	117.89	82.3	6	31.22
60.061	30.33	4.72	143.06	14.12	8.39	118.47	82.8	6	31.22
60.184	30.45	4.69	142.94	13.99	8.45	118.28	82.7	6	31.22
60.306	30.52	4.68	142.82	14.06	8.38	117.74	82.4	6	31.21
60.428	30.21	4.72	142.60	14.00	8.39	117.46	82.4	6	31.20
60.550	30.38	4.69	142.38	14.06	8.36	117.50	82.5	6	31.19
60.673	30.30	4.69	142.22	13.92	8.42	117.23	82.4	6	31.18
60.795	30.64	4.64	142.12	14.01	8.35	116.97	82.3	6	31.17
60.917	30.29	4.69	142.02	14.01	8.35	116.92	82.3	6	31.16
61.040	30.50	4.65	141.91	14.06	8.30	116.76	82.3	6	31.15
61.162	30.65	4.63	141.81	14.09	8.29	116.84	82.4	6	31.14
61.284	30.36	4.67	141.71	14.13	8.26	116.75	82.4	6	31.12
61.407	30.63	4.62	141.60	14.12	8.27	116.84	82.5	6	31.11
61.529	30.55	4.63	141.50	14.00	8.36	117.08	82.7	6	31.10
61.651	30.32	4.66	141.40	14.02	8.32	116.60	82.5	6	31.09
61.774	30.46	4.64	141.29	14.05	8.29	116.54	82.5	6	31.08
61.896	30.37	4.65	141.19	14.04	8.32	116.88	82.8	6	31.07
62.018	30.40	4.64	141.09	14.01	8.31	116.37	82.5	6	31.06
62.141	30.20	4.67	140.99	14.06	8.27	116.27	82.5	6	31.05
62.263	30.51	4.62	140.88	13.94	8.31	115.79	82.2	6	31.04
62.385	30.59	4.60	140.78	13.99	8.29	115.97	82.4	6	31.03
62.508	30.45	4.62	140.68	14.01	8.27	115.78	82.3	6	31.02
62.630	30.38	4.63	140.57	13.96	8.26	115.27	82.0	6	31.01
62.752	30.32	4.63	140.47	14.00	8.27	115.81	82.4	6	31.00
62.875	30.85	4.55	140.37	13.99	8.25	115.38	82.2	6	30.99
62.997	30.48	4.60	140.37	13.99	8.27	115.68	82.4	6	30.99
63.119	30.36	4.62	140.37	14.02	8.27	115.97	82.6	6	30.98
63.242	30.54	4.60	140.37	14.01	8.25	115.59	82.3	6	30.98
63.364	30.48	4.61	140.37	14.00	8.30	116.09	82.7	6	30.98
63.486	30.54	4.60	140.37	14.12	8.18	115.55	82.3	6	30.98
63.609	30.63	4.58	140.37	14.12	8.19	115.59	82.3	6	30.98
63.731	30.54	4.60	140.37	14.05	8.23	115.65	82.4	6	30.98
63.853	30.74	4.57	140.37	14.05	8.24	115.77	82.5	6	30.99
63.975	30.37	4.62	140.37	14.03	8.24	115.62	82.4	6	30.99
64.098	30.76	4.57	140.47	13.96	8.29	115.74	82.4	6	31.00
64.220	30.48	4.61	140.57	14.03	8.30	116.48	82.9	6	31.01
64.343	30.43	4.62	140.68	14.13	8.22	116.15	82.6	6	31.02
64.465	30.65	4.59	140.78	14.06	8.28	116.45	82.7	6	31.03
64.587	30.37	4.64	140.88	13.99	8.29	116.01	82.3	6	31.04
64.710	30.37	4.64	140.99	14.02	8.30	116.35	82.5	6	31.04
64.832	30.52	4.62	140.99	14.00	8.31	116.38	82.5	6	31.04
64.954	30.45	4.63	140.88	14.03	8.24	115.67	82.1	6	31.04
65.076	30.80	4.57	140.78	14.15	8.22	116.30	82.6	6	31.03
65.199	30.56	4.60	140.68	14.01	8.28	115.98	82.4	6	31.02
65.321	30.54	4.60	140.57	13.96	8.29	115.77	82.4	6	31.01
65.443	30.50	4.61	140.47	14.03	8.26	115.84	82.5	6	31.00
65.566	30.37	4.62	140.37	14.15	8.16	115.44	82.2	6	30.99
65.688	30.44	4.61	140.37	14.06	8.25	116.01	82.6	6	30.99
65.810	30.19	4.65	140.37	14.01	8.26	115.70	82.4	6	30.98
65.933	30.32	4.63	140.37	14.03	8.25	115.82	82.5	6	30.98
66.055	30.67	4.58	140.37	14.09	8.19	115.44	82.2	6	30.98
66.177	30.58	4.59	140.37	14.07	8.23	115.80	82.5	6	30.99
66.300	30.73	4.57	140.37	14.03	8.24	115.59	82.3	6	30.99
66.422	30.47	4.61	140.47	14.08	8.23	115.83	82.5	6	31.00
66.544	30.47	4.61	140.57	14.02	8.26	115.76	82.3	6	31.01
66.667	30.49	4.61	140.68	14.11	8.19	115.55	82.1	6	31.02
66.789	30.39	4.63	140.78	13.93	8.34	116.18	82.5	6	31.03
66.911	30.63	4.60	140.88	13.98	8.28	115.75	82.2	6	31.04
67.034	30.45	4.63	140.99	14.10	8.24	116.11	82.4	6	31.05
67.156	30.42	4.64	141.19	14.00	8.33	116.66	82.6	6	31.07
67.278	30.48	4.64	141.29	14.02	8.32	116.59	82.5	6	31.08
67.401	30.47	4.64	141.40	14.12	8.25	116.54	82.4	6	31.09
67.523	30.56	4.63	141.50	14.03	8.32	116.80	82.5	6	31.10
67.645	30.60	4.63	141.60	14.17	8.26	117.05	82.7	6	31.11
67.768	30.42	4.66	141.71	14.05	8.36	117.46	82.9	6	31.12
67.890	30.42	4.66	141.81	14.02	8.35	117.05	82.5	6	31.13
68.012	30.18	4.70	141.81	14.15	8.27	117.03	82.5	6	31.13
68.135	30.53	4.64	141.71	14.04	8.33	116.93	82.5	6	31.12
68.257	30.44	4.65	141.60	14.02	8.30	116.40	82.2	6	31.11
68.379	30.71	4.61	141.50	14.09	8.25	116.28	82.2	6	31.10
68.501	30.47	4.64	141.40	14.05	8.30	116.58	82.5	6	31.09
68.624	30.66	4.61	141.29	14.12	8.25	116.48	82.4	6	31.08
68.746	30.60	4.61	141.19	14.08	8.26	116.33	82.4	6	31.07
68.868	30.46	4.63	141.09	14.04	8.27	116.09	82.3	6	31.07
68.991	30.44	4.63	141.09	14.06	8.25	115.91	82.2	6	31.06
69.113	30.65	4.60	141.09	14.10	8.27	116.57	82.6	6	31.06
69.236	30.35	4.65	141.09	13.96	8.31	115.96	82.2	6	31.06
69.358	30.37	4.65	141.09	14.02	8.29	116.32	82.4	6	31.06
69.480	30.36	4.65	141.09	14.14	8.25	116.64	82.7	6	31.06
69.602	30.38	4.64	141.09	13.99	8.35	116.76	82.8	6	31.06
69.725	30.39	4.64	141.09	14.11	8.21	115.84	82.1	6	31.06
69.847	30.50	4.63	141.09	14.06	8.25	115.94	82.2	6	31.06
69.969	30.55	4.62	141.09	14.11	8.28	116.77	82.8	6	31.06
70.092	30.57	4.62	141.09	14.00	8.30	116.27	82.4	6	31.05
70.214	30.34	4.65	140.99	14.12	8.25	116.47	82.6	6	31.05
70.336	30.36	4.64	140.88	13.97	8.33	116.42	82.6	6	31.04
70.459	30.44	4.62	140.78	13.99	8.30	116.05	82.4	6	31.03
70.581	30.67	4.59	140.68	14.07	8.24	115.95	82.4	6	31.02
70.703	30.44	4.62	140.57	14.03	8.24	115.61	82.2	6	31.01
70.826	30.43	4.62	140.47	14.06	8.25	116.05	82.6	6	31.00
70.948	30.60	4.59	140.37	14.06	8.21	115.43	82.2	6	30.99
71.070	30.52	4.60	140.37	14.10	8.20	115.66	82.4	6	30.99
71.193	30.68	4.57	140.37	14.02	8.27	115.94	82.6	6	30.98
71.315	30.65	4.58	140.37	13.93	8.29	115.42	82.2	6	30.98
71.437	30.39	4.62	140.37	14.02	8.24	115.50	82.3	6	30.98
71.560	30.41	4.62	140.37	13.99	8.27	115.63	82.4	6	30.98
71.682	30.62	4.58	140.37	13.94	8.28	115.42	82.2	6	30.98
71.804	30.60	4.59	140.37	14.12	8.19	115.70	82.4	6	30.98
71.927	30.57	4.59	140.37	14.01	8.28	115.96	82.6	6	30.98
72.049	30.56	4.59	140.37	14.09	8.22	115.81	82.5	6	30.98
72.171	30.46	4.61	140.37	14.07	8.23	115.78	82.5	6	30.98
72.294	30.46	4.61	140.37	14.08	8.18	115.16	82.0	6	30.98
72.416	30.45	4.61	140.37	14.01	8.24	115.40	82.2	6	30.98
72.538	30.54	4.60	140.37	13.99	8.28	115.79	82.5	6	30.98
72.661	30.46	4.61	140.37	14.00	8.22	115.00	81.9	6	30.99
72.783	30.63	4.58	140.37	13.99	8.23	115.10	82.0	6	30.99
72.905	30.68	4.58	140.47	14.03	8.29	116.29	82.8	6	31.00
73.028	30.64	4.59	140.57	14.03	8.26	115.86	82.4	6	31.01
73.150	30.43	4.62	140.68	14.04	8.25	115.82	82.3	6	31.02
73.272	30.47	4.62	140.78	14.01	8.30	116.22	82.6	6	31.05
73.394	30.54	4.62	141.21	14.12	8.25	116.44	82.5	6	31.07
73.517	30.60	4.63	141.63	14.10	8.31	117.11	82.7	6	31.10
73.639	30.66	4.63	141.84	13.97	8.34	116.53	82.2	6	31.13
73.761	30.64	4.63	141.94	14.06	8.31	116.82	82.3	6	31.14
73.884	30.57	4.65	142.04	14.02	8.34	116.92	82.3	6	31.15
74.006	30.48	4.66	142.04	14.13	8.29	117.19	82.5	6	31.15
74.128	30.65	4.63	142.04	14.05	8.33	117.03	82.4	6	31.14
74.251	30.54	4.64	141.72	14.07	8.32	116.98	82.5	6	31.13
74.373	30.41	4.65	141.40	14.16	8.26	116.90	82.7	6	31.11
74.495	30.57	4.63	141.40	13.96	8.33	116.26	82.2	6	31.10
74.618	30.48	4.64	141.40	14.07	8.28	116.52	82.4	6	31.09
74.740	30.40	4.65	141.40	14.06	8.25	116.08	82.1	6	31.10
74.862	30.34	4.66	141.50	14.12	8.25	116.44	82.3	6	31.11
74.985	30.55	4.64	141.60	14.13	8.28	116.97	82.6	6	31.13
75.107	30.81	4.61	141.93	14.11	8.28	116.84	82.3	6	31.15
75.229	30.50	4.66	142.25	14.01	8.38	117.44	82.6	6	31.16
75.352	30.51	4.66	142.25	13.99	8.37	117.11	82.3	6	31.17
75.474	30.31	4.69	142.25	14.15	8.27	117.00	82.3	6	31.18
75.596	30.54	4.66	142.25	13.95	8.41	117.29	82.5	6	31.18
75.719	30.51	4.66	142.25	14.07	8.35	117.49	82.6	6	31.18
75.841	30.54	4.66	142.25	14.03	8.36	117.24	82.4	6	31.17
75.963	30.25	4.70	142.03	14.00	8.38	117.28	82.6	6	31.16
76.086	30.50	4.65	141.81	14.04	8.37	117.52	82.9	6	31.16
76.208	30.62	4.63	141.91	14.04	8.30	116.50	82.1	6	31.15
76.330	30.68	4.63	142.02	14.10	8.33	117.47	82.7	6	31.16
76.453	30.59	4.65	142.12	14.04	8.36	117.38	82.6	6	31.17
76.575	30.33	4.69	142.22	13.99	8.41	117.65	82.7	6	31.18
76.697	30.38	4.68	142.32	14.10	8.36	117.79	82.8	6	31.19
76.820	30.34	4.69	142.43	14.06	8.38	117.79	82.7	6	31.20
76.942	30.59	4.66	142.53	14.08	8.37	117.89	82.7	6	31.20
77.064	30.58	4.66	142.53	14.06	8.33	117.16	82.2	6	31.21
77.186	30.62	4.66	142.59	14.11	8.35	117.91	82.7	6	31.21
77.309	30.07	4.74	142.65	14.01	8.37	117.28	82.2	6	31.21
77.431	30.54	4.68	142.76	14.02	8.39	117.60	82.4	6	31.22
77.553	30.77	4.64	142.88	14.10	8.33	117.49	82.2	6	31.22
77.676	30.27	4.72	143.00	14.08	8.37	117.82	82.4	6	31.22
77.798	30.49	4.69	143.12	14.09	8.37	117.94	82.4	6	31.23
77.921	30.76	4.66	143.23	14.12	8.37	118.27	82.6	6	31.23
78.043	30.29	4.73	143.29	13.97	8.44	117.94	82.3	6	31.23
78.165	30.36	4.72	143.35	14.06	8.39	118.03	82.3	6	31.23
78.287	30.72	4.67	143.35	14.01	8.44	118.32	82.5	6	31.23
78.410	30.55	4.69	143.35	14.13	8.38	118.45	82.6	6	31.23
78.532	30.79	4.66	143.35	14.10	8.38	118.11	82.4	6	31.23
78.654	30.60	4.68	143.35	14.02	8.45	118.46	82.6	6	31.23
78.777	30.48	4.70	143.35	14.09	8.41	118.48	82.6	6	31.23
78.899	30.57	4.69	143.35	14.02	8.46	118.65	82.8	6	31.23
79.021	30.49	4.70	143.35	14.09	8.40	118.37	82.6	6	31.23
79.144	30.33	4.73	143.35	14.06	8.44	118.74	82.8	6	31.23
79.266	30.70	4.67	143.35	14.11	8.37	118.17	82.4	6	31.23
79.388	30.44	4.71	143.35	14.07	8.39	118.04	82.3	6	31.23
79.511	30.80	4.65	143.35	14.01	8.47	118.63	82.8	6	31.23
79.633	30.23	4.74	143.35	14.11	8.39	118.42	82.6	6	31.23
79.755	30.60	4.68	143.35	14.07	8.39	118.01	82.3	6	31.23
79.878	30.47	4.70	143.35	14.04	8.43	118.34	82.6	6	31.23
80.000	30.37	4.72	143.35	14.09	8.38	118.10	82.4	6	31.23
80.122	30.36	4.72	143.35	13.98	8.47	118.47	82.6	6	31.23
80.245	30.73	4.67	143.35	14.08	8.40	118.27	82.5	6	31.23
80.367	30.55	4.69	143.35	14.08	8.40	118.18	82.4	6	31.23
80.489	30.49	4.70	143.35	14.10	8.38	118.24	82.5	6	31.23
80.612	30.62	4.68	143.35	14.13	8.34	117.91	82.3	6	31.23
80.734	30.34	4.72	143.35	14.10	8.43	118.96	83.0	6	31.23
80.856	30.44	4.71	143.35	14.05	8.44	118.65	82.8	6	31.23
80.979	30.64	4.68	143.35	14.01	8.44	118.19	82.4	6	31.23
81.101	30.45	4.71	143.35	14.13	8.39	118.62	82.7	6	31.23
81.223	30.63	4.68	143.35	14.02	8.45	118.49	82.7	6	31.23
81.346	30.46	4.71	143.35	14.05	8.47	118.92	83.0	6	31.23
81.468	30.57	4.69	143.35	14.11	8.36	118.06	82.4	6	31.23
81.590	30.76	4.66	143.23	14.08	8.37	117.90	82.3	6	31.23
81.713	30.61	4.68	143.12	14.09	8.40	118.28	82.6	6	31.23
81.835	30.53	4.68	143.00	14.02	8.47	118.71	83.0	6	31.22
81.957	30.43	4.70	142.88	14.04	8.39	117.87	82.5	6	31.22
82.079	30.66	4.66	142.76	14.10	8.38	118.14	82.8	6	31.22
82.202	30.58	4.67	142.65	14.01	8.39	117.61	82.4	6	31.21
82.324	30.55	4.66	142.53	14.13	8.33	117.64	82.5	6	31.21
82.447	30.51	4.67	142.53	14.08	8.36	117.79	82.6	6	31.21
82.569	30.49	4.68	142.53	14.09	8.33	117.39	82.4	6	31.21
82.691	30.70	4.64	142.53	14.02	8.37	117.37	82.3	6	31.21
82.814	30.42	4.69	142.53	14.07	8.35	117.48	82.4	6	31.21
82.936	30.47	4.68	142.53	14.15	8.34	117.92	82.7	6	31.21
83.058	30.41	4.69	142.53	14.04	8.39	117.86	82.7	6	31.21
83.180	30.55	4.67	142.65	13.98	8.41	117.52	82.4	6	31.21
83.303	30.41	4.69	142.76	14.01	8.44	118.26	82.8	6	31.22
83.425	30.60	4.67	142.88	14.03	8.43	118.25	82.8	6	31.22
83.547	30.40	4.70	142.88	14.12	8.32	117.51	82.2	6	31.22
83.670	30.47	4.69	142.88	14.04	8.41	118.10	82.7	6	31.22
83.792	30.63	4.66	142.88	14.01	8.42	118.01	82.6	6	31.22
83.914	30.55	4.67	142.78	14.16	8.32	117.82	82.5	6	31.21
84.037	30.45	4.68	142.56	14.09	8.36	117.82	82.6	6	31.20
84.159	30.64	4.65	142.34	14.07	8.31	116.99	82.2	6	31.19
84.281	30.49	4.66	142.12	14.10	8.33	117.46	82.6	6	31.17
84.404	30.20	4.70	142.02	14.09	8.37	117.86	83.0	6	31.16
84.526	30.62	4.64	141.91	14.10	8.31	117.16	82.6	6	31.15
84.648	30.72	4.62	141.81	14.06	8.35	117.39	82.8	6	31.14
84.771	30.44	4.66	141.81	13.95	8.37	116.80	82.4	6	31.14
84.893	30.40	4.66	141.81	14.03	8.35	117.17	82.6	6	31.14
