39.137	40.58	0.00	0.00	0.08	0.00	0.00	0.0	5	0.0
39.530	40.54	0.00	0.00	0.09	0.00	0.00	0.0	5	0.5
39.923	40.47	0.00	0.00	0.49	0.45	0.22	0.0	5	1.5
40.317	40.25	0.00	0.00	0.84	0.89	0.74	0.0	5	2.0
40.711	40.32	0.04	1.46	1.16	1.25	1.44	99.0	5	2.5
41.106	40.43	0.06	2.33	1.40	1.62	2.26	97.4	5	3.0
41.501	40.24	0.09	3.51	1.56	1.95	3.04	86.6	5	4.0
41.896	40.35	0.13	5.14	1.79	2.29	4.11	79.8	5	4.5
42.291	40.29	0.17	7.03	1.96	2.61	5.11	72.6	5	5.0
42.686	40.07	0.21	8.24	2.07	2.88	5.96	72.4	5	5.5
43.081	40.21	0.26	10.27	2.29	3.33	7.62	74.2	5	6.5
43.477	40.00	0.35	13.96	2.55	3.90	9.94	71.2	5	7.0
43.873	39.91	0.43	16.99	2.70	4.47	12.06	71.0	5	7.5
44.270	39.71	0.50	19.82	2.90	4.98	14.45	72.9	5	8.0
44.667	39.62	0.61	24.30	3.06	5.48	16.75	68.9	5	9.0
45.064	39.48	0.74	29.06	3.27	6.10	19.96	68.7	5	9.5
45.461	39.28	0.83	32.69	3.43	6.50	22.32	68.3	5	10.0
45.859	39.34	0.91	35.87	3.67	6.74	24.71	68.9	5	10.5
46.257	39.00	1.02	39.86	3.93	6.99	27.45	68.9	5	11.5
46.655	38.95	1.04	40.50	4.32	6.68	28.82	71.2	5	12.0
47.053	39.26	0.86	33.92	4.79	5.33	25.52	75.2	5	12.5
47.451	39.34	0.78	30.66	5.18	4.67	24.17	78.8	5	13.0
47.849	39.26	0.80	31.52	5.62	4.41	24.77	78.6	5	14.0
48.247	38.94	0.91	35.25	5.91	4.67	27.61	78.4	5	14.5
48.645	39.08	0.91	35.67	6.20	4.52	28.02	78.6	5	15.0
49.043	39.18	0.92	35.98	6.44	4.44	28.56	79.4	5	15.5
49.441	38.95	1.04	40.59	6.79	4.73	32.15	79.2	5	16.5
49.839	38.81	1.13	43.84	7.08	4.91	34.79	79.3	5	17.0
50.237	38.58	1.17	45.21	7.36	4.89	35.97	79.6	5	17.5
50.635	38.71	1.20	46.40	7.68	4.76	36.56	78.8	5	18.5
51.033	38.78	1.22	47.29	8.08	4.89	39.47	83.4	5	19.0
51.431	38.40	1.40	53.80	8.28	5.25	43.50	80.9	5	19.5
51.829	38.19	1.52	58.16	8.46	5.50	46.53	80.0	5	20.0
52.227	38.05	1.59	60.43	8.80	5.58	49.11	81.3	5	21.0
52.625	37.78	1.79	67.60	9.13	5.81	53.04	78.5	5	21.5
53.023	37.74	1.86	70.10	9.41	5.91	55.57	79.3	5	22.0
53.421	37.54	1.96	73.41	9.60	6.08	58.37	79.5	5	22.5
53.819	37.24	2.15	80.11	9.88	6.41	63.27	79.0	5	23.5
54.217	37.10	2.23	82.58	10.19	6.53	66.51	80.5	5	24.0
54.616	36.84	2.42	89.25	10.46	6.72	70.30	78.8	5	24.5
55.015	36.64	2.46	90.11	10.73	6.68	71.66	79.5	5	25.0
55.414	36.19	2.68	96.84	10.98	6.98	76.68	79.2	5	26.0
55.813	36.02	2.78	100.15	11.26	7.17	80.68	80.6	5	26.5
56.213	35.64	2.97	105.67	11.47	7.30	83.70	79.2	5	27.0
56.613	35.33	3.08	108.82	11.61	7.47	86.67	79.6	5	28.0
57.013	34.82	3.31	115.40	11.87	7.81	92.75	80.4	5	28.5
57.413	34.21	3.56	121.90	12.17	7.57	92.14	75.6	5	29.0
57.813	33.95	3.64	123.68	12.00	8.75	105.00	84.9	5	29.5
58.214	33.63	3.80	127.71	12.28	8.41	103.24	80.8	5	30.5
58.615	32.99	4.01	132.18	12.52	8.36	104.73	79.2	5	31.0
59.016	32.03	4.22	135.19	12.49	8.58	107.08	79.2	5	31.5
59.417	31.48	4.38	137.99	12.55	8.51	106.71	77.3	5	32.0
59.818	30.66	4.52	138.49	12.55	8.70	109.14	78.8	5	33.0
60.219	29.60	4.65	137.59	12.31	8.70	107.09	77.8	5	33.5
60.620	28.39	4.79	135.89	12.17	8.54	103.97	76.5	5	34.0
61.021	26.84	4.84	130.06	11.87	8.28	98.24	75.5	5	35.0
61.421	24.95	4.88	121.72	11.37	8.30	94.43	77.6	5	35.5
61.821	23.21	4.88	113.23	10.81	7.67	82.95	73.3	5	36.0
62.221	21.83	4.90	106.98	10.20	7.72	78.75	73.6	5	36.5
62.621	20.29	4.91	99.55	9.65	7.72	74.42	74.8	5	37.5
63.019	19.10	4.90	93.62	9.39	7.47	70.19	75.0	5	38.0
63.417	17.73	4.92	87.25	8.83	7.55	66.68	76.4	5	38.5
63.815	17.72	4.92	87.19	9.21	6.60	60.80	69.7	5	39.0
64.213	16.01	4.92	78.80	8.42	6.99	58.93	74.8	5	40.0
64.611	15.40	4.92	75.79	8.30	6.61	54.82	72.3	5	40.5
65.009	14.63	4.92	72.00	8.05	6.48	52.15	72.4	5	41.0
65.407	13.98	4.93	68.91	7.79	6.51	50.66	73.5	5	41.5
65.805	13.04	4.92	64.18	7.49	6.47	48.46	75.5	5	42.5
66.203	12.77	4.94	63.05	7.42	6.22	46.13	73.2	5	43.0
66.601	12.04	4.93	59.33	7.25	5.82	42.19	71.1	5	43.5
66.999	11.33	4.96	56.23	6.87	5.87	40.29	71.7	5	44.0
67.397	10.92	4.96	54.15	6.75	5.81	39.19	72.4	5	45.0
67.795	10.11	4.98	50.33	6.44	5.47	35.22	70.0	5	45.5
68.193	10.22	4.98	50.93	6.69	5.20	34.80	68.3	5	46.0
68.591	9.35	5.00	46.73	6.22	5.39	33.53	71.7	5	47.0
68.988	9.00	5.00	45.04	6.01	5.08	30.57	67.9	5	47.5
69.385	8.28	5.00	41.42	5.59	5.15	28.82	69.6	5	48.0
69.782	7.80	5.00	39.01	5.34	5.07	27.04	69.3	5	48.5
70.179	6.64	5.01	33.30	4.47	4.49	20.08	60.3	5	49.5
70.576	5.55	5.02	27.84	3.61	4.68	16.88	60.6	5	50.0
70.973	4.96	5.02	24.91	3.12	4.64	14.48	58.1	5	50.5
71.370	4.56	5.04	22.97	2.94	4.52	13.28	57.8	5	51.0
71.767	4.38	5.02	22.00	2.83	4.38	12.39	56.3	5	52.0
72.164	4.23	5.02	21.25	2.81	4.35	12.24	57.6	5	52.5
72.561	3.97	5.02	19.96	2.77	4.18	11.59	58.0	5	53.0
72.958	3.92	5.03	19.72	2.74	4.09	11.22	56.9	5	53.5
73.355	3.57	5.03	17.98	2.57	3.97	10.19	56.7	5	54.5
73.752	3.55	5.01	17.79	2.55	3.85	9.81	55.2	5	55.0
74.148	3.45	5.02	17.33	2.46	3.78	9.27	53.5	5	55.5
74.544	3.47	5.03	17.44	2.46	3.69	9.07	52.0	5	56.0
74.940	3.41	5.03	17.17	2.38	3.60	8.56	49.9	5	57.0
75.336	3.18	5.03	16.00	2.33	3.50	8.14	50.9	5	57.5
75.732	3.11	5.03	15.67	2.28	3.39	7.72	49.3	5	58.0
76.128	3.08	5.03	15.47	2.26	3.33	7.52	48.6	5	58.5
76.524	2.71	5.04	13.65	2.15	3.21	6.90	50.6	5	59.5
76.920	2.78	5.04	13.97	2.11	3.16	6.66	47.7	5	60.0
77.316	2.66	5.04	13.42	2.07	3.06	6.34	47.3	5	60.5
77.712	2.60	5.03	13.06	2.04	2.99	6.10	46.7	5	61.0
78.108	2.49	5.02	12.50	1.94	2.89	5.61	44.9	5	62.0
78.504	2.41	5.03	12.12	1.87	2.83	5.29	43.6	5	62.5
78.900	2.14	5.03	10.75	1.85	2.75	5.09	47.3	5	63.0
79.296	2.16	5.04	10.90	1.80	2.68	4.82	44.2	5	63.5
79.692	1.97	5.02	9.92	1.70	2.59	4.39	44.2	5	64.5
80.087	2.02	5.01	10.11	1.69	2.53	4.29	42.4	5	65.0
80.483	1.92	5.03	9.67	1.73	2.43	4.21	43.6	5	65.5
80.878	2.10	5.03	10.54	1.75	2.37	4.14	39.3	5	66.5
81.274	1.83	5.02	9.21	1.69	2.27	3.83	41.6	5	67.0
81.669	1.85	5.03	9.30	1.63	2.23	3.63	39.1	5	67.5
82.064	1.67	5.03	8.41	1.55	2.17	3.38	40.1	5	68.0
82.459	1.64	5.03	8.26	1.48	2.14	3.16	38.3	5	69.0
82.854	1.52	5.04	7.66	1.41	2.06	2.90	37.9	5	69.5
83.249	1.65	5.04	8.29	1.39	1.95	2.70	32.6	5	70.0
83.644	1.53	5.03	7.69	1.48	1.90	2.82	36.6	5	70.5
84.039	1.60	5.05	8.05	1.42	1.85	2.62	32.5	5	71.5
84.434	1.50	5.04	7.54	1.37	1.74	2.39	31.7	5	72.0
84.829	1.54	5.05	7.77	1.36	1.74	2.37	30.5	5	72.5
85.224	1.34	5.04	6.75	1.37	1.68	2.30	34.1	5	73.0
85.619	1.29	5.05	6.53	1.31	1.62	2.13	32.6	5	74.0
86.014	1.35	5.05	6.80	1.32	1.53	2.03	29.8	5	74.5
86.409	1.26	5.05	6.38	1.26	1.51	1.90	29.8	5	75.0
86.804	1.16	5.04	5.87	1.24	1.45	1.80	30.7	5	75.5
87.199	1.12	5.05	5.66	1.20	1.40	1.69	29.9	5	76.5
87.594	1.21	5.04	6.12	1.14	1.35	1.53	25.0	5	77.0
87.989	1.29	5.05	6.52	1.09	1.27	1.39	21.4	5	77.5
88.384	1.08	5.04	5.47	1.09	1.25	1.37	25.0	5	78.0
88.779	1.14	5.05	5.74	1.06	1.20	1.26	22.0	5	79.0
89.174	1.09	5.06	5.52	1.05	1.15	1.20	21.7	5	79.5
89.569	0.97	5.07	4.92	0.94	1.09	1.02	20.8	5	80.0
89.964	0.96	5.07	4.85	0.96	1.08	1.03	21.3	5	80.5
90.359	1.00	5.06	5.07	0.93	1.00	0.93	18.3	5	81.5
90.754	0.98	5.06	4.98	0.86	0.96	0.83	16.6	5	82.0
91.149	0.89	5.06	4.49	0.84	0.91	0.77	17.2	5	82.5
91.544	0.81	5.06	4.10	0.83	0.89	0.74	18.0	5	83.0
91.939	0.88	5.05	4.43	0.78	0.82	0.64	14.4	5	84.0
92.334	0.82	5.08	4.17	0.78	0.79	0.61	14.7	5	84.5
92.729	0.88	5.07	4.46	0.82	0.72	0.60	13.3	5	85.0
93.124	0.99	5.06	4.98	0.88	0.70	0.62	12.5	5	85.5
93.519	0.90	5.06	4.57	0.87	0.64	0.56	12.2	5	86.5
93.914	0.90	5.07	4.56	0.85	0.61	0.52	11.4	5	87.0
94.309	0.84	5.08	4.27	0.80	0.57	0.45	10.6	5	87.5
94.704	0.89	5.06	4.50	0.76	0.53	0.40	8.9	5	88.0
95.098	0.77	5.07	3.91	0.71	0.52	0.37	9.4	5	89.0
95.492	0.69	5.07	3.48	0.66	0.46	0.30	8.7	5	89.5
95.886	0.63	5.07	3.18	0.67	0.44	0.30	9.4	5	90.0
96.280	0.67	5.07	3.38	0.64	0.39	0.25	7.5	5	90.5
96.674	0.83	5.06	4.21	0.63	0.35	0.22	5.2	5	91.5
97.068	0.69	5.08	3.49	0.62	0.34	0.21	6.1	5	92.0
97.462	0.80	5.08	4.05	0.57	0.31	0.18	4.4	5	92.5
97.856	0.60	5.08	3.05	0.49	0.28	0.14	4.6	5	93.0
98.250	0.62	5.06	3.15	0.48	0.25	0.12	3.8	5	94.0
98.644	0.58	5.07	2.96	0.44	0.18	0.08	2.6	5	94.5
