0.000	38.20	0.00	0.00	0.00	0.00	0.00	0.0	4	10.00
0.122	38.27	0.00	0.59	0.00	0.00	0.00	0.0	4	9.69
0.245	37.40	0.30	11.26	12.18	0.71	8.61	76.5	4	11.35
0.367	37.09	0.45	16.59	12.24	1.03	12.64	76.2	4	12.18
0.489	36.68	0.65	23.70	12.37	1.45	17.97	75.8	4	14.09
0.612	36.33	0.82	29.63	12.46	1.82	22.62	76.4	4	15.01
0.734	35.99	0.94	33.77	12.53	2.06	25.78	76.3	4	15.65
0.856	35.96	0.99	35.55	12.60	2.18	27.46	77.2	4	15.93
0.979	35.97	1.00	36.15	12.59	2.20	27.74	76.7	4	15.22
1.101	35.78	1.01	36.15	12.55	2.20	27.58	76.3	4	15.22
1.223	35.88	1.04	37.32	12.58	2.28	28.63	76.7	4	15.40
1.346	35.87	1.06	37.91	12.59	2.31	29.08	76.7	4	16.30
1.468	35.80	1.08	38.51	12.57	2.34	29.48	76.5	4	16.39
1.590	35.70	1.08	38.51	12.59	2.35	29.59	76.8	4	16.39
1.713	35.83	1.12	40.28	12.66	2.44	30.94	76.8	4	15.87
1.835	35.52	1.17	41.47	12.61	2.53	31.85	76.8	4	16.05
1.957	35.60	1.16	41.47	12.64	2.53	31.96	77.1	4	16.05
2.080	35.57	1.18	42.06	12.69	2.55	32.37	77.0	4	16.94
2.202	35.52	1.18	42.06	12.64	2.55	32.19	76.5	4	16.94
2.324	35.58	1.18	42.06	12.66	2.55	32.23	76.6	4	16.94
2.447	35.72	1.14	40.88	12.66	2.47	31.26	76.5	4	16.76
2.569	35.58	1.13	40.28	12.63	2.45	30.98	76.9	4	15.87
2.691	35.87	1.11	39.69	12.61	2.41	30.41	76.6	4	15.77
2.814	35.83	1.07	38.51	12.59	2.35	29.65	77.0	4	15.59
2.936	36.00	1.04	37.32	12.56	2.27	28.50	76.4	4	16.20
3.058	35.93	1.01	36.15	12.52	2.21	27.63	76.4	4	16.02
3.180	36.20	0.92	33.18	12.47	2.05	25.51	76.9	4	15.56
3.303	36.27	0.87	31.40	12.46	1.94	24.16	76.9	4	14.48
3.425	36.36	0.83	30.22	12.45	1.85	23.00	76.1	4	14.30
3.547	36.31	0.80	29.03	12.45	1.79	22.26	76.7	4	14.12
3.670	36.41	0.76	27.85	12.46	1.70	21.23	76.2	4	14.73
3.792	36.48	0.75	27.25	12.40	1.68	20.80	76.3	4	14.64
3.914	36.54	0.75	27.25	12.40	1.69	20.90	76.7	4	14.64
4.037	36.39	0.75	27.25	12.38	1.69	20.93	76.8	4	14.64
4.159	36.36	0.75	27.25	12.39	1.69	20.91	76.7	4	13.84
4.281	36.55	0.75	27.25	12.39	1.68	20.76	76.2	4	13.84
4.404	36.32	0.75	27.25	12.41	1.68	20.85	76.5	4	13.84
4.526	36.40	0.73	26.66	12.39	1.65	20.40	76.5	4	14.55
4.648	36.51	0.71	26.07	12.41	1.61	19.99	76.7	4	14.45
4.771	36.44	0.70	25.48	12.39	1.58	19.55	76.7	4	14.36
4.893	36.59	0.70	25.48	12.38	1.58	19.55	76.8	4	13.56
5.015	36.59	0.70	25.48	12.40	1.57	19.43	76.2	4	13.56
5.138	36.40	0.70	25.48	12.39	1.58	19.53	76.7	4	13.56
5.260	36.39	0.70	25.48	12.38	1.58	19.51	76.6	4	13.56
5.382	36.70	0.69	25.48	12.44	1.57	19.49	76.5	4	14.36
5.505	36.48	0.75	27.25	12.42	1.67	20.78	76.2	4	14.64
5.627	36.41	0.76	27.85	12.40	1.72	21.38	76.8	4	14.73
5.749	36.37	0.77	27.85	12.43	1.71	21.26	76.3	4	13.93
5.872	36.41	0.76	27.85	12.44	1.71	21.33	76.6	4	13.93
5.994	36.38	0.77	27.85	12.42	1.72	21.37	76.7	4	13.93
6.116	36.36	0.77	27.85	12.43	1.72	21.33	76.6	4	14.73
6.238	36.35	0.75	27.25	12.40	1.70	21.03	77.2	4	14.64
6.361	36.34	0.73	26.66	12.42	1.65	20.48	76.8	4	14.55
6.483	36.53	0.71	26.07	12.37	1.61	19.89	76.3	4	13.65
6.606	36.51	0.70	25.48	12.39	1.57	19.48	76.4	4	13.56
6.728	36.54	0.70	25.48	12.37	1.58	19.57	76.8	4	13.56
6.850	36.38	0.70	25.48	12.36	1.57	19.45	76.3	4	13.56
6.972	36.31	0.70	25.48	12.40	1.58	19.60	76.9	4	14.36
7.095	36.44	0.72	26.07	12.43	1.60	19.90	76.4	4	14.45
7.217	36.58	0.71	26.07	12.41	1.61	20.01	76.7	4	14.45
7.340	36.41	0.72	26.07	12.38	1.61	19.93	76.4	4	13.65
7.462	36.69	0.69	25.48	12.36	1.57	19.40	76.1	4	13.56
7.584	36.43	0.68	24.88	12.35	1.55	19.08	76.7	4	13.47
7.706	36.61	0.68	24.88	12.38	1.54	19.05	76.5	4	14.27
7.829	36.76	0.68	24.88	12.39	1.53	18.98	76.3	4	14.27
7.951	36.46	0.68	24.88	12.39	1.53	18.96	76.2	4	14.27
8.073	36.47	0.70	25.48	12.40	1.57	19.48	76.4	4	13.56
8.196	36.50	0.71	26.07	12.40	1.61	19.90	76.3	4	13.65
8.318	36.29	0.73	26.66	12.43	1.64	20.37	76.4	4	13.75
8.440	36.60	0.73	26.66	12.41	1.65	20.45	76.7	4	13.75
8.563	36.47	0.73	26.66	12.43	1.64	20.33	76.3	4	14.55
8.685	36.53	0.73	26.66	12.38	1.64	20.35	76.3	4	14.55
8.807	36.49	0.73	26.66	12.40	1.65	20.49	76.9	4	14.55
8.930	36.48	0.73	26.66	12.43	1.64	20.42	76.6	4	13.75
9.052	36.47	0.75	27.25	12.43	1.67	20.77	76.2	4	13.84
9.174	36.33	0.78	28.44	12.45	1.75	21.76	76.5	4	14.02
9.297	36.11	0.84	30.22	12.44	1.87	23.21	76.8	4	15.10
9.419	35.93	0.97	34.96	12.56	2.14	26.92	77.0	4	15.84
9.541	35.88	0.99	35.55	12.51	2.17	27.14	76.3	4	15.93
9.664	35.84	1.01	36.15	12.56	2.22	27.88	77.1	4	15.22
9.786	35.83	1.01	36.15	12.53	2.21	27.69	76.6	4	15.22
9.908	35.90	1.01	36.15	12.53	2.22	27.78	76.9	4	16.30
10.031	35.98	1.00	36.15	12.58	2.22	27.88	77.1	4	16.30
10.153	35.87	1.01	36.15	12.54	2.22	27.81	76.9	4	16.30
10.275	35.79	1.03	36.73	12.54	2.26	28.40	77.3	4	17.30
10.398	35.81	1.03	36.73	12.56	2.24	28.13	76.6	4	17.30
10.520	35.98	1.02	36.73	12.59	2.24	28.24	76.9	4	17.30
10.642	35.94	1.02	36.73	12.54	2.25	28.19	76.8	4	16.30
10.765	35.89	1.02	36.73	12.55	2.24	28.08	76.4	4	16.30
10.887	35.86	1.02	36.73	12.59	2.26	28.39	77.3	4	17.30
11.009	35.96	1.02	36.73	12.56	2.23	28.04	76.3	4	17.30
11.132	35.86	1.02	36.73	12.58	2.24	28.19	76.8	4	17.30
11.254	35.87	1.02	36.73	12.58	2.24	28.17	76.7	4	16.30
11.376	35.91	1.02	36.73	12.51	2.26	28.25	76.9	4	16.30
11.498	35.73	1.06	37.91	12.56	2.31	29.06	76.6	4	16.30
11.621	35.69	1.08	38.51	12.60	2.32	29.24	75.9	4	17.30
11.743	35.68	1.11	39.69	12.64	2.40	30.34	76.4	4	17.30
11.866	35.60	1.15	40.88	12.63	2.49	31.47	77.0	4	16.30
11.988	35.65	1.16	41.47	12.63	2.50	31.57	76.1	4	16.30
12.110	35.57	1.17	41.47	12.69	2.51	31.91	77.0	4	16.30
12.232	35.73	1.16	41.47	12.61	2.54	31.99	77.1	4	17.30
12.355	35.62	1.16	41.47	12.61	2.52	31.80	76.7	4	17.30
12.477	35.63	1.16	41.47	12.65	2.53	31.95	77.1	4	17.30
12.599	35.68	1.16	41.47	12.63	2.53	32.00	77.2	4	16.30
12.722	35.76	1.16	41.47	12.63	2.51	31.72	76.5	4	16.30
12.844	35.60	1.16	41.47	12.61	2.52	31.77	76.6	4	16.30
12.966	35.69	1.16	41.47	12.65	2.53	32.06	77.3	4	17.30
13.089	35.58	1.18	42.06	12.65	2.55	32.24	76.6	4	17.30
13.211	35.55	1.22	43.25	12.65	2.62	33.18	76.7	4	16.30
13.333	35.26	1.24	43.84	12.70	2.65	33.66	76.8	4	16.32
13.456	35.44	1.25	44.43	12.66	2.68	33.92	76.3	4	16.43
13.578	35.27	1.28	45.03	12.72	2.70	34.31	76.2	4	17.54
13.700	35.38	1.29	45.62	12.66	2.77	35.11	77.0	4	17.65
13.823	35.37	1.31	46.21	12.74	2.80	35.60	77.0	4	17.76
13.945	35.18	1.35	47.40	12.75	2.84	36.25	76.5	4	16.98
14.067	35.28	1.36	47.99	12.75	2.89	36.85	76.8	4	17.08
14.190	35.23	1.43	50.36	12.79	3.03	38.78	77.0	4	17.52
14.312	35.03	1.51	52.73	12.81	3.18	40.70	77.2	4	18.96
14.434	34.76	1.62	56.29	12.83	3.35	43.03	76.5	4	19.61
14.557	34.85	1.67	58.07	12.86	3.47	44.63	76.9	4	18.94
14.679	34.65	1.73	59.84	12.90	3.60	46.45	77.6	4	19.26
14.801	34.51	1.75	60.44	12.92	3.60	46.55	77.0	4	19.37
14.924	34.17	1.91	65.17	12.99	3.86	50.13	76.9	4	21.24
15.046	34.18	1.96	66.95	13.04	3.96	51.65	77.2	4	21.57
15.168	33.70	2.22	74.65	13.14	4.39	57.70	77.3	4	22.99
15.291	33.17	2.48	82.36	13.27	4.80	63.72	77.4	4	23.40
15.413	32.82	2.67	87.68	13.38	5.07	67.82	77.3	4	24.38
15.535	32.36	2.98	96.57	13.47	5.57	75.11	77.8	4	27.02
15.658	32.29	3.12	100.66	13.58	5.80	78.74	78.2	4	27.77
15.780	31.87	3.33	106.27	13.66	6.07	82.95	78.1	4	28.80
15.902	31.60	3.47	109.78	13.70	6.27	85.89	78.2	4	28.45
16.024	31.53	3.57	112.58	13.74	6.42	88.28	78.4	4	28.96
16.147	31.32	3.68	115.37	13.76	6.55	90.09	78.1	4	29.47
16.269	31.26	3.71	116.07	13.79	6.58	90.67	78.1	4	30.60
16.392	31.37	3.70	116.07	13.85	6.58	91.23	78.6	4	30.60
16.514	31.46	3.69	116.07	13.83	6.54	90.55	78.0	4	30.60
16.636	31.40	3.65	114.67	13.76	6.47	89.10	77.7	4	29.35
16.758	31.42	3.60	113.28	13.76	6.38	87.80	77.5	4	29.09
16.881	31.58	3.52	111.18	13.76	6.37	87.69	78.9	4	29.70
17.003	31.93	3.35	106.97	13.66	6.12	83.54	78.1	4	28.93
17.125	31.86	3.29	104.87	13.62	5.98	81.51	77.7	4	28.54
17.248	32.12	3.22	103.47	13.61	5.95	80.96	78.2	4	27.29
17.370	32.17	3.13	100.66	13.56	5.76	78.09	77.6	4	26.77
17.492	32.29	3.07	99.26	13.54	5.69	77.05	77.6	4	26.51
17.615	32.30	3.03	97.87	13.53	5.65	76.50	78.2	4	27.26
17.737	32.34	3.00	97.17	13.48	5.63	75.97	78.2	4	27.13
17.859	32.51	2.92	94.79	13.51	5.49	74.11	78.2	4	26.69
17.982	32.59	2.91	94.79	13.49	5.46	73.66	77.7	4	29.20
18.104	32.58	2.91	94.79	13.46	5.50	73.98	78.0	4	29.00
18.226	32.61	2.91	94.79	13.44	5.46	73.40	77.4	4	29.20
18.349	32.42	2.98	96.57	13.53	5.55	75.06	77.7	4	29.00
18.471	32.29	3.05	98.56	13.51	5.68	76.76	77.9	4	29.20
18.593	31.88	3.27	104.17	13.63	5.94	81.01	77.8	4	29.00
18.716	31.87	3.44	109.78	13.74	6.20	85.26	77.7	4	29.20
18.838	31.43	3.60	113.28	13.75	6.47	88.89	78.5	4	29.00
18.960	31.28	3.73	116.77	13.82	6.61	91.27	78.2	4	29.56
19.083	31.11	3.82	118.88	13.86	6.70	92.90	78.1	4	30.00
19.205	30.82	3.95	121.68	13.88	6.82	94.69	77.8	4	30.14
19.327	30.67	4.01	123.08	13.93	6.87	95.76	77.8	4	30.50
19.450	30.87	4.01	123.78	13.95	6.92	96.49	78.0	4	30.39
19.572	30.81	4.04	124.48	13.95	6.96	97.05	78.0	4	30.50
19.694	30.88	4.05	125.18	13.97	7.00	97.83	78.2	4	30.56
19.817	30.79	4.07	125.18	13.94	7.04	98.09	78.4	4	30.50
19.939	30.50	4.20	127.99	14.00	7.13	99.80	78.0	4	30.89
20.061	30.60	4.18	127.99	14.03	7.14	100.15	78.3	4	31.00
20.184	30.65	4.22	129.39	13.97	7.20	100.62	77.8	4	31.06
20.306	30.49	4.24	129.39	14.04	7.23	101.53	78.5	4	31.00
20.428	30.50	4.24	129.39	14.05	7.16	100.53	77.7	4	31.06
20.550	30.47	4.25	129.39	14.03	7.23	101.49	78.4	4	31.00
20.673	30.54	4.21	128.69	14.05	7.20	101.22	78.7	4	30.97
20.795	30.54	4.17	127.29	13.96	7.07	98.68	77.5	4	31.00
20.917	30.72	4.12	126.59	13.99	7.09	99.20	78.4	4	30.72
21.040	30.86	4.06	125.18	13.96	7.05	98.35	78.6	4	30.50
21.162	30.66	4.08	125.18	13.98	6.99	97.68	78.0	4	30.56
21.284	30.71	4.08	125.18	13.98	7.04	98.39	78.6	4	30.50
21.407	30.90	4.07	125.88	13.92	7.08	98.52	78.3	4	30.64
21.529	30.93	4.05	125.18	13.96	7.02	97.98	78.3	4	30.50
21.651	30.84	4.08	125.88	13.95	7.06	98.40	78.2	4	30.64
21.774	30.46	4.27	130.09	14.04	7.28	102.15	78.5	4	31.00
21.896	30.59	4.28	130.78	14.03	7.28	102.10	78.1	4	31.22
22.018	30.29	4.34	131.48	14.11	7.36	103.81	78.9	4	31.50
22.141	30.34	4.36	132.18	14.03	7.36	103.26	78.1	4	31.39
22.263	30.48	4.34	132.18	14.09	7.37	103.86	78.6	4	31.50
22.385	30.37	4.33	131.48	14.07	7.36	103.53	78.7	4	31.30
22.508	30.35	4.31	130.78	14.05	7.27	102.12	78.1	4	31.00
22.630	30.33	4.31	130.78	14.03	7.32	102.69	78.5	4	31.22
22.752	30.41	4.30	130.78	14.04	7.28	102.27	78.2	4	31.00
22.875	30.53	4.26	130.09	14.01	7.24	101.40	77.9	4	31.14
22.997	30.41	4.25	129.39	14.00	7.22	101.15	78.2	4	31.00
23.119	30.70	4.12	126.59	14.02	7.08	99.27	78.4	4	30.72
23.242	30.81	4.02	123.78	13.94	6.98	97.33	78.6	4	30.50
23.364	30.96	3.91	120.98	13.92	6.81	94.81	78.4	4	30.06
23.486	31.18	3.84	119.58	13.88	6.75	93.65	78.3	4	30.00
23.609	31.27	3.80	118.88	13.84	6.70	92.73	78.0	4	29.81
23.731	31.08	3.82	118.88	13.83	6.68	92.43	77.8	4	30.00
23.853	31.26	3.80	118.88	13.88	6.65	92.32	77.7	4	29.81
23.976	31.01	3.83	118.88	13.81	6.75	93.28	78.5	4	30.00
24.098	31.07	3.94	122.38	13.91	6.86	95.45	78.0	4	30.23
24.220	30.76	4.07	125.18	13.99	6.99	97.83	78.2	4	30.50
24.343	30.61	4.23	129.39	14.04	7.22	101.33	78.3	4	31.06
24.465	30.48	4.31	131.48	14.08	7.31	102.93	78.3	4	31.50
24.587	30.49	4.31	131.48	14.03	7.33	102.81	78.2	4	31.30
24.710	30.43	4.32	131.48	14.06	7.30	102.70	78.1	4	31.50
24.832	30.38	4.33	131.48	14.09	7.34	103.45	78.7	4	31.30
24.954	30.82	4.13	127.29	14.01	7.15	100.15	78.7	4	31.00
25.076	30.72	4.07	125.18	13.96	6.99	97.58	78.0	4	30.56
25.199	31.04	3.94	122.38	13.92	6.90	96.04	78.5	4	30.00
25.321	30.89	3.96	122.38	13.93	6.90	96.14	78.6	4	30.23
25.443	30.79	3.97	122.38	13.88	6.94	96.28	78.7	4	30.00
25.566	30.87	3.96	122.38	13.92	6.86	95.56	78.1	4	30.23
25.688	30.60	4.16	127.29	13.99	7.11	99.40	78.1	4	31.00
25.810	30.54	4.28	130.78	14.09	7.26	102.35	78.3	4	31.22
25.933	30.39	4.35	132.18	14.06	7.36	103.42	78.2	4	31.50
26.055	30.31	4.36	132.18	14.07	7.38	103.88	78.6	4	31.39
26.177	30.35	4.36	132.18	14.10	7.33	103.36	78.2	4	31.50
26.300	30.21	4.38	132.18	14.08	7.35	103.48	78.3	4	31.39
26.422	30.39	4.35	132.18	14.09	7.36	103.63	78.4	4	31.50
26.544	30.59	4.21	128.69	13.99	7.20	100.71	78.3	4	30.97
26.667	30.76	4.09	125.88	13.92	7.05	98.11	77.9	4	30.50
26.789	30.93	4.00	123.78	13.92	6.95	96.74	78.2	4	30.39
26.911	30.83	4.01	123.78	13.93	6.95	96.79	78.2	4	30.50
27.034	30.83	4.01	123.78	13.94	6.96	96.93	78.3	4	30.39
27.156	30.85	4.03	124.48	13.99	7.03	98.34	79.0	4	30.50
27.278	30.85	4.04	124.48	13.96	6.98	97.44	78.3	4	30.47
27.401	30.63	4.20	128.69	14.04	7.19	100.97	78.5	4	31.00
27.523	30.49	4.31	131.48	14.05	7.33	102.97	78.3	4	31.30
27.645	30.40	4.35	132.18	14.06	7.41	104.28	78.9	4	31.50
27.768	30.40	4.35	132.18	14.07	7.36	103.59	78.4	4	31.39
27.890	30.35	4.36	132.18	14.11	7.39	104.24	78.9	4	31.50
28.012	30.38	4.35	132.18	14.09	7.34	103.41	78.2	4	31.39
28.135	30.43	4.32	131.48	14.05	7.32	102.88	78.2	4	31.50
28.257	30.59	4.21	128.69	14.00	7.15	100.15	77.8	4	30.97
28.379	30.54	4.21	128.69	14.03	7.17	100.57	78.2	4	31.00
28.502	30.51	4.22	128.69	14.01	7.20	100.88	78.4	4	30.97
28.624	30.54	4.21	128.69	14.07	7.15	100.60	78.2	4	31.00
28.746	30.57	4.21	128.69	13.98	7.19	100.47	78.1	4	30.97
28.869	30.33	4.31	130.78	14.03	7.28	102.10	78.1	4	31.00
28.991	30.31	4.38	132.88	14.08	7.43	104.60	78.7	4	31.47
29.113	30.11	4.55	137.09	14.16	7.59	107.57	78.5	4	32.00
29.236	29.99	4.64	139.29	14.19	7.71	109.37	78.5	4	32.23
29.358	30.00	4.71	141.29	14.20	7.82	111.03	78.6	4	32.50
29.480	29.79	4.74	141.29	14.19	7.77	110.27	78.0	4	32.46
29.602	29.72	4.75	141.29	14.27	7.81	111.42	78.9	4	32.50
29.725	29.86	4.73	141.29	14.20	7.79	110.66	78.3	4	32.46
29.847	29.81	4.70	140.08	14.18	7.71	109.42	78.1	4	32.50
29.969	30.20	4.52	136.39	14.10	7.58	106.85	78.3	4	31.88
30.092	30.45	4.39	133.58	14.09	7.38	103.98	77.8	4	31.50
30.214	30.52	4.33	132.18	14.10	7.38	104.09	78.7	4	31.39
30.336	30.29	4.32	130.78	14.04	7.32	102.81	78.6	4	31.00
30.459	30.44	4.30	130.78	14.01	7.27	101.92	77.9	4	31.22
30.581	30.36	4.31	130.78	14.05	7.35	103.24	78.9	4	31.00
30.703	30.29	4.34	131.48	14.08	7.25	102.10	77.7	4	31.30
30.826	30.42	4.35	132.18	14.02	7.38	103.40	78.2	4	31.50
30.948	30.12	4.48	134.99	14.15	7.46	105.56	78.2	4	31.72
31.070	30.09	4.51	135.69	14.10	7.57	106.72	78.6	4	32.00
31.193	30.13	4.50	135.69	14.12	7.57	106.87	78.8	4	31.80
31.315	30.05	4.52	135.69	14.15	7.55	106.76	78.7	4	32.00
31.437	30.19	4.50	135.69	14.13	7.57	106.91	78.8	4	31.80
31.560	30.23	4.47	134.99	14.10	7.48	105.43	78.1	4	31.50
31.682	30.33	4.38	132.88	14.05	7.35	103.31	77.7	4	31.47
31.804	30.58	4.23	129.39	14.00	7.20	100.74	77.9	4	31.00
31.927	30.66	4.15	127.29	14.04	7.18	100.82	79.2	4	30.81
32.049	30.64	4.13	126.59	13.96	7.05	98.50	77.8	4	30.50
32.171	30.69	4.12	126.59	13.98	7.12	99.52	78.6	4	30.72
32.294	30.75	4.12	126.59	13.99	7.12	99.52	78.6	4	30.50
32.416	30.67	4.17	127.99	14.00	7.15	100.09	78.2	4	30.89
32.538	30.28	4.34	131.48	14.08	7.32	103.07	78.4	4	31.50
32.661	30.37	4.38	132.88	14.10	7.38	104.08	78.3	4	31.47
32.783	30.28	4.39	132.88	14.05	7.41	104.09	78.3	4	31.50
32.905	30.38	4.37	132.88	14.08	7.38	104.01	78.3	4	31.47
33.028	30.34	4.38	132.88	14.09	7.39	104.18	78.4	4	31.50
33.150	30.38	4.37	132.88	14.09	7.39	104.14	78.4	4	31.47
33.272	30.58	4.21	128.69	14.02	7.21	101.02	78.5	4	31.00
33.395	30.73	4.14	127.29	13.98	7.15	99.90	78.5	4	30.81
33.517	30.67	4.13	126.59	13.94	7.09	98.81	78.1	4	30.50
33.639	30.67	4.13	126.59	14.01	7.11	99.60	78.7	4	30.72
33.761	30.69	4.13	126.59	14.00	7.09	99.26	78.4	4	30.50
33.884	30.79	4.11	126.59	14.03	7.09	99.42	78.5	4	30.72
34.006	30.62	4.23	129.39	14.02	7.18	100.68	77.8	4	31.00
34.129	30.45	4.34	132.18	14.04	7.37	103.53	78.3	4	31.39
34.251	30.33	4.38	132.88	14.03	7.41	103.94	78.2	4	31.50
34.373	30.31	4.38	132.88	14.11	7.42	104.61	78.7	4	31.47
34.495	30.38	4.37	132.88	14.06	7.41	104.25	78.5	4	31.50
34.618	30.42	4.37	132.88	14.07	7.40	104.09	78.3	4	31.47
34.740	30.38	4.35	132.18	14.10	7.40	104.30	78.9	4	31.50
34.862	30.64	4.18	127.99	14.04	7.12	99.88	78.0	4	30.89
34.985	30.68	4.17	127.99	14.05	7.18	100.86	78.8	4	31.00
35.107	30.51	4.19	127.99	14.03	7.17	100.57	78.6	4	30.89
35.229	30.46	4.20	127.99	14.00	7.17	100.37	78.4	4	31.00
35.352	30.33	4.29	130.09	14.04	7.28	102.23	78.6	4	31.14
35.474	30.36	4.35	132.18	14.08	7.38	103.92	78.6	4	31.50
35.596	30.20	4.49	135.69	14.13	7.50	105.94	78.1	4	31.80
35.719	30.13	4.50	135.69	14.11	7.51	106.03	78.1	4	32.00
35.841	30.22	4.49	135.69	14.13	7.49	105.85	78.0	4	31.80
35.963	30.13	4.50	135.69	14.16	7.57	107.21	79.0	4	32.00
36.086	30.19	4.49	135.69	14.13	7.56	106.78	78.7	4	31.80
36.208	30.20	4.49	135.69	14.12	7.54	106.37	78.4	4	32.00
36.330	30.34	4.38	132.88	14.11	7.38	104.13	78.4	4	31.47
36.453	30.47	4.29	130.78	14.05	7.30	102.62	78.5	4	31.00
36.575	30.71	4.17	127.99	13.95	7.13	99.51	77.8	4	30.89
36.697	30.51	4.19	127.99	13.96	7.18	100.23	78.3	4	31.00
36.820	30.52	4.19	127.99	14.02	7.17	100.49	78.5	4	30.89
36.942	30.49	4.20	127.99	14.04	7.16	100.50	78.5	4	31.00
37.064	30.78	4.16	127.99	14.01	7.16	100.29	78.4	4	30.89
37.187	30.60	4.18	127.99	14.03	7.19	100.88	78.8	4	31.00
37.309	30.53	4.19	127.99	14.00	7.18	100.55	78.6	4	30.89
37.431	30.65	4.18	127.99	13.99	7.13	99.74	77.9	4	31.00
37.553	30.80	4.16	127.99	14.00	7.13	99.77	78.0	4	30.89
37.676	30.70	4.17	127.99	14.02	7.14	100.14	78.2	4	31.00
37.798	30.60	4.20	128.69	14.00	7.18	100.55	78.1	4	30.97
37.921	30.50	4.26	130.09	14.00	7.23	101.22	77.8	4	31.00
38.043	30.42	4.32	131.48	14.05	7.30	102.57	78.0	4	31.30
38.165	30.23	4.40	132.88	14.11	7.42	104.68	78.8	4	31.50
38.288	30.20	4.49	135.69	14.12	7.54	106.53	78.5	4	31.80
38.410	30.07	4.51	135.69	14.16	7.58	107.32	79.1	4	32.00
38.532	30.15	4.50	135.69	14.15	7.53	106.63	78.6	4	31.80
38.654	30.27	4.48	135.69	14.16	7.57	107.14	79.0	4	32.00
38.777	30.06	4.54	136.39	14.15	7.56	107.05	78.5	4	31.88
38.899	30.24	4.44	134.28	14.04	7.50	105.34	78.4	4	31.50
39.021	30.66	4.22	129.39	14.06	7.20	101.29	78.3	4	31.06
39.144	30.80	4.09	125.88	14.01	7.04	98.68	78.4	4	30.50
39.266	30.88	3.96	122.38	13.94	6.94	96.73	79.0	4	30.23
39.388	30.82	3.95	121.68	13.90	6.83	94.89	78.0	4	30.00
39.511	30.82	3.95	121.68	13.89	6.85	95.10	78.2	4	30.14
39.633	30.91	3.94	121.68	13.88	6.84	94.95	78.0	4	30.00
39.755	30.99	3.93	121.68	13.90	6.85	95.25	78.3	4	30.14
39.878	30.73	4.10	125.88	13.98	7.05	98.64	78.4	4	30.50
40.000	30.58	4.21	128.69	14.06	7.22	101.51	78.9	4	30.97
40.122	30.28	4.37	132.18	14.04	7.35	103.19	78.1	4	31.50
40.245	30.14	4.55	137.09	14.17	7.57	107.33	78.3	4	31.97
40.367	29.97	4.60	137.79	14.12	7.62	107.55	78.1	4	32.00
40.489	29.91	4.61	137.79	14.20	7.60	107.98	78.4	4	32.05
40.612	30.10	4.58	137.79	14.15	7.65	108.20	78.5	4	32.00
40.734	30.09	4.53	136.39	14.13	7.55	106.69	78.2	4	31.88
40.856	30.30	4.41	133.58	14.09	7.45	105.00	78.6	4	31.50
40.979	30.42	4.35	132.18	14.06	7.37	103.58	78.4	4	31.39
41.101	30.56	4.23	129.39	14.02	7.21	101.16	78.2	4	31.00
41.223	30.52	4.24	129.39	14.03	7.25	101.76	78.7	4	31.06
41.346	30.55	4.23	129.39	14.01	7.20	100.96	78.0	4	31.00
41.468	30.63	4.22	129.39	14.05	7.25	101.88	78.7	4	31.06
41.590	30.32	4.36	132.18	14.05	7.35	103.29	78.1	4	31.50
41.713	30.12	4.51	135.69	14.12	7.55	106.60	78.6	4	31.80
41.835	30.04	4.54	136.39	14.12	7.55	106.53	78.1	4	32.00
41.957	29.95	4.55	136.39	14.11	7.54	106.40	78.0	4	31.88
42.080	30.09	4.53	136.39	14.17	7.60	107.68	78.9	4	32.00
42.202	30.10	4.55	137.09	14.13	7.57	106.92	78.0	4	31.97
42.324	30.33	4.40	133.58	14.06	7.49	105.26	78.8	4	31.50
42.447	30.55	4.28	130.78	14.07	7.28	102.42	78.3	4	31.22
42.569	30.56	4.19	127.99	13.98	7.17	100.20	78.3	4	31.00
42.691	30.61	4.18	127.99	14.04	7.18	100.82	78.8	4	30.89
42.813	30.67	4.17	127.99	13.99	7.14	99.92	78.1	4	31.00
42.936	30.56	4.19	127.99	14.03	7.15	100.36	78.4	4	30.89
43.058	30.47	4.22	128.69	14.03	7.17	100.58	78.2	4	31.00
43.180	30.49	4.31	131.48	14.05	7.30	102.57	78.0	4	31.30
43.303	30.46	4.34	132.18	14.07	7.40	104.10	78.8	4	31.50
43.425	30.37	4.40	133.58	14.08	7.45	104.89	78.5	4	31.55
43.547	30.34	4.45	134.99	14.11	7.49	105.72	78.3	4	31.50
43.670	30.04	4.52	135.69	14.11	7.53	106.25	78.3	4	31.80
43.792	30.02	4.52	135.69	14.12	7.55	106.63	78.6	4	32.00
43.914	30.24	4.49	135.69	14.15	7.51	106.33	78.4	4	31.80
44.037	30.17	4.50	135.69	14.12	7.53	106.37	78.4	4	32.00
44.159	30.09	4.51	135.69	14.14	7.51	106.25	78.3	4	31.80
44.281	30.27	4.46	134.99	14.11	7.50	105.83	78.4	4	31.50
44.404	30.09	4.49	134.99	14.10	7.49	105.68	78.3	4	31.72
44.526	30.22	4.40	132.88	14.09	7.43	104.66	78.8	4	31.50
44.648	30.44	4.30	130.78	14.04	7.32	102.79	78.6	4	31.22
44.771	30.66	4.17	127.99	13.98	7.11	99.36	77.6	4	31.00
44.893	30.73	4.01	123.08	13.95	6.93	96.73	78.6	4	30.31
45.015	30.88	3.96	122.38	13.90	6.89	95.71	78.2	4	30.00
45.138	30.96	3.95	122.38	13.91	6.90	96.00	78.4	4	30.23
45.260	30.96	3.95	122.38	13.90	6.86	95.40	78.0	4	30.00
45.382	30.95	3.95	122.38	13.91	6.90	95.99	78.4	4	30.23
45.505	30.80	4.04	124.48	13.97	6.99	97.57	78.4	4	30.50
45.627	30.72	4.17	127.99	14.04	7.13	100.16	78.3	4	30.89
45.749	30.34	4.33	131.48	14.10	7.33	103.39	78.6	4	31.50
45.872	30.43	4.39	133.58	14.07	7.44	104.70	78.4	4	31.55
45.994	30.16	4.43	133.58	14.05	7.44	104.58	78.3	4	31.50
46.116	30.22	4.42	133.58	14.09	7.38	104.02	77.9	4	31.55
46.239	30.37	4.40	133.58	14.12	7.41	104.68	78.4	4	31.50
46.361	30.26	4.42	133.58	14.08	7.46	105.00	78.6	4	31.55
46.483	30.34	4.38	132.88	14.10	7.41	104.51	78.6	4	31.50
46.605	30.53	4.28	130.78	14.05	7.30	102.55	78.4	4	31.22
46.728	30.50	4.27	130.09	14.06	7.29	102.40	78.7	4	31.00
46.850	30.52	4.26	130.09	14.06	7.25	102.01	78.4	4	31.14
46.973	30.30	4.29	130.09	14.03	7.24	101.68	78.2	4	31.00
47.095	30.50	4.27	130.09	14.06	7.21	101.34	77.9	4	31.14
47.217	30.50	4.26	130.09	14.06	7.23	101.71	78.2	4	31.00
47.340	30.52	4.28	130.78	13.99	7.28	101.91	77.9	4	31.22
47.462	30.34	4.33	131.48	14.08	7.34	103.40	78.6	4	31.50
47.584	30.39	4.35	132.18	14.08	7.39	103.95	78.6	4	31.39
47.706	30.46	4.34	132.18	14.06	7.39	103.96	78.6	4	31.50
47.829	30.32	4.38	132.88	14.10	7.39	104.21	78.4	4	31.47
47.951	30.25	4.39	132.88	14.09	7.39	104.15	78.4	4	31.50
48.073	30.29	4.39	132.88	14.11	7.41	104.55	78.7	4	31.47
48.196	30.24	4.42	133.58	14.10	7.43	104.74	78.4	4	31.50
48.318	30.24	4.44	134.28	14.08	7.45	104.88	78.1	4	31.63
48.440	30.39	4.42	134.28	14.11	7.45	105.14	78.3	4	31.50
48.563	30.20	4.45	134.28	14.13	7.40	104.52	77.8	4	31.63
48.685	30.13	4.48	134.99	14.10	7.51	105.92	78.5	4	31.50
48.807	30.17	4.47	134.99	14.11	7.50	105.84	78.4	4	31.72
48.930	30.20	4.49	135.69	14.14	7.58	107.15	79.0	4	32.00
49.052	30.22	4.51	136.39	14.14	7.55	106.75	78.3	4	31.88
49.174	30.20	4.45	134.28	14.10	7.47	105.29	78.4	4	31.50
49.297	30.43	4.37	132.88	14.10	7.41	104.46	78.6	4	31.47
49.419	30.38	4.33	131.48	14.09	7.34	103.40	78.6	4	31.50
49.541	30.54	4.24	129.39	14.03	7.21	101.14	78.2	4	31.06
49.664	30.41	4.25	129.39	14.00	7.27	101.77	78.7	4	31.00
49.786	30.62	4.23	129.39	14.01	7.21	101.01	78.1	4	31.06
49.908	30.61	4.16	127.29	13.99	7.14	99.93	78.5	4	31.00
50.031	30.84	4.06	125.18	13.99	7.03	98.38	78.6	4	30.56
50.153	30.85	3.97	122.38	13.91	6.91	96.19	78.6	4	30.00
50.275	31.10	3.93	122.38	13.87	6.89	95.56	78.1	4	30.23
50.398	31.01	3.95	122.38	13.89	6.88	95.63	78.1	4	30.00
50.520	30.85	3.97	122.38	13.92	6.92	96.33	78.7	4	30.23
50.642	30.86	3.99	123.08	13.94	6.91	96.34	78.3	4	30.50
50.764	30.59	4.14	126.59	13.97	7.10	99.20	78.4	4	30.72
50.887	30.56	4.21	128.69	14.08	7.16	100.83	78.4	4	31.00
51.009	30.55	4.28	130.78	14.07	7.37	103.63	79.2	4	31.22
51.132	30.44	4.34	132.18	14.11	7.35	103.71	78.5	4	31.50
51.254	30.20	4.38	132.18	14.03	7.35	103.07	78.0	4	31.39
51.376	30.43	4.34	132.18	14.07	7.34	103.28	78.1	4	31.50
51.498	30.39	4.35	132.18	14.09	7.35	103.51	78.3	4	31.39
51.621	30.43	4.30	130.78	14.04	7.33	102.88	78.7	4	31.00
51.743	30.60	4.20	128.69	13.99	7.22	101.05	78.5	4	30.97
51.866	30.70	4.12	126.59	13.96	7.09	98.98	78.2	4	30.50
51.988	30.89	4.10	126.59	14.01	7.10	99.44	78.6	4	30.72
52.110	30.84	4.11	126.59	13.98	7.11	99.37	78.5	4	30.50
52.232	30.81	4.11	126.59	13.95	7.08	98.73	78.0	4	30.72
52.355	30.72	4.12	126.59	13.97	7.11	99.36	78.5	4	30.50
52.477	30.57	4.19	127.99	14.01	7.13	99.95	78.1	4	30.89
52.599	30.52	4.24	129.39	14.02	7.22	101.19	78.2	4	31.00
52.722	30.49	4.31	131.48	14.06	7.33	103.01	78.3	4	31.30
52.844	30.34	4.36	132.18	14.10	7.39	104.23	78.9	4	31.50
52.966	30.38	4.40	133.58	14.07	7.46	104.87	78.5	4	31.55
53.089	30.21	4.44	134.28	14.13	7.46	105.38	78.5	4	31.50
53.211	30.05	4.47	134.28	14.13	7.47	105.59	78.6	4	31.63
53.333	30.12	4.48	134.99	14.17	7.43	105.28	78.0	4	31.50
53.456	30.20	4.47	134.99	14.11	7.48	105.60	78.2	4	31.72
53.578	30.28	4.46	134.99	14.14	7.47	105.59	78.2	4	31.50
53.700	30.07	4.49	134.99	14.12	7.50	105.83	78.4	4	31.72
53.823	30.24	4.51	136.39	14.14	7.57	106.96	78.4	4	32.00
53.945	30.01	4.59	137.79	14.13	7.58	107.14	77.8	4	32.05
54.067	30.18	4.59	138.49	14.19	7.66	108.65	78.5	4	32.00
54.190	29.97	4.62	138.49	14.17	7.68	108.82	78.6	4	32.13
54.312	29.93	4.63	138.49	14.16	7.69	108.89	78.6	4	32.00
54.434	30.12	4.57	137.79	14.15	7.66	108.43	78.7	4	32.05
54.557	30.02	4.57	137.09	14.18	7.62	108.09	78.8	4	32.00
54.679	30.09	4.53	136.39	14.13	7.57	106.94	78.4	4	31.88
54.801	30.35	4.42	134.28	14.12	7.48	105.64	78.7	4	31.50
54.924	30.29	4.36	132.18	14.08	7.33	103.20	78.1	4	31.39
55.046	30.66	4.22	129.39	13.97	7.18	100.30	77.5	4	31.00
55.168	30.66	4.17	127.99	13.98	7.16	100.13	78.2	4	30.89
55.291	30.78	4.09	125.88	13.98	7.01	98.03	77.9	4	30.50
55.413	30.86	3.99	123.08	13.93	6.95	96.89	78.7	4	30.31
55.535	31.01	3.95	122.38	13.89	6.88	95.55	78.1	4	30.00
55.657	30.88	3.96	122.38	13.88	6.90	95.73	78.2	4	30.23
55.780	31.06	3.92	121.68	13.86	6.87	95.14	78.2	4	30.00
55.902	30.85	3.94	121.68	13.87	6.83	94.73	77.9	4	30.14
56.025	30.99	3.93	121.68	13.91	6.84	95.08	78.1	4	30.00
56.147	30.91	3.94	121.68	13.90	6.87	95.50	78.5	4	30.14
56.269	30.91	3.94	121.68	13.89	6.86	95.32	78.3	4	30.00
56.392	31.00	3.95	122.38	13.94	6.90	96.27	78.7	4	30.23
56.514	30.74	4.05	124.48	13.96	6.97	97.21	78.1	4	30.50
56.636	30.71	4.10	125.88	14.01	7.07	99.05	78.7	4	30.64
56.758	30.62	4.23	129.39	14.02	7.27	101.98	78.8	4	31.00
56.881	30.27	4.39	132.88	14.12	7.39	104.41	78.6	4	31.47
57.003	30.17	4.45	134.28	14.11	7.45	105.22	78.4	4	31.50
57.125	30.24	4.44	134.28	14.08	7.42	104.43	77.8	4	31.63
57.248	30.21	4.45	134.28	14.08	7.47	105.16	78.3	4	31.50
57.370	30.22	4.44	134.28	14.07	7.42	104.45	77.8	4	31.63
57.492	30.28	4.39	132.88	14.10	7.39	104.15	78.4	4	31.50
57.615	30.48	4.25	129.39	14.02	7.24	101.55	78.5	4	31.06
57.737	30.58	4.14	126.59	13.99	7.09	99.15	78.3	4	30.50
57.859	30.84	4.08	125.88	13.98	7.05	98.50	78.2	4	30.64
57.982	30.86	4.06	125.18	13.93	7.04	98.03	78.3	4	30.50
58.104	30.68	4.10	125.88	13.97	7.07	98.80	78.5	4	30.64
58.226	30.77	4.09	125.88	13.98	7.08	98.95	78.6	4	30.50
58.349	30.74	4.09	125.88	13.98	7.05	98.48	78.2	4	30.64
58.471	30.72	4.10	125.88	13.97	7.07	98.74	78.4	4	30.50
58.593	30.73	4.10	125.88	13.95	7.01	97.76	77.7	4	30.64
58.716	30.62	4.13	126.59	13.97	7.08	98.86	78.1	4	30.50
58.838	30.63	4.16	127.29	14.01	7.14	100.03	78.6	4	30.81
58.960	30.59	4.18	127.99	13.95	7.16	99.87	78.0	4	31.00
59.083	30.53	4.24	129.39	14.02	7.28	102.08	78.9	4	31.06
59.205	30.49	4.31	131.48	14.04	7.33	102.87	78.2	4	31.50
59.327	30.40	4.39	133.58	14.09	7.46	105.04	78.6	4	31.55
59.450	30.20	4.49	135.69	14.14	7.50	106.08	78.2	4	32.00
59.572	30.29	4.48	135.69	14.15	7.50	106.14	78.2	4	31.80
59.694	30.14	4.50	135.69	14.15	7.53	106.54	78.5	4	32.00
59.816	30.28	4.44	134.28	14.09	7.44	104.76	78.0	4	31.63
59.939	30.21	4.44	134.28	14.12	7.47	105.43	78.5	4	31.50
60.061	30.40	4.42	134.28	14.11	7.50	105.81	78.8	4	31.63
60.184	30.33	4.38	132.88	14.09	7.43	104.65	78.8	4	31.50
60.306	30.28	4.32	130.78	14.04	7.29	102.32	78.2	4	31.22
60.428	30.66	4.15	127.29	13.97	7.11	99.38	78.1	4	31.00
60.551	30.69	4.10	125.88	13.99	7.01	98.10	77.9	4	30.64
60.673	30.91	4.01	123.78	13.92	6.91	96.17	77.7	4	30.50
60.795	30.94	4.00	123.78	13.95	6.96	97.08	78.4	4	30.39
60.917	30.85	4.01	123.78	13.91	6.94	96.57	78.0	4	30.50
61.040	30.86	4.01	123.78	13.95	6.95	96.94	78.3	4	30.39
61.162	30.87	4.03	124.48	13.92	7.01	97.65	78.4	4	30.50
61.284	30.53	4.17	127.29	14.02	7.13	100.02	78.6	4	30.81
61.407	30.50	4.22	128.69	14.01	7.17	100.47	78.1	4	31.00
61.529	30.33	4.31	130.78	14.05	7.27	102.20	78.1	4	31.22
61.651	30.38	4.33	131.48	14.04	7.36	103.27	78.5	4	31.50
61.774	30.43	4.34	132.18	14.07	7.42	104.41	79.0	4	31.39
61.896	30.38	4.37	132.88	14.06	7.38	103.69	78.0	4	31.50
62.018	30.30	4.43	134.28	14.09	7.47	105.29	78.4	4	31.63
62.141	30.21	4.47	134.99	14.11	7.47	105.33	78.0	4	31.50
62.263	30.27	4.48	135.69	14.15	7.54	106.76	78.7	4	31.80
62.385	30.15	4.52	136.39	14.12	7.62	107.66	78.9	4	32.00
62.508	30.04	4.54	136.39	14.18	7.57	107.38	78.7	4	31.88
62.630	30.14	4.55	137.09	14.14	7.59	107.30	78.3	4	32.00
62.752	30.09	4.56	137.09	14.20	7.63	108.36	79.0	4	31.97
62.875	30.22	4.51	136.39	14.11	7.62	107.52	78.8	4	32.00
62.997	30.03	4.54	136.39	14.14	7.57	107.02	78.5	4	31.88
63.119	30.24	4.51	136.39	14.16	7.59	107.39	78.7	4	32.00
63.242	30.25	4.46	134.99	14.12	7.50	105.87	78.4	4	31.72
63.364	30.24	4.42	133.58	14.07	7.45	104.79	78.4	4	31.50
63.486	30.41	4.37	132.88	14.08	7.39	104.07	78.3	4	31.47
63.609	30.31	4.36	132.18	14.06	7.33	103.10	78.0	4	31.50
63.731	30.40	4.33	131.48	14.09	7.31	102.94	78.3	4	31.30
63.853	30.39	4.33	131.48	14.07	7.30	102.78	78.2	4	31.50
63.976	30.41	4.32	131.48	14.08	7.37	103.84	79.0	4	31.30
64.098	30.36	4.33	131.48	14.08	7.34	103.27	78.5	4	31.50
64.220	30.10	4.41	132.88	14.06	7.42	104.35	78.5	4	31.47
64.342	30.17	4.50	135.69	14.14	7.54	106.59	78.6	4	32.00
64.465	30.10	4.51	135.69	14.13	7.59	107.20	79.0	4	31.80
64.587	29.98	4.53	135.69	14.12	7.56	106.68	78.6	4	32.00
64.709	30.06	4.51	135.69	14.12	7.56	106.76	78.7	4	31.80
64.832	30.27	4.44	134.28	14.08	7.47	105.22	78.4	4	31.50
64.954	30.12	4.46	134.28	14.12	7.39	104.35	77.7	4	31.63
65.076	30.33	4.43	134.28	14.12	7.47	105.43	78.5	4	31.50
65.199	30.37	4.38	132.88	14.11	7.39	104.29	78.5	4	31.47
65.321	30.60	4.18	127.99	13.98	7.19	100.58	78.6	4	31.00
65.443	30.70	4.08	125.18	13.98	7.00	97.89	78.2	4	30.56
65.566	31.05	3.92	121.68	13.89	6.83	94.85	78.0	4	30.00
65.688	31.08	3.83	118.88	13.86	6.70	92.78	78.0	4	29.81
65.810	31.40	3.65	114.67	13.83	6.47	89.53	78.1	4	29.50
65.933	31.37	3.63	113.98	13.77	6.51	89.60	78.6	4	29.23
66.055	31.36	3.63	113.98	13.84	6.43	89.03	78.1	4	29.00
66.177	31.39	3.63	113.98	13.72	6.49	89.02	78.1	4	29.23
66.300	31.43	3.63	113.98	13.79	6.44	88.83	77.9	4	29.00
66.422	31.36	3.72	116.77	13.79	6.60	90.96	77.9	4	29.56
66.544	31.20	3.85	120.28	13.88	6.76	93.89	78.1	4	30.00
66.667	30.75	4.05	124.48	13.93	6.99	97.32	78.2	4	30.47
66.789	30.75	4.09	125.88	13.99	7.04	98.47	78.2	4	30.50
66.911	30.24	4.37	132.18	14.06	7.38	103.81	78.5	4	31.39
67.034	30.17	4.47	134.99	14.15	7.46	105.65	78.3	4	31.50
67.156	30.26	4.46	134.99	14.14	7.51	106.17	78.6	4	31.72
67.278	30.19	4.47	134.99	14.11	7.48	105.56	78.2	4	31.50
67.401	30.14	4.48	134.99	14.13	7.49	105.77	78.4	4	31.72
67.523	30.47	4.36	132.88	14.11	7.40	104.37	78.5	4	31.50
67.645	30.54	4.28	130.78	14.07	7.31	102.79	78.6	4	31.22
67.768	30.38	4.26	129.39	14.01	7.23	101.33	78.3	4	31.00
67.890	30.67	4.22	129.39	14.06	7.20	101.28	78.3	4	31.06
68.012	30.37	4.26	129.39	14.05	7.24	101.67	78.6	4	31.00
68.135	30.54	4.24	129.39	14.04	7.21	101.26	78.3	4	31.06
68.257	30.54	4.31	131.48	14.05	7.32	102.91	78.3	4	31.50
68.379	30.18	4.50	135.69	14.15	7.51	106.28	78.3	4	31.80
68.501	30.28	4.48	135.69	14.14	7.55	106.76	78.7	4	32.00
68.624	30.20	4.49	135.69	14.10	7.50	105.68	77.9	4	31.80
68.746	30.03	4.52	135.69	14.11	7.58	106.91	78.8	4	32.00
68.868	30.18	4.50	135.69	14.16	7.57	107.15	79.0	4	31.80
68.991	30.29	4.41	133.58	14.08	7.42	104.46	78.2	4	31.50
69.113	30.38	4.35	132.18	14.07	7.37	103.78	78.5	4	31.39
69.235	30.44	4.25	129.39	14.01	7.19	100.72	77.8	4	31.00
69.358	30.47	4.25	129.39	14.07	7.24	101.84	78.7	4	31.06
69.480	30.37	4.26	129.39	14.08	7.20	101.42	78.4	4	31.00
69.602	30.60	4.25	130.09	14.06	7.24	101.77	78.2	4	31.14
69.725	30.42	4.32	131.48	14.10	7.32	103.15	78.5	4	31.50
69.847	30.26	4.39	132.88	14.08	7.43	104.64	78.7	4	31.47
69.969	30.20	4.49	135.69	14.13	7.53	106.41	78.4	4	32.00
70.092	30.28	4.53	137.09	14.18	7.57	107.28	78.3	4	31.97
70.214	30.02	4.57	137.09	14.18	7.59	107.59	78.5	4	32.00
70.336	30.17	4.50	135.69	14.13	7.54	106.57	78.5	4	31.80
70.459	30.16	4.50	135.69	14.15	7.55	106.82	78.7	4	32.00
70.581	30.11	4.51	135.69	14.14	7.55	106.76	78.7	4	31.80
70.703	30.35	4.40	133.58	14.11	7.44	105.01	78.6	4	31.50
70.826	30.28	4.39	132.88	14.09	7.37	103.88	78.2	4	31.47
70.948	30.55	4.24	129.39	14.06	7.24	101.83	78.7	4	31.00
71.070	30.65	4.22	129.39	14.02	7.22	101.25	78.3	4	31.06
71.193	30.70	4.12	126.59	13.99	7.06	98.79	78.0	4	30.50
71.315	30.95	4.04	125.18	13.99	7.02	98.28	78.5	4	30.56
71.437	30.85	3.99	123.08	13.94	6.93	96.62	78.5	4	30.50
71.560	30.85	3.94	121.68	13.89	6.85	95.11	78.2	4	30.14
71.682	31.18	3.86	120.28	13.85	6.73	93.20	77.5	4	30.00
71.804	31.07	3.87	120.28	13.90	6.74	93.71	77.9	4	29.98
71.927	31.15	3.86	120.28	13.87	6.79	94.20	78.3	4	30.00
72.049	30.94	3.91	120.98	13.91	6.81	94.73	78.3	4	30.06
72.171	30.92	3.98	123.08	13.93	6.91	96.24	78.2	4	30.50
72.294	30.70	4.10	125.88	13.98	7.06	98.69	78.4	4	30.64
72.416	30.64	4.15	127.29	13.98	7.11	99.31	78.0	4	31.00
72.538	30.44	4.32	131.48	14.08	7.33	103.26	78.5	4	31.30
72.661	30.24	4.44	134.28	14.08	7.46	105.01	78.2	4	31.50
72.783	30.09	4.56	137.09	14.16	7.67	108.55	79.2	4	31.97
72.905	30.10	4.55	137.09	14.17	7.57	107.27	78.2	4	32.00
73.027	30.08	4.56	137.09	14.17	7.65	108.40	79.1	4	31.97
73.150	30.06	4.56	137.09	14.11	7.62	107.52	78.4	4	32.00
73.272	30.08	4.56	137.09	14.15	7.63	107.93	78.7	4	31.97
73.394	30.09	4.56	137.09	14.14	7.58	107.26	78.2	4	32.00
73.517	30.03	4.56	137.09	14.14	7.64	108.00	78.8	4	31.97
73.639	30.07	4.56	137.09	14.19	7.68	108.91	79.4	4	32.00
73.761	30.08	4.56	137.09	14.14	7.59	107.32	78.3	4	31.97
73.884	30.07	4.56	137.09	14.19	7.62	108.16	78.9	4	32.00
74.006	30.25	4.51	136.39	14.13	7.54	106.45	78.0	4	31.88
74.128	30.11	4.46	134.28	14.14	7.53	106.51	79.3	4	31.50
74.251	30.25	4.39	132.88	14.10	7.37	103.97	78.2	4	31.47
74.373	30.17	4.31	130.09	14.01	7.24	101.47	78.0	4	31.00
74.495	30.49	4.18	127.29	13.98	7.15	99.97	78.5	4	30.81
74.618	30.70	4.10	125.88	13.98	7.07	98.85	78.5	4	30.50
74.740	30.86	4.06	125.18	13.98	7.06	98.74	78.9	4	30.56
74.862	30.86	4.01	123.78	13.90	7.01	97.35	78.6	4	30.50
74.985	30.96	3.91	120.98	13.86	6.83	94.63	78.2	4	30.06
75.107	31.09	3.87	120.28	13.88	6.81	94.46	78.5	4	30.00
75.229	30.95	3.89	120.28	13.88	6.77	93.95	78.1	4	29.98
75.352	30.95	3.89	120.28	13.84	6.74	93.28	77.6	4	30.00
75.474	30.88	3.89	120.28	13.89	6.76	93.80	78.0	4	29.98
75.596	31.02	3.95	122.38	13.91	6.92	96.33	78.7	4	30.00
75.719	30.67	4.08	125.18	13.91	7.04	97.96	78.3	4	30.56
75.841	30.50	4.22	128.69	13.99	7.22	101.06	78.5	4	31.00
75.963	30.32	4.34	131.48	14.05	7.32	102.79	78.2	4	31.30
76.086	30.57	4.32	132.18	14.07	7.35	103.38	78.2	4	31.50
76.208	30.09	4.56	137.09	14.14	7.60	107.43	78.4	4	31.97
76.330	30.14	4.55	137.09	14.15	7.62	107.81	78.6	4	32.00
76.453	30.15	4.57	137.79	14.16	7.65	108.28	78.6	4	32.05
76.575	30.14	4.55	137.09	14.14	7.63	107.95	78.7	4	32.00
76.697	30.21	4.47	134.99	14.17	7.47	105.84	78.4	4	31.72
76.820	30.38	4.37	132.88	14.09	7.38	104.02	78.3	4	31.50
76.942	30.69	4.22	129.39	14.04	7.19	100.89	78.0	4	31.06
77.064	30.73	4.14	127.29	14.01	7.10	99.52	78.2	4	31.00
77.187	30.70	4.10	125.88	13.99	7.05	98.68	78.4	4	30.64
77.309	30.70	4.10	125.88	13.99	7.04	98.49	78.2	4	30.50
77.431	30.70	4.10	125.88	13.93	7.03	97.91	77.8	4	30.64
77.553	30.85	4.08	125.88	13.99	7.05	98.55	78.3	4	30.50
77.676	30.70	4.10	125.88	13.94	7.01	97.72	77.6	4	30.64
77.798	30.51	4.19	127.99	14.02	7.15	100.24	78.3	4	31.00
77.920	30.44	4.30	130.78	14.03	7.26	101.88	77.9	4	31.22
78.043	30.34	4.38	132.88	14.07	7.40	104.20	78.4	4	31.50
78.165	30.18	4.47	134.99	14.13	7.52	106.30	78.7	4	31.72
78.287	30.03	4.54	136.39	14.14	7.53	106.49	78.1	4	32.00
78.410	30.15	4.55	137.09	14.17	7.63	108.10	78.9	4	31.97
78.532	30.12	4.55	137.09	14.15	7.61	107.71	78.6	4	32.00
78.654	29.90	4.63	138.49	14.17	7.70	109.06	78.8	4	32.13
78.777	30.13	4.57	137.79	14.14	7.64	108.00	78.4	4	32.00
78.899	30.11	4.55	137.09	14.13	7.61	107.53	78.4	4	31.97
79.021	30.06	4.49	134.99	14.11	7.52	106.07	78.6	4	31.50
79.144	30.31	4.41	133.58	14.11	7.43	104.86	78.5	4	31.55
79.266	30.31	4.38	132.88	14.07	7.41	104.29	78.5	4	31.50
79.388	30.48	4.34	132.18	14.09	7.34	103.45	78.3	4	31.39
79.511	30.42	4.32	131.48	14.10	7.33	103.36	78.6	4	31.50
79.633	30.39	4.30	130.78	14.05	7.32	102.88	78.7	4	31.22
79.755	30.48	4.29	130.78	14.05	7.29	102.41	78.3	4	31.00
