276.095	0.00	0.00	00.00	0.00	0.00	00.00	00.0	0	00.0
276.495	38.67	1.02	39.42	3.09	5.79	17.92	45.4	4	15.5
276.894	28.40	4.52	128.43	9.98	9.48	94.56	73.6	4	33.5
277.294	29.68	4.52	134.25	12.41	8.31	103.16	76.8	4	35.0
277.696	29.74	4.55	135.37	13.05	8.22	107.25	79.2	4	33.5
278.098	30.31	4.46	135.28	12.95	8.24	106.77	78.9	4	32.0
278.500	30.56	4.42	135.20	12.87	8.28	106.54	78.8	4	33.0
278.902	30.39	4.46	135.58	12.75	8.20	104.52	77.1	4	32.0
279.304	30.65	4.44	136.02	12.61	7.94	100.18	73.7	4	32.5
279.706	30.92	4.39	135.66	12.21	8.73	106.52	78.5	4	31.5
280.108	31.42	4.29	134.91	12.04	8.72	104.98	77.8	4	31.0
280.510	30.04	4.53	135.96	11.94	8.74	104.37	76.8	4	30.5
280.912	29.90	4.56	136.37	11.95	8.93	106.72	78.3	4	32.5
281.314	29.75	4.58	136.39	11.81	9.01	106.38	78.0	4	31.0
281.716	31.01	4.36	135.35	11.92	8.75	104.28	77.0	4	30.5
282.118	30.41	4.50	136.83	11.79	8.95	105.49	77.1	4	33.5
282.520	29.63	4.57	135.56	11.73	9.01	105.73	78.0	4	30.5
282.922	30.36	4.46	135.42	11.77	8.97	105.63	78.0	4	33.5
283.324	31.86	4.24	134.97	11.74	8.95	105.10	77.9	4	29.5
283.726	30.74	4.40	135.36	11.83	8.62	101.93	75.3	4	31.5
284.128	30.95	4.44	137.56	11.81	8.87	104.67	76.1	4	31.5
284.530	30.55	4.46	136.36	11.77	8.95	105.41	77.3	4	31.0
284.932	30.46	4.46	135.94	11.79	8.87	104.59	76.9	4	30.5
285.334	30.62	4.44	135.87	11.78	8.90	104.87	77.2	4	30.5
285.736	29.88	4.58	136.73	11.64	9.32	108.52	79.4	4	32.0
286.138	30.86	4.42	136.50	11.74	8.97	105.37	77.2	4	32.5
286.540	30.31	4.46	135.16	11.63	8.91	103.64	76.7	4	32.0
286.942	31.41	4.32	135.70	11.64	8.96	104.33	76.9	4	31.0
287.344	31.38	4.28	134.35	11.62	8.98	104.38	77.7	4	31.0
287.746	30.22	4.51	136.18	11.69	8.97	104.86	77.0	4	32.5
288.148	30.53	4.42	134.99	11.81	8.56	101.07	74.9	4	31.0
288.550	30.73	4.43	136.00	11.62	8.97	104.22	76.6	4	32.5
288.952	30.20	4.48	135.37	11.70	8.81	103.12	76.2	4	32.0
289.354	29.30	4.64	135.91	11.63	9.23	107.38	79.0	4	31.5
289.756	29.83	4.52	134.87	11.64	8.91	103.71	76.9	4	32.0
290.158	31.04	4.38	135.90	11.67	9.00	105.03	77.3	4	29.5
290.560	29.47	4.61	135.95	11.59	8.97	103.99	76.5	4	32.0
290.962	30.72	4.45	136.59	11.70	8.89	104.06	76.2	4	31.5
291.364	30.67	4.43	135.80	11.71	9.04	105.88	78.0	4	31.5
291.766	30.87	4.39	135.39	11.64	8.95	104.14	76.9	4	30.0
292.168	31.23	4.29	134.00	11.50	8.95	102.91	76.8	4	30.0
292.570	31.09	4.38	136.07	11.59	9.08	105.23	77.3	4	30.5
292.972	29.83	4.56	136.07	11.74	8.75	102.79	75.5	4	31.0
293.374	29.79	4.56	135.92	11.71	8.93	104.59	77.0	4	33.5
293.776	31.15	4.36	135.68	11.60	9.02	104.62	77.1	4	30.5
294.178	30.50	4.46	136.19	11.58	8.98	103.96	76.3	4	30.0
294.580	30.73	4.39	134.94	11.58	9.01	104.25	77.3	4	29.5
294.982	30.32	4.49	135.98	11.73	8.91	104.51	76.9	4	32.0
295.384	30.83	4.42	136.16	11.76	8.90	104.70	76.9	4	31.5
295.786	29.64	4.56	135.14	11.65	8.88	103.42	76.5	4	32.0
296.188	30.35	4.50	136.44	11.69	8.95	104.59	76.7	4	32.5
296.590	30.37	4.49	136.23	11.70	8.91	104.24	76.5	4	31.0
296.992	29.44	4.60	135.54	11.61	9.05	104.98	77.5	4	32.5
297.394	29.68	4.58	136.07	11.71	8.97	105.13	77.3	4	32.0
297.796	30.21	4.47	135.20	11.76	8.93	104.99	77.7	4	31.0
298.198	30.45	4.49	136.72	11.68	8.94	104.46	76.4	4	30.0
298.600	30.59	4.45	136.17	11.64	9.08	105.72	77.6	4	30.0
299.002	31.27	4.32	135.25	11.64	8.95	104.24	77.1	4	32.5
299.404	29.65	4.59	136.10	11.63	9.01	104.80	77.0	4	33.0
299.806	30.71	4.42	135.63	11.77	8.83	103.94	76.6	4	31.0
300.208	30.52	4.47	136.29	11.74	8.88	104.30	76.5	4	31.0
300.610	30.26	4.51	136.55	11.69	8.96	104.74	76.7	4	31.5
301.012	30.43	4.49	136.69	11.75	8.98	105.53	77.2	4	32.5
301.414	30.84	4.39	135.39	11.74	8.98	105.43	77.9	4	31.0
301.816	29.99	4.56	136.68	11.69	8.97	104.84	76.7	4	31.0
302.218	30.55	4.44	135.69	11.70	9.00	105.25	77.6	4	31.0
302.620	30.27	4.48	135.55	11.65	8.95	104.26	76.9	4	31.0
303.022	30.80	4.41	135.93	11.84	8.86	104.95	77.2	4	32.0
303.424	29.57	4.60	136.12	11.77	8.96	105.38	77.4	4	31.0
303.826	30.41	4.51	137.27	11.73	9.16	107.43	78.3	4	32.0
304.228	30.24	4.51	136.49	11.75	9.07	106.50	78.0	4	31.0
304.630	30.02	4.54	136.33	11.78	8.82	103.96	76.3	4	32.0
305.032	30.83	4.37	134.86	11.71	8.89	104.11	77.2	4	30.5
305.434	30.61	4.47	136.78	11.78	8.85	104.20	76.2	4	31.5
305.836	30.13	4.54	136.67	11.80	8.95	105.64	77.3	4	31.0
306.238	30.65	4.45	136.34	11.86	8.70	103.16	75.7	4	31.0
306.640	30.58	4.47	136.62	11.81	8.87	104.69	76.6	4	30.5
307.042	29.91	4.53	135.47	11.81	8.82	104.14	76.9	4	32.5
307.444	29.08	4.64	134.84	11.76	8.67	101.95	75.6	4	33.0
307.846	30.75	4.41	135.55	11.96	8.76	104.81	77.3	4	31.5
308.248	30.13	4.54	136.86	11.93	8.83	105.38	77.0	4	32.0
308.650	29.90	4.56	136.38	11.96	8.81	105.36	77.3	4	31.5
309.052	30.70	4.43	136.05	11.98	8.70	104.17	76.6	4	31.0
309.454	30.59	4.46	136.43	11.92	8.77	104.49	76.6	4	32.5
309.856	30.90	4.42	136.55	11.92	8.85	105.53	77.3	4	31.0
310.258	31.62	4.27	134.89	11.85	8.88	105.19	78.0	4	30.0
310.660	30.69	4.42	135.52	11.86	8.79	104.28	77.0	4	32.0
311.062	30.39	4.48	136.27	11.91	8.79	104.71	76.8	4	31.5
311.464	30.30	4.51	136.63	12.00	8.87	106.39	77.9	4	31.0
311.866	30.46	4.46	135.79	11.82	8.97	106.02	78.1	4	32.5
312.268	29.75	4.57	136.06	11.92	8.86	105.61	77.6	4	33.5
312.670	29.92	4.55	136.17	11.83	8.80	104.13	76.5	4	32.5
313.072	29.57	4.57	135.05	11.93	8.68	103.63	76.7	4	34.0
313.474	30.44	4.46	135.64	11.84	8.82	104.43	77.0	4	31.0
313.876	30.22	4.48	135.21	11.86	8.80	104.34	77.2	4	31.5
314.278	30.67	4.40	135.01	11.84	8.79	104.10	77.1	4	30.5
314.680	29.75	4.59	136.52	11.84	8.77	103.83	76.1	4	30.5
315.082	29.93	4.54	135.99	11.94	8.76	104.56	76.9	4	31.5
315.484	31.37	4.30	134.92	11.79	8.86	104.50	77.5	4	29.5
315.886	29.56	4.60	136.01	11.83	8.88	105.03	77.2	4	33.0
316.288	31.21	4.32	134.72	11.82	8.91	105.27	78.1	4	30.0
316.690	30.44	4.45	135.32	11.74	9.06	106.34	78.6	4	30.0
317.092	31.10	4.37	135.95	11.84	8.82	104.47	76.8	4	31.0
317.494	29.77	4.55	135.51	11.82	8.82	104.30	77.0	4	33.0
317.896	30.52	4.46	136.20	11.88	8.91	105.86	77.7	4	32.5
318.298	29.92	4.57	136.86	11.86	8.95	106.13	77.5	4	31.5
318.700	31.17	4.38	136.39	11.85	8.82	104.44	76.6	4	30.5
319.102	30.28	4.50	136.37	11.84	8.86	104.95	77.0	4	32.5
319.504	30.05	4.54	136.36	11.83	8.78	103.87	76.2	4	31.5
319.906	29.86	4.58	136.73	11.84	8.82	104.38	76.3	4	32.5
320.308	30.53	4.48	136.68	11.78	9.08	106.93	78.2	4	31.0
320.710	30.99	4.42	136.87	11.80	8.88	104.88	76.6	4	30.5
321.112	30.82	4.42	136.25	11.80	9.03	106.58	78.2	4	31.5
321.514	30.33	4.49	136.05	11.78	8.86	104.40	76.7	4	32.5
321.916	30.06	4.52	135.96	11.70	8.96	104.82	77.1	4	32.0
322.318	30.72	4.42	135.86	11.71	9.04	105.88	77.9	4	30.5
322.720	30.22	4.44	134.28	11.64	8.69	101.17	75.3	4	32.5
323.122	30.42	4.50	136.88	11.65	9.06	105.57	77.1	4	30.5
323.524	30.38	4.49	136.48	11.72	8.89	104.16	76.3	4	32.0
323.926	31.13	4.35	135.54	11.59	9.07	105.15	77.6	4	32.5
324.328	29.89	4.56	136.25	11.68	9.01	105.15	77.2	4	31.5
324.730	29.95	4.56	136.50	11.76	8.97	105.48	77.3	4	31.0
325.132	30.73	4.42	135.83	11.69	8.97	104.86	77.2	4	32.5
325.534	30.38	4.50	136.77	11.74	8.91	104.60	76.5	4	31.5
325.936	30.37	4.49	136.34	11.62	9.06	105.25	77.2	4	31.5
326.338	30.30	4.50	136.36	11.60	8.95	103.86	76.2	4	32.0
326.740	30.90	4.42	136.66	11.55	9.06	104.59	76.5	4	30.0
327.142	30.43	4.47	136.04	11.57	9.05	104.75	77.0	4	32.5
327.544	30.55	4.45	135.93	11.64	9.03	105.08	77.3	4	31.0
327.946	29.88	4.56	136.28	11.58	9.00	104.23	76.5	4	31.0
328.348	30.29	4.48	135.83	11.56	9.10	105.25	77.5	4	30.0
328.750	30.16	4.53	136.52	11.57	9.08	105.12	77.0	4	31.5
329.152	30.02	4.55	136.75	11.61	9.13	105.95	77.5	4	31.0
329.554	30.71	4.41	135.53	11.61	8.97	104.16	76.9	4	31.5
329.956	30.33	4.48	135.96	11.60	9.03	104.72	77.0	4	30.5
330.358	29.97	4.55	136.45	11.59	9.01	104.35	76.5	4	31.0
330.760	29.89	4.54	135.77	11.62	8.93	103.84	76.5	4	30.5
331.162	29.69	4.59	136.15	11.53	9.00	103.75	76.2	4	31.5
331.564	31.04	4.34	134.81	11.56	8.99	103.94	77.1	4	30.5
331.966	30.73	4.42	135.91	11.55	9.03	104.21	76.7	4	32.0
332.368	30.57	4.45	136.09	11.57	9.00	104.19	76.6	4	30.5
332.770	30.64	4.42	135.54	11.63	8.94	103.97	76.7	4	31.0
333.172	29.19	4.61	134.66	11.49	9.00	103.35	76.7	4	32.5
333.574	30.00	4.53	135.87	11.62	9.05	105.21	77.4	4	32.0
333.976	30.41	4.46	135.63	11.56	8.92	103.14	76.0	4	31.0
334.378	30.34	4.46	135.25	11.57	8.93	103.31	76.4	4	33.0
334.780	30.15	4.50	135.60	11.59	8.93	103.52	76.3	4	32.5
335.182	29.97	4.52	135.46	11.60	9.02	104.63	77.2	4	30.5
