154.406	0.00	0.00	00.00	0.00	0.00	00.00	00.0	0	00.0
154.806	37.67	1.78	67.18	4.84	8.03	38.86	57.9	2	19.5
155.205	23.92	4.78	114.28	10.23	8.52	87.24	76.3	2	39.5
155.606	8.23	5.02	41.33	7.46	4.12	30.73	74.3	2	59.5
156.004	1.29	5.06	6.54	1.22	1.56	1.91	29.2	2	79.5
156.400	8.35	5.01	41.86	2.89	5.06	14.60	34.9	2	32.5
156.798	25.42	4.86	123.55	10.20	8.81	89.88	72.8	2	31.7
157.199	20.99	4.89	102.68	11.21	6.73	75.43	73.5	2	41.3
157.600	21.66	3.63	78.59	10.01	3.58	35.82	45.6	2	90.5
158.000	19.64	3.88	76.13	7.01	5.19	36.40	47.8	2	56.7
158.399	23.70	3.97	94.05	8.60	7.04	60.47	64.3	2	41.3
158.798	37.35	1.72	64.22	6.42	6.88	44.18	68.8	2	20.5
159.197	24.70	4.73	116.76	11.21	7.96	89.24	76.4	2	40.5
159.598	8.24	5.04	41.50	7.76	3.66	28.39	68.4	2	60.5
159.996	1.87	5.06	9.49	2.79	1.45	4.06	42.8	2	80.0
160.392	8.83	5.00	44.15	3.66	5.32	19.46	44.1	2	33.5
160.790	27.45	3.93	107.80	9.24	7.87	72.73	67.5	2	22.0
161.190	31.72	4.15	131.60	12.69	7.98	101.31	77.0	2	22.0
161.592	29.15	2.50	72.74	6.80	3.90	26.51	36.4	2	36.9
161.991	19.86	4.82	95.64	9.24	7.41	68.45	71.6	2	29.5
162.390	15.49	4.95	76.62	9.09	5.66	51.46	67.2	2	37.0
162.789	29.91	4.39	131.40	12.17	8.18	99.51	75.7	2	30.6
163.190	30.11	4.51	135.69	13.14	8.08	106.16	78.2	2	35.6
163.592	31.10	4.40	136.91	13.42	8.16	109.56	80.0	2	33.6
163.994	29.55	4.65	137.46	13.23	8.18	108.18	78.7	2	34.6
164.396	30.58	4.52	138.09	12.94	8.53	110.35	79.9	2	33.6
164.798	31.44	4.39	137.88	12.87	8.29	106.74	77.4	2	33.6
165.200	30.70	4.50	138.17	12.57	8.50	106.86	77.3	2	32.1
165.602	31.83	4.26	135.67	12.57	8.04	101.04	74.5	2	31.1
166.004	31.19	4.40	137.30	12.38	8.43	104.28	76.0	2	32.1
166.406	31.15	4.39	136.62	12.27	8.80	107.95	79.0	2	32.1
166.808	31.41	4.34	136.32	12.15	8.90	108.16	79.3	2	31.6
167.210	30.11	4.56	137.15	12.16	8.72	106.03	77.3	2	32.6
167.612	31.25	4.38	136.99	12.11	8.79	106.51	77.8	2	31.6
168.014	31.02	4.42	137.26	12.01	8.79	105.53	76.9	2	32.1
168.416	30.86	4.46	137.70	12.08	8.93	107.85	78.3	2	31.1
168.818	29.58	4.66	137.72	12.04	8.81	106.02	77.0	2	33.1
169.220	30.54	4.52	138.03	12.08	8.72	105.35	76.3	2	32.1
169.622	30.84	4.46	137.40	11.94	9.01	107.56	78.3	2	32.1
170.024	31.31	4.39	137.57	11.86	9.00	106.68	77.5	2	31.6
170.426	31.12	4.40	137.05	11.91	8.78	104.58	76.3	2	31.1
170.828	30.38	4.52	137.34	11.94	8.83	105.38	76.7	2	32.1
171.230	30.19	4.55	137.21	11.87	8.99	106.71	77.8	2	33.1
171.632	31.72	4.28	135.80	11.94	8.85	105.59	77.8	2	31.1
172.034	31.17	4.39	136.93	11.90	8.72	103.82	75.8	2	31.6
172.436	30.88	4.46	137.86	12.03	8.85	106.46	77.2	2	33.1
172.838	30.11	4.55	137.06	12.00	8.75	104.98	76.6	2	32.6
173.240	31.53	4.30	135.53	11.91	8.73	104.03	76.8	2	31.6
173.642	30.50	4.52	137.86	11.86	9.03	107.15	77.7	2	31.1
174.044	30.86	4.44	137.09	11.93	9.01	107.54	78.4	2	31.1
174.446	31.03	4.43	137.55	11.94	8.85	105.70	76.8	2	31.1
174.848	31.26	4.40	137.45	11.95	8.83	105.57	76.8	2	31.1
175.250	31.61	4.36	137.68	11.86	8.85	104.91	76.2	2	30.6
175.652	30.16	4.60	138.79	11.84	9.05	107.17	77.2	2	31.1
176.054	30.15	4.56	137.50	11.86	8.83	104.74	76.2	2	30.6
176.456	30.35	4.55	138.20	11.89	8.99	106.90	77.4	2	32.1
176.858	30.67	4.46	136.86	11.88	8.87	105.38	77.0	2	30.6
177.260	31.01	4.45	137.92	11.89	8.86	105.28	76.3	2	30.6
177.662	29.53	4.62	136.44	11.85	8.86	104.91	76.9	2	33.6
178.064	30.98	4.41	136.78	11.94	8.90	106.27	77.7	2	30.6
178.466	31.76	4.32	137.22	11.93	8.87	105.78	77.1	2	30.1
178.868	30.98	4.45	137.88	11.85	9.02	106.97	77.6	2	30.6
179.270	30.60	4.50	137.66	11.88	8.88	105.48	76.6	2	30.6
179.672	31.40	4.37	137.28	11.90	8.88	105.71	77.0	2	30.6
180.074	29.87	4.61	137.81	11.83	8.93	105.68	76.7	2	32.6
180.476	31.30	4.35	136.04	11.77	8.82	103.87	76.4	2	31.1
180.878	30.49	4.51	137.58	11.84	8.98	106.33	77.3	2	32.1
181.280	29.66	4.65	138.01	11.87	8.88	105.33	76.3	2	30.6
181.682	31.01	4.44	137.80	11.89	8.91	105.94	76.9	2	31.1
182.084	31.07	4.43	137.67	11.79	8.96	105.62	76.7	2	33.1
182.486	30.48	4.51	137.50	11.86	8.95	106.10	77.2	2	32.6
182.888	30.82	4.48	137.98	11.83	8.92	105.55	76.5	2	29.6
183.290	30.97	4.48	138.62	11.89	8.98	106.80	77.0	2	32.6
183.692	31.08	4.41	137.04	11.88	8.99	106.84	78.0	2	32.1
184.094	30.81	4.45	137.12	11.85	8.85	104.91	76.5	2	31.1
184.496	30.67	4.49	137.61	11.85	9.04	107.14	77.9	2	30.6
184.898	30.59	4.50	137.74	11.84	8.94	105.91	76.9	2	31.6
185.300	30.60	4.50	137.78	11.92	8.85	105.52	76.6	2	32.1
185.702	31.06	4.43	137.75	11.88	9.07	107.75	78.2	2	30.6
186.104	30.12	4.54	136.60	11.80	8.87	104.72	76.7	2	32.6
186.506	30.47	4.53	137.99	11.85	8.97	106.29	77.0	2	30.6
186.908	30.69	4.50	138.00	11.86	8.83	104.81	75.9	2	30.6
187.310	30.03	4.58	137.41	11.96	8.81	105.35	76.7	2	32.1
187.712	30.53	4.51	137.76	11.99	8.78	105.26	76.4	2	32.6
188.114	30.43	4.54	138.30	11.88	9.07	107.79	77.9	2	31.6
188.516	30.02	4.61	138.53	11.94	8.79	104.95	75.8	2	32.6
188.918	31.12	4.43	137.76	11.92	8.87	105.72	76.7	2	30.6
189.320	31.05	4.42	137.08	12.01	8.81	105.80	77.2	2	31.6
189.722	30.28	4.54	137.45	11.90	9.04	107.63	78.3	2	32.6
190.124	31.32	4.36	136.46	11.94	8.66	103.44	75.8	2	31.6
190.526	30.83	4.41	136.02	11.91	8.76	104.26	76.6	2	31.6
190.928	31.10	4.42	137.51	11.97	8.87	106.14	77.2	2	31.6
191.330	30.48	4.56	138.90	11.90	9.00	107.16	77.2	2	31.6
191.732	31.20	4.42	137.73	11.87	8.92	105.79	76.8	2	31.1
192.134	31.08	4.44	137.91	11.87	8.88	105.44	76.5	2	31.6
192.536	30.87	4.43	136.84	11.86	8.97	106.44	77.8	2	30.6
192.938	30.87	4.48	138.29	11.88	8.79	104.42	75.5	2	32.1
193.340	30.28	4.56	137.92	11.81	8.98	106.07	76.9	2	31.1
193.742	30.49	4.52	137.78	11.82	8.86	104.72	76.0	2	32.1
194.144	31.04	4.42	137.12	11.75	9.06	106.48	77.7	2	31.1
194.546	29.74	4.62	137.49	11.80	8.97	105.78	76.9	2	31.1
194.948	30.58	4.50	137.67	11.88	8.76	104.04	75.6	2	30.6
195.350	30.04	4.55	136.82	11.73	8.92	104.62	76.5	2	32.6
195.752	30.95	4.40	136.09	11.74	9.04	106.14	78.0	2	30.6
196.154	30.74	4.48	137.63	11.68	8.97	104.74	76.1	2	31.1
196.556	31.31	4.37	136.72	11.80	9.09	107.20	78.4	2	31.6
196.958	29.85	4.63	138.14	11.80	8.89	104.87	75.9	2	31.1
197.360	31.26	4.39	137.19	11.81	8.91	105.19	76.7	2	29.6
197.762	29.67	4.64	137.63	11.65	9.16	106.65	77.5	2	32.6
198.164	30.55	4.50	137.51	11.76	8.82	103.69	75.4	2	32.1
198.566	29.76	4.63	137.73	11.64	9.07	105.59	76.7	2	32.1
198.968	30.20	4.59	138.50	11.70	9.17	107.33	77.5	2	31.6
199.370	30.15	4.59	138.23	11.81	8.97	105.95	76.6	2	33.1
199.772	30.49	4.55	138.60	11.80	9.02	106.39	76.8	2	32.6
200.174	30.55	4.50	137.41	11.88	8.77	104.22	75.8	2	32.6
200.576	30.91	4.44	137.19	11.91	8.78	104.58	76.2	2	31.1
200.978	31.30	4.37	136.65	11.70	8.94	104.57	76.5	2	30.6
201.380	30.84	4.42	136.44	11.70	9.05	105.86	77.6	2	31.1
201.782	30.87	4.45	137.21	11.64	9.12	106.13	77.4	2	30.1
202.184	29.87	4.55	135.84	11.65	8.85	103.05	75.9	2	33.1
202.586	31.53	4.27	134.48	11.73	8.94	104.86	78.0	2	29.6
202.988	30.92	4.45	137.54	11.77	8.93	105.09	76.4	2	30.1
203.390	30.37	4.52	137.30	11.74	9.02	105.94	77.2	2	32.6
203.792	30.10	4.56	137.42	11.83	8.99	106.41	77.4	2	32.1
204.194	31.26	4.37	136.71	11.73	9.02	105.82	77.4	2	31.6
204.596	30.32	4.54	137.66	11.75	8.99	105.58	76.7	2	32.6
204.998	30.50	4.53	138.06	11.82	9.00	106.38	77.1	2	32.6
205.400	30.54	4.52	138.10	11.85	9.01	106.80	77.3	2	31.6
205.802	31.09	4.42	137.54	11.75	9.09	106.77	77.6	2	32.1
206.204	30.99	4.42	137.10	11.68	8.90	103.94	75.8	2	33.1
206.606	30.14	4.54	136.89	11.69	9.06	105.90	77.4	2	32.6
207.008	29.27	4.66	136.31	11.68	9.07	105.87	77.7	2	32.1
207.410	30.10	4.58	137.87	11.64	9.13	106.26	77.1	2	32.1
207.812	31.28	4.38	137.02	11.77	9.11	107.15	78.2	2	31.6
208.214	30.49	4.54	138.32	11.64	9.44	109.80	79.4	2	30.6
208.616	31.00	4.44	137.48	11.69	8.94	104.51	76.0	2	31.1
209.018	29.65	4.64	137.60	11.69	8.96	104.73	76.1	2	32.1
209.420	31.17	4.40	137.22	11.79	9.05	106.74	77.8	2	31.1
209.822	30.99	4.45	138.03	11.72	9.05	106.07	76.8	2	30.6
210.224	30.59	4.48	137.09	11.74	9.00	105.70	77.1	2	31.1
210.626	30.49	4.52	137.67	11.83	8.91	105.37	76.5	2	31.6
211.028	31.23	4.38	136.74	11.67	9.08	105.92	77.5	2	30.1
211.430	29.23	4.66	136.13	11.79	8.86	104.47	76.7	2	33.1
211.832	30.61	4.49	137.36	11.83	8.85	104.71	76.2	2	31.6
212.234	29.84	4.58	136.81	11.78	9.01	106.14	77.6	2	32.6
212.636	29.92	4.56	136.39	11.63	9.02	104.89	76.9	2	32.1
213.038	31.29	4.34	135.82	11.74	8.88	104.28	76.8	2	30.1
213.440	30.31	4.53	137.38	11.64	9.29	108.13	78.7	2	33.1
213.842	31.10	4.44	138.10	11.87	8.83	104.83	75.9	2	30.1
214.244	30.94	4.42	136.76	11.91	8.66	103.13	75.4	2	30.6
214.646	30.49	4.52	137.76	11.86	8.76	103.86	75.4	2	31.1
215.048	31.69	4.33	137.16	11.69	8.97	104.79	76.4	2	29.6
215.450	31.26	4.39	137.32	11.73	9.06	106.25	77.4	2	30.6
215.852	30.94	4.44	137.26	11.60	9.22	107.00	77.9	2	29.6
216.254	30.55	4.48	137.00	11.77	8.94	105.18	76.8	2	31.1
216.656	30.49	4.50	137.09	11.67	8.99	104.94	76.5	2	30.1
217.058	30.90	4.45	137.53	11.68	9.08	106.06	77.1	2	31.1
217.460	30.26	4.52	136.85	11.63	9.18	106.86	78.1	2	33.1
