368.806	19.08	3.61	68.86	6.14	6.58	40.41	58.7	1	36.5
369.204	32.00	2.39	76.53	6.74	7.13	48.03	62.8	1	29.5
369.603	22.36	2.99	66.78	6.39	6.80	43.43	65.0	1	28.0
370.002	32.01	3.12	100.02	7.74	8.19	63.41	63.4	1	35.0
370.402	30.28	4.28	129.71	8.89	9.42	83.74	64.6	1	27.1
370.802	31.06	4.13	128.32	8.79	9.34	82.03	63.9	1	33.5
371.202	32.84	3.53	116.06	8.40	8.89	74.63	64.3	1	23.8
371.602	31.76	4.31	137.01	9.26	9.79	90.60	66.1	1	29.1
372.002	33.58	3.70	124.41	8.81	9.33	82.18	66.1	1	25.3
372.402	30.43	4.34	131.93	8.98	9.50	85.26	64.6	1	25.6
372.802	32.91	3.97	130.62	9.06	9.56	86.58	66.3	1	27.1
373.202	32.38	3.85	124.51	8.75	9.26	80.95	65.0	1	23.8
373.602	31.36	4.40	137.90	9.27	9.84	91.18	66.1	1	29.1
374.002	30.75	4.61	141.73	9.44	9.97	94.07	66.4	1	29.4
374.402	33.71	3.62	122.19	8.74	9.28	81.08	66.4	1	27.1
374.802	30.02	4.65	139.48	9.33	9.86	92.00	66.0	1	30.9
375.202	31.65	4.39	138.83	9.31	9.87	91.83	66.1	1	26.8
375.602	31.25	4.47	139.65	9.35	9.89	92.48	66.2	1	29.4
376.002	31.38	4.46	139.84	9.33	9.89	92.30	66.0	1	27.1
376.402	31.92	4.29	136.85	9.27	9.79	90.73	66.3	1	28.3
376.802	29.77	4.80	143.02	9.46	10.00	94.54	66.1	1	29.4
377.203	30.87	4.60	142.13	9.42	9.96	93.84	66.0	1	29.2
377.603	32.48	4.15	134.91	9.21	9.73	89.53	66.4	1	27.1
378.003	32.17	4.22	135.61	9.25	9.78	90.40	66.7	1	27.9
378.403	31.27	4.47	139.71	9.32	9.86	91.95	65.8	1	27.6
378.803	30.83	4.61	142.00	9.41	9.97	93.80	66.1	1	29.4
379.203	28.31	4.98	141.10	9.38	9.96	93.40	66.2	1	32.2
379.603	30.56	4.65	142.16	9.41	9.99	93.97	66.1	1	29.4
380.003	30.81	4.67	143.79	9.46	10.01	94.66	65.8	1	29.4
380.404	31.75	4.34	137.86	9.25	9.83	90.94	66.0	1	30.7
380.804	30.38	4.71	143.21	9.43	10.05	94.83	66.2	1	29.4
381.205	31.32	4.47	140.06	9.40	9.93	93.34	66.6	1	29.4
381.605	30.92	4.61	142.60	9.42	10.02	94.38	66.2	1	29.2
382.006	31.72	4.38	138.93	9.28	9.87	91.67	66.0	1	29.2
382.406	30.95	4.59	142.00	9.44	10.00	94.43	66.5	1	29.1
382.807	32.60	4.15	135.34	9.19	9.73	89.36	66.0	1	27.6
383.207	31.05	4.53	140.65	9.40	9.96	93.64	66.6	1	29.1
383.607	31.29	4.52	141.41	9.40	9.96	93.64	66.2	1	28.7
384.007	31.84	4.35	138.64	9.29	9.87	91.74	66.2	1	28.2
384.407	31.05	4.59	142.52	9.44	9.97	94.09	66.0	1	29.2
384.807	30.78	4.61	141.89	9.41	9.96	93.80	66.1	1	29.2
385.207	31.00	4.59	142.45	9.43	9.99	94.20	66.1	1	29.2
385.607	30.87	4.62	142.46	9.43	10.00	94.23	66.1	1	29.2
386.008	30.98	4.60	142.48	9.46	10.01	94.69	66.5	1	29.2
386.409	30.90	4.60	142.24	9.42	9.98	94.06	66.1	1	29.2
386.809	30.96	4.62	142.92	9.44	10.00	94.35	66.0	1	29.2
387.210	30.87	4.60	142.04	9.39	9.99	93.79	66.0	1	29.2
387.610	30.91	4.60	142.07	9.45	9.99	94.42	66.5	1	29.2
388.010	30.99	4.60	142.54	9.42	9.99	94.09	66.0	1	29.2
388.410	30.99	4.61	142.90	9.45	10.01	94.63	66.2	1	29.2
388.811	30.87	4.60	141.93	9.43	9.96	93.95	66.2	1	29.2
389.211	30.98	4.62	143.11	9.46	9.99	94.56	66.1	1	29.2
389.611	30.85	4.61	142.28	9.42	9.99	94.07	66.1	1	29.2
390.011	30.87	4.61	142.43	9.44	10.00	94.35	66.2	1	29.2
390.412	31.10	4.60	142.99	9.43	9.97	94.04	65.8	1	29.2
390.812	30.85	4.61	142.24	9.42	9.99	94.07	66.1	1	29.2
391.212	30.84	4.60	141.83	9.42	10.00	94.16	66.4	1	29.2
391.613	30.98	4.60	142.62	9.42	9.97	93.97	65.9	1	29.2
392.013	30.96	4.60	142.43	9.44	9.97	94.11	66.1	1	29.2
392.413	30.97	4.59	142.28	9.42	9.97	93.97	66.0	1	29.2
392.813	30.93	4.59	142.12	9.42	10.00	94.16	66.3	1	29.2
393.214	31.01	4.59	142.43	9.45	10.02	94.74	66.5	1	29.2
393.615	30.87	4.60	141.89	9.43	9.98	94.12	66.3	1	29.2
394.015	31.01	4.60	142.64	9.43	10.02	94.50	66.2	1	29.2
394.416	30.94	4.60	142.21	9.44	9.97	94.06	66.1	1	29.2
394.816	30.85	4.60	141.89	9.43	10.02	94.51	66.6	1	29.2
395.217	30.83	4.60	141.89	9.45	9.98	94.31	66.5	1	29.2
395.617	30.95	4.60	142.31	9.45	10.02	94.67	66.5	1	29.2
396.018	30.93	4.60	142.20	9.43	9.99	94.21	66.3	1	29.2
396.418	30.94	4.60	142.45	9.42	9.98	94.09	66.0	1	29.2
396.818	30.84	4.59	141.66	9.44	9.97	94.17	66.5	1	29.2
397.218	30.98	4.60	142.52	9.47	10.03	94.92	66.6	1	29.2
397.619	30.99	4.61	142.85	9.47	9.99	94.60	66.2	1	29.2
398.019	31.01	4.61	142.88	9.43	10.00	94.37	66.0	1	29.2
398.420	31.02	4.60	142.72	9.44	9.98	94.24	66.0	1	29.2
398.820	30.94	4.60	142.36	9.44	9.98	94.21	66.2	1	29.2
399.220	30.92	4.59	141.81	9.45	9.98	94.31	66.5	1	29.2
399.620	31.00	4.60	142.60	9.43	9.97	93.97	65.9	1	29.2
400.020	30.86	4.60	141.95	9.44	9.98	94.20	66.4	1	29.2
400.420	30.97	4.59	142.23	9.42	9.98	94.02	66.1	1	29.2
400.820	31.09	4.60	142.93	9.44	9.98	94.21	65.9	1	29.2
401.220	30.91	4.59	141.89	9.43	9.98	94.11	66.3	1	29.2
401.620	30.95	4.59	142.01	9.45	9.98	94.26	66.4	1	29.2
402.020	30.96	4.60	142.30	9.42	9.97	93.98	66.0	1	29.2
402.420	30.94	4.58	141.83	9.45	9.99	94.35	66.5	1	29.2
402.820	30.94	4.60	142.42	9.41	9.98	93.91	65.9	1	29.2
403.220	31.06	4.60	142.99	9.43	9.99	94.27	65.9	1	29.2
403.620	30.97	4.60	142.38	9.44	10.00	94.43	66.3	1	29.2
404.021	30.92	4.59	141.78	9.41	9.98	93.90	66.2	1	29.2
404.421	30.84	4.59	141.70	9.46	9.97	94.33	66.6	1	29.2
404.821	31.01	4.60	142.65	9.44	10.01	94.54	66.3	1	29.2
405.222	30.91	4.61	142.33	9.44	9.97	94.11	66.1	1	29.2
405.622	31.08	4.60	142.87	9.44	10.03	94.67	66.3	1	29.2
406.023	30.93	4.59	142.10	9.43	9.97	94.03	66.2	1	29.2
406.423	31.08	4.60	143.07	9.45	10.02	94.68	66.2	1	29.2
406.824	30.86	4.60	142.08	9.41	9.97	93.79	66.0	1	29.2
407.224	31.03	4.60	142.85	9.45	9.99	94.40	66.1	1	29.2
407.624	30.93	4.60	142.21	9.42	9.98	94.03	66.1	1	29.2
408.024	30.99	4.60	142.66	9.42	10.01	94.30	66.1	1	29.2
408.425	30.94	4.60	142.35	9.45	9.98	94.22	66.2	1	29.2
408.825	30.97	4.61	142.69	9.41	10.00	94.16	66.0	1	29.2
409.226	30.97	4.60	142.50	9.43	9.99	94.22	66.1	1	29.2
409.626	30.97	4.60	142.61	9.41	9.99	93.99	65.9	1	29.2
410.026	30.77	4.60	141.50	9.43	10.00	94.22	66.6	1	29.2
410.427	30.98	4.60	142.44	9.43	9.99	94.28	66.2	1	29.2
410.827	28.66	4.22	120.90	8.69	9.23	80.25	66.4	1	29.2
411.227	18.33	3.32	60.95	6.13	6.52	40.01	65.6	1	32.6
411.626	20.76	3.30	68.56	6.41	6.86	43.97	64.1	1	36.0
412.025	29.46	2.70	79.66	6.81	7.25	49.38	62.0	1	21.7
412.424	19.54	2.96	57.83	5.97	6.36	37.97	65.7	1	28.9
412.823	29.47	2.69	79.38	7.02	7.43	52.16	65.7	1	23.2
413.222	23.03	3.39	78.00	6.70	7.15	47.89	61.4	1	24.7
413.621	18.13	3.61	65.46	6.22	6.63	41.29	63.1	1	34.5