547.866	37.41	1.50	56.26	5.32	5.99	31.88	56.7	3	22.0
548.265	17.95	4.39	78.89	6.70	7.41	49.68	63.0	3	42.0
548.664	5.26	5.13	26.98	3.66	4.25	15.53	57.5	3	62.0
549.062	1.68	5.16	8.66	1.52	2.00	3.04	35.1	3	82.0
549.458	12.11	3.82	46.24	3.94	4.54	17.88	38.7	3	30.1
549.857	24.67	4.34	107.04	8.06	8.82	71.07	66.4	3	30.0
550.257	25.54	4.99	127.49	8.88	9.68	85.97	67.4	3	33.8
550.657	25.84	5.06	130.85	8.99	9.77	87.83	67.1	3	32.7
551.057	26.42	5.04	133.12	9.09	9.87	89.77	67.4	3	32.7
551.457	26.65	5.02	133.83	9.06	9.89	89.66	67.0	3	32.7
551.857	27.75	4.99	138.51	9.25	10.08	93.22	67.3	3	32.5
552.258	29.30	4.90	143.45	9.43	10.25	96.60	67.3	3	32.5
552.659	27.15	4.98	135.30	9.14	9.91	90.50	66.9	3	30.1
553.059	25.40	5.05	128.30	8.89	9.69	86.17	67.2	3	30.1
553.459	24.91	5.08	126.59	8.83	9.62	84.93	67.1	3	33.8
553.859	27.17	5.01	136.06	9.20	10.00	91.94	67.6	3	30.0
554.260	26.29	5.06	133.14	9.08	9.86	89.53	67.2	3	32.7
554.660	26.76	5.05	135.28	9.14	9.95	91.01	67.3	3	32.7
555.060	27.15	5.04	136.93	9.21	10.00	92.02	67.2	3	32.7
555.461	28.11	4.99	140.17	9.34	10.18	95.04	67.8	3	32.5
555.862	29.12	4.96	144.37	9.45	10.26	96.87	67.1	3	32.5
556.263	28.84	4.95	142.89	9.44	10.24	96.74	67.7	3	30.1
556.664	25.33	5.07	128.39	8.93	9.73	86.94	67.7	3	30.1
557.064	28.18	4.97	140.17	9.33	10.18	94.95	67.7	3	30.2
557.465	26.03	5.09	132.40	9.03	9.80	88.54	66.9	3	33.8
557.865	26.03	5.08	132.29	9.07	9.87	89.53	67.7	3	32.7
558.265	26.74	5.06	135.34	9.18	9.98	91.63	67.7	3	32.7
558.665	27.37	5.03	137.64	9.24	10.05	92.92	67.5	3	32.7
559.066	28.23	4.98	140.66	9.36	10.13	94.78	67.4	3	32.5
559.467	29.15	4.94	143.97	9.47	10.26	97.18	67.5	3	32.5
559.868	29.05	4.95	143.93	9.46	10.25	97.05	67.4	3	30.1
560.269	28.02	5.02	140.58	9.36	10.14	94.92	67.5	3	30.1
560.670	27.29	5.06	138.17	9.24	10.04	92.76	67.1	3	31.5
561.071	26.90	5.06	136.16	9.22	9.98	92.05	67.6	3	31.5
561.471	26.20	5.07	132.82	9.06	9.85	89.23	67.2	3	30.0
561.871	26.57	5.06	134.41	9.08	9.90	89.92	66.9	3	32.7
562.271	27.25	5.02	136.65	9.21	9.98	91.90	67.3	3	32.7
562.671	27.70	4.98	138.07	9.27	10.07	93.40	67.7	3	32.5
563.072	29.10	4.92	143.14	9.42	10.21	96.17	67.2	3	32.5
563.473	28.72	4.95	142.14	9.42	10.20	96.00	67.5	3	30.1
563.874	27.94	4.98	139.23	9.30	10.08	93.70	67.3	3	30.1
564.275	27.12	5.02	136.04	9.21	9.97	91.82	67.5	3	31.5
564.675	25.45	5.04	128.23	8.90	9.70	86.33	67.3	3	33.8
565.075	25.82	5.03	129.95	8.98	9.78	87.89	67.6	3	30.0
565.475	26.44	5.01	132.54	9.04	9.82	88.81	67.0	3	32.7
565.875	26.41	4.99	131.66	9.05	9.81	88.75	67.4	3	32.7
566.275	27.69	4.92	136.24	9.20	10.00	91.94	67.5	3	32.5
566.676	23.63	4.26	100.71	7.94	8.63	68.54	68.1	3	32.5
567.076	19.98	3.38	67.61	6.43	7.14	45.85	67.8	3	30.1
567.475	18.60	3.11	57.84	5.97	6.60	39.39	68.1	3	30.1
567.874	17.88	3.63	64.88	6.28	7.00	43.97	67.8	3	33.8
568.273	20.30	3.82	77.58	6.94	7.64	53.01	68.3	3	31.5
568.672	20.52	3.95	81.12	7.09	7.80	55.30	68.2	3	30.0
569.071	20.49	3.93	80.50	7.08	7.75	54.90	68.2	3	32.7
569.470	21.16	3.85	81.52	7.07	7.77	54.99	67.5	3	32.7
569.869	21.72	3.82	82.92	7.18	7.87	56.47	68.1	3	32.5
613.936	38.14	0.73	27.96	3.61	4.10	14.79	52.9	3	17.0
614.335	21.25	3.42	72.72	6.47	7.08	45.80	63.0	3	37.0
614.734	6.76	4.64	31.37	4.04	4.53	18.30	58.3	3	57.0
615.132	1.93	4.69	9.08	1.79	2.20	3.92	43.2	3	77.0
615.528	4.34	4.48	19.47	1.51	1.86	2.82	14.5	3	28.5
615.925	21.14	3.32	70.21	6.49	7.09	46.00	65.5	3	30.9
616.324	22.66	3.25	73.73	6.80	7.39	50.23	68.1	3	30.9
616.723	24.55	3.21	78.86	7.04	7.65	53.90	68.4	3	27.9
617.122	24.53	3.21	78.83	7.04	7.64	53.77	68.2	3	27.9
617.521	22.74	3.27	74.29	6.79	7.38	50.11	67.5	3	27.9
617.920	24.82	3.24	80.40	7.10	7.73	54.87	68.2	3	28.2
618.319	22.35	3.27	73.06	6.75	7.32	49.43	67.7	3	28.2
618.718	21.02	3.29	69.13	6.55	7.13	46.68	67.5	3	30.8
619.117	22.59	3.27	73.95	6.77	7.39	50.08	67.7	3	26.6
139.337	34.10	2.76	94.11	7.15	7.93	56.67	60.2	3	12.0
139.735	30.64	3.31	101.52	7.78	8.53	66.41	65.4	3	31.5
140.135	8.61	3.95	34.01	4.28	4.88	20.89	61.4	3	51.5
140.533	2.24	3.99	8.93	1.95	2.42	4.72	52.8	3	71.5
140.929	0.76	4.01	3.04	0.65	1.06	0.69	22.7	3	91.5
141.325	36.13	0.86	30.94	3.38	3.94	13.28	42.9	3	10.0
141.724	39.13	0.62	24.40	3.72	4.31	16.07	65.8	3	10.0
142.123	39.21	0.61	24.00	3.75	4.35	16.32	68.0	3	11.0
142.522	39.18	0.62	24.40	3.78	4.38	16.54	67.8	3	11.0
142.921	39.27	0.56	21.83	3.59	4.17	14.96	68.6	3	11.0
143.320	39.25	0.56	21.95	3.61	4.18	15.11	68.8	3	10.0
143.719	39.19	0.58	22.66	3.65	4.23	15.42	68.0	3	11.2
144.118	39.43	0.58	22.79	3.68	4.23	15.54	68.2	3	10.5
144.517	39.29	0.57	22.25	3.64	4.22	15.36	69.0	3	10.5
144.916	39.16	0.58	22.69	3.63	4.23	15.32	67.5	3	10.0
145.315	39.28	0.61	24.09	3.76	4.35	16.33	67.8	3	10.0
145.714	39.25	0.63	24.92	3.84	4.42	16.95	68.0	3	11.0
146.113	39.18	0.62	24.12	3.77	4.33	16.32	67.7	3	11.0
146.512	39.29	0.57	22.48	3.63	4.20	15.26	67.9	3	10.3
146.911	39.27	0.56	22.02	3.58	4.17	14.93	67.8	3	10.0
147.310	39.34	0.57	22.53	3.66	4.23	15.47	68.7	3	10.0
147.709	39.33	0.56	22.15	3.62	4.19	15.18	68.5	3	10.5
148.108	39.16	0.58	22.54	3.65	4.21	15.38	68.2	3	10.5
148.507	39.48	0.57	22.55	3.64	4.21	15.34	68.0	3	10.0
148.906	39.25	0.60	23.44	3.72	4.29	15.95	68.1	3	10.0
149.305	39.18	0.61	23.91	3.73	4.32	16.13	67.4	3	11.0
149.704	39.26	0.61	23.93	3.76	4.32	16.27	68.0	3	11.0
150.103	39.28	0.60	23.48	3.71	4.24	15.76	67.1	3	10.7
150.502	39.21	0.57	22.39	3.63	4.19	15.21	68.0	3	10.0
150.901	39.17	0.58	22.61	3.64	4.24	15.45	68.3	3	10.0
151.300	39.17	0.58	22.87	3.66	4.24	15.52	67.9	3	10.5
8.498	0.04	0.06	0.00	0.09	0.48	0.05	0.0	3	10.5
8.890	0.08	0.04	0.00	0.23	0.48	0.11	0.0	3	30.0
9.283	0.00	0.03	0.00	0.36	0.47	0.17	0.0	3	49.5
9.675	0.01	0.03	0.00	0.40	0.49	0.20	0.0	3	69.0
10.068	0.00	0.03	0.00	0.48	0.46	0.22	0.0	3	89.0
10.462	0.17	0.03	0.00	0.51	0.43	0.22	0.0	3	35.0
8.498	0.00	0.01	0.00	0.37	0.45	0.17	0.0	3	22.5
8.890	0.11	0.00	0.00	0.42	0.46	0.20	0.0	3	42.0
9.282	0.00	0.00	0.00	0.45	0.45	0.20	0.0	3	61.5
9.674	0.08	0.00	0.00	0.51	0.47	0.24	0.0	3	81.0
10.067	0.00	0.00	0.00	0.51	0.44	0.22	0.0	3	11.5
10.460	0.00	0.00	0.00	0.52	0.45	0.23	0.0	3	11.7
10.853	0.00	0.00	0.00	0.51	0.46	0.23	0.0	3	10.5
11.247	0.00	0.00	0.00	0.46	0.45	0.21	0.0	3	11.0
11.640	0.00	0.00	0.00	0.46	0.46	0.21	0.0	3	11.0
12.033	0.00	0.00	0.00	0.46	0.45	0.21	0.0	3	10.5
12.427	0.00	0.00	0.00	0.44	0.48	0.21	0.0	3	10.5
12.820	0.00	0.00	0.00	0.43	0.45	0.19	0.0	3	11.5
13.213	0.00	0.00	0.00	0.43	0.47	0.20	0.0	3	10.8
13.607	0.00	0.00	0.00	0.40	0.45	0.18	0.0	3	10.3
14.000	0.00	0.00	0.00	0.43	0.48	0.20	0.0	3	10.5
14.393	0.00	0.00	0.00	0.39	0.43	0.17	0.0	3	11.0
14.787	0.00	0.00	0.00	0.36	0.46	0.17	0.0	3	11.0
15.180	0.00	0.01	0.00	0.35	0.44	0.15	0.0	3	10.5
24.229	0.06	0.00	0.00	0.55	0.46	0.25	0.0	3	29.0
24.623	0.00	0.00	0.00	0.58	0.46	0.27	0.0	3	48.5
25.017	0.20	0.00	0.00	0.54	0.42	0.23	0.0	3	68.5
25.411	0.06	0.00	0.00	0.61	0.44	0.27	0.0	3	88.0
63.044	0.00	0.00	0.00	0.46	0.55	0.26	0.0	3	13.0
63.437	0.15	0.00	0.00	0.46	0.55	0.25	0.0	3	33.0
63.831	0.00	0.00	0.00	0.51	0.57	0.29	0.0	3	52.5
64.225	0.17	0.00	0.00	0.50	0.56	0.28	0.0	3	72.0
64.618	0.00	0.00	0.00	0.56	0.58	0.32	0.0	3	92.0
65.012	0.03	0.00	0.00	0.55	0.53	0.29	0.0	3	64.3
660.391	0.00	0.00	0.00	0.18	0.00	0.00	0.0	3	21.2
660.451	0.00	0.00	0.00	0.22	0.00	0.00	0.0	3	21.2
660.554	0.00	0.00	0.00	0.28	0.00	0.00	0.0	3	33.7
660.698	0.00	0.00	0.00	0.33	0.00	0.00	0.0	3	46.2
660.758	0.00	0.00	0.00	0.35	0.00	0.00	0.0	3	58.7
660.861	0.00	0.00	0.00	0.38	0.00	0.00	0.0	3	28.4
661.005	0.05	0.00	0.00	0.38	0.00	0.00	0.0	3	33.7
661.065	0.03	0.00	0.00	0.41	0.00	0.00	0.0	3	33.7
661.168	0.00	0.00	0.00	0.45	0.00	0.00	0.0	3	15.0
661.312	0.00	0.00	0.00	0.47	0.00	0.00	0.0	3	15.0
661.372	0.00	0.00	0.00	0.48	0.00	0.00	0.0	3	21.2
661.475	0.00	0.00	0.00	0.46	0.00	0.00	0.0	3	33.4
661.619	0.03	0.00	0.00	0.49	0.00	0.00	0.0	3	27.9
661.679	0.00	0.00	0.00	0.51	0.00	0.00	0.0	3	43.9
661.782	0.00	0.00	0.00	0.50	0.00	0.00	0.0	3	15.0
661.926	0.00	0.00	0.00	0.50	0.00	0.00	0.0	3	27.5
661.986	0.00	0.00	0.00	0.49	0.00	0.00	0.0	3	27.5
662.089	0.00	0.00	0.00	0.49	0.00	0.00	0.0	3	26.6
662.233	0.00	0.00	0.00	0.55	0.00	0.00	0.0	3	42.6
662.293	0.00	0.00	0.00	0.54	0.00	0.00	0.0	3	15.0
662.396	0.00	0.00	0.00	0.53	0.00	0.00	0.0	3	15.0
662.540	0.19	0.00	0.00	0.53	0.00	0.00	0.0	3	21.2
662.600	0.24	0.00	0.00	0.56	0.00	0.00	0.0	3	33.7
662.703	0.15	0.00	0.00	0.58	0.00	0.00	0.0	3	26.8
662.847	0.00	0.00	0.00	0.58	0.00	0.00	0.0	3	58.7
662.907	0.00	0.00	0.00	0.56	0.00	0.00	0.0	3	58.7
663.010	0.00	0.00	0.00	0.57	0.00	0.00	0.0	3	21.2
663.154	0.00	0.00	0.00	0.59	0.00	0.00	0.0	3	15.0
663.214	0.00	0.00	0.00	0.58	0.00	0.00	0.0	3	32.7
663.317	0.04	0.00	0.00	0.57	0.00	0.00	0.0	3	32.7
663.461	0.00	0.00	0.00	0.61	0.00	0.00	0.0	3	21.2
663.521	0.00	0.00	0.00	0.62	0.00	0.00	0.0	3	21.2
663.624	0.00	0.00	0.00	0.60	0.00	0.00	0.0	3	15.0
663.768	0.00	0.00	0.00	0.54	0.00	0.00	0.0	3	15.0
663.828	0.00	0.00	0.00	0.56	0.00	0.00	0.0	3	15.0
663.931	0.00	0.00	0.00	0.56	0.00	0.00	0.0	3	27.3
664.075	0.00	0.00	0.00	0.56	0.00	0.00	0.0	3	21.2
664.135	0.00	0.00	0.00	0.56	0.00	0.00	0.0	3	30.0
664.238	0.00	0.00	0.00	0.58	0.00	0.00	0.0	3	47.6
664.382	0.00	0.00	0.00	0.62	0.00	0.00	0.0	3	15.0
664.442	0.00	0.00	0.00	0.60	0.00	0.00	0.0	3	15.0
664.545	0.00	0.00	0.00	0.58	0.00	0.00	0.0	3	15.0
664.689	0.00	0.00	0.00	0.58	0.00	0.00	0.0	3	35.0
664.749	0.00	0.00	0.00	0.58	0.00	0.00	0.0	3	21.2
664.852	0.07	0.00	0.00	0.59	0.00	0.00	0.0	3	30.6
664.996	0.00	0.00	0.00	0.57	0.00	0.00	0.0	3	15.0
665.056	0.00	0.00	0.00	0.58	0.00	0.00	0.0	3	21.2
665.159	0.00	0.00	0.00	0.59	0.00	0.00	0.0	3	21.2
665.303	0.00	0.00	0.00	0.58	0.00	0.00	0.0	3	21.2
665.363	0.00	0.00	0.00	0.57	0.00	0.00	0.0	3	21.2
665.466	0.03	0.00	0.00	0.59	0.00	0.00	0.0	3	21.2
665.610	0.00	0.00	0.00	0.58	0.00	0.00	0.0	3	21.2
665.670	0.00	0.00	0.00	0.58	0.00	0.00	0.0	3	21.2
665.773	0.00	0.00	0.00	0.58	0.00	0.00	0.0	3	21.2
665.917	0.00	0.00	0.00	0.58	0.00	0.00	0.0	3	21.2
665.977	0.00	0.00	0.00	0.57	0.00	0.00	0.0	3	21.2
666.080	0.00	0.00	0.00	0.55	0.00	0.00	0.0	3	21.2
666.224	0.00	0.00	0.00	0.57	0.00	0.00	0.0	3	21.2
666.284	0.00	0.00	0.00	0.57	0.00	0.00	0.0	3	21.2
666.387	0.00	0.00	0.00	0.55	0.00	0.00	0.0	3	21.2
666.531	0.00	0.00	0.00	0.56	0.00	0.00	0.0	3	21.2
666.591	0.00	0.00	0.00	0.58	0.00	0.00	0.0	3	21.2
666.694	0.00	0.00	0.00	0.54	0.00	0.00	0.0	3	21.2
666.838	0.00	0.00	0.00	0.51	0.00	0.00	0.0	3	21.2
666.898	0.00	0.00	0.00	0.52	0.00	0.00	0.0	3	21.2
667.001	0.00	0.00	0.00	0.53	0.00	0.00	0.0	3	21.2
667.145	0.00	0.00	0.00	0.56	0.00	0.00	0.0	3	21.2
667.205	0.00	0.00	0.00	0.53	0.00	0.00	0.0	3	21.2
667.308	0.04	0.00	0.00	0.53	0.00	0.00	0.0	3	21.2
667.452	0.00	0.00	0.00	0.50	0.00	0.00	0.0	3	21.2
667.512	0.00	0.00	0.00	0.50	0.00	0.00	0.0	3	21.2
667.615	0.02	0.00	0.00	0.52	0.00	0.00	0.0	3	21.2
667.759	0.07	0.00	0.00	0.49	0.00	0.00	0.0	3	21.2
667.819	0.02	0.00	0.00	0.50	0.00	0.00	0.0	3	21.2
667.922	0.00	0.00	0.00	0.51	0.00	0.00	0.0	3	21.2
668.066	0.00	0.00	0.00	0.49	0.00	0.00	0.0	3	21.2
668.126	0.00	0.00	0.00	0.49	0.00	0.00	0.0	3	21.2
668.229	0.00	0.00	0.00	0.48	0.00	0.00	0.0	3	21.2
668.373	0.07	0.00	0.00	0.49	0.00	0.00	0.0	3	21.2
668.433	0.02	0.00	0.00	0.51	0.00	0.00	0.0	3	21.2
668.536	0.00	0.00	0.00	0.50	0.00	0.00	0.0	3	21.2
668.680	0.00	0.00	0.00	0.49	0.00	0.00	0.0	3	21.2
668.740	0.00	0.00	0.00	0.52	0.00	0.00	0.0	3	21.2
668.843	0.00	0.00	0.00	0.50	0.00	0.00	0.0	3	21.2
668.987	0.00	0.00	0.00	0.47	0.00	0.00	0.0	3	21.2
669.047	0.00	0.00	0.00	0.46	0.00	0.00	0.0	3	21.2
669.150	0.03	0.00	0.00	0.48	0.00	0.00	0.0	3	21.2
669.294	0.02	0.00	0.00	0.50	0.00	0.00	0.0	3	21.2
669.354	0.02	0.00	0.00	0.50	0.00	0.00	0.0	3	21.2
669.457	0.00	0.00	0.00	0.48	0.00	0.00	0.0	3	21.2
669.601	0.00	0.00	0.00	0.47	0.00	0.00	0.0	3	21.2
669.661	0.00	0.00	0.00	0.47	0.00	0.00	0.0	3	21.2
669.764	0.00	0.00	0.00	0.48	0.00	0.00	0.0	3	21.2
669.908	0.00	0.00	0.00	0.50	0.00	0.00	0.0	3	21.2
669.968	0.01	0.00	0.00	0.49	0.00	0.00	0.0	3	21.2
670.071	0.00	0.00	0.00	0.48	0.00	0.00	0.0	3	21.2
670.215	0.00	0.00	0.00	0.47	0.00	0.00	0.0	3	21.2
670.275	0.00	0.00	0.00	0.45	0.00	0.00	0.0	3	21.2
670.378	0.00	0.00	0.00	0.47	0.00	0.00	0.0	3	21.2
670.522	0.00	0.00	0.00	0.48	0.00	0.00	0.0	3	21.2
670.582	0.00	0.00	0.00	0.49	0.00	0.00	0.0	3	21.2
670.685	0.00	0.00	0.00	0.49	0.00	0.00	0.0	3	21.2
670.829	0.00	0.00	0.00	0.48	0.00	0.00	0.0	3	21.2
670.889	0.00	0.00	0.00	0.47	0.00	0.00	0.0	3	21.2
670.992	0.00	0.00	0.00	0.46	0.00	0.00	0.0	3	21.2
671.136	0.00	0.00	0.00	0.47	0.00	0.00	0.0	3	21.2
671.196	0.00	0.00	0.00	0.46	0.00	0.00	0.0	3	21.2
671.299	0.00	0.00	0.00	0.47	0.00	0.00	0.0	3	21.2
671.443	0.00	0.00	0.00	0.47	0.00	0.00	0.0	3	21.2
671.503	0.00	0.00	0.00	0.46	0.00	0.00	0.0	3	21.2
671.606	0.00	0.00	0.00	0.48	0.00	0.00	0.0	3	21.2
671.750	0.00	0.00	0.00	0.48	0.00	0.00	0.0	3	21.2
671.810	0.00	0.00	0.00	0.48	0.00	0.00	0.0	3	21.2
671.913	0.00	0.00	0.00	0.46	0.00	0.00	0.0	3	21.2
672.057	0.00	0.00	0.00	0.46	0.00	0.00	0.0	3	21.2
672.117	0.00	0.00	0.00	0.46	0.00	0.00	0.0	3	21.2
672.220	0.00	0.00	0.00	0.46	0.00	0.00	0.0	3	21.2
672.364	0.09	0.00	0.00	0.46	0.00	0.00	0.0	3	21.2
672.424	0.00	0.00	0.00	0.47	0.00	0.00	0.0	3	21.2
672.527	0.00	0.00	0.00	0.47	0.00	0.00	0.0	3	21.2
672.671	0.00	0.00	0.00	0.46	0.00	0.00	0.0	3	21.2
672.731	0.00	0.00	0.00	0.46	0.00	0.00	0.0	3	21.2
672.834	0.00	0.00	0.00	0.46	0.00	0.00	0.0	3	21.2
672.978	0.00	0.00	0.00	0.49	0.00	0.00	0.0	3	21.2
673.038	0.00	0.00	0.00	0.47	0.00	0.00	0.0	3	21.2
673.141	0.00	0.00	0.00	0.47	0.00	0.00	0.0	3	21.2
673.285	0.00	0.00	0.00	0.49	0.00	0.00	0.0	3	21.2
673.345	0.00	0.00	0.00	0.47	0.00	0.00	0.0	3	21.2
673.448	0.00	0.00	0.00	0.46	0.00	0.00	0.0	3	21.2
673.592	0.00	0.00	0.00	0.47	0.00	0.00	0.0	3	21.2
673.652	0.00	0.00	0.00	0.49	0.00	0.00	0.0	3	21.2
673.755	0.00	0.00	0.00	0.48	0.00	0.00	0.0	3	21.2
673.899	0.00	0.00	0.00	0.48	0.00	0.00	0.0	3	21.2
673.959	0.00	0.00	0.00	0.47	0.00	0.00	0.0	3	21.2
674.062	0.00	0.00	0.00	0.47	0.00	0.00	0.0	3	21.2
674.206	0.00	0.00	0.00	0.47	0.00	0.00	0.0	3	21.2
674.266	0.00	0.00	0.00	0.48	0.00	0.00	0.0	3	21.2
674.369	0.00	0.00	0.00	0.48	0.00	0.00	0.0	3	21.2
674.513	0.00	0.00	0.00	0.48	0.00	0.00	0.0	3	21.2
674.573	0.00	0.00	0.00	0.48	0.00	0.00	0.0	3	21.2
674.676	0.00	0.00	0.00	0.48	0.00	0.00	0.0	3	21.2
674.820	0.00	0.00	0.00	0.47	0.00	0.00	0.0	3	21.2
674.880	0.00	0.00	0.00	0.49	0.00	0.00	0.0	3	21.2
674.983	0.00	0.00	0.00	0.47	0.00	0.00	0.0	3	21.2
701.999	0.00	0.00	0.00	0.14	0.00	0.00	0.0	3	21.2
702.143	0.00	0.00	0.00	0.19	0.00	0.00	0.0	3	33.7
702.203	0.00	0.00	0.00	0.21	0.00	0.00	0.0	3	33.7
702.306	0.00	0.00	0.00	0.29	0.00	0.00	0.0	3	46.2
702.450	0.00	0.00	0.00	0.33	0.00	0.00	0.0	3	58.7
702.510	0.00	0.00	0.00	0.34	0.00	0.00	0.0	3	15.0
702.613	0.00	0.00	0.00	0.37	0.00	0.00	0.0	3	21.2
702.757	0.03	0.00	0.00	0.38	0.00	0.00	0.0	3	15.0
702.817	0.00	0.00	0.00	0.37	0.00	0.00	0.0	3	15.0
702.920	0.00	0.00	0.00	0.38	0.00	0.00	0.0	3	16.0
703.064	0.00	0.00	0.00	0.38	0.00	0.00	0.0	3	21.2
703.124	0.00	0.00	0.00	0.36	0.00	0.00	0.0	3	21.2
703.227	0.00	0.00	0.00	0.40	0.00	0.00	0.0	3	33.7
703.371	0.00	0.00	0.00	0.43	0.00	0.00	0.0	3	15.0
703.431	0.00	0.00	0.00	0.45	0.00	0.00	0.0	3	15.0
703.534	0.00	0.00	0.00	0.44	0.00	0.00	0.0	3	15.0
703.678	0.00	0.00	0.00	0.43	0.00	0.00	0.0	3	15.0
703.738	0.00	0.00	0.00	0.44	0.00	0.00	0.0	3	15.0
703.841	0.00	0.00	0.00	0.43	0.00	0.00	0.0	3	34.8
703.985	0.00	0.00	0.00	0.46	0.00	0.00	0.0	3	36.2
704.045	0.00	0.00	0.00	0.49	0.00	0.00	0.0	3	21.2
704.148	0.00	0.00	0.00	0.54	0.00	0.00	0.0	3	16.4
704.292	0.00	0.00	0.00	0.54	0.00	0.00	0.0	3	44.0
704.352	0.00	0.00	0.00	0.53	0.00	0.00	0.0	3	15.0
704.455	0.00	0.00	0.00	0.53	0.00	0.00	0.0	3	15.0
704.599	0.00	0.00	0.00	0.51	0.00	0.00	0.0	3	31.6
704.659	0.00	0.00	0.00	0.51	0.00	0.00	0.0	3	31.6
704.762	0.01	0.00	0.00	0.52	0.00	0.00	0.0	3	33.7
704.906	0.00	0.00	0.00	0.54	0.00	0.00	0.0	3	15.0
704.966	0.00	0.00	0.00	0.55	0.00	0.00	0.0	3	27.8
705.069	0.00	0.00	0.00	0.55	0.00	0.00	0.0	3	27.8
705.213	0.00	0.00	0.00	0.58	0.00	0.00	0.0	3	21.2
705.273	0.00	0.00	0.00	0.57	0.00	0.00	0.0	3	33.7
705.376	0.00	0.00	0.00	0.56	0.00	0.00	0.0	3	44.4
705.520	0.00	0.00	0.00	0.57	0.00	0.00	0.0	3	58.7
705.580	0.00	0.00	0.00	0.58	0.00	0.00	0.0	3	58.7
705.683	0.00	0.00	0.00	0.59	0.00	0.00	0.0	3	27.4
705.827	0.00	0.00	0.00	0.59	0.00	0.00	0.0	3	48.0
705.887	0.00	0.00	0.00	0.58	0.00	0.00	0.0	3	36.9
705.990	0.00	0.00	0.00	0.60	0.00	0.00	0.0	3	21.2
706.134	0.00	0.00	0.00	0.64	0.00	0.00	0.0	3	30.6
706.194	0.00	0.00	0.00	0.60	0.00	0.00	0.0	3	30.6
706.297	0.00	0.00	0.00	0.60	0.00	0.00	0.0	3	15.0
706.441	0.00	0.00	0.00	0.61	0.00	0.00	0.0	3	15.0
706.501	0.00	0.00	0.00	0.61	0.00	0.00	0.0	3	15.0
706.604	0.00	0.00	0.00	0.62	0.00	0.00	0.0	3	15.0
706.748	0.01	0.00	0.00	0.60	0.00	0.00	0.0	3	21.2
706.808	0.08	0.00	0.00	0.61	0.00	0.00	0.0	3	21.2
706.911	0.01	0.00	0.00	0.61	0.00	0.00	0.0	3	21.2
707.055	0.00	0.00	0.00	0.57	0.00	0.00	0.0	3	21.2
707.115	0.00	0.00	0.00	0.58	0.00	0.00	0.0	3	21.2
707.218	0.00	0.00	0.00	0.59	0.00	0.00	0.0	3	21.2
707.362	0.00	0.00	0.00	0.62	0.00	0.00	0.0	3	21.2
707.422	0.00	0.00	0.00	0.59	0.00	0.00	0.0	3	21.2
707.525	0.04	0.00	0.00	0.58	0.00	0.00	0.0	3	21.2
707.669	0.00	0.00	0.00	0.57	0.00	0.00	0.0	3	21.2
707.729	0.00	0.00	0.00	0.55	0.00	0.00	0.0	3	21.2
707.832	0.00	0.00	0.00	0.55	0.00	0.00	0.0	3	21.2
707.976	0.00	0.00	0.00	0.54	0.00	0.00	0.0	3	21.2
708.036	0.00	0.00	0.00	0.55	0.00	0.00	0.0	3	21.2
708.139	0.00	0.00	0.00	0.54	0.00	0.00	0.0	3	21.2
708.283	0.07	0.00	0.00	0.57	0.00	0.00	0.0	3	21.2
708.343	0.10	0.00	0.00	0.56	0.00	0.00	0.0	3	21.2
708.446	0.00	0.00	0.00	0.53	0.00	0.00	0.0	3	21.2
708.590	0.00	0.00	0.00	0.54	0.00	0.00	0.0	3	21.2
708.650	0.00	0.00	0.00	0.54	0.00	0.00	0.0	3	21.2
708.753	0.00	0.00	0.00	0.56	0.00	0.00	0.0	3	21.2
708.897	0.02	0.00	0.00	0.53	0.00	0.00	0.0	3	21.2
708.957	0.00	0.00	0.00	0.53	0.00	0.00	0.0	3	21.2
709.060	0.00	0.00	0.00	0.52	0.00	0.00	0.0	3	21.2
709.204	0.00	0.00	0.00	0.51	0.00	0.00	0.0	3	21.2
709.264	0.00	0.00	0.00	0.52	0.00	0.00	0.0	3	21.2
709.367	0.00	0.00	0.00	0.51	0.00	0.00	0.0	3	21.2
709.511	0.00	0.00	0.00	0.51	0.00	0.00	0.0	3	21.2
709.571	0.00	0.00	0.00	0.52	0.00	0.00	0.0	3	21.2
709.674	0.00	0.00	0.00	0.50	0.00	0.00	0.0	3	21.2
709.818	0.05	0.00	0.00	0.48	0.00	0.00	0.0	3	21.2
709.878	0.05	0.00	0.00	0.47	0.00	0.00	0.0	3	21.2
709.981	0.03	0.00	0.00	0.50	0.00	0.00	0.0	3	21.2
710.125	0.12	0.00	0.00	0.50	0.00	0.00	0.0	3	21.2
710.185	0.00	0.00	0.00	0.48	0.00	0.00	0.0	3	21.2
710.288	0.00	0.00	0.00	0.50	0.00	0.00	0.0	3	21.2
710.432	0.00	0.00	0.00	0.49	0.00	0.00	0.0	3	21.2
710.492	0.00	0.00	0.00	0.48	0.00	0.00	0.0	3	21.2
710.595	0.00	0.00	0.00	0.48	0.00	0.00	0.0	3	21.2
710.739	0.00	0.00	0.00	0.50	0.00	0.00	0.0	3	21.2
710.799	0.00	0.00	0.00	0.48	0.00	0.00	0.0	3	21.2
710.902	0.00	0.00	0.00	0.49	0.00	0.00	0.0	3	21.2
711.046	0.00	0.00	0.00	0.49	0.00	0.00	0.0	3	21.2
711.106	0.00	0.00	0.00	0.48	0.00	0.00	0.0	3	21.2
