3.541   38.86   0.07    2.57    0.23    1.00    0.23    8.8     5       1.0
3.933   38.96   0.09    3.47    0.67    1.47    0.99    28.6    5       2.0
4.327   38.76   0.11    4.38    1.13    1.97    2.22    50.8    5       3.0
4.721   38.87   0.16    6.05    1.45    2.29    3.32    54.9    5       5.0
5.115   38.81   0.21    8.04    1.84    2.72    5.01    62.4    5       6.0
5.509   38.81   0.29    11.18   2.27    3.16    7.17    64.2    5       7.0
5.904   38.53   0.35    13.60   2.63    3.55    9.34    68.7    5       8.0
6.299   38.45   0.44    17.06   3.00    3.92    11.75   68.9    5       10.0
6.696   38.31   0.58    22.08   3.53    4.44    15.68   71.0    5       11.0
7.093   38.24   0.71    27.21   3.95    4.90    19.37   71.2    5       12.0
7.490   37.89   0.86    32.46   4.37    5.35    23.39   72.1    5       13.0
7.887   37.76   1.03    38.72   4.79    5.76    27.61   71.3    5       15.0
8.284   37.46   1.26    47.13   5.27    6.30    33.16   70.4    5       16.0
8.681   37.22   1.46    54.25   5.73    6.79    38.89   71.7    5       17.0
9.078   36.93   1.67    61.71   6.15    7.18    44.15   71.5    5       18.0
9.475   36.46   1.93    70.43   6.58    7.63    50.19   71.3    5       20.0
9.872   36.05   2.24    80.87   7.07    8.10    57.24   70.8    5       21.0
10.269  35.63   2.53    90.27   7.46    8.53    63.64   70.5    5       22.0
10.667  35.17   2.81    98.96   7.80    8.89    69.35   70.1    5       23.0
11.065  34.32   3.16    108.55  8.20    9.33    76.51   70.5    5       25.0
11.464  33.55   3.55    118.97  8.59    9.74    83.64   70.3    5       26.0
11.863  32.36   3.84    124.13  8.83    9.94    87.75   70.7    5       27.0
12.262  31.52   4.13    130.22  8.98    10.14   91.05   69.9    5       28.0
12.662  29.54   4.43    130.92  9.01    10.15   91.45   69.8    5       30.0
13.062  27.54   4.62    127.23  8.85    9.99    88.38   69.5    5       31.0
13.461  25.43   4.72    120.01  8.59    9.72    83.51   69.6    5       32.0
13.860  23.40   4.75    111.20  8.24    9.36    77.18   69.4    5       34.0
14.259  20.43   4.77    97.53   7.76    8.89    68.97   70.7    5       35.0
14.657  18.66   4.80    89.60   7.41    8.51    63.03   70.3    5       36.0
15.055  17.09   4.81    82.14   7.05    8.16    57.55   70.1    5       37.0
15.453  15.53   4.80    74.56   6.71    7.76    52.12   69.9    5       39.0
15.851  13.86   4.79    66.41   6.29    7.35    46.25   69.7    5       40.0
16.249  12.68   4.81    60.96   6.02    7.07    42.57   69.8    5       41.0
16.647  11.64   4.83    56.19   5.77    6.83    39.41   70.1    5       42.0
17.045  10.79   4.87    52.54   5.54    6.56    36.34   69.2    5       44.0
17.443  9.59    4.88    46.77   5.24    6.26    32.80   70.1    5       45.0
17.840  8.97    4.89    43.90   4.99    6.03    30.12   68.6    5       46.0
18.237  8.32    4.90    40.77   4.83    5.79    27.93   68.5    5       47.0
18.634  7.51    4.92    36.97   4.56    5.56    25.39   68.7    5       49.0
19.031  6.71    4.91    32.91   4.30    5.29    22.74   69.1    5       50.0
19.428  6.52    4.91    32.05   4.13    5.09    21.01   65.5    5       51.0
19.825  5.85    4.90    28.70   3.93    4.93    19.38   67.5    5       52.0
20.222  5.32    4.92    26.15   3.71    4.68    17.34   66.3    5       54.0
20.619  4.90    4.92    24.11   3.54    4.47    15.83   65.7    5       55.0
21.016  4.37    4.92    21.52   3.37    4.35    14.66   68.1    5       56.0
21.413  4.06    4.91    19.96   3.23    4.17    13.49   67.6    5       58.0
21.810  3.63    4.93    17.92   3.03    3.93    11.91   66.5    5       59.0
22.207  3.42    4.91    16.76   2.88    3.81    10.95   65.3    5       60.0
22.604  3.22    4.93    15.91   2.75    3.66    10.04   63.1    5       61.0
23.001  2.83    4.92    13.93   2.63    3.53    9.31    66.8    5       63.0
23.397  2.75    4.93    13.57   2.43    3.36    8.17    60.2    5       64.0
23.793  2.49    4.93    12.25   2.34    3.22    7.53    61.5    5       65.0
24.189  2.33    4.93    11.49   2.21    3.10    6.85    59.6    5       66.0
24.585  2.19    4.93    10.78   2.10    2.96    6.22    57.7    5       68.0
24.981  1.97    4.92    9.70    1.94    2.85    5.53    57.0    5       69.0
25.376  1.92    4.93    9.46    1.84    2.72    4.99    52.7    5       70.0
25.771  1.75    4.94    8.65    1.73    2.63    4.54    52.5    5       71.0
26.166  1.57    4.93    7.76    1.68    2.52    4.24    54.6    5       73.0
26.561  1.23    4.93    6.06    1.52    2.37    3.60    59.4    5       74.0
26.956  1.63    4.92    8.04    1.45    2.24    3.24    40.3    5       75.0
27.351  1.24    4.92    6.11    1.34    2.17    2.90    47.5    5       76.0
27.746  1.39    4.94    6.85    1.26    2.08    2.62    38.2    5       78.0
28.141  1.21    4.94    5.95    1.16    1.98    2.30    38.6    5       79.0
28.536  1.08    4.94    5.33    1.07    1.90    2.04    38.2    5       80.0
28.931  0.96    4.93    4.71    0.99    1.87    1.85    39.2    5       81.0
29.326  0.97    4.95    4.80    0.92    1.73    1.59    33.2    5       83.0
29.721  0.84    4.94    4.16    0.84    1.62    1.36    32.7    5       84.0
30.116  0.92    4.93    4.52    0.75    1.56    1.17    25.8    5       85.0
30.511  0.67    4.93    3.32    0.68    1.48    1.01    30.4    5       86.0
30.906  0.79    4.93    3.90    0.60    1.44    0.86    22.2    5       88.0
31.301  0.56    4.92    2.75    0.54    1.34    0.73    26.4    5       89.0
31.696  0.62    4.92    3.06    0.45    1.28    0.58    19.0    5       90.0
32.091  0.54    4.93    2.64    0.43    1.24    0.53    20.3    5       91.0
32.486  0.49    4.93    2.43    0.37    1.15    0.43    17.6    5       93.0
32.881  0.48    4.93    2.38    0.31    1.05    0.32    13.5    5       94.086.053	39.30	0.04	1.73	0.00	0.37	0.00	0.0	0	0.0
86.447	39.26	0.03	1.19	0.00	0.38	0.00	0.0	0	0.0
86.840	39.39	0.04	1.54	0.00	0.39	0.00	0.0	0	0.0
87.233	39.38	0.05	1.96	0.00	0.37	0.00	0.0	0	0.0
87.627	39.47	0.04	1.76	0.00	0.39	0.00	0.0	0	0.0
88.021	39.27	0.04	1.41	0.03	0.35	0.01	0.8	0	0.0
88.415	39.31	0.03	1.32	0.01	0.36	0.00	0.3	0	0.0
88.809	39.40	0.03	1.37	0.04	0.35	0.01	1.0	0	0.0
89.203	39.30	0.03	1.33	0.01	0.37	0.00	0.3	0	0.0
89.597	39.18	0.04	1.47	0.01	0.37	0.00	0.3	0	0.0
89.991	39.43	0.04	1.41	0.00	0.37	0.00	0.0	0	0.0
90.385	39.30	0.04	1.52	0.00	0.40	0.00	0.0	0	0.0
90.779	39.30	0.04	1.41	0.00	0.38	0.00	0.0	0	0.0
91.173	39.25	0.04	1.49	0.00	0.37	0.00	0.0	0	0.0
91.567	39.26	0.04	1.71	0.03	0.36	0.01	0.6	0	0.0
91.961	39.35	0.04	1.57	0.00	0.36	0.00	0.1	0	0.0
92.355	39.20	0.04	1.63	0.03	0.35	0.01	0.7	0	0.0
92.749	39.40	0.05	1.92	0.00	0.35	0.00	0.0	0	0.0
93.142	39.31	0.04	1.53	0.00	0.38	0.00	0.0	0	0.0
93.536	39.25	0.03	1.14	0.00	0.35	0.00	0.0	0	0.0
93.930	39.31	0.03	1.28	0.00	0.36	0.00	0.1	0	0.0
94.324	39.35	0.03	1.23	0.00	0.35	0.00	0.0	0	0.0
94.717	39.29	0.03	1.13	0.00	0.34	0.00	0.0	0	0.0
95.110	39.29	0.04	1.72	0.00	0.38	0.00	0.0	0	0.0
95.503	39.28	0.04	1.48	0.00	0.37	0.00	0.0	0	0.0
95.897	39.26	0.03	1.26	0.00	0.38	0.00	0.0	0	0.0
96.290	39.29	0.03	1.35	0.02	0.38	0.01	0.4	0	0.0
96.684	39.40	0.03	1.27	0.00	0.37	0.00	0.0	0	0.0
97.078	39.30	0.03	1.30	0.00	0.37	0.00	0.0	0	0.0
97.472	39.42	0.03	1.22	0.00	0.38	0.00	0.0	0	0.0
97.866	39.34	0.03	1.28	0.00	0.38	0.00	0.0	0	0.0
98.260	39.36	0.03	1.34	0.00	0.35	0.00	0.1	0	0.0
98.654	39.24	0.03	1.14	0.06	0.37	0.02	2.0	0	0.0
99.048	39.31	0.03	1.35	0.01	0.36	0.00	0.3	0	0.0
99.442	39.31	0.03	1.26	0.00	0.37	0.00	0.0	0	0.0
99.835	39.38	0.03	1.14	0.01	0.36	0.00	0.4	0	0.0
100.229	39.22	0.03	1.23	0.00	0.35	0.00	0.1	0	0.0
100.624	39.37	0.03	1.05	0.00	0.36	0.00	0.0	0	0.0
101.019	39.34	0.04	1.51	0.00	0.35	0.00	0.0	0	0.0
101.413	39.36	0.04	1.63	0.00	0.36	0.00	0.0	0	0.0
101.808	39.31	0.05	1.91	0.00	0.39	0.00	0.0	0	0.0
102.203	39.39	0.03	1.29	0.00	0.37	0.00	0.0	0	0.0
102.598	39.18	0.05	1.82	0.00	0.36	0.00	0.0	0	0.0
102.993	39.37	0.04	1.54	0.00	0.38	0.00	0.0	0	0.0
103.388	39.27	0.04	1.64	0.00	0.37	0.00	0.0	0	0.0
103.783	39.30	0.04	1.67	0.00	0.39	0.00	0.0	0	0.0
104.178	39.34	0.04	1.67	0.00	0.39	0.00	0.0	0	0.0
104.573	39.30	0.04	1.56	0.00	0.38	0.00	0.0	0	0.0
104.968	39.32	0.05	1.96	0.00	0.37	0.00	0.0	0	0.0
105.363	39.37	0.05	1.88	0.00	0.36	0.00	0.0	0	0.0
105.758	39.36	0.04	1.63	0.00	0.39	0.00	0.0	0	0.0
106.153	39.40	0.05	2.08	0.00	0.38	0.00	0.0	0	0.0
106.548	39.43	0.04	1.76	0.00	0.41	0.00	0.1	0	0.0
106.943	39.32	0.05	1.94	0.00	0.39	0.00	0.0	0	0.0
107.338	39.37	0.04	1.67	0.00	0.39	0.00	0.0	0	0.0
107.733	39.29	0.04	1.71	0.00	0.40	0.00	0.0	0	0.0
108.128	39.25	0.04	1.73	0.00	0.39	0.00	0.0	0	0.0
108.523	39.27	0.05	2.12	0.00	0.42	0.00	0.0	0	0.0
108.918	39.23	0.04	1.63	0.00	0.39	0.00	0.0	0	0.0
109.313	39.31	0.06	2.18	0.01	0.39	0.00	0.2	0	0.0
109.708	39.29	0.06	2.18	0.00	0.39	0.00	0.0	0	0.0
110.103	39.35	0.05	1.97	0.00	0.38	0.00	0.0	0	0.0
110.498	39.25	0.05	1.79	0.00	0.38	0.00	0.0	0	0.0
110.893	39.17	0.03	1.33	0.00	0.38	0.00	0.0	0	0.0
111.288	39.26	0.04	1.55	0.00	0.37	0.00	0.0	0	0.0
111.683	39.24	0.05	2.06	0.00	0.38	0.00	0.0	0	0.0
112.078	39.28	0.05	1.99	0.00	0.40	0.00	0.0	0	0.0
112.473	39.20	0.04	1.61	0.00	0.38	0.00	0.0	0	0.0
112.868	39.19	0.04	1.65	0.02	0.38	0.01	0.5	0	0.0
113.263	39.23	0.04	1.68	0.01	0.40	0.00	0.2	0	0.0
113.658	39.23	0.06	2.17	0.00	0.36	0.00	0.0	0	0.0
114.053	39.18	0.04	1.67	0.00	0.38	0.00	0.0	0	0.0
114.448	39.20	0.04	1.65	0.00	0.35	0.00	0.0	0	0.0
114.843	39.14	0.04	1.71	0.00	0.37	0.00	0.0	0	0.0
115.238	39.21	0.05	1.76	0.00	0.37	0.00	0.0	0	0.0
115.961	39.29	0.04	1.53	0.00	0.33	0.00	0.0	5	0.0
116.355	39.22	0.05	1.86	0.42	0.79	0.33	17.8	5	1.0
116.751	39.15	0.10	4.01	0.93	1.35	1.26	31.4	5	3.0
117.147	39.09	0.14	5.43	1.40	1.79	2.51	46.2	5	4.0
117.543	39.14	0.18	7.16	1.72	2.13	3.67	51.2	5	5.0
117.939	38.98	0.23	8.81	2.04	2.50	5.12	58.0	5	6.0
118.335	38.79	0.33	12.65	2.53	2.99	7.57	59.8	5	8.0
118.732	38.73	0.43	16.47	2.98	3.48	10.37	62.9	5	9.0
119.130	38.66	0.53	20.55	3.34	3.87	12.89	62.7	5	10.0
119.529	38.61	0.63	24.43	3.73	4.24	15.79	64.6	5	12.0
119.928	38.26	0.81	30.80	4.26	4.82	20.54	66.7	5	13.0
120.327	38.10	0.99	37.80	4.73	5.30	25.05	66.3	5	14.0
120.726	37.71	1.15	43.49	5.12	5.71	29.24	67.2	5	15.0
121.125	37.58	1.34	50.53	5.54	6.13	33.94	67.2	5	17.0
121.524	37.07	1.61	59.79	6.05	6.73	40.69	68.1	5	18.0
121.923	36.80	1.85	68.20	6.50	7.15	46.52	68.2	5	19.0
122.322	36.51	2.09	76.19	6.90	7.50	51.72	67.9	5	20.0
122.721	35.99	2.41	86.59	7.35	8.01	58.83	67.9	5	22.0
123.120	35.31	2.74	96.73	7.77	8.48	65.85	68.1	5	23.0
123.519	34.78	3.07	106.67	8.14	8.85	72.07	67.6	5	24.0
123.919	34.19	3.35	114.66	8.43	9.22	77.76	67.8	5	25.0
124.319	33.21	3.78	125.68	8.87	9.60	85.10	67.7	5	27.0
124.719	32.26	4.16	134.28	9.12	9.92	90.47	67.4	5	28.0
125.119	31.26	4.47	139.84	9.37	10.12	94.74	67.7	5	29.0
125.520	30.02	4.77	143.17	9.46	10.25	96.98	67.7	5	31.0
125.921	28.32	5.09	144.29	9.45	10.26	96.91	67.2	5	32.0
126.322	26.36	5.29	139.48	9.27	10.07	93.40	67.0	5	33.0
126.723	24.31	5.38	130.79	8.98	9.75	87.59	67.0	5	34.0
127.123	21.97	5.43	119.25	8.53	9.32	79.53	66.7	5	36.0
127.523	19.77	5.45	107.79	8.09	8.83	71.41	66.3	5	37.0
127.923	17.98	5.46	98.14	7.71	8.46	65.22	66.5	5	38.0
128.322	16.67	5.48	91.32	7.40	8.10	59.96	65.7	5	39.0
128.721	14.88	5.48	81.62	6.99	7.71	53.93	66.1	5	41.0
129.120	13.71	5.50	75.35	6.65	7.33	48.71	64.7	5	42.0
129.519	12.40	5.50	68.15	6.35	7.01	44.55	65.4	5	43.0
129.918	11.60	5.50	63.79	6.08	6.72	40.85	64.0	5	45.0
130.317	10.25	5.50	56.42	5.72	6.33	36.25	64.2	5	46.0
130.716	9.52	5.51	52.42	5.44	6.07	33.03	63.0	5	47.0
131.114	8.65	5.50	47.60	5.20	5.79	30.08	63.2	5	48.0
131.512	8.06	5.51	44.38	4.98	5.58	27.79	62.6	5	50.0
131.910	7.30	5.52	40.28	4.71	5.26	24.77	61.5	5	51.0
132.308	6.80	5.51	37.46	4.48	5.05	22.60	60.3	5	52.0
132.706	6.20	5.52	34.22	4.30	4.83	20.76	60.7	5	53.0
133.104	5.73	5.52	31.65	4.09	4.65	19.03	60.1	5	55.0
133.502	5.44	5.54	30.13	3.86	4.37	16.85	55.9	5	56.0
133.900	4.78	5.53	26.46	3.67	4.19	15.37	58.1	5	57.0
134.298	4.51	5.54	25.02	3.53	4.02	14.15	56.6	5	58.0
134.696	4.12	5.54	22.82	3.33	3.83	12.77	55.9	5	60.0
135.094	3.86	5.54	21.42	3.14	3.62	11.38	53.1	5	61.0
135.492	3.51	5.55	19.47	3.01	3.51	10.55	54.2	5	62.0
135.890	3.28	5.55	18.22	2.86	3.35	9.58	52.6	5	63.0
136.287	2.93	5.55	16.27	2.68	3.20	8.58	52.7	5	65.0
136.684	2.90	5.56	16.13	2.54	3.02	7.67	47.6	5	66.0
137.081	2.67	5.54	14.82	2.38	2.90	6.91	46.6	5	67.0
137.478	2.65	5.56	14.75	2.30	2.78	6.38	43.3	5	69.0
137.875	2.27	5.55	12.61	2.14	2.63	5.62	44.6	5	70.0
138.272	2.12	5.55	11.77	2.03	2.47	5.02	42.7	5	71.0
138.669	1.90	5.54	10.51	1.90	2.35	4.46	42.4	5	72.0
139.066	2.11	5.54	11.69	1.81	2.24	4.06	34.7	5	74.0
139.463	1.75	5.56	9.70	1.65	2.10	3.46	35.7	5	75.0
139.859	1.81	5.54	10.03	1.55	1.98	3.06	30.5	5	76.0
140.256	1.55	5.56	8.60	1.45	1.89	2.74	31.9	5	77.0
140.652	1.56	5.55	8.67	1.37	1.78	2.43	28.0	5	79.0
141.048	1.36	5.56	7.53	1.27	1.66	2.10	27.8	5	80.0
141.444	1.37	5.55	7.60	1.17	1.59	1.85	24.4	5	81.0
141.840	1.07	5.56	5.96	1.07	1.49	1.59	26.7	5	82.0
142.236	1.22	5.54	6.78	0.98	1.42	1.39	20.5	5	84.0
142.632	1.10	5.55	6.13	0.87	1.31	1.14	18.6	5	85.0
143.028	1.14	5.55	6.32	0.83	1.21	1.00	15.8	5	86.0
143.424	1.07	5.55	5.91	0.76	1.11	0.84	14.2	5	87.0
143.820	1.01	5.54	5.57	0.67	1.05	0.70	12.6	5	89.0
144.216	0.99	5.55	5.52	0.57	0.96	0.54	9.9	5	90.0
144.611	0.91	5.55	5.08	0.52	0.91	0.47	9.2	5	91.0
145.006	0.76	5.56	4.21	0.47	0.83	0.39	9.3	5	92.0
145.401	0.93	5.56	5.15	0.37	0.75	0.28	5.4	5	94.0
145.796	13.86	3.69	51.10	0.21	0.55	0.12	0.2	5	0.0
146.192	38.17	0.18	7.00	0.29	0.69	0.20	2.9	5	1.0
146.587	39.10	0.09	3.64	0.70	1.11	0.78	21.4	5	2.0
146.983	39.09	0.12	4.86	1.15	1.62	1.87	38.4	5	3.0
147.379	39.04	0.17	6.74	1.58	2.02	3.19	47.3	5	5.0
147.775	38.91	0.22	8.38	1.96	2.45	4.79	57.1	5	6.0
148.171	38.95	0.29	11.23	2.36	2.82	6.65	59.2	5	7.0
148.568	38.65	0.35	13.69	2.73	3.24	8.82	64.4	5	8.0
148.965	38.86	0.49	18.94	3.22	3.71	11.94	63.0	5	10.0
149.364	38.51	0.62	23.70	3.66	4.22	15.44	65.2	5	11.0
149.763	38.58	0.74	28.39	4.08	4.61	18.83	66.3	5	12.0
150.162	38.05	0.89	33.75	4.45	5.06	22.55	66.8	5	14.0
150.561	37.94	1.10	41.55	4.96	5.60	27.79	66.9	5	15.0
150.960	37.45	1.30	48.73	5.42	6.07	32.89	67.5	5	16.0
151.359	37.39	1.51	56.37	5.84	6.50	37.93	67.3	5	17.0
151.758	36.90	1.75	64.40	6.27	6.97	43.64	67.8	5	19.0
152.157	36.50	2.04	74.63	6.75	7.48	50.50	67.7	5	20.0
152.556	35.94	2.31	82.99	7.14	7.88	56.27	67.8	5	21.0
152.955	35.62	2.56	91.24	7.50	8.24	61.79	67.7	5	22.0
153.354	34.82	2.91	101.45	7.94	8.72	69.25	68.3	5	24.0
153.754	34.17	3.29	112.43	8.35	9.12	76.21	67.8	5	25.0
154.154	33.46	3.63	121.28	8.68	9.46	82.09	67.7	5	26.0
154.554	32.85	3.94	129.41	8.92	9.75	86.89	67.1	5	27.0
154.954	31.48	4.35	137.05	9.25	10.05	93.00	67.9	5	29.0
155.355	30.38	4.71	143.11	9.43	10.23	96.47	67.4	5	30.0
155.756	28.91	4.98	143.98	9.45	10.24	96.77	67.2	5	31.0
156.157	27.16	5.20	141.18	9.38	10.14	95.12	67.4	5	33.0
156.558	24.75	5.37	132.98	9.06	9.83	89.00	66.9	5	34.0
156.958	22.76	5.41	123.26	8.67	9.45	81.94	66.5	5	35.0
157.358	20.74	5.44	112.87	8.30	9.04	75.06	66.5	5	36.0
157.758	18.69	5.46	101.96	7.85	8.61	67.65	66.3	5	38.0
158.158	16.75	5.48	91.80	7.46	8.14	60.73	66.2	5	39.0
158.557	15.51	5.48	85.06	7.11	7.83	55.70	65.5	5	40.0
158.956	14.35	5.48	78.63	6.84	7.50	51.32	65.3	5	41.0
159.355	12.82	5.49	70.46	6.46	7.13	46.09	65.4	5	43.0
159.754	11.65	5.48	63.88	6.12	6.75	41.29	64.6	5	44.0
160.153	10.66	5.51	58.72	5.83	6.50	37.91	64.6	5	45.0
160.552	10.00	5.51	55.09	5.62	6.22	34.96	63.5	5	47.0
160.951	8.93	5.51	49.15	5.26	5.88	30.95	63.0	5	48.0
161.349	8.15	5.49	44.76	5.02	5.57	27.95	62.5	5	49.0
161.747	7.71	5.51	42.47	4.83	5.39	26.03	61.3	5	50.0
162.145	6.98	5.52	38.50	4.61	5.15	23.75	61.7	5	52.0
162.543	6.42	5.51	35.41	4.33	4.92	21.30	60.1	5	53.0
162.941	5.92	5.52	32.69	4.12	4.65	19.17	58.7	5	54.0
163.339	5.42	5.52	29.92	3.92	4.52	17.70	59.2	5	55.0
163.737	5.08	5.54	28.16	3.74	4.27	15.94	56.6	5	57.0
164.135	4.53	5.53	25.09	3.54	4.06	14.37	57.3	5	58.0
164.533	4.38	5.53	24.22	3.38	3.87	13.08	54.0	5	59.0
164.931	4.05	5.53	22.37	3.23	3.76	12.15	54.3	5	60.0
165.329	3.72	5.53	20.60	3.07	3.54	10.85	52.7	5	62.0
165.727	3.33	5.54	18.43	2.87	3.37	9.67	52.5	5	63.0
166.124	3.27	5.55	18.13	2.74	3.22	8.82	48.6	5	64.0
166.521	2.89	5.54	15.99	2.59	3.09	7.99	50.0	5	65.0
166.918	2.91	5.53	16.09	2.45	2.90	7.10	44.1	5	67.0
167.315	2.44	5.54	13.50	2.28	2.76	6.29	46.6	5	68.0
167.712	2.41	5.54	13.37	2.19	2.64	5.77	43.2	5	69.0
168.109	2.14	5.55	11.90	2.07	2.54	5.24	44.1	5	71.0
168.506	2.17	5.56	12.06	1.95	2.38	4.63	38.4	5	72.0
168.903	1.79	5.56	9.96	1.80	2.29	4.12	41.3	5	73.0
169.299	1.92	5.56	10.67	1.71	2.14	3.66	34.3	5	74.0
169.696	1.59	5.57	8.83	1.61	2.04	3.28	37.2	5	76.0
170.092	1.69	5.55	9.38	1.48	1.90	2.83	30.1	5	77.0
170.488	1.51	5.56	8.37	1.37	1.79	2.45	29.3	5	78.0
170.884	1.51	5.55	8.36	1.32	1.72	2.27	27.2	5	79.0
171.280	1.32	5.56	7.32	1.22	1.62	1.97	26.9	5	81.0
171.676	1.27	5.56	7.06	1.10	1.52	1.66	23.5	5	82.0
172.072	1.18	5.55	6.55	1.00	1.42	1.42	21.7	5	83.0
172.468	1.05	5.56	5.86	0.96	1.35	1.30	22.2	5	84.0
172.864	1.13	5.56	6.29	0.85	1.23	1.05	16.7	5	86.0
173.260	0.95	5.56	5.27	0.75	1.18	0.89	16.9	5	87.0
173.656	1.03	5.56	5.73	0.69	1.06	0.73	12.8	5	88.0
174.052	0.93	5.56	5.15	0.63	1.05	0.66	12.8	5	89.0
174.448	0.78	5.55	4.31	0.56	0.89	0.50	11.5	5	91.0
174.844	0.80	5.55	4.45	0.45	0.88	0.39	8.8	5	92.0
175.239	0.85	5.56	4.70	0.39	0.77	0.30	6.5	5	93.0
175.634	0.72	5.55	4.02	0.32	0.74	0.24	5.9	5	94.0
176.029	35.82	0.54	19.40	0.03	0.39	0.01	0.1	5	0.0
176.425	39.09	0.10	3.77	0.54	0.92	0.50	13.1	5	2.0
176.821	39.20	0.12	4.87	1.08	1.50	1.62	33.2	5	3.0
177.217	39.05	0.16	6.40	1.43	1.88	2.69	42.1	5	4.0
177.613	39.14	0.20	7.96	1.74	2.22	3.88	48.7	5	5.0
178.009	38.90	0.28	10.76	2.19	2.69	5.89	54.7	5	7.0
178.406	38.96	0.36	13.97	2.63	3.16	8.29	59.3	5	8.0
178.803	38.76	0.45	17.45	3.04	3.58	10.85	62.2	5	9.0
179.201	38.61	0.54	20.98	3.38	3.93	13.31	63.4	5	10.0
179.600	38.12	0.71	26.96	3.88	4.51	17.48	64.8	5	12.0
179.999	38.20	0.86	32.94	4.33	4.96	21.48	65.2	5	13.0
180.398	37.86	1.01	38.36	4.77	5.37	25.63	66.8	5	14.0
180.797	37.62	1.21	45.58	5.19	5.83	30.28	66.4	5	16.0
181.196	37.45	1.45	54.17	5.69	6.34	36.04	66.5	5	17.0
181.595	37.00	1.66	61.49	6.14	6.82	41.89	68.1	5	18.0
181.994	36.48	1.90	69.42	6.50	7.21	46.90	67.6	5	19.0
182.393	36.22	2.18	78.83	6.93	7.65	53.07	67.3	5	21.0
182.792	35.63	2.50	89.19	7.43	8.16	60.58	67.9	5	22.0
183.191	35.08	2.80	98.35	7.82	8.56	66.90	68.0	5	23.0
183.590	34.54	3.10	106.95	8.18	8.90	72.79	68.1	5	24.0
183.990	33.71	3.50	118.06	8.54	9.34	79.76	67.6	5	26.0
184.390	32.93	3.88	127.68	8.91	9.67	86.12	67.4	5	27.0
184.790	31.93	4.21	134.40	9.17	9.96	91.27	67.9	5	28.0
185.190	30.92	4.51	139.31	9.34	10.12	94.53	67.9	5	30.0
185.591	29.46	4.88	143.82	9.44	10.25	96.74	67.3	5	31.0
185.992	27.76	5.15	142.91	9.42	10.17	95.78	67.0	5	32.0
186.393	25.83	5.32	137.32	9.23	10.01	92.40	67.3	5	33.0
186.794	23.87	5.41	129.01	8.88	9.64	85.63	66.4	5	35.0
187.194	21.26	5.44	115.68	8.42	9.18	77.33	66.9	5	36.0
187.594	19.49	5.47	106.51	8.03	8.74	70.22	65.9	5	37.0
187.994	17.70	5.47	96.77	7.66	8.40	64.28	66.4	5	38.0
188.393	16.05	5.49	88.13	7.26	7.94	57.64	65.4	5	40.0
188.792	14.55	5.49	79.86	6.89	7.60	52.33	65.5	5	41.0
189.191	13.44	5.50	73.91	6.58	7.23	47.59	64.4	5	42.0
189.590	12.33	5.50	67.74	6.29	6.97	43.84	64.7	5	43.0
189.989	11.05	5.49	60.65	5.95	6.58	39.15	64.6	5	45.0
190.388	10.07	5.50	55.35	5.64	6.27	35.37	63.9	5	46.0
190.787	9.38	5.51	51.65	5.39	6.02	32.48	62.9	5	47.0
191.185	8.73	5.50	48.04	5.17	5.79	29.98	62.4	5	49.0
191.583	7.87	5.51	43.41	4.89	5.46	26.70	61.5	5	50.0
191.981	7.23	5.51	39.82	4.63	5.26	24.35	61.1	5	51.0
192.379	6.77	5.53	37.38	4.44	5.01	22.25	59.5	5	52.0
192.777	6.26	5.53	34.58	4.21	4.80	20.20	58.4	5	54.0
193.175	5.83	5.53	32.29	3.99	4.54	18.11	56.1	5	55.0
193.573	5.17	5.54	28.65	3.80	4.35	16.53	57.7	5	56.0
193.971	4.82	5.53	26.63	3.63	4.17	15.17	57.0	5	57.0
194.369	4.41	5.53	24.37	3.42	3.99	13.66	56.0	5	59.0
194.767	4.08	5.54	22.61	3.27	3.79	12.40	54.8	5	60.0
195.165	3.86	5.54	21.41	3.10	3.60	11.15	52.1	5	61.0
195.563	3.65	5.54	20.22	2.96	3.48	10.32	51.1	5	62.0
195.961	3.00	5.54	16.61	2.78	3.28	9.10	54.8	5	64.0
196.358	3.05	5.54	16.90	2.65	3.10	8.21	48.6	5	65.0
196.755	2.67	5.54	14.78	2.51	2.98	7.49	50.7	5	66.0
197.152	2.65	5.54	14.69	2.39	2.84	6.79	46.2	5	67.0
197.549	2.37	5.54	13.15	2.22	2.68	5.96	45.3	5	69.0
197.946	2.21	5.55	12.25	2.09	2.55	5.33	43.5	5	70.0
198.343	2.07	5.55	11.46	1.99	2.43	4.84	42.2	5	71.0
198.740	1.95	5.55	10.81	1.90	2.32	4.39	40.6	5	73.0
199.137	1.68	5.55	9.30	1.74	2.18	3.81	41.0	5	74.0
199.533	1.71	5.56	9.50	1.64	2.09	3.44	36.2	5	75.0
199.929	1.67	5.55	9.24	1.54	1.95	3.01	32.6	5	76.0
200.325	1.43	5.54	7.95	1.45	1.89	2.73	34.4	5	78.0
200.721	1.46	5.54	8.11	1.35	1.73	2.33	28.8	5	79.0
201.117	1.37	5.55	7.60	1.25	1.66	2.09	27.5	5	80.0
201.513	1.26	5.56	7.01	1.16	1.56	1.80	25.7	5	81.0
201.909	1.29	5.56	7.17	1.03	1.50	1.55	21.6	5	83.0
202.305	1.35	5.55	7.51	0.97	1.37	1.33	17.7	5	84.0
202.701	1.03	5.55	5.70	0.87	1.31	1.14	20.0	5	85.0
203.097	1.19	5.56	6.62	0.82	1.20	0.98	14.8	5	86.0
203.493	1.02	5.55	5.66	0.69	1.14	0.79	14.0	5	88.0
203.889	1.05	5.55	5.82	0.66	1.03	0.69	11.8	5	89.0
204.285	0.83	5.55	4.62	0.58	0.99	0.57	12.4	5	90.0
204.681	0.97	5.55	5.37	0.50	0.89	0.44	8.2	5	91.0
205.076	0.81	5.55	4.51	0.44	0.84	0.37	8.2	5	93.0
205.471	0.87	5.55	4.82	0.37	0.74	0.27	5.6	5	94.0
205.866	25.01	2.08	52.13	0.11	0.48	0.05	0.1	5	0.0
206.262	38.68	0.14	5.34	0.37	0.78	0.28	5.3	5	1.0
206.657	38.95	0.09	3.63	0.76	1.21	0.92	25.3	5	2.0
207.053	39.09	0.14	5.63	1.29	1.74	2.24	39.8	5	4.0
207.449	39.05	0.19	7.42	1.68	2.14	3.60	48.5	5	5.0
207.845	39.07	0.23	9.02	2.03	2.50	5.08	56.3	5	6.0
208.241	38.80	0.31	12.17	2.41	2.89	6.95	57.1	5	7.0
208.638	38.84	0.42	16.19	2.85	3.40	9.68	59.8	5	9.0
209.035	38.62	0.52	20.13	3.29	3.85	12.68	63.0	5	10.0
209.434	38.41	0.65	24.82	3.72	4.30	15.97	64.4	5	11.0
209.833	38.33	0.76	29.20	4.11	4.68	19.21	65.8	5	12.0
210.232	38.11	0.97	36.95	4.63	5.24	24.26	65.7	5	14.0
210.631	37.67	1.14	43.05	5.07	5.67	28.77	66.8	5	15.0
211.030	37.42	1.33	49.91	5.48	6.15	33.68	67.5	5	16.0
211.429	37.24	1.56	57.92	5.92	6.57	38.88	67.1	5	18.0
211.828	36.66	1.84	67.52	6.44	7.11	45.78	67.8	5	19.0
212.227	36.27	2.08	75.60	6.83	7.53	51.45	68.1	5	20.0
212.626	35.84	2.33	83.65	7.20	7.93	57.05	68.2	5	21.0
213.025	35.38	2.65	93.66	7.62	8.35	63.68	68.0	5	23.0
213.424	34.53	3.04	104.82	8.07	8.87	71.56	68.3	5	24.0
213.824	34.10	3.35	114.21	8.39	9.20	77.20	67.6	5	25.0
214.224	33.29	3.67	122.11	8.75	9.50	83.11	68.1	5	26.0
214.624	32.34	4.08	131.83	9.07	9.84	89.22	67.7	5	28.0
215.024	31.20	4.44	138.61	9.31	10.12	94.17	67.9	5	29.0
215.425	30.06	4.75	142.65	9.42	10.23	96.42	67.6	5	30.0
215.826	28.87	4.98	143.74	9.46	10.28	97.28	67.7	5	32.0
216.227	26.59	5.26	139.93	9.29	10.12	93.95	67.1	5	33.0
216.628	24.42	5.38	131.39	8.99	9.80	88.11	67.1	5	34.0
217.028	22.66	5.43	122.94	8.64	9.44	81.54	66.3	5	35.0
217.428	20.36	5.46	111.07	8.23	8.98	73.86	66.5	5	37.0
217.828	18.33	5.48	100.39	7.77	8.50	66.04	65.8	5	38.0
218.228	16.55	5.48	90.73	7.40	8.15	60.36	66.5	5	39.0
218.627	15.46	5.49	84.83	7.10	7.79	55.34	65.2	5	40.0
219.026	13.84	5.49	75.97	6.72	7.40	49.71	65.4	5	42.0
219.425	12.74	5.50	70.04	6.38	7.06	45.01	64.3	5	43.0
219.824	11.54	5.50	63.45	6.07	6.73	40.83	64.3	5	44.0
220.223	10.84	5.49	59.54	5.83	6.46	37.71	63.3	5	45.0
220.622	9.60	5.51	52.85	5.49	6.11	33.53	63.4	5	47.0
221.020	8.86	5.51	48.81	5.20	5.84	30.36	62.2	5	48.0
221.418	8.08	5.51	44.55	4.96	5.59	27.75	62.3	5	49.0
221.816	7.69	5.50	42.34	4.78	5.36	25.59	60.4	5	51.0
222.214	6.84	5.51	37.67	4.49	5.07	22.77	60.4	5	52.0
222.612	6.43	5.51	35.47	4.28	4.84	20.73	58.5	5	53.0
223.010	5.79	5.52	31.96	4.11	4.66	19.18	60.0	5	54.0
223.408	5.42	5.53	29.97	3.88	4.44	17.25	57.5	5	56.0
223.806	4.83	5.53	26.72	3.68	4.22	15.50	58.0	5	57.0
224.204	4.66	5.54	25.81	3.49	4.09	14.26	55.2	5	58.0
224.602	4.24	5.53	23.44	3.33	3.87	12.92	55.1	5	59.0
225.000	3.93	5.53	21.75	3.18	3.72	11.82	54.3	5	61.0
225.398	3.63	5.54	20.11	2.99	3.50	10.45	52.0	5	62.0
225.796	3.38	5.53	18.73	2.86	3.37	9.65	51.5	5	63.0
226.193	3.14	5.53	17.35	2.74	3.19	8.76	50.5	5	64.0
226.590	2.88	5.55	15.96	2.56	3.04	7.79	48.8	5	66.0
226.987	2.54	5.54	14.04	2.43	2.84	6.92	49.3	5	67.0
227.384	2.38	5.56	13.25	2.25	2.75	6.20	46.8	5	68.0
227.781	2.33	5.54	12.90	2.18	2.61	5.68	44.1	5	69.0
228.178	2.11	5.54	11.71	2.02	2.46	4.96	42.3	5	71.0
228.575	1.93	5.54	10.67	1.91	2.32	4.44	41.6	5	72.0
228.972	1.80	5.54	9.97	1.81	2.26	4.08	41.0	5	73.0
229.368	1.78	5.54	9.84	1.72	2.12	3.64	37.0	5	75.0
229.764	1.60	5.52	8.84	1.57	2.00	3.14	35.5	5	76.0
230.160	1.57	5.53	8.71	1.47	1.86	2.73	31.4	5	77.0
230.556	1.52	5.53	8.43	1.36	1.78	2.43	28.9	5	78.0
230.952	1.53	5.55	8.48	1.30	1.67	2.16	25.5	5	80.0
231.348	1.33	5.54	7.37	1.17	1.57	1.83	24.9	5	81.0
231.744	1.43	5.55	7.91	1.09	1.48	1.61	20.3	5	82.0
232.140	1.13	5.53	6.28	1.00	1.42	1.42	22.6	5	83.0
232.536	1.28	5.54	7.08	0.92	1.31	1.21	17.2	5	85.0
232.932	0.94	5.55	5.22	0.82	1.22	1.00	19.1	5	86.0
233.328	1.02	5.55	5.67	0.74	1.12	0.82	14.5	5	87.0
233.724	0.90	5.56	5.02	0.67	1.06	0.71	14.1	5	88.0
234.533	35.85	0.55	19.85	0.06	0.37	0.02	0.1	0	0.0
234.928	39.07	0.07	2.63	0.00	0.32	0.00	0.0	0	0.0
235.323	39.13	0.06	2.37	0.00	0.33	0.00	0.0	0	0.0
235.718	39.28	0.05	1.95	0.00	0.34	0.00	0.0	0	0.0
236.423	33.90	3.20	108.60	7.17	7.75	55.58	51.2	1	27.1
236.822	27.76	3.94	109.50	7.71	8.34	64.26	58.7	1	20.8
237.222	31.00	4.32	134.03	9.07	9.72	88.15	65.8	1	29.5
237.622	33.14	3.61	119.63	8.48	9.13	77.50	64.8	1	22.3
238.022	19.96	5.09	101.58	7.66	8.31	63.66	62.7	1	38.0
238.422	29.94	4.70	140.67	9.35	9.98	93.25	66.3	1	30.1
238.822	20.89	5.37	112.16	8.27	8.95	74.00	66.0	1	36.5
239.222	31.33	4.21	132.03	8.97	9.66	86.71	65.7	1	29.5
239.622	30.69	4.55	139.75	9.33	9.97	92.94	66.5	1	25.3
240.022	22.25	4.94	109.82	7.92	8.57	67.91	61.8	1	38.0
240.422	29.03	4.77	138.57	9.25	9.93	91.88	66.3	1	28.6
240.822	32.45	4.04	131.17	9.03	9.69	87.49	66.7	1	26.8
241.222	24.38	5.08	123.85	8.58	9.27	79.57	64.2	1	29.5
241.622	31.49	4.34	136.79	9.21	9.89	91.07	66.6	1	28.0
242.022	27.45	4.81	132.11	8.99	9.63	86.53	65.5	1	35.0
242.422	30.00	4.57	137.11	9.19	9.88	90.78	66.2	1	28.6
242.822	31.11	4.42	137.50	9.24	9.93	91.75	66.7	1	29.8
243.222	25.70	5.26	135.23	9.12	9.79	89.35	66.1	1	33.5
243.622	31.46	4.29	134.85	9.20	9.86	90.67	67.2	1	28.0
244.022	27.74	5.10	141.45	9.36	10.02	93.79	66.3	1	32.0
244.423	32.16	4.14	132.99	9.07	9.76	88.52	66.6	1	27.1
244.823	32.63	3.91	127.75	8.93	9.62	85.92	67.3	1	26.3
245.223	30.38	4.59	139.37	9.31	9.95	92.64	66.5	1	30.5
245.623	31.70	4.31	136.64	9.20	9.93	91.36	66.9	1	28.3
246.023	31.11	4.49	139.77	9.34	10.04	93.80	67.1	1	29.0
246.424	31.82	4.30	136.68	9.23	9.93	91.69	67.1	1	27.8
246.824	31.80	4.31	136.97	9.22	9.91	91.34	66.7	1	28.3
247.224	31.72	4.32	136.99	9.25	9.95	91.97	67.1	1	28.0
247.624	31.57	4.34	137.03	9.24	9.92	91.72	66.9	1	28.3
248.024	32.24	4.13	133.22	9.12	9.79	89.32	67.0	1	26.9
248.424	31.51	4.35	136.94	9.24	9.91	91.59	66.9	1	28.6
248.824	31.27	4.50	140.76	9.34	10.02	93.60	66.5	1	29.3
249.225	31.58	4.35	137.39	9.26	9.94	92.12	67.1	1	28.3
249.625	31.80	4.30	136.80	9.25	9.94	91.89	67.2	1	28.3
250.025	31.54	4.31	136.08	9.26	9.91	91.83	67.5	1	27.8
250.425	31.77	4.30	136.70	9.24	9.92	91.62	67.0	1	28.2
250.825	31.75	4.32	137.12	9.26	9.93	91.97	67.1	1	28.3
251.225	32.32	4.11	132.91	9.12	9.78	89.21	67.1	1	27.3
251.625	31.76	4.30	136.45	9.25	9.88	91.42	67.0	1	28.2
252.025	31.57	4.32	136.48	9.25	9.94	91.94	67.4	1	28.3
252.425	31.67	4.32	136.91	9.27	9.94	92.14	67.3	1	28.3
252.825	31.76	4.33	137.46	9.26	9.93	91.99	66.9	1	28.3
253.225	31.59	4.31	136.26	9.28	9.91	92.01	67.5	1	28.3
253.625	31.63	4.34	137.27	9.22	9.93	91.52	66.7	1	28.3
254.025	31.75	4.32	137.21	9.25	9.94	91.91	67.0	1	28.3
254.425	31.67	4.32	136.95	9.23	9.94	91.77	67.0	1	28.3
254.825	31.75	4.33	137.49	9.24	9.93	91.83	66.8	1	28.3
255.225	31.60	4.33	136.84	9.26	9.92	91.89	67.2	1	28.3
255.625	31.69	4.32	136.99	9.27	9.92	91.96	67.1	1	28.3
256.025	31.63	4.34	137.12	9.24	9.93	91.78	66.9	1	28.3
256.425	31.71	4.33	137.34	9.26	9.93	91.98	67.0	1	28.3
256.825	31.64	4.33	137.04	9.24	9.95	91.96	67.1	1	28.3
257.225	31.61	4.32	136.52	9.26	9.94	91.99	67.4	1	28.3
257.625	31.66	4.33	137.19	9.23	9.94	91.79	66.9	1	28.3
258.025	31.75	4.32	137.19	9.26	9.96	92.22	67.2	1	28.3
258.425	31.59	4.32	136.60	9.23	9.95	91.79	67.2	1	28.3
258.825	31.66	4.33	136.93	9.24	9.94	91.92	67.1	1	28.3
259.225	31.53	4.33	136.55	9.24	9.93	91.68	67.1	1	28.3
259.625	31.62	4.33	137.02	9.26	9.95	92.12	67.2	1	28.3
260.025	31.64	4.33	137.02	9.23	9.92	91.57	66.8	1	28.3
260.425	31.70	4.32	137.07	9.25	9.97	92.25	67.3	1	28.3
260.825	31.66	4.33	136.97	9.24	9.94	91.84	67.1	1	28.3
261.225	31.63	4.34	137.10	9.24	9.94	91.87	67.0	1	28.3
261.625	31.60	4.33	136.65	9.25	9.95	91.98	67.3	1	28.3
262.025	31.58	4.33	136.76	9.23	9.96	91.96	67.2	1	28.3
262.425	31.60	4.33	136.71	9.25	9.95	92.05	67.3	1	28.3
262.825	31.72	4.33	137.48	9.27	9.97	92.41	67.2	1	28.3
263.225	31.67	4.33	137.23	9.23	9.97	92.11	67.1	1	28.3
263.625	31.67	4.34	137.55	9.26	9.97	92.33	67.1	1	28.3
264.025	31.62	4.33	136.95	9.23	9.93	91.73	67.0	1	28.3
264.425	31.76	4.33	137.61	9.26	9.95	92.14	67.0	1	28.3
264.825	31.53	4.33	136.64	9.24	9.95	91.95	67.3	1	28.3
265.225	31.71	4.34	137.52	9.24	9.99	92.33	67.1	1	28.3
265.625	31.59	4.35	137.41	9.24	9.96	92.08	67.0	1	28.3
266.025	31.90	4.33	138.12	9.27	9.96	92.29	66.8	1	28.3
266.425	31.70	4.34	137.50	9.27	9.98	92.48	67.3	1	28.3
266.825	31.76	4.34	137.86	9.27	9.98	92.52	67.1	1	28.3
267.225	31.74	4.34	137.76	9.26	9.96	92.26	67.0	1	28.3
267.625	31.64	4.34	137.46	9.24	9.96	92.03	66.9	1	28.3
268.025	31.64	4.34	137.29	9.26	9.95	92.21	67.2	1	28.3
268.425	31.58	4.34	137.04	9.28	9.98	92.59	67.6	1	28.3
268.825	31.49	4.35	136.84	9.27	9.97	92.42	67.5	1	28.3
269.225	31.56	4.35	137.16	9.24	9.99	92.30	67.3	1	28.3
269.625	31.67	4.35	137.82	9.27	9.97	92.38	67.0	1	28.3
270.025	31.60	4.34	137.03	9.25	9.99	92.41	67.4	1	28.3
270.425	31.76	4.34	137.79	9.21	9.98	91.92	66.7	1	28.3
270.825	31.62	4.36	137.77	9.24	9.98	92.19	66.9	1	28.3
271.225	31.65	4.34	137.41	9.24	9.98	92.22	67.1	1	28.3
271.625	31.64	4.34	137.44	9.25	9.99	92.36	67.2	1	28.3
272.025	31.66	4.34	137.44	9.26	9.98	92.41	67.2	1	28.3
272.425	31.67	4.34	137.43	9.24	9.97	92.12	67.0	1	28.3
272.825	31.68	4.36	137.98	9.25	9.97	92.22	66.8	1	28.3
273.225	31.69	4.35	137.74	9.25	10.00	92.53	67.2	1	28.3
273.626	31.70	4.34	137.62	9.26	9.98	92.43	67.2	1	28.3
274.026	31.40	4.34	136.33	9.25	9.98	92.22	67.6	1	28.3
274.426	31.73	4.33	137.49	9.28	9.95	92.34	67.2	1	28.3
274.826	31.66	4.34	137.30	9.24	9.98	92.19	67.1	1	28.3
275.226	31.80	4.34	138.05	9.26	9.98	92.34	66.9	1	28.3
275.626	31.65	4.34	137.39	9.25	9.97	92.22	67.1	1	28.3
276.026	31.63	4.35	137.52	9.26	9.97	92.33	67.1	1	28.3
276.426	31.61	4.35	137.40	9.25	9.97	92.24	67.1	1	28.3
276.826	31.63	4.34	137.38	9.27	9.97	92.40	67.3	1	28.3
277.226	31.54	4.34	136.96	9.25	9.96	92.18	67.3	1	28.3
277.626	31.62	4.35	137.43	9.24	9.94	91.82	66.8	1	28.3
278.026	31.56	4.34	136.83	9.24	9.96	92.07	67.3	1	28.3
278.426	31.66	4.34	137.34	9.24	9.98	92.20	67.1	1	28.3
278.826	31.68	4.34	137.51	9.28	9.98	92.61	67.4	1	28.3
279.226	31.74	4.34	137.84	9.27	9.99	92.58	67.2	1	28.3
279.626	31.64	4.35	137.68	9.26	9.94	92.05	66.9	1	28.3
280.026	31.69	4.34	137.56	9.27	9.97	92.41	67.2	1	28.3
280.426	31.66	4.35	137.56	9.27	9.96	92.36	67.1	1	28.3
280.826	31.68	4.34	137.58	9.30	9.96	92.63	67.3	1	28.3
281.226	31.63	4.36	137.79	9.27	9.96	92.37	67.0	1	28.3
281.626	31.78	4.35	138.36	9.26	9.99	92.52	66.9	1	28.3
282.026	31.71	4.35	138.00	9.26	9.92	91.86	66.6	1	28.3
282.426	31.63	4.35	137.59	9.29	9.95	92.39	67.1	1	28.3
282.826	31.68	4.35	137.94	9.26	9.95	92.12	66.8	1	28.3
283.226	31.69	4.35	137.91	9.28	9.97	92.53	67.1	1	28.3
283.626	31.78	4.35	138.36	9.26	9.96	92.24	66.7	1	28.3
284.026	31.73	4.34	137.75	9.26	9.97	92.37	67.1	1	28.3
284.426	31.82	4.35	138.48	9.27	9.97	92.40	66.7	1	28.3
284.826	31.73	4.36	138.22	9.26	9.96	92.29	66.8	1	28.3
285.226	31.68	4.35	137.86	9.26	9.98	92.38	67.0	1	28.3
285.626	31.56	4.35	137.18	9.26	9.98	92.41	67.4	1	28.3
