570.628	35.82	1.22	43.82	4.79	5.41	25.91	59.1	4	14.2
571.027	37.90	1.00	38.02	4.94	5.54	27.37	72.0	4	14.2
571.426	38.18	0.99	37.73	4.94	5.55	27.43	72.7	4	14.2
571.825	37.64	0.98	36.77	4.86	5.52	26.82	73.0	4	14.2
572.224	37.41	0.97	36.34	4.86	5.45	26.47	72.8	4	14.2
572.623	37.56	0.97	36.35	4.88	5.48	26.77	73.6	4	14.2
573.022	38.06	0.98	37.48	4.95	5.57	27.59	73.6	4	14.2
573.421	38.04	0.99	37.79	4.96	5.61	27.83	73.6	4	14.2
573.820	38.13	0.99	37.72	4.97	5.61	27.90	74.0	4	14.2
574.219	38.12	0.99	37.61	4.97	5.61	27.88	74.1	4	14.2
574.618	38.19	1.00	38.35	4.95	5.63	27.90	72.7	4	14.2
575.017	38.32	0.99	38.10	4.93	5.63	27.77	72.9	4	14.2
575.416	38.21	1.01	38.60	4.99	5.60	27.94	72.4	4	14.2
575.815	38.11	1.00	38.16	4.96	5.61	27.82	72.9	4	14.2
576.214	38.16	1.01	38.45	4.97	5.61	27.85	72.4	4	14.2
576.613	38.11	1.01	38.38	4.96	5.61	27.81	72.5	4	14.2
577.012	38.13	1.00	38.30	4.97	5.62	27.92	72.9	4	14.2
577.411	38.12	1.00	38.19	4.95	5.61	27.76	72.7	4	14.2
577.810	38.17	1.01	38.57	4.95	5.56	27.54	71.4	4	14.2
578.209	38.19	1.00	38.21	4.95	5.61	27.75	72.6	4	14.2
578.608	38.27	1.01	38.55	4.93	5.58	27.51	71.4	4	14.2
579.007	38.05	1.01	38.34	4.98	5.61	27.93	72.8	4	14.2
579.406	38.10	1.01	38.33	4.95	5.56	27.52	71.8	4	14.2
579.805	38.22	1.00	38.31	4.99	5.60	27.90	72.8	4	14.2
580.204	38.05	1.00	38.14	4.97	5.63	27.98	73.3	4	14.2
580.603	38.13	1.00	37.95	4.95	5.64	27.90	73.5	4	14.2
581.002	38.12	1.00	38.00	4.97	5.59	27.80	73.2	4	14.2
581.401	38.10	1.00	38.10	4.96	5.60	27.81	73.0	4	14.2
581.800	38.11	1.00	38.30	4.94	5.60	27.68	72.3	4	14.2
582.199	38.10	1.00	38.06	4.96	5.60	27.78	73.0	4	14.2
582.598	38.15	1.00	38.03	4.95	5.61	27.81	73.1	4	14.2
582.997	38.15	0.98	37.47	4.97	5.60	27.82	74.3	4	14.2
583.396	38.19	0.99	37.71	4.95	5.57	27.54	73.0	4	14.2
583.795	38.07	1.00	38.06	4.94	5.59	27.61	72.5	4	14.2
584.194	37.98	0.99	37.67	4.93	5.61	27.67	73.4	4	14.2
584.593	38.08	0.99	37.52	4.98	5.57	27.75	74.0	4	14.2
584.992	38.02	0.99	37.67	4.94	5.59	27.60	73.3	4	14.2
585.391	38.13	0.99	37.65	4.93	5.59	27.56	73.2	4	14.2
585.790	37.98	1.00	37.91	4.93	5.59	27.56	72.7	4	14.2
586.189	38.07	1.00	38.01	4.95	5.56	27.51	72.4	4	14.2
586.588	37.97	0.98	37.38	4.92	5.57	27.42	73.3	4	14.2
586.987	38.00	0.99	37.73	4.94	5.56	27.45	72.8	4	14.2
587.386	38.06	1.00	38.22	4.94	5.57	27.50	72.0	4	14.2
587.785	38.08	0.99	37.85	4.96	5.57	27.63	73.0	4	14.2
588.184	38.10	1.00	37.92	4.94	5.54	27.40	72.3	4	14.2
588.583	38.11	1.00	37.98	4.93	5.57	27.46	72.3	4	14.2
588.982	38.00	1.00	37.81	4.93	5.56	27.43	72.5	4	14.2
589.381	38.06	0.99	37.74	4.93	5.55	27.38	72.6	4	14.2
589.780	37.97	1.00	37.88	4.93	5.59	27.56	72.8	4	14.2
590.179	37.93	0.99	37.48	4.93	5.56	27.42	73.1	4	14.2
590.578	38.02	0.99	37.48	4.94	5.57	27.51	73.4	4	14.2
590.977	37.82	0.99	37.47	4.94	5.57	27.53	73.5	4	14.2
591.376	38.02	1.00	38.14	4.94	5.58	27.55	72.3	4	14.2
591.775	37.98	0.99	37.51	4.92	5.56	27.35	72.9	4	14.2
592.174	38.09	0.99	37.71	4.94	5.54	27.38	72.6	4	14.2
592.573	37.94	0.99	37.60	4.95	5.55	27.48	73.1	4	14.2
592.972	37.98	0.98	37.39	4.94	5.56	27.43	73.4	4	14.2
593.371	37.98	0.99	37.47	4.92	5.53	27.22	72.6	4	14.2
593.770	38.04	0.98	37.25	4.94	5.55	27.43	73.6	4	14.2
594.169	37.95	1.00	37.89	4.94	5.57	27.49	72.6	4	14.2
594.568	37.95	0.99	37.71	4.92	5.55	27.33	72.5	4	14.2
594.967	37.90	0.99	37.36	4.93	5.55	27.33	73.2	4	14.2
595.366	37.92	0.99	37.55	4.93	5.56	27.39	73.0	4	14.2
595.765	37.89	0.99	37.64	4.93	5.54	27.29	72.5	4	14.2
596.164	37.91	0.99	37.60	4.95	5.53	27.37	72.8	4	14.2
596.563	37.93	0.99	37.55	4.94	5.57	27.51	73.3	4	14.2
596.962	37.91	0.98	37.30	4.93	5.57	27.46	73.6	4	14.2
597.361	37.95	0.99	37.67	4.96	5.56	27.59	73.2	4	14.2
597.760	37.99	0.98	37.36	4.94	5.55	27.39	73.3	4	14.2
598.159	37.44	0.97	36.45	4.85	5.48	26.62	73.0	4	14.2
598.558	37.11	0.96	35.46	4.84	5.48	26.52	74.8	4	14.2
598.957	37.13	0.95	35.15	4.81	5.44	26.13	74.3	4	14.2
599.356	37.08	0.95	35.37	4.86	5.45	26.47	74.8	4	14.2
599.755	37.60	0.98	36.74	4.87	5.53	26.94	73.3	4	14.2
600.154	37.57	0.97	36.29	4.88	5.50	26.82	73.9	4	14.2
600.553	37.35	0.96	35.85	4.87	5.50	26.79	74.7	4	14.2
600.952	37.32	0.99	37.10	4.86	5.46	26.56	71.6	4	14.2
603.924	38.82	0.21	8.18	1.03	1.38	1.42	17.3	4	10.4
604.320	38.21	0.78	29.82	4.10	4.62	18.90	63.4	4	12.2
604.719	38.17	0.81	30.80	4.20	4.75	19.94	64.7	4	12.2
605.118	38.31	0.81	31.18	4.25	4.74	20.17	64.7	4	12.2
605.517	38.07	0.81	31.00	4.24	4.76	20.20	65.2	4	12.2
605.916	38.18	0.81	30.95	4.23	4.76	20.16	65.1	4	12.2
606.315	38.32	0.82	31.58	4.22	4.74	20.03	63.4	4	12.2
606.714	38.22	0.82	31.15	4.23	4.74	20.05	64.4	4	12.2
607.113	38.11	0.82	31.22	4.21	4.78	20.15	64.6	4	12.2
607.512	38.12	0.82	31.40	4.24	4.74	20.08	64.0	4	12.2
607.911	38.18	0.81	30.95	4.21	4.76	20.04	64.7	4	12.2
608.310	38.32	0.82	31.61	4.21	4.75	19.99	63.2	4	12.2
608.709	38.16	0.83	31.54	4.21	4.73	19.92	63.2	4	12.2
609.108	38.06	0.81	30.97	4.21	4.76	20.04	64.7	4	12.2
609.507	38.15	0.81	31.07	4.21	4.76	20.02	64.4	4	12.2
609.906	38.27	0.82	31.19	4.23	4.75	20.06	64.3	4	12.2
610.305	38.10	0.81	30.93	4.22	4.75	20.05	64.8	4	12.2
610.704	38.13	0.81	31.03	4.22	4.75	20.04	64.6	4	12.2
611.103	38.16	0.82	31.25	4.21	4.76	20.04	64.1	4	12.2
611.502	38.10	0.82	31.26	4.21	4.75	20.00	64.0	4	12.2
611.901	38.17	0.81	31.09	4.21	4.77	20.08	64.6	4	12.2
612.300	38.04	0.82	31.01	4.20	4.73	19.86	64.1	4	12.2
97.591	38.03	1.25	47.39	4.87	5.49	26.70	56.3	4	20.5
97.988	26.04	3.52	91.73	7.48	8.22	61.52	67.1	4	29.0
98.386	33.94	2.96	100.50	7.93	8.69	68.87	68.5	4	23.5
98.785	28.84	3.58	103.14	8.02	8.77	70.34	68.2	4	27.0
99.184	33.56	3.17	106.32	8.14	8.93	72.63	68.3	4	26.0
99.583	32.75	3.28	107.51	8.21	9.00	73.93	68.8	4	25.0
99.982	32.30	3.36	108.65	8.25	9.02	74.46	68.5	4	25.0
100.381	32.67	3.35	109.53	8.26	9.05	74.73	68.2	4	25.0
100.781	32.46	3.38	109.75	8.28	9.05	74.89	68.2	4	24.5
101.181	31.68	3.45	109.39	8.26	9.06	74.89	68.5	4	25.0
101.581	32.82	3.33	109.34	8.27	9.07	74.97	68.6	4	25.0
101.981	33.34	3.24	107.89	8.23	9.03	74.28	68.8	4	25.0
102.381	32.17	3.40	109.29	8.24	9.05	74.58	68.2	4	25.0
102.781	32.38	3.40	110.07	8.27	9.04	74.76	67.9	4	25.0
103.181	31.32	3.52	110.10	8.28	9.10	75.30	68.4	4	25.5
103.581	32.15	3.44	110.64	8.30	9.13	75.78	68.5	4	27.0
103.981	31.82	3.46	110.26	8.32	9.11	75.79	68.7	4	27.0
104.381	31.13	3.56	110.81	8.32	9.09	75.62	68.2	4	26.0
104.781	32.66	3.39	110.79	8.32	9.10	75.74	68.4	4	26.5
105.181	31.83	3.50	111.43	8.36	9.12	76.20	68.4	4	25.5
105.581	32.03	3.48	111.53	8.33	9.10	75.80	68.0	4	25.5
105.981	32.77	3.37	110.36	8.33	9.09	75.67	68.6	4	25.5
106.381	31.80	3.51	111.59	8.32	9.14	76.07	68.2	4	25.0
106.781	30.55	3.64	111.18	8.29	9.13	75.69	68.1	4	26.0
107.181	32.58	3.40	110.70	8.33	9.11	75.92	68.6	4	25.0
107.581	32.74	3.38	110.80	8.30	9.12	75.67	68.3	4	25.5
107.981	31.28	3.56	111.47	8.33	9.12	76.01	68.2	4	27.0
108.381	33.44	3.31	110.64	8.31	9.07	75.37	68.1	4	24.5
108.781	31.84	3.52	111.98	8.38	9.15	76.72	68.5	4	25.5
109.181	32.00	3.48	111.50	8.31	9.08	75.50	67.7	4	25.0
109.581	33.56	3.28	109.99	8.29	9.07	75.23	68.4	4	24.5
109.981	31.50	3.55	111.74	8.35	9.11	76.01	68.0	4	25.0
110.381	30.60	3.64	111.40	8.33	9.14	76.15	68.4	4	27.0
110.781	31.81	3.50	111.48	8.36	9.14	76.42	68.6	4	25.5
111.181	31.03	3.61	111.98	8.37	9.13	76.45	68.3	4	26.0
111.581	31.67	3.53	111.78	8.34	9.11	75.99	68.0	4	27.5
111.981	33.02	3.37	111.41	8.36	9.13	76.33	68.5	4	26.0
112.381	32.41	3.46	112.16	8.34	9.11	75.92	67.7	4	25.5
112.781	33.12	3.37	111.47	8.34	9.13	76.16	68.3	4	27.5
113.181	32.95	3.37	111.09	8.30	9.08	75.35	67.8	4	25.5
113.581	32.15	3.49	112.10	8.37	9.14	76.54	68.3	4	25.5
113.981	31.68	3.56	112.94	8.40	9.18	77.04	68.2	4	25.5
114.381	32.68	3.44	112.53	8.41	9.18	77.26	68.7	4	27.0
114.781	33.07	3.37	111.28	8.37	9.12	76.30	68.6	4	25.0
115.181	31.98	3.53	112.85	8.41	9.21	77.40	68.6	4	27.0
115.581	31.42	3.59	112.90	8.41	9.17	77.18	68.4	4	25.5
115.981	31.08	3.62	112.37	8.39	9.18	77.04	68.6	4	26.5
116.381	33.08	3.37	111.58	8.36	9.14	76.48	68.5	4	24.5
116.781	32.34	3.46	111.82	8.38	9.20	77.10	69.0	4	25.0
117.181	31.98	3.51	112.33	8.39	9.15	76.77	68.3	4	25.5
117.581	31.20	3.61	112.56	8.41	9.17	77.11	68.5	4	26.0
117.981	33.64	3.30	111.11	8.31	9.08	75.47	67.9	4	24.5
118.381	32.22	3.47	111.67	8.34	9.12	76.09	68.1	4	24.5
118.781	31.86	3.51	111.90	8.35	9.12	76.20	68.1	4	24.5
119.181	31.16	3.58	111.50	8.35	9.09	75.98	68.1	4	27.0
119.581	32.36	3.44	111.32	8.38	9.10	76.24	68.5	4	25.0
119.981	30.62	3.64	111.49	8.34	9.11	75.93	68.1	4	27.5
120.381	33.10	3.38	111.77	8.37	9.14	76.52	68.5	4	26.5
120.781	31.66	3.55	112.30	8.37	9.16	76.61	68.2	4	27.0
121.181	31.00	3.62	112.12	8.37	9.13	76.45	68.2	4	27.5
121.581	33.07	3.36	111.13	8.36	9.11	76.22	68.6	4	25.0
121.981	32.59	3.44	112.06	8.36	9.13	76.31	68.1	4	26.0
122.381	31.77	3.55	112.73	8.37	9.19	76.97	68.3	4	25.5
122.781	31.74	3.54	112.49	8.38	9.17	76.84	68.3	4	25.5
123.181	31.22	3.59	112.01	8.39	9.17	76.88	68.6	4	27.0
123.581	31.95	3.53	112.69	8.42	9.17	77.23	68.5	4	26.0
123.981	32.49	3.46	112.58	8.38	9.19	77.03	68.4	4	25.5
124.381	31.42	3.55	111.62	8.36	9.09	75.97	68.1	4	27.5
124.781	33.01	3.37	111.25	8.34	9.15	76.32	68.6	4	25.5
125.181	32.48	3.44	111.70	8.36	9.15	76.52	68.5	4	25.0
125.581	30.55	3.64	111.31	8.30	9.09	75.45	67.8	4	26.5
125.981	32.36	3.45	111.51	8.35	9.13	76.25	68.4	4	27.5
126.381	33.22	3.36	111.66	8.34	9.12	76.07	68.1	4	24.5
126.781	31.91	3.50	111.63	8.37	9.09	76.05	68.1	4	25.0
127.181	32.88	3.39	111.38	8.35	9.11	76.05	68.3	4	28.0
127.581	32.26	3.47	112.02	8.37	9.10	76.20	68.0	4	25.0
127.981	31.56	3.59	113.19	8.40	9.13	76.71	67.8	4	25.5
128.381	33.84	3.27	110.77	8.32	9.10	75.66	68.3	4	24.5
128.781	31.80	3.52	111.84	8.36	9.11	76.13	68.1	4	25.0
129.181	33.90	3.26	110.55	8.33	9.08	75.68	68.5	4	24.0
129.581	32.94	3.41	112.27	8.36	9.15	76.52	68.2	4	25.0
129.981	31.70	3.56	112.78	8.38	9.17	76.80	68.1	4	25.5
130.381	31.77	3.58	113.60	8.43	9.22	77.71	68.4	4	25.5
130.781	32.36	3.52	113.81	8.45	9.22	77.89	68.4	4	26.0
131.181	31.10	3.65	113.39	8.43	9.20	77.49	68.3	4	27.5
131.581	32.70	3.49	114.13	8.45	9.20	77.79	68.2	4	28.0
131.981	31.62	3.60	113.99	8.44	9.23	77.89	68.3	4	27.0
132.381	32.91	3.47	114.11	8.48	9.28	78.65	68.9	4	26.0
132.781	32.65	3.50	114.38	8.43	9.26	78.02	68.2	4	25.0
133.181	32.65	3.53	115.22	8.46	9.28	78.50	68.1	4	26.0
133.581	32.10	3.58	114.87	8.48	9.27	78.67	68.5	4	25.5
133.981	31.60	3.63	114.72	8.42	9.23	77.78	67.8	4	25.5
134.381	32.20	3.56	114.57	8.41	9.24	77.77	67.9	4	28.0
134.781	33.32	3.42	113.86	8.43	9.22	77.74	68.3	4	27.0
135.181	33.22	3.46	114.93	8.43	9.23	77.85	67.7	4	25.5
135.581	34.00	3.32	113.01	8.36	9.19	76.82	68.0	4	25.5
135.981	32.38	3.52	114.07	8.39	9.21	77.26	67.7	4	24.5
136.381	32.73	3.49	114.27	8.45	9.26	78.21	68.4	4	25.0
136.781	32.06	3.58	114.69	8.47	9.28	78.52	68.5	4	25.5
137.181	32.09	3.59	115.09	8.47	9.27	78.49	68.2	4	25.5
137.581	30.84	3.69	113.97	8.44	9.22	77.77	68.2	4	27.5
137.981	31.42	3.67	115.42	8.48	9.29	78.80	68.3	4	27.0
138.381	32.70	3.54	115.85	8.51	9.32	79.32	68.5	4	25.0
138.781	31.17	3.72	115.84	8.47	9.30	78.78	68.0	4	27.0
28.941	0.00	0.00	0.00	0.46	0.43	0.20	0.0	4	0.0
29.333	0.00	0.00	0.00	0.45	0.46	0.21	0.0	4	0.0
29.725	0.00	0.00	0.00	0.46	0.43	0.20	0.0	4	0.0
30.117	0.00	0.00	0.00	0.43	0.48	0.21	0.0	4	0.0
30.509	0.00	0.00	0.00	0.45	0.47	0.22	0.0	4	0.0
30.901	0.00	0.01	0.00	0.45	0.45	0.20	0.0	4	0.0
31.293	0.00	0.01	0.00	0.41	0.47	0.19	0.0	4	0.0
31.685	0.00	0.00	0.00	0.40	0.45	0.18	0.0	4	0.0
32.077	0.00	0.00	0.00	0.39	0.47	0.18	0.0	4	0.0
32.469	0.00	0.00	0.00	0.39	0.47	0.18	0.0	4	0.0
32.861	0.00	0.00	0.00	0.37	0.45	0.16	0.0	4	0.0
33.253	0.00	0.00	0.00	0.36	0.44	0.16	0.0	4	0.0
66.068	0.09	0.00	0.00	0.50	0.57	0.29	0.0	4	0.0
66.460	0.03	0.00	0.00	0.47	0.58	0.27	0.0	4	0.0
66.852	0.14	0.00	0.00	0.49	0.53	0.26	0.0	4	0.0
67.244	0.13	0.00	0.00	0.44	0.54	0.24	0.0	4	0.0
67.636	0.24	0.00	0.00	0.46	0.56	0.26	0.0	4	0.0
675.127	0.00	0.00	0.00	0.46	0.00	0.00	0.0	4	0.0
675.187	0.03	0.00	0.00	0.46	0.00	0.00	0.0	4	0.0
675.290	0.03	0.00	0.00	0.46	0.00	0.00	0.0	4	0.0
675.434	0.00	0.00	0.00	0.45	0.00	0.00	0.0	4	0.0
675.494	0.00	0.00	0.00	0.45	0.00	0.00	0.0	4	0.0
675.597	0.00	0.00	0.00	0.46	0.00	0.00	0.0	4	0.0
675.741	0.00	0.00	0.00	0.46	0.00	0.00	0.0	4	0.0
675.801	0.00	0.00	0.00	0.45	0.00	0.00	0.0	4	0.0
675.904	0.00	0.00	0.00	0.43	0.00	0.00	0.0	4	0.0
676.048	0.00	0.00	0.00	0.43	0.00	0.00	0.0	4	0.0
676.108	0.00	0.00	0.00	0.44	0.00	0.00	0.0	4	0.0
676.211	0.00	0.00	0.00	0.43	0.00	0.00	0.0	4	0.0
676.355	0.00	0.00	0.00	0.41	0.00	0.00	0.0	4	0.0
676.415	0.00	0.00	0.00	0.43	0.00	0.00	0.0	4	0.0
676.518	0.00	0.00	0.00	0.44	0.00	0.00	0.0	4	0.0
676.662	0.00	0.00	0.00	0.40	0.00	0.00	0.0	4	0.0
676.722	0.00	0.00	0.00	0.39	0.00	0.00	0.0	4	0.0
676.825	0.00	0.00	0.00	0.41	0.00	0.00	0.0	4	0.0
676.969	0.00	0.00	0.00	0.40	0.00	0.00	0.0	4	0.0
677.029	0.00	0.00	0.00	0.40	0.00	0.00	0.0	4	0.0
677.132	0.00	0.00	0.00	0.42	0.00	0.00	0.0	4	0.0
677.276	0.00	0.00	0.00	0.38	0.00	0.00	0.0	4	0.0
677.336	0.00	0.00	0.00	0.39	0.00	0.00	0.0	4	0.0
677.439	0.02	0.00	0.00	0.39	0.00	0.00	0.0	4	0.0
677.583	0.00	0.00	0.00	0.39	0.00	0.00	0.0	4	0.0
677.643	0.02	0.00	0.00	0.37	0.00	0.00	0.0	4	0.0
677.746	0.02	0.00	0.00	0.37	0.00	0.00	0.0	4	0.0
677.890	0.00	0.00	0.00	0.39	0.00	0.00	0.0	4	0.0
677.950	0.00	0.00	0.00	0.38	0.00	0.00	0.0	4	0.0
678.053	0.00	0.00	0.00	0.38	0.00	0.00	0.0	4	0.0
678.197	0.00	0.00	0.00	0.41	0.00	0.00	0.0	4	0.0
678.257	0.00	0.00	0.00	0.41	0.00	0.00	0.0	4	0.0
678.360	0.00	0.00	0.00	0.37	0.00	0.00	0.0	4	0.0
