245.353	38.83	0.03	0.99	0.28	0.43	0.12	12.3	5	1.0
245.749	38.87	0.03	1.30	0.75	0.88	0.66	50.9	5	2.0
246.145	38.64	0.08	3.11	1.18	1.36	1.60	51.5	5	3.0
246.541	38.77	0.13	5.18	1.63	1.79	2.91	56.2	5	5.0
246.937	38.44	0.18	6.87	2.00	2.22	4.43	64.5	5	6.0
247.333	38.50	0.25	9.70	2.37	2.60	6.15	63.4	5	7.0
247.729	38.25	0.33	12.61	2.70	2.98	8.04	63.8	5	8.0
248.126	38.30	0.45	17.16	3.17	3.49	11.08	64.6	5	10.0
248.525	37.93	0.58	21.96	3.61	3.95	14.23	64.8	5	11.0
248.924	37.85	0.70	26.54	3.98	4.36	17.38	65.5	5	12.0
249.323	37.53	0.86	32.21	4.39	4.79	21.01	65.2	5	14.0
249.722	37.23	1.06	39.47	4.90	5.31	26.05	66.0	5	15.0
250.121	36.57	1.26	46.18	5.33	5.76	30.68	66.4	5	16.0
250.520	36.30	1.45	52.56	5.72	6.17	35.30	67.2	5	17.0
250.919	35.68	1.68	59.92	6.11	6.57	40.15	67.0	5	19.0
251.318	35.21	1.95	68.75	6.56	7.01	45.99	66.9	5	20.0
251.717	34.39	2.18	75.04	6.87	7.35	50.49	67.3	5	21.0
252.116	33.56	2.41	81.02	7.12	7.59	54.03	66.7	5	22.0
252.515	32.16	2.67	85.98	7.36	7.89	58.05	67.5	5	24.0
252.914	30.36	2.91	88.44	7.43	7.99	59.34	67.1	5	25.0
253.313	28.28	3.06	86.56	7.35	7.89	58.01	67.0	5	26.0
253.712	26.20	3.14	82.32	7.16	7.71	55.18	67.0	5	27.0
254.111	23.18	3.18	73.64	6.79	7.26	49.32	67.0	5	29.0
254.510	20.81	3.19	66.46	6.42	6.91	44.32	66.7	5	30.0
254.909	18.97	3.20	60.66	6.11	6.55	40.03	66.0	5	31.0
255.308	17.30	3.22	55.74	5.86	6.30	36.91	66.2	5	33.0
255.707	16.42	3.52	57.84	5.97	6.42	38.30	66.2	5	34.0
256.106	16.02	3.78	60.62	6.08	6.57	39.89	65.8	5	35.0
256.505	15.48	4.04	62.46	6.20	6.65	41.18	65.9	5	36.0
256.904	14.99	4.31	64.66	6.25	6.77	42.34	65.5	5	38.0
257.303	14.42	4.60	66.37	6.32	6.76	42.75	64.4	5	39.0
257.702	13.64	4.82	65.82	6.29	6.79	42.69	64.9	5	40.0
258.101	13.13	5.00	65.61	6.26	6.68	41.84	63.8	5	41.0
258.500	12.29	5.16	63.43	6.06	6.56	39.77	62.7	5	43.0
258.899	11.30	5.26	59.46	5.90	6.34	37.41	62.9	5	44.0
259.298	10.28	5.27	54.14	5.63	6.09	34.29	63.3	5	45.0
259.697	9.63	5.28	50.85	5.41	5.82	31.45	61.9	5	46.0
260.095	8.68	5.30	46.01	5.11	5.53	28.22	61.3	5	48.0
260.493	8.00	5.31	42.48	4.87	5.27	25.65	60.4	5	49.0
260.891	7.33	5.31	38.90	4.65	5.06	23.54	60.5	5	50.0
261.289	6.99	5.32	37.19	4.46	4.84	21.63	58.2	5	52.0
261.687	6.13	5.32	32.60	4.22	4.57	19.28	59.1	5	53.0
262.085	5.79	5.33	30.90	4.02	4.36	17.50	56.6	5	54.0
262.483	5.34	5.32	28.43	3.83	4.17	15.96	56.1	5	55.0
262.881	4.92	5.33	26.22	3.65	3.97	14.49	55.3	5	57.0
263.279	4.43	5.34	23.65	3.41	3.78	12.89	54.5	5	58.0
263.677	4.16	5.35	22.26	3.28	3.59	11.76	52.8	5	59.0
264.075	3.91	5.34	20.86	3.13	3.46	10.81	51.8	5	60.0
264.473	3.70	5.35	19.78	2.95	3.28	9.69	49.0	5	62.0
264.870	3.28	5.36	17.59	2.79	3.10	8.67	49.3	5	63.0
265.267	3.18	5.36	17.03	2.67	2.94	7.85	46.1	5	64.0
265.664	2.82	5.35	15.08	2.52	2.79	7.03	46.6	5	65.0
266.061	2.65	5.36	14.22	2.38	2.63	6.26	44.0	5	67.0
266.458	2.31	5.34	12.36	2.23	2.48	5.55	44.9	5	68.0
266.855	2.26	5.36	12.11	2.11	2.38	5.02	41.5	5	69.0
267.252	2.16	5.35	11.54	2.00	2.27	4.54	39.3	5	70.0
267.649	1.96	5.35	10.51	1.86	2.12	3.93	37.4	5	72.0
268.046	1.95	5.36	10.45	1.79	1.98	3.53	33.8	5	73.0
268.443	1.67	5.38	9.00	1.64	1.91	3.13	34.8	5	74.0
268.839	1.73	5.36	9.25	1.60	1.75	2.79	30.1	5	76.0
269.235	1.58	5.37	8.50	1.45	1.64	2.38	28.0	5	77.0
269.631	1.27	5.38	6.82	1.36	1.52	2.07	30.3	5	78.0
270.027	1.19	5.38	6.40	1.27	1.46	1.86	29.0	5	79.0
270.423	1.42	5.38	7.65	1.20	1.37	1.65	21.5	5	81.0
270.819	1.26	5.40	6.80	1.06	1.27	1.35	19.8	5	82.0
271.215	1.22	5.39	6.58	1.00	1.14	1.14	17.4	5	83.0
271.611	1.11	5.38	5.95	0.92	1.08	0.99	16.7	5	84.0
272.007	1.15	5.38	6.19	0.83	0.98	0.81	13.2	5	86.0
272.403	0.96	5.38	5.16	0.75	0.93	0.69	13.4	5	87.0
272.799	1.01	5.38	5.41	0.68	0.83	0.57	10.5	5	88.0
273.195	0.88	5.38	4.73	0.60	0.76	0.46	9.7	5	89.0
273.590	0.99	5.38	5.32	0.56	0.69	0.39	7.3	5	91.0
273.985	0.76	5.38	4.09	0.46	0.62	0.28	6.9	5	92.0
274.380	0.92	5.38	4.95	0.41	0.54	0.22	4.5	5	93.0
274.775	0.70	5.37	3.74	0.31	0.48	0.15	4.0	5	94.0