10.921  38.84   0.07    2.71    0.01    0.85    0.01    0.4     5       1.0
11.314  38.91   0.09    3.40    0.56    1.41    0.79    23.1    5       2.0
11.709  38.96   0.13    5.00    1.08    1.93    2.10    42.0    5       3.0
12.104  38.86   0.18    6.84    1.42    2.30    3.28    47.9    5       4.0
12.499  38.63   0.21    8.08    1.74    2.61    4.55    56.3    5       6.0
12.894  38.75   0.29    11.31   2.21    3.13    6.90    61.0    5       7.0
13.290  38.42   0.37    14.03   2.61    3.55    9.26    66.0    5       8.0
13.686  38.49   0.45    17.26   2.99    3.94    11.80   68.4    5       9.0
14.083  38.25   0.56    21.23   3.41    4.33    14.76   69.5    5       11.0
14.481  38.04   0.71    26.87   3.91    4.87    19.05   70.9    5       12.0
14.879  37.89   0.86    32.67   4.30    5.31    22.81   69.8    5       13.0
15.277  37.84   1.02    38.60   4.74    5.75    27.24   70.6    5       14.0
15.675  37.49   1.22    45.93   5.17    6.19    31.99   69.6    5       16.0
16.073  37.23   1.45    54.07   5.67    6.73    38.13   70.5    5       17.0
16.471  36.87   1.68    62.07   6.09    7.18    43.74   70.5    5       18.0
16.869  36.67   1.91    69.89   6.51    7.57    49.29   70.5    5       19.0
17.267  36.12   2.20    79.30   6.96    8.08    56.31   71.0    5       21.0
17.665  35.64   2.51    89.45   7.41    8.53    63.15   70.6    5       22.0
18.063  35.11   2.81    98.50   7.78    8.93    69.49   70.5    5       23.0
18.461  34.72   3.09    107.27  8.12    9.28    75.41   70.3    5       24.0
18.860  33.76   3.52    118.99  8.52    9.73    82.92   69.7    5       26.0
19.259  32.82   3.88    127.32  8.83    10.03   88.60   69.6    5       27.0
19.659  31.77   4.16    132.28  9.00    10.22   91.95   69.5    5       28.0
20.059  30.36   4.44    134.92  9.09    10.32   93.76   69.5    5       30.0
20.459  28.18   4.70    132.32  9.04    10.25   92.63   70.0    5       31.0
20.859  26.03   4.84    125.90  8.79    9.98    87.71   69.7    5       32.0
21.258  23.86   4.89    116.60  8.44    9.68    81.68   70.1    5       33.0
21.657  21.63   4.91    106.17  8.04    9.22    74.14   69.8    5       35.0
22.056  19.46   4.94    96.08   7.63    8.79    67.09   69.8    5       36.0
22.454  17.67   4.97    87.80   7.29    8.39    61.15   69.6    5       37.0
22.852  16.39   4.97    81.45   6.96    8.08    56.21   69.0    5       38.0
23.250  14.68   4.97    73.00   6.54    7.66    50.09   68.6    5       40.0
23.648  13.25   4.97    65.84   6.23    7.35    45.81   69.6    5       41.0
24.046  12.09   4.98    60.15   5.94    7.02    41.68   69.3    5       42.0
24.444  11.28   5.01    56.57   5.74    6.82    39.17   69.3    5       43.0
24.842  10.20   5.05    51.53   5.45    6.49    35.34   68.6    5       45.0
25.240  9.23    5.06    46.69   5.15    6.21    31.96   68.5    5       46.0
25.637  8.54    5.05    43.11   4.97    5.95    29.56   68.6    5       47.0
26.034  7.96    5.06    40.24   4.74    5.76    27.29   67.8    5       49.0
26.431  7.06    5.07    35.78   4.45    5.47    24.38   68.1    5       50.0
26.828  6.74    5.08    34.27   4.24    5.24    22.18   64.7    5       51.0
27.225  5.90    5.07    29.91   4.08    5.06    20.64   69.0    5       52.0
27.622  5.62    5.08    28.53   3.87    4.88    18.89   66.2    5       54.0
28.019  5.09    5.08    25.85   3.65    4.64    16.90   65.4    5       55.0
28.416  4.74    5.07    24.02   3.50    4.47    15.65   65.2    5       56.0
28.813  4.40    5.10    22.44   3.29    4.31    14.21   63.3    5       57.0
29.210  4.09    5.08    20.80   3.15    4.10    12.94   62.2    5       59.0
29.607  3.57    5.08    18.15   2.96    3.94    11.67   64.3    5       60.0
30.004  3.38    5.09    17.22   2.84    3.80    10.79   62.6    5       61.0
30.401  3.24    5.09    16.48   2.71    3.67    9.94    60.3    5       62.0
30.797  2.94    5.08    14.94   2.53    3.50    8.87    59.4    5       64.0
31.193  2.53    5.08    12.88   2.39    3.34    7.97    61.9    5       65.0
31.589  2.49    5.08    12.66   2.29    3.20    7.33    57.9    5       66.0
31.985  2.30    5.08    11.67   2.16    3.13    6.75    57.8    5       67.0
32.381  2.08    5.07    10.57   2.03    2.96    6.01    56.9    5       69.0
32.777  1.90    5.06    9.64    1.90    2.80    5.32    55.2    5       70.0
33.172  1.78    5.07    9.01    1.82    2.69    4.90    54.4    5       71.0
33.567  1.61    5.07    8.17    1.70    2.54    4.33    53.0    5       72.0
33.962  1.60    5.08    8.12    1.62    2.46    3.98    49.0    5       74.0
34.357  1.48    5.07    7.49    1.49    2.36    3.52    47.0    5       75.0
34.752  1.36    5.08    6.90    1.39    2.26    3.14    45.4    5       76.0
35.147  1.30    5.08    6.61    1.31    2.15    2.81    42.4    5       77.0
35.542  1.12    5.07    5.68    1.21    2.06    2.49    43.9    5       79.0
35.937  1.19    5.08    6.06    1.13    1.94    2.19    36.1    5       80.0
36.332  0.83    5.07    4.21    1.03    1.88    1.93    45.9    5       81.0
36.727  0.95    5.08    4.82    0.96    1.80    1.74    36.1    5       82.0
37.122  0.87    5.05    4.39    0.86    1.58    1.37    31.2    5       84.0
37.517  0.98    5.06    4.96    0.78    1.35    1.05    21.2    5       85.0
37.912  0.86    5.06    4.37    0.70    1.30    0.91    21.0    5       86.0
38.307  1.02    5.06    5.14    0.65    1.21    0.79    15.3    5       88.0
38.702  0.60    5.04    3.00    0.58    1.15    0.66    22.2    5       89.0
39.097  0.82    5.05    4.16    0.50    1.08    0.54    12.9    5       90.0
39.492  0.47    5.05    2.38    0.42    1.01    0.43    17.9    5       91.0
39.887  0.68    5.05    3.41    0.40    1.00    0.40    11.7    5       93.0
40.282  0.57    5.06    2.90    0.32    0.90    0.29    9.8     5       94.0