132.304	20.24	1.75	35.37	3.88	4.29	16.67	47.1	1	27.1
132.702	16.75	2.28	38.16	4.42	4.94	21.85	57.3	1	20.8
133.101	16.54	2.35	38.83	4.80	5.34	25.60	65.9	1	29.5
133.500	17.37	1.59	27.56	3.92	4.42	17.33	62.9	1	20.0
133.899	15.14	3.36	50.89	5.46	6.02	32.85	64.5	1	28.6
134.298	16.51	2.36	38.95	4.86	5.39	26.15	67.1	1	28.6
134.697	14.79	3.64	53.89	5.65	6.22	35.12	65.2	1	31.0
135.096	17.55	1.59	27.97	3.88	4.35	16.85	60.3	1	20.0
135.495	15.55	3.11	48.38	5.35	5.87	31.37	64.8	1	36.6
135.894	17.10	1.86	31.77	4.13	4.63	19.13	60.2	1	21.5
136.293	15.82	2.82	44.62	5.09	5.64	28.72	64.4	1	36.6
136.692	15.95	2.85	45.40	5.22	5.74	29.99	66.0	1	30.1
137.091	16.64	2.24	37.35	4.64	5.12	23.77	63.6	1	32.5
137.490	16.54	2.42	40.10	4.93	5.42	26.74	66.7	1	28.6
137.889	15.57	3.11	48.42	5.41	5.92	32.01	66.1	1	31.0
138.288	17.33	1.64	28.50	4.08	4.60	18.74	65.8	1	23.0
138.687	15.26	3.32	50.64	5.50	6.07	33.38	65.9	1	34.9
139.086	16.84	1.91	32.19	4.36	4.87	21.24	66.0	1	24.5
139.485	15.60	3.10	48.41	5.37	5.90	31.71	65.5	1	34.9
139.884	17.05	2.06	35.14	4.53	5.07	22.95	65.3	1	34.0
140.283	16.08	2.82	45.34	5.22	5.75	30.01	66.2	1	30.1
140.682	15.77	3.01	47.48	5.36	5.92	31.77	66.9	1	35.5
141.081	14.92	3.61	53.90	5.70	6.26	35.70	66.2	1	34.9
141.480	16.12	2.66	42.88	5.07	5.58	28.28	65.9	1	34.9
141.879	16.25	2.64	42.82	5.07	5.61	28.43	66.4	1	29.0
142.278	15.53	3.20	49.77	5.46	6.04	32.95	66.2	1	31.6
142.677	16.25	2.67	43.45	5.13	5.62	28.84	66.4	1	30.1
143.076	15.13	3.50	52.93	5.64	6.21	35.03	66.2	1	36.4
143.475	16.18	2.66	42.99	5.06	5.57	28.23	65.7	1	29.0
143.874	15.57	3.20	49.80	5.45	5.99	32.62	65.5	1	30.5
144.273	15.23	3.41	51.94	5.63	6.14	34.56	66.5	1	34.5
144.672	15.14	3.50	53.01	5.66	6.21	35.12	66.2	1	36.0
145.071	15.10	3.63	54.76	5.75	6.24	35.85	65.5	1	34.9
145.470	15.87	3.01	47.73	5.37	5.91	31.74	66.5	1	31.5
145.869	15.41	3.34	51.48	5.59	6.11	34.16	66.3	1	34.6
146.268	15.44	3.30	50.96	5.55	6.08	33.70	66.1	1	33.0
146.667	15.01	3.58	53.66	5.72	6.24	35.68	66.5	1	34.9
147.066	15.04	3.54	53.19	5.70	6.25	35.64	67.0	1	34.5
147.465	14.99	3.59	53.76	5.73	6.27	35.90	66.8	1	33.9
147.864	15.32	3.40	52.06	5.62	6.14	34.49	66.3	1	33.9
148.263	15.37	3.40	52.27	5.61	6.16	34.51	66.0	1	33.9
148.662	15.30	3.38	51.75	5.61	6.15	34.54	66.7	1	33.9
149.061	15.32	3.38	51.83	5.63	6.22	35.03	67.6	1	33.9
149.460	15.37	3.40	52.20	5.61	6.15	34.49	66.1	1	33.9
149.859	15.33	3.39	51.96	5.62	6.16	34.67	66.7	1	33.9
150.258	15.33	3.40	52.10	5.63	6.15	34.60	66.4	1	33.9
150.657	15.22	3.40	51.69	5.62	6.17	34.67	67.1	1	33.9
151.056	15.09	3.39	51.16	5.60	6.13	34.33	67.1	1	33.9
151.455	15.33	3.39	52.00	5.61	6.17	34.61	66.5	1	33.9
151.854	15.25	3.39	51.70	5.59	6.13	34.27	66.3	1	33.9
152.253	15.41	3.38	52.13	5.64	6.15	34.63	66.4	1	33.9
152.652	15.19	3.39	51.50	5.58	6.13	34.22	66.5	1	33.9
153.051	15.36	3.39	52.10	5.63	6.16	34.70	66.6	1	33.9
153.450	15.38	3.39	52.19	5.64	6.16	34.75	66.6	1	33.9
153.849	15.26	3.40	51.84	5.63	6.16	34.67	66.9	1	33.9
154.248	15.30	3.40	52.01	5.64	6.14	34.63	66.6	1	33.9
154.647	15.28	3.41	52.11	5.60	6.17	34.58	66.4	1	33.9
155.046	15.32	3.40	52.06	5.63	6.16	34.65	66.6	1	33.9
155.445	15.39	3.38	52.05	5.64	6.19	34.92	67.1	1	33.9
155.844	15.32	3.39	51.95	5.64	6.17	34.77	66.9	1	33.9
156.243	15.28	3.40	51.94	5.60	6.20	34.71	66.8	1	33.9
156.642	15.35	3.39	52.10	5.61	6.18	34.68	66.6	1	33.9
157.041	15.48	3.40	52.60	5.63	6.18	34.75	66.1	1	33.9
157.440	15.28	3.39	51.78	5.62	6.16	34.60	66.8	1	33.9
157.839	15.47	3.39	52.50	5.62	6.20	34.84	66.4	1	33.9
158.238	15.23	3.41	51.89	5.62	6.18	34.70	66.9	1	33.9
158.637	15.52	3.40	52.73	5.63	6.19	34.84	66.1	1	33.9
159.036	15.26	3.41	52.01	5.61	6.18	34.64	66.6	1	33.9
159.435	15.39	3.39	52.25	5.63	6.23	35.04	67.1	1	33.9
159.834	15.27	3.40	51.87	5.62	6.17	34.69	66.9	1	33.9
160.233	15.30	3.40	52.01	5.62	6.17	34.71	66.7	1	33.9
160.632	15.31	3.41	52.21	5.61	6.18	34.68	66.4	1	33.9
161.031	15.52	3.41	52.88	5.63	6.17	34.76	65.7	1	33.9
161.430	15.32	3.40	52.06	5.63	6.17	34.73	66.7	1	33.9
161.829	15.33	3.40	52.12	5.61	6.14	34.50	66.2	1	33.9
162.228	15.30	3.40	52.08	5.61	6.17	34.65	66.5	1	33.9
162.627	15.32	3.40	52.14	5.60	6.16	34.50	66.2	1	33.9
163.026	15.22	3.39	51.67	5.61	6.16	34.56	66.9	1	33.9
163.425	15.31	3.39	51.97	5.61	6.16	34.56	66.5	1	33.9
163.824	15.37	3.40	52.31	5.60	6.16	34.53	66.0	1	33.9
164.223	15.07	3.40	51.29	5.63	6.12	34.42	67.1	1	33.9
164.622	15.37	3.41	52.36	5.62	6.15	34.57	66.0	1	33.9
165.021	15.11	3.40	51.33	5.60	6.16	34.51	67.2	1	33.9
165.420	15.39	3.41	52.40	5.60	6.18	34.63	66.1	1	33.9
165.819	15.21	3.40	51.65	5.63	6.16	34.64	67.1	1	33.9
166.218	15.27	3.39	51.74	5.62	6.19	34.77	67.2	1	33.9
166.617	15.23	3.39	51.69	5.64	6.17	34.78	67.3	1	33.9
167.016	15.16	3.41	51.63	5.62	6.17	34.68	67.2	1	33.9
167.415	15.26	3.41	52.01	5.61	6.17	34.57	66.5	1	33.9
167.814	15.45	3.40	52.46	5.63	6.15	34.64	66.0	1	33.9
168.213	15.24	3.40	51.79	5.62	6.16	34.59	66.8	1	33.9
168.612	15.41	3.40	52.39	5.63	6.17	34.74	66.3	1	33.9
169.011	15.16	3.40	51.56	5.60	6.18	34.63	67.2	1	33.9
169.410	15.41	3.39	52.29	5.62	6.16	34.65	66.3	1	33.9
169.809	15.22	3.39	51.60	5.62	6.17	34.65	67.2	1	33.9
170.208	15.35	3.39	52.00	5.61	6.19	34.70	66.7	1	33.9
170.607	15.28	3.38	51.60	5.60	6.15	34.46	66.8	1	33.9
171.006	15.28	3.39	51.75	5.61	6.17	34.62	66.9	1	33.9
171.405	15.36	3.40	52.17	5.61	6.15	34.51	66.1	1	33.9
171.804	15.40	3.39	52.15	5.61	6.17	34.61	66.4	1	33.9
172.203	15.26	3.39	51.77	5.61	6.18	34.66	66.9	1	33.9
172.602	15.41	3.38	52.16	5.62	6.15	34.55	66.2	1	33.9
173.001	15.28	3.39	51.79	5.62	6.17	34.72	67.0	1	33.9
173.400	15.32	3.40	52.09	5.63	6.03	33.90	65.1	1	33.9
173.799	15.19	3.39	51.53	5.63	6.03	33.94	65.9	1	33.9
174.198	15.33	3.39	51.99	5.64	6.01	33.93	65.3	1	33.9
174.597	15.36	3.38	51.93	5.61	6.01	33.75	65.0	1	33.9
174.996	15.22	3.39	51.66	5.62	6.04	33.96	65.7	1	33.9
175.395	15.25	3.40	51.79	5.60	6.03	33.78	65.2	1	33.9
175.794	15.37	3.40	52.26	5.62	6.03	33.88	64.8	1	33.9
176.193	15.29	3.39	51.77	5.61	6.03	33.84	65.4	1	33.9
176.592	15.29	3.40	51.97	5.63	6.03	33.96	65.4	1	33.9
176.991	13.66	2.98	40.73	4.94	5.35	26.44	64.9	1	33.9
177.390	15.00	2.46	36.90	4.68	5.05	23.64	64.0	1	27.4
177.789	14.27	3.38	48.22	5.35	5.79	30.96	64.2	1	36.0
178.188	15.86	2.74	43.50	4.89	5.29	25.85	59.4	1	36.0
178.587	15.95	2.90	46.32	5.29	5.69	30.11	65.0	1	31.1
178.986	17.18	1.78	30.66	4.22	4.58	19.32	63.0	1	22.0
179.385	15.76	2.47	38.93	4.79	5.18	24.84	63.8	1	31.1
179.784	12.44	2.87	35.69	4.59	4.96	22.72	63.7	1	37.5
180.183	16.92	1.49	25.29	3.78	4.12	15.58	61.6	1	31.1
180.582	15.95	2.77	44.14	5.16	5.57	28.78	65.2	1	31.3
180.981	15.30	3.35	51.21	5.46	5.87	32.08	62.6	1	22.0
181.380	15.73	3.01	47.31	5.20	5.64	29.32	62.0	1	34.5
181.779	17.07	1.93	32.92	4.39	4.79	21.05	63.9	1	29.8
182.178	15.73	2.95	46.45	5.32	5.72	30.42	65.5	1	32.6
182.577	15.67	3.27	51.26	5.55	5.96	33.06	64.5	1	34.1
182.976	15.93	2.91	46.40	5.26	5.71	30.08	64.8	1	31.0
183.375	16.97	2.03	34.47	4.52	4.89	22.13	64.2	1	29.5
183.774	15.82	2.97	46.93	5.31	5.75	30.53	65.0	1	32.6
184.173	16.78	2.16	36.20	4.61	4.99	23.01	63.6	1	23.5
184.572	16.22	2.56	41.49	5.01	5.43	27.20	65.6	1	30.7
184.971	16.00	2.89	46.32	5.28	5.70	30.13	65.1	1	31.0
185.370	17.31	1.66	28.78	4.12	4.48	18.48	64.2	1	23.5
185.769	16.20	2.75	44.56	5.18	5.62	29.11	65.3	1	31.1
186.168	16.13	2.73	44.11	5.13	5.60	28.73	65.1	1	24.0
186.567	16.12	2.73	44.05	5.09	5.53	28.16	63.9	1	32.8
186.966	16.15	2.78	44.87	5.18	5.64	29.22	65.1	1	30.9
187.365	16.95	2.00	33.87	4.48	4.91	21.97	64.9	1	25.0
187.764	16.05	2.78	44.59	5.20	5.63	29.23	65.6	1	32.3
188.163	15.99	2.88	46.11	5.28	5.74	30.34	65.8	1	31.3
188.562	16.56	2.29	37.89	4.76	5.17	24.62	65.0	1	30.8
188.961	15.96	2.92	46.53	5.32	5.74	30.56	65.7	1	31.9
189.360	16.39	2.51	41.07	4.97	5.39	26.78	65.2	1	30.9
189.759	16.16	2.71	43.78	5.16	5.61	28.99	66.2	1	30.6
190.158	16.39	2.56	41.95	5.03	5.47	27.53	65.6	1	29.0
190.557	16.13	2.73	44.07	5.16	5.61	28.91	65.6	1	30.8
190.956	16.11	2.84	45.72	5.26	5.67	29.82	65.2	1	31.4
191.355	15.78	2.98	47.05	5.36	5.78	30.96	65.8	1	32.0
191.754	16.21	2.82	45.66	5.23	5.67	29.65	64.9	1	32.0
192.153	16.10	2.75	44.29	5.18	5.64	29.20	65.9	1	32.1
192.552	15.79	2.99	47.27	5.36	5.81	31.13	65.8	1	31.9
192.951	15.79	2.99	47.17	5.35	5.81	31.07	65.9	1	31.9
193.350	15.80	2.98	47.18	5.35	5.79	30.96	65.6	1	31.9
193.749	15.74	2.98	46.86	5.32	5.82	30.94	66.0	1	31.9
194.148	15.88	2.97	47.22	5.35	5.79	30.97	65.6	1	31.9
194.547	15.87	2.97	47.21	5.36	5.78	30.99	65.6	1	31.9
194.946	15.87	2.96	47.05	5.36	5.81	31.16	66.2	1	31.9
195.345	15.70	2.98	46.76	5.32	5.80	30.85	66.0	1	31.9
195.744	15.95	2.97	47.35	5.36	5.80	31.06	65.6	1	31.9
196.143	15.81	2.97	46.92	5.34	5.79	30.92	65.9	1	31.9
196.542	15.94	2.98	47.47	5.35	5.80	31.08	65.5	1	31.9
196.941	15.76	2.98	46.88	5.35	5.76	30.77	65.6	1	31.9
197.340	15.88	2.98	47.31	5.36	5.79	31.02	65.6	1	31.9
197.739	15.94	2.98	47.46	5.35	5.77	30.88	65.1	1	31.9
198.138	15.83	2.98	47.23	5.36	5.82	31.15	66.0	1	31.9
198.537	15.80	2.98	47.04	5.35	5.75	30.79	65.5	1	31.9
198.936	15.73	2.98	46.80	5.34	5.80	31.01	66.2	1	31.9
199.335	15.86	2.97	47.13	5.36	5.76	30.86	65.5	1	31.9
199.734	15.70	2.98	46.73	5.33	5.76	30.72	65.7	1	31.9
200.133	15.81	2.98	47.14	5.35	5.77	30.84	65.4	1	31.9
200.532	15.86	2.97	47.04	5.34	5.79	30.90	65.7	1	31.9
200.931	15.86	2.98	47.33	5.33	5.75	30.67	64.8	1	31.9
201.330	15.85	2.97	47.06	5.36	5.79	31.05	66.0	1	31.9
201.729	15.73	2.98	46.84	5.35	5.78	30.91	66.0	1	31.9
202.128	15.82	2.98	47.15	5.35	5.79	31.00	65.8	1	31.9
202.527	15.75	2.98	46.89	5.34	5.78	30.86	65.8	1	31.9
202.926	15.91	2.97	47.28	5.36	5.77	30.92	65.4	1	31.9
203.325	15.88	2.97	47.14	5.35	5.77	30.90	65.5	1	31.9
203.724	15.76	2.98	46.96	5.36	5.78	31.00	66.0	1	31.9
204.123	15.76	2.96	46.71	5.36	5.78	30.98	66.3	1	31.9
204.522	15.78	2.97	46.82	5.37	5.79	31.06	66.3	1	31.9
204.921	15.79	2.98	47.08	5.35	5.79	30.99	65.8	1	31.9
205.320	15.83	2.97	47.07	5.35	5.78	30.88	65.6	1	31.9
205.719	15.82	2.97	46.96	5.38	5.77	31.03	66.1	1	31.9
206.118	15.84	2.97	46.99	5.37	5.80	31.15	66.3	1	31.9
206.517	15.81	2.98	47.09	5.36	5.76	30.87	65.6	1	31.9
206.916	15.83	2.97	46.98	5.35	5.77	30.87	65.7	1	31.9
207.315	15.91	2.97	47.20	5.35	5.78	30.92	65.5	1	31.9
207.714	15.79	2.97	46.91	5.35	5.76	30.85	65.8	1	31.9
208.113	15.06	2.81	42.23	5.03	5.44	27.38	64.8	1	31.9
208.512	14.38	2.69	38.71	4.83	5.27	25.49	65.9	1	31.9
208.911	15.38	2.39	36.71	4.72	5.10	24.05	65.5	1	28.8
209.310	13.88	2.76	38.32	4.78	5.22	24.94	65.1	1	25.5
209.709	14.95	2.45	36.60	4.67	5.08	23.73	64.8	1	31.7
210.108	14.66	2.59	38.02	4.74	5.12	24.27	63.8	1	27.3
210.507	16.57	1.83	30.27	4.28	4.63	19.81	65.4	1	25.5
210.906	14.98	2.47	37.04	4.72	5.13	24.19	65.3	1	30.2
211.305	15.54	2.28	35.47	4.62	5.02	23.19	65.4	1	28.8
211.704	15.55	2.14	33.32	4.48	4.86	21.77	65.3	1	31.7
212.103	15.15	2.48	37.62	4.76	5.15	24.50	65.1	1	30.3
212.502	15.36	2.25	34.60	4.53	4.91	22.24	64.3	1	25.5
212.901	15.04	2.51	37.73	4.76	5.17	24.62	65.2	1	31.4
213.300	14.82	2.72	40.36	4.94	5.32	26.29	65.1	1	31.7
213.699	16.61	1.88	31.25	4.33	4.69	20.31	65.0	1	25.5
214.098	14.51	2.64	38.34	4.84	5.19	25.15	65.6	1	31.7
214.497	16.10	2.06	33.22	4.46	4.87	21.70	65.3	1	31.4
214.896	14.62	2.65	38.73	4.82	5.22	25.13	64.9	1	31.7
215.295	14.57	2.68	39.05	4.83	5.27	25.46	65.2	1	33.2
215.694	15.51	2.22	34.45	4.53	4.93	22.36	64.9	1	27.0
216.093	14.75	2.62	38.66	4.84	5.25	25.37	65.6	1	31.8
216.492	15.40	2.30	35.48	4.65	5.04	23.40	65.9	1	28.5
216.891	14.48	2.65	38.42	4.85	5.24	25.38	66.1	1	31.9
217.290	14.31	2.65	37.95	4.79	5.18	24.81	65.4	1	31.7
217.689	14.93	2.46	36.69	4.70	5.09	23.93	65.2	1	28.5
218.088	14.54	2.56	37.23	4.75	5.13	24.39	65.5	1	31.7
218.487	13.84	2.74	37.96	4.78	5.18	24.75	65.2	1	33.4
218.886	14.73	2.46	36.27	4.70	5.14	24.15	66.6	1	30.0
219.285	14.58	2.68	39.09	4.84	5.28	25.58	65.4	1	31.7
219.684	15.44	2.37	36.64	4.70	5.10	23.98	65.4	1	29.3
220.083	14.43	2.73	39.40	4.86	5.28	25.67	65.1	1	31.7
220.482	15.14	2.51	38.01	4.76	5.20	24.76	65.1	1	30.8
220.881	14.61	2.67	38.96	4.82	5.30	25.51	65.5	1	31.9
221.280	14.91	2.55	38.06	4.80	5.22	25.04	65.8	1	32.3
221.679	15.32	2.38	36.40	4.67	5.08	23.72	65.2	1	28.7
222.078	14.64	2.63	38.55	4.81	5.26	25.33	65.7	1	30.8
222.477	14.56	2.68	39.07	4.84	5.27	25.49	65.2	1	31.9
222.876	14.96	2.55	38.17	4.77	5.23	24.98	65.5	1	29.7
223.275	14.67	2.63	38.61	4.83	5.26	25.42	65.9	1	31.7
223.674	14.62	2.67	38.97	4.85	5.25	25.45	65.3	1	31.3
224.073	14.96	2.56	38.35	4.81	5.21	25.08	65.4	1	30.7
224.472	14.59	2.69	39.18	4.84	5.30	25.65	65.5	1	31.7
224.871	14.41	2.70	38.84	4.85	5.26	25.53	65.7	1	31.7
225.270	14.56	2.68	39.06	4.86	5.29	25.69	65.8	1	31.7
225.669	14.44	2.68	38.74	4.84	5.26	25.45	65.7	1	31.7
226.068	14.49	2.69	39.01	4.82	5.29	25.53	65.4	1	31.7
226.467	14.37	2.67	38.34	4.84	5.26	25.43	66.3	1	31.7
226.866	14.59	2.69	39.20	4.88	5.27	25.70	65.6	1	31.7
227.265	14.37	2.69	38.64	4.86	5.24	25.48	65.9	1	31.7
227.664	14.45	2.68	38.78	4.84	5.27	25.49	65.7	1	31.7
228.063	14.54	2.70	39.32	4.89	5.31	25.97	66.0	1	31.7
228.462	14.54	2.70	39.18	4.88	5.33	25.99	66.3	1	31.7
228.861	14.35	2.70	38.74	4.86	5.26	25.57	66.0	1	31.7
229.260	14.58	2.70	39.44	4.89	5.34	26.12	66.2	1	31.7
229.659	14.62	2.72	39.69	4.93	5.33	26.26	66.2	1	31.7
230.058	14.65	2.70	39.58	4.87	5.29	25.78	65.1	1	31.7
230.457	14.40	2.68	38.66	4.85	5.28	25.61	66.3	1	31.7
230.856	14.55	2.68	39.02	4.85	5.29	25.65	65.7	1	31.7
231.255	14.65	2.72	39.89	4.91	5.34	26.24	65.8	1	31.7
231.654	15.94	2.93	46.65	5.30	5.79	30.65	65.7	1	31.7
232.053	15.07	2.82	42.44	5.06	5.50	27.87	65.7	1	31.7
232.452	14.65	2.71	39.67	4.92	5.33	26.22	66.1	1	31.7
232.851	15.66	2.94	46.05	5.31	5.76	30.58	66.4	1	31.7
233.250	16.01	2.95	47.31	5.36	5.78	30.96	65.5	1	31.7
233.649	13.97	4.16	58.13	5.87	6.33	37.14	63.9	1	39.2
234.048	23.36	1.25	29.11	3.89	4.29	16.69	57.4	1	18.3
234.447	18.27	1.39	25.45	3.84	4.20	16.15	63.5	1	23.4
234.846	17.12	2.94	50.29	4.94	5.33	26.35	52.4	1	17.8
235.245	18.73	1.11	20.81	3.40	3.76	12.77	61.4	1	19.8
235.644	15.78	3.06	48.29	5.12	5.49	28.12	58.2	1	39.2
236.043	31.72	2.28	72.36	6.33	6.81	43.11	59.6	1	19.3
236.442	30.26	2.76	83.65	7.13	7.64	54.47	65.1	1	26.2
236.841	25.90	2.88	74.62	6.79	7.32	49.70	66.6	1	26.2
237.240	33.22	2.38	79.11	6.98	7.50	52.33	66.1	1	20.8
237.639	16.24	4.11	66.81	6.13	6.61	40.51	60.6	1	38.7
238.038	17.33	2.35	40.81	4.62	5.04	23.30	57.1	1	22.3
238.437	21.56	2.12	45.79	5.24	5.63	29.47	64.4	1	27.2
238.836	16.81	3.99	67.04	6.26	6.69	41.90	62.5	1	37.9
239.235	26.08	2.81	73.21	6.64	7.15	47.43	64.8	1	28.7
239.634	24.22	2.79	67.67	6.47	6.93	44.82	66.2	1	25.8
240.033	24.02	2.79	66.97	6.43	6.91	44.43	66.3	1	25.3
240.432	19.31	2.83	54.56	5.77	6.25	36.10	66.2	1	30.2
240.831	18.77	3.62	67.88	6.30	6.76	42.58	62.7	1	26.8
241.381	17.30	3.59	62.06	6.09	6.53	39.79	64.1	1	36.4
241.780	17.28	3.00	51.81	5.67	6.02	34.13	65.9	1	30.2