# Time(s)	Target_GMPP(W)	Proposed_Method(W)
0.0000	181.56	19.47
0.0054	181.56	92.52
0.0110	181.56	87.45
0.0165	181.56	19.47
0.0221	181.56	19.89
0.0275	181.56	79.85
0.0331	181.56	100.12
0.0386	181.56	24.54
0.0442	181.56	40.16
0.0496	181.56	102.23
0.0552	181.56	102.23
0.0607	181.56	66.76
0.0663	181.56	66.34
0.0717	181.56	120.38
0.0773	181.56	120.38
0.0828	181.56	79.85
0.0884	181.56	82.38
0.0938	181.56	110.67
0.0994	181.56	110.67
0.1049	181.56	82.38
0.1105	181.56	98.85
0.1159	181.56	114.05
0.1215	181.56	106.87
0.1270	181.56	134.32
0.1326	181.56	134.32
0.1380	181.56	89.14
0.1436	181.56	89.14
0.1491	181.56	128.40
0.1547	181.56	128.83
0.1601	181.56	94.20
0.1657	181.56	94.20
0.1712	181.56	128.40
0.1768	181.56	119.96
0.1822	181.56	95.47
0.1878	181.56	102.23
0.1933	181.56	116.16
0.1989	181.56	115.74
0.2043	181.56	108.14
0.2099	181.56	108.14
0.2154	181.56	114.47
0.2210	181.56	112.78
0.2264	181.56	108.14
0.2320	181.56	112.36
0.2431	181.56	79.85
0.2485	181.56	152.05
0.2541	181.56	152.05
0.2596	181.56	0.05
0.2652	181.56	0.05
0.2706	181.56	103.07
0.2762	181.56	103.07
0.2817	181.56	11.87
0.2873	181.56	11.87
0.2927	181.56	79.85
0.2983	181.56	68.03
0.3038	181.56	27.07
0.3094	181.56	32.14
0.3148	181.56	68.03
0.3204	181.56	85.76
0.3259	181.56	32.14
0.3315	181.56	56.63
0.3369	181.56	102.65
0.3425	181.56	125.45
0.3480	181.56	56.63
0.3536	181.56	5.11
0.3590	181.56	125.45
0.3646	181.56	112.36
0.3701	181.56	5.11
0.3757	181.56	45.23
0.3811	181.56	112.78
0.3867	181.56	125.87
0.3922	181.56	45.65
0.3978	181.56	105.60
0.4032	181.56	154.58
0.4088	181.56	164.29
0.4143	181.56	98.85
0.4199	181.56	93.36
0.4253	181.56	169.78
0.4309	181.56	181.60
0.4364	181.56	92.94
0.4420	181.56	112.36
0.4474	181.56	181.60
0.4530	181.56	181.60
0.4585	181.56	160.07
0.4641	181.56	160.49
0.4695	181.56	182.03
0.4751	181.56	182.03
0.4806	181.56	110.25
0.4862	181.56	97.58
0.4916	181.56	181.60
0.4972	181.56	179.92
0.5027	181.56	97.58
0.5083	181.56	72.67
0.5137	181.56	179.92
0.5193	181.56	181.18
0.5248	181.56	73.09
0.5304	181.56	98.85
0.5358	181.56	181.18
0.5414	181.56	181.60
0.5469	181.56	98.85
0.5525	181.56	160.07
0.5579	181.56	182.03
0.5635	181.56	181.60
0.5690	181.56	174.85
0.5746	181.56	178.65
0.5800	181.56	181.60
0.5856	181.56	182.03
0.5910	181.56	179.07
0.5967	181.56	181.18
0.6077	181.56	181.18
0.6188	181.56	181.39
0.6298	181.56	181.39
0.6409	181.56	181.39
0.6519	181.56	181.39
0.6630	181.56	181.39
0.6740	181.56	181.39
0.6851	181.56	181.39
0.6961	181.56	181.39
0.7072	181.56	181.39
0.7182	181.56	181.39
0.7293	181.56	181.39
0.7403	181.56	181.39
0.7514	181.56	181.39
0.7624	181.56	181.39
0.7735	181.56	181.39
0.7845	181.56	181.39
0.7956	181.56	181.39
0.8066	181.56	181.39
0.8177	181.56	181.39
0.8287	181.56	181.39
0.8398	181.56	181.39
0.8508	181.56	181.39
0.8619	181.56	181.39
0.8729	181.56	181.39
0.8840	181.56	181.39
0.8950	181.56	181.39
0.9061	181.56	181.39
0.9171	181.56	181.39
0.9282	181.56	181.39
0.9392	181.56	181.39
0.9503	181.56	181.39
0.9613	181.56	181.39
0.9724	181.56	181.39
0.9834	181.56	181.39
0.9945	181.56	181.39
1.0055	181.56	181.39
1.0166	181.56	181.39
1.0276	181.56	181.39
1.0387	181.56	181.39
1.0497	181.56	181.39
1.0608	181.56	181.39
1.0718	181.56	181.39
1.0829	181.56	181.39
1.0939	181.56	181.39
1.1050	181.56	181.39
1.1160	181.56	181.39
1.1271	181.56	181.39
1.1381	181.56	181.39
1.1492	181.56	181.39
1.1602	181.56	181.39
1.1713	181.56	181.39
1.1823	181.56	181.39
1.1934	181.56	181.39
1.2044	181.56	181.39
1.2155	181.56	181.39
1.2265	181.56	181.39
1.2376	181.56	181.39
1.2486	181.56	181.39
1.2597	181.56	181.39
1.2707	181.56	181.39
1.2818	181.56	181.39
1.2928	181.56	181.39
1.3039	181.56	181.39
1.3149	181.56	181.39
1.3260	181.56	181.39
1.3370	181.56	181.39
1.3481	181.56	181.39
1.3591	181.56	181.39
1.3702	181.56	181.39
1.3812	181.56	181.39
1.3923	181.56	181.39
1.4033	181.56	181.39
1.4144	181.56	181.39
1.4254	181.56	181.39
1.4365	181.56	181.39
1.4475	181.56	181.39
1.4586	181.56	181.39
1.4696	181.56	181.39
1.4807	181.56	181.39
1.4917	181.56	181.39
1.5028	181.56	181.39
1.5138	181.56	181.39
1.5249	181.56	181.39
1.5359	181.56	181.39
1.5470	181.56	181.39
1.5580	181.56	181.39
1.5691	181.56	181.39
1.5801	181.56	181.39
1.5912	181.56	181.39
1.6022	181.56	181.39
1.6133	181.56	181.39
1.6243	181.56	181.39
1.6354	181.56	181.39
1.6464	181.56	181.39
1.6575	181.56	181.39
1.6685	181.56	181.39
1.6796	181.56	181.39
1.6906	181.56	181.39
1.7017	181.56	181.39
1.7127	181.56	181.39
1.7238	181.56	181.39
1.7348	181.56	181.39
1.7459	181.56	181.39
1.7569	181.56	181.39
1.7680	181.56	181.39
1.7790	181.56	181.39
1.7901	181.56	181.39
1.8011	181.56	181.39
1.8122	181.56	181.39
1.8232	181.56	181.39
1.8343	181.56	181.39
1.8453	181.56	181.39
1.8564	181.56	181.39
1.8674	181.56	181.39
1.8785	181.56	181.39
1.8895	181.56	181.39
1.9006	181.56	181.39
1.9116	181.56	181.39
1.9227	181.56	181.39
1.9337	181.56	181.39
1.9448	181.56	181.39
1.9558	181.56	181.39
1.9669	181.56	181.39
1.9779	181.56	181.39
1.9890	181.56	181.60
1.9944	181.56	153.32
2.0000	156.37	181.60
2.0054	156.37	79.85
2.0110	156.37	155.00
2.0165	156.37	0.05
2.0221	156.37	0.05
2.0275	156.37	72.25
2.0331	156.37	71.83
2.0386	156.37	12.71
2.0442	156.37	13.56
2.0496	156.37	62.11
2.0552	156.37	53.25
2.0607	156.37	18.20
2.0663	156.37	24.54
2.0717	156.37	53.67
2.0773	156.37	66.34
2.0828	156.37	24.54
2.0884	156.37	43.54
2.0938	156.37	78.58
2.0994	156.37	94.20
2.1049	156.37	43.96
2.1105	156.37	5.96
2.1159	156.37	94.20
2.1215	156.37	95.89
2.1270	156.37	5.96
2.1326	156.37	38.47
2.1380	156.37	95.89
2.1436	156.37	95.47
2.1491	156.37	38.89
2.1547	156.37	79.43
2.1601	156.37	101.80
2.1657	156.37	91.25
2.1712	156.37	120.80
2.1768	156.37	130.09
2.1822	156.37	99.27
2.1878	156.37	110.25
2.1933	156.37	133.05
2.1989	156.37	134.32
2.2043	156.37	115.74
2.2099	156.37	115.74
2.2154	156.37	135.16
2.2210	156.37	143.18
2.2264	156.37	120.80
2.2320	156.37	136.85
2.2375	156.37	149.09
2.2431	156.37	149.52
2.2485	156.37	145.29
2.2541	156.37	145.72
2.2596	156.37	148.67
2.2652	156.37	149.52
2.2706	156.37	145.72
2.2762	156.37	149.52
2.2817	156.37	139.80
2.2873	156.37	135.16
2.2927	156.37	149.52
2.2983	156.37	152.05
2.3038	156.37	135.58
2.3094	156.37	145.29
2.3148	156.37	152.89
2.3204	156.37	153.32
2.3259	156.37	147.40
2.3315	156.37	147.83
2.3369	156.37	153.32
2.3425	156.37	151.20
2.3480	156.37	147.83
2.3536	156.37	149.30
2.3646	156.37	150.15
2.3757	156.37	150.15
2.3867	156.37	149.73
2.3978	156.37	149.73
2.4088	156.37	149.73
2.4199	156.37	149.73
2.4309	156.37	149.73
2.4420	156.37	149.73
2.4530	156.37	149.73
2.4641	156.37	149.73
2.4751	156.37	149.73
2.4862	156.37	149.73
2.4972	156.37	149.73
2.5083	156.37	149.73
2.5193	156.37	149.73
2.5304	156.37	149.73
2.5414	156.37	149.73
2.5525	156.37	149.73
2.5635	156.37	149.73
2.5746	156.37	149.73
2.5856	156.37	149.73
2.5967	156.37	149.73
2.6077	156.37	149.73
2.6188	156.37	149.73
2.6298	156.37	149.73
2.6409	156.37	149.73
2.6519	156.37	149.73
2.6630	156.37	149.73
2.6740	156.37	149.73
2.6851	156.37	149.73
2.6961	156.37	149.73
2.7072	156.37	149.73
2.7182	156.37	149.73
2.7293	156.37	149.73
2.7403	156.37	149.73
2.7514	156.37	149.73
2.7624	156.37	149.73
2.7735	156.37	149.73
2.7845	156.37	149.73
2.7956	156.37	149.73
2.8066	156.37	149.73
2.8177	156.37	149.73
2.8287	156.37	149.73
2.8398	156.37	149.73
2.8508	156.37	149.73
2.8619	156.37	149.73
2.8729	156.37	149.73
2.8840	156.37	149.73
2.8950	156.37	149.73
2.9061	156.37	149.73
2.9171	156.37	149.73
2.9282	156.37	149.73
2.9392	156.37	149.73
2.9503	156.37	149.73
2.9613	156.37	149.73
2.9724	156.37	149.73
2.9834	156.37	149.73
2.9945	156.37	149.73
3.0055	156.37	149.73
3.0166	156.37	149.73
3.0276	156.37	149.73
3.0387	156.37	149.73
3.0497	156.37	149.73
3.0608	156.37	149.73
3.0718	156.37	149.73
3.0829	156.37	149.73
3.0939	156.37	149.73
3.1050	156.37	149.73
3.1160	156.37	149.73
3.1271	156.37	149.73
3.1381	156.37	149.73
3.1492	156.37	149.73
3.1602	156.37	149.73
3.1713	156.37	149.73
3.1823	156.37	149.73
3.1934	156.37	149.73
3.2044	156.37	149.73
3.2155	156.37	149.73
3.2265	156.37	149.73
3.2376	156.37	149.73
3.2486	156.37	149.73
3.2597	156.37	149.73
3.2707	156.37	149.73
3.2818	156.37	149.73
3.2928	156.37	149.73
3.3039	156.37	149.73
3.3149	156.37	149.73
3.3260	156.37	149.73
3.3370	156.37	149.73
3.3481	156.37	149.73
3.3591	156.37	149.73
3.3702	156.37	149.73
3.3812	156.37	149.73
3.3923	156.37	149.73
3.4033	156.37	149.73
3.4144	156.37	149.73
3.4254	156.37	149.73
3.4365	156.37	149.73
3.4475	156.37	149.73
3.4586	156.37	149.73
3.4696	156.37	149.73
3.4807	156.37	149.73
3.4917	156.37	149.73
3.5028	156.37	149.73
3.5138	156.37	149.73
3.5249	156.37	149.73
3.5359	156.37	149.73
3.5470	156.37	149.73
3.5580	156.37	149.73
3.5691	156.37	149.73
3.5801	156.37	149.73
3.5912	156.37	149.73
3.6022	156.37	149.73
3.6133	156.37	149.73
3.6243	156.37	149.73
3.6354	156.37	149.73
3.6464	156.37	149.73
3.6575	156.37	149.73
3.6685	156.37	149.73
3.6796	156.37	149.73
3.6906	156.37	149.73
3.7017	156.37	149.73
3.7127	156.37	149.73
3.7238	156.37	149.73
3.7348	156.37	149.73
3.7459	156.37	149.73
3.7569	156.37	149.73
3.7680	156.37	149.73
3.7790	156.37	149.73
3.7901	156.37	149.73
3.8011	156.37	149.73
3.8122	156.37	149.73
3.8232	156.37	149.73
3.8343	156.37	149.73
3.8453	156.37	149.73
3.8564	156.37	149.73
3.8674	156.37	149.73
3.8785	156.37	149.73
3.8895	156.37	149.73
3.9006	156.37	149.73
3.9116	156.37	149.73
3.9227	156.37	149.73
3.9337	156.37	149.73
3.9448	156.37	149.73
3.9558	156.37	149.73
3.9669	156.37	149.73
3.9779	156.37	149.73
3.9890	156.37	149.94
3.9944	156.37	106.87
4.0000	81.50	149.52
4.0054	81.50	0.47
4.0110	81.50	0.05
4.0165	81.50	111.94
4.0221	81.50	55.36
4.0275	81.50	0.05
4.0331	81.50	13.56
4.0386	81.50	55.36
4.0442	81.50	35.09
4.0496	81.50	13.98
4.0552	81.50	23.27
4.0607	81.50	35.09
4.0663	81.50	30.03
4.0717	81.50	23.27
4.0773	81.50	26.23
4.0828	81.50	29.60
4.0884	81.50	27.28
4.0994	81.50	27.49
4.1105	81.50	27.49
4.1215	81.50	27.28
4.1326	81.50	27.49
4.1436	81.50	27.28
4.1547	81.50	27.28
4.1657	81.50	27.28
4.1768	81.50	28.34
4.1878	81.50	27.49
4.1933	81.50	52.83
4.1989	81.50	59.58
4.2043	81.50	33.40
4.2099	81.50	45.65
4.2154	81.50	62.96
4.2210	81.50	68.45
4.2264	81.50	46.49
4.2320	81.50	61.27
4.2375	81.50	68.45
4.2431	81.50	68.87
4.2485	81.50	61.27
4.2541	81.50	61.27
4.2596	81.50	68.45
4.2652	81.50	68.45
4.2706	81.50	62.54
4.2762	81.50	61.69
4.2817	81.50	66.76
4.2873	81.50	61.27
4.2927	81.50	73.09
4.2983	81.50	78.16
4.3038	81.50	64.23
4.3094	81.50	70.98
4.3148	81.50	79.85
4.3204	81.50	79.00
4.3259	81.50	76.05
4.3315	81.50	76.05
4.3369	81.50	79.43
4.3425	81.50	78.58
4.3536	81.50	78.70
4.3646	81.50	79.07
4.3757	81.50	79.45
4.3811	81.50	79.63
4.3867	81.50	79.82
4.3922	81.50	80.00
4.3978	81.50	80.20
4.4032	81.50	80.31
4.4088	81.50	80.26
4.4143	81.50	80.17
4.4199	81.50	80.39
4.4253	81.50	80.44
4.4309	81.50	80.15
4.4364	81.50	80.20
4.4420	81.50	80.11
4.4474	81.50	80.35
4.4530	81.50	80.13
4.4585	81.50	80.27
4.4641	81.50	80.21
4.4751	81.50	80.24
4.4862	81.50	80.22
4.4972	81.50	80.37
4.5083	81.50	80.20
4.5193	81.50	80.32
4.5304	81.50	80.24
4.5414	81.50	80.23
4.5525	81.50	80.39
4.5579	81.50	80.29
4.5635	81.50	80.39
4.5690	81.50	80.37
4.5746	81.50	80.22
4.5800	81.50	80.34
4.5856	81.50	80.31
4.5910	81.50	80.22
4.5967	81.50	80.26
4.6021	81.50	80.34
4.6077	81.50	80.24
4.6131	81.50	80.33
4.6188	81.50	80.15
4.6242	81.50	80.25
4.6298	81.50	80.21
4.6352	81.50	80.26
4.6409	81.50	80.22
4.6463	81.50	80.22
4.6519	81.50	80.23
4.6573	81.50	80.41
4.6630	81.50	80.11
4.6684	81.50	80.30
4.6740	81.50	80.40
4.6794	81.50	80.35
4.6851	81.50	80.28
4.6905	81.50	80.28
4.6961	81.50	80.28
4.7015	81.50	80.31
4.7072	81.50	80.19
4.7126	81.50	80.33
4.7182	81.50	80.31
4.7236	81.50	80.29
4.7293	81.50	80.34
4.7403	81.50	80.36
4.7514	81.50	80.06
4.7624	81.50	80.06
4.7735	81.50	80.06
4.7845	81.50	80.06
4.7956	81.50	80.27
4.8066	81.50	80.27
4.8177	81.50	80.27
4.8287	81.50	80.27
4.8398	81.50	80.27
4.8508	81.50	80.06
4.8619	81.50	80.06
4.8729	81.50	80.06
4.8840	81.50	80.06
4.8950	81.50	80.06
4.9061	81.50	80.27
4.9171	81.50	80.27
4.9282	81.50	80.27
4.9392	81.50	80.27
4.9503	81.50	80.27
4.9613	81.50	80.06
4.9724	81.50	80.06
4.9834	81.50	80.06
4.9945	81.50	80.06
5.0055	81.50	80.27
5.0166	81.50	80.27
5.0276	81.50	80.27
5.0387	81.50	80.27
5.0497	81.50	80.27
5.0608	81.50	80.27
5.0718	81.50	80.06
5.0829	81.50	80.06
5.0939	81.50	80.06
5.1050	81.50	80.06
5.1160	81.50	80.27
5.1271	81.50	80.27
5.1381	81.50	80.27
5.1492	81.50	80.27
5.1602	81.50	80.27
5.1713	81.50	80.27
5.1823	81.50	80.06
5.1934	81.50	80.06
5.2044	81.50	80.06
5.2155	81.50	80.06
5.2265	81.50	80.27
5.2376	81.50	80.27
5.2486	81.50	80.27
5.2597	81.50	80.27
5.2707	81.50	80.27
5.2818	81.50	80.06
5.2928	81.50	80.06
5.3039	81.50	80.06
5.3149	81.50	80.06
5.3260	81.50	80.06
5.3370	81.50	80.27
5.3481	81.50	80.27
5.3591	81.50	80.27
5.3702	81.50	80.27
5.3812	81.50	80.27
5.3923	81.50	80.06
5.4033	81.50	80.06
5.4144	81.50	80.06
5.4254	81.50	80.06
5.4365	81.50	80.27
5.4475	81.50	80.27
5.4586	81.50	80.27
5.4696	81.50	80.27
5.4807	81.50	80.27
5.4917	81.50	80.27
5.5028	81.50	80.06
5.5138	81.50	80.06
5.5249	81.50	80.06
5.5359	81.50	80.06
5.5470	81.50	80.27
5.5580	81.50	80.27
5.5691	81.50	80.27
5.5801	81.50	80.27
5.5912	81.50	80.27
5.6022	81.50	80.06
5.6133	81.50	80.06
5.6243	81.50	80.06
5.6354	81.50	80.06
5.6464	81.50	80.06
5.6575	81.50	80.27
5.6685	81.50	80.27
5.6796	81.50	80.27
5.6906	81.50	80.27
5.7017	81.50	80.27
5.7127	81.50	80.06
5.7238	81.50	80.06
5.7348	81.50	80.06
5.7459	81.50	80.06
5.7569	81.50	80.06
5.7680	81.50	80.27
5.7790	81.50	80.27
5.7901	81.50	80.27
5.8011	81.50	80.27
5.8122	81.50	80.27
5.8232	81.50	80.06
5.8343	81.50	80.06
5.8453	81.50	80.06
5.8564	81.50	80.06
5.8674	81.50	80.27
5.8785	81.50	80.27
5.8895	81.50	80.27
5.9006	81.50	80.27
5.9116	81.50	80.27
5.9227	81.50	80.27
5.9337	81.50	80.06
5.9448	81.50	80.06
5.9558	81.50	80.06
5.9669	81.50	80.06
5.9779	81.50	80.27
5.9890	81.50	79.00
5.9944	81.50	91.67
6.0000	131.19	98.85
6.0054	131.19	40.16
6.0110	131.19	0.05
6.0165	131.19	98.85
6.0221	131.19	60.43
6.0275	131.19	0.05
6.0331	131.19	7.65
6.0386	131.19	60.85
6.0442	131.19	46.07
6.0496	131.19	11.03
6.0552	131.19	19.89
6.0607	131.19	36.36
6.0663	131.19	34.25
6.0717	131.19	25.80
6.0773	131.19	25.80
6.0828	131.19	44.38
6.0884	131.19	44.80
6.0938	131.19	19.89
6.0994	131.19	19.47
6.1049	131.19	51.56
6.1105	131.19	53.67
6.1159	131.19	16.51
6.1215	131.19	16.09
6.1270	131.19	55.36
6.1326	131.19	64.23
6.1380	131.19	24.11
6.1436	131.19	37.20
6.1491	131.19	68.45
6.1547	131.19	68.87
6.1601	131.19	5.96
6.1657	131.19	5.96
6.1712	131.19	71.40
6.1768	131.19	72.25
6.1822	131.19	35.09
6.1878	131.19	35.09
6.1933	131.19	76.89
6.1989	131.19	68.45
6.2043	131.19	100.12
6.2099	131.19	110.25
6.2154	131.19	81.54
6.2210	131.19	86.60
6.2264	131.19	109.83
6.2320	131.19	100.96
6.2375	131.19	91.25
6.2431	131.19	91.67
6.2485	131.19	119.96
6.2541	131.19	122.92
6.2596	131.19	100.12
6.2652	131.19	110.25
6.2706	131.19	124.60
6.2762	131.19	127.56
6.2817	131.19	110.67
6.2873	131.19	118.27
6.2927	131.19	130.94
6.2983	131.19	131.36
6.3038	131.19	128.40
6.3094	131.19	128.40
6.3148	131.19	131.36
6.3204	131.19	131.36
6.3259	131.19	128.40
6.3315	131.19	130.09
6.3425	131.19	130.73
6.3536	131.19	130.94
6.3646	131.19	130.94
6.3757	131.19	131.15
6.3867	131.19	131.15
6.3978	131.19	131.15
6.4088	131.19	131.15
6.4199	131.19	131.15
6.4309	131.19	131.15
6.4420	131.19	131.15
6.4530	131.19	131.15
6.4641	131.19	131.15
6.4751	131.19	131.15
6.4862	131.19	131.15
6.4972	131.19	131.15
6.5083	131.19	131.15
6.5193	131.19	131.15
6.5304	131.19	131.15
6.5414	131.19	131.15
6.5525	131.19	131.15
6.5635	131.19	131.15
6.5746	131.19	131.15
6.5856	131.19	131.15
6.5967	131.19	131.15
6.6077	131.19	131.15
6.6188	131.19	131.15
6.6298	131.19	131.15
6.6409	131.19	131.15
6.6519	131.19	131.15
6.6630	131.19	131.15
6.6740	131.19	131.15
6.6851	131.19	131.15
6.6961	131.19	131.15
6.7072	131.19	131.15
6.7182	131.19	131.15
6.7293	131.19	131.15
6.7403	131.19	131.15
6.7514	131.19	131.15
6.7624	131.19	131.15
6.7735	131.19	131.15
6.7845	131.19	131.15
6.7956	131.19	131.15
6.8066	131.19	131.15
6.8177	131.19	131.15
6.8287	131.19	131.15
6.8398	131.19	131.15
6.8508	131.19	131.15
6.8619	131.19	131.15
6.8729	131.19	131.15
6.8840	131.19	131.15
6.8950	131.19	131.15
6.9061	131.19	131.15
6.9171	131.19	131.15
6.9282	131.19	131.15
6.9392	131.19	131.15
6.9503	131.19	131.15
6.9613	131.19	131.15
6.9724	131.19	131.15
6.9834	131.19	131.15
6.9945	131.19	131.15
7.0055	131.19	131.15
7.0166	131.19	131.15
7.0276	131.19	131.15
7.0387	131.19	131.15
7.0497	131.19	131.15
7.0608	131.19	131.15
7.0718	131.19	131.15
7.0829	131.19	131.15
7.0939	131.19	131.15
7.1050	131.19	131.15
7.1160	131.19	131.15
7.1271	131.19	131.15
7.1381	131.19	131.15
7.1492	131.19	131.15
7.1602	131.19	131.15
7.1713	131.19	131.15
7.1823	131.19	131.15
7.1934	131.19	131.15
7.2044	131.19	131.15
7.2155	131.19	131.15
7.2265	131.19	131.15
7.2376	131.19	131.15
7.2486	131.19	131.15
7.2597	131.19	131.15
7.2707	131.19	131.15
7.2818	131.19	131.15
7.2928	131.19	131.15
7.3039	131.19	131.15
7.3149	131.19	131.15
7.3260	131.19	131.15
7.3370	131.19	131.15
7.3481	131.19	131.15
7.3591	131.19	131.15
7.3702	131.19	131.15
7.3812	131.19	131.15
7.3923	131.19	131.15
7.4033	131.19	131.15
7.4144	131.19	131.15
7.4254	131.19	131.15
7.4365	131.19	131.15
7.4475	131.19	131.15
7.4586	131.19	131.15
7.4696	131.19	131.15
7.4807	131.19	131.15
7.4917	131.19	131.15
7.5028	131.19	131.15
7.5138	131.19	131.15
7.5249	131.19	131.15
7.5359	131.19	131.15
7.5470	131.19	131.15
7.5580	131.19	131.15
7.5691	131.19	131.15
7.5801	131.19	131.15
7.5912	131.19	131.15
7.6022	131.19	131.15
7.6133	131.19	131.15
7.6243	131.19	131.15
7.6354	131.19	131.15
7.6464	131.19	131.15
7.6575	131.19	131.15
7.6685	131.19	131.15
7.6796	131.19	131.15
7.6906	131.19	131.15
7.7017	131.19	131.15
7.7127	131.19	131.15
7.7238	131.19	131.15
7.7348	131.19	131.15
7.7459	131.19	131.15
7.7569	131.19	131.15
7.7680	131.19	131.15
7.7790	131.19	131.15
7.7901	131.19	131.15
7.8011	131.19	131.15
7.8122	131.19	131.15
7.8232	131.19	131.15
7.8343	131.19	131.15
7.8453	131.19	131.15
7.8564	131.19	131.15
7.8674	131.19	131.15
7.8785	131.19	131.15
7.8895	131.19	131.15
7.9006	131.19	131.15
7.9116	131.19	131.15
7.9227	131.19	131.15
7.9337	131.19	131.15
7.9448	131.19	131.15
7.9558	131.19	131.15
7.9669	131.19	131.15
7.9779	131.19	131.15
7.9890	131.19	130.94
7.9944	131.19	152.47
8.0000	175.23	175.27
8.0054	175.23	113.63
8.0110	175.23	175.27
8.0165	175.23	0.05
8.0221	175.23	0.05
8.0275	175.23	90.40
8.0331	175.23	90.40
8.0386	175.23	0.05
8.0442	175.23	16.94
8.0496	175.23	85.76
8.0552	175.23	68.45
8.0607	175.23	19.89
8.0663	175.23	31.71
8.0717	175.23	68.87
8.0773	175.23	84.49
8.0828	175.23	31.71
8.0884	175.23	56.20
8.0938	175.23	96.32
8.0994	175.23	100.54
8.1049	175.23	56.63
8.1105	175.23	15.25
8.1159	175.23	100.54
8.1215	175.23	106.45
8.1270	175.23	15.25
8.1326	175.23	39.31
8.1380	175.23	106.87
8.1436	175.23	106.45
8.1491	175.23	39.74
8.1547	175.23	91.67
8.1601	175.23	142.34
8.1657	175.23	152.89
8.1712	175.23	103.92
8.1768	175.23	142.34
8.1822	175.23	175.27
8.1878	175.23	175.69
8.1933	175.23	158.38
8.1989	175.23	158.80
8.2043	175.23	175.27
8.2099	175.23	174.85
8.2154	175.23	164.29
8.2210	175.23	173.58
8.2320	175.23	174.85
8.2431	175.23	175.27
8.2485	175.23	170.63
8.2541	175.23	175.69
8.2596	175.23	114.89
8.2652	175.23	114.89
8.2706	175.23	175.27
8.2762	175.23	175.69
8.2817	175.23	167.25
8.2873	175.23	162.60
8.2927	175.23	175.69
8.2983	175.23	175.27
8.3038	175.23	162.60
8.3094	175.23	171.47
8.3148	175.23	175.27
8.3204	175.23	174.22
8.3315	175.23	174.43
8.3425	175.23	174.64
8.3536	175.23	175.06
8.3646	175.23	175.06
8.3757	175.23	175.06
8.3867	175.23	175.06
8.3978	175.23	175.06
8.4088	175.23	175.06
8.4199	175.23	175.06
8.4309	175.23	175.06
8.4420	175.23	175.06
8.4530	175.23	175.06
8.4641	175.23	175.06
8.4751	175.23	175.06
8.4862	175.23	175.06
8.4972	175.23	175.06
8.5083	175.23	175.06
8.5193	175.23	175.06
8.5304	175.23	175.06
8.5414	175.23	175.06
8.5525	175.23	175.06
8.5635	175.23	175.06
8.5746	175.23	175.06
8.5856	175.23	175.06
8.5967	175.23	175.06
8.6077	175.23	175.06
8.6188	175.23	175.06
8.6298	175.23	175.06
8.6409	175.23	175.06
8.6519	175.23	175.06
8.6630	175.23	175.06
8.6740	175.23	175.06
8.6851	175.23	175.06
8.6961	175.23	175.06
8.7072	175.23	175.06
8.7182	175.23	175.06
8.7293	175.23	175.06
8.7403	175.23	175.06
8.7514	175.23	175.06
8.7624	175.23	175.06
8.7735	175.23	175.06
8.7845	175.23	175.06
8.7956	175.23	175.06
8.8066	175.23	175.06
8.8177	175.23	175.06
8.8287	175.23	175.06
8.8398	175.23	175.06
8.8508	175.23	175.06
8.8619	175.23	175.06
8.8729	175.23	175.06
8.8840	175.23	175.06
8.8950	175.23	175.06
8.9061	175.23	175.06
8.9171	175.23	175.06
8.9282	175.23	175.06
8.9392	175.23	175.06
8.9503	175.23	175.06
8.9613	175.23	175.06
8.9724	175.23	175.06
8.9834	175.23	175.06
8.9945	175.23	175.06
9.0055	175.23	175.06
9.0166	175.23	175.06
9.0276	175.23	175.06
9.0387	175.23	175.06
9.0497	175.23	175.06
9.0608	175.23	175.06
9.0718	175.23	175.06
9.0829	175.23	175.06
9.0939	175.23	175.06
9.1050	175.23	175.06
9.1160	175.23	175.06
9.1271	175.23	175.06
9.1381	175.23	175.06
9.1492	175.23	175.06
9.1602	175.23	175.06
9.1713	175.23	175.06
9.1823	175.23	175.06
9.1934	175.23	175.06
9.2044	175.23	175.06
9.2155	175.23	175.06
9.2265	175.23	175.06
9.2376	175.23	175.06
9.2486	175.23	175.06
9.2597	175.23	175.06
9.2707	175.23	175.06
9.2818	175.23	175.06
9.2928	175.23	175.06
9.3039	175.23	175.06
9.3149	175.23	175.06
9.3260	175.23	175.06
9.3370	175.23	175.06
9.3481	175.23	175.06
9.3591	175.23	175.06
9.3702	175.23	175.06
9.3812	175.23	175.06
9.3923	175.23	175.06
9.4033	175.23	175.06
9.4144	175.23	175.06
9.4254	175.23	175.06
9.4365	175.23	175.06
9.4475	175.23	175.06
9.4586	175.23	175.06
9.4696	175.23	175.06
9.4807	175.23	175.06
9.4917	175.23	175.06
9.5028	175.23	175.06
9.5138	175.23	175.06
9.5249	175.23	175.06
9.5359	175.23	175.06
9.5470	175.23	175.06
9.5580	175.23	175.06
9.5691	175.23	175.06
9.5801	175.23	175.06
9.5912	175.23	175.06
9.6022	175.23	175.06
9.6133	175.23	175.06
9.6243	175.23	175.06
9.6354	175.23	175.06
9.6464	175.23	175.06
9.6575	175.23	175.06
9.6685	175.23	175.06
9.6796	175.23	175.06
9.6906	175.23	175.06
9.7017	175.23	175.06
9.7127	175.23	175.06
9.7238	175.23	175.06
9.7348	175.23	175.06
9.7459	175.23	175.06
9.7569	175.23	175.06
9.7680	175.23	175.06
9.7790	175.23	175.06
9.7901	175.23	175.06
9.8011	175.23	175.06
9.8122	175.23	175.06
9.8232	175.23	175.06
9.8343	175.23	175.06
9.8453	175.23	175.06
9.8564	175.23	175.06
9.8674	175.23	175.06
9.8785	175.23	175.06
9.8895	175.23	175.06
9.9006	175.23	175.06
9.9116	175.23	175.06
9.9227	175.23	175.06
9.9337	175.23	175.06
9.9448	175.23	175.06
9.9558	175.23	175.06
9.9669	175.23	175.06
9.9779	175.23	175.06
9.9890	175.23	175.06
10.0000	175.23	175.06
