# Time(s)	Target_GMPP(W)	M1_Standard_INC(W)	M2_INC_Fuzzy(W)
0.0000	142.53	0.00	0.00
0.1223	142.53	0.00	0.00
0.2446	142.53	0.00	0.00
0.3670	142.53	0.00	0.00
0.4893	142.53	0.00	0.00
0.6116	142.53	0.00	0.00
0.7339	142.53	0.00	0.00
0.8563	142.53	0.00	0.00
0.9786	142.53	0.00	0.00
1.1009	142.53	0.00	0.00
1.2232	142.53	0.00	0.00
1.3456	142.53	0.00	0.00
1.4679	142.53	0.00	0.00
1.5902	142.53	0.00	0.00
1.7125	142.53	0.00	0.00
1.8349	142.53	0.00	0.00
1.9572	142.53	0.00	0.00
2.0795	142.53	0.00	0.00
2.2018	142.53	0.00	0.00
2.3242	142.53	0.00	0.00
2.4465	142.53	0.00	0.00
2.5688	142.53	0.00	0.00
2.6911	142.53	0.00	0.00
2.8135	142.53	0.00	0.00
2.9358	142.53	0.00	0.00
3.0581	142.53	0.00	0.00
3.1804	142.53	0.00	0.00
3.3028	142.53	0.00	0.00
3.4251	142.53	0.00	0.00
3.5474	142.53	0.00	0.00
3.6697	142.53	0.00	0.00
3.7920	142.53	0.00	0.00
3.9144	142.53	0.00	0.00
4.0367	142.53	0.00	0.00
4.1590	142.53	0.00	0.00
4.2813	142.53	0.00	0.00
4.4037	142.53	0.00	0.00
4.5260	142.53	0.00	0.00
4.6483	142.53	0.00	0.00
4.7706	142.53	0.00	0.00
4.8930	142.53	0.00	0.00
5.0153	142.53	0.00	0.00
5.1376	142.53	0.00	0.00
5.2599	142.53	0.61	0.00
5.3823	142.53	11.59	1.83
5.5046	142.53	17.07	3.66
5.6269	142.53	24.39	6.10
5.7492	142.53	30.49	9.15
5.8716	142.53	34.76	12.20
5.9939	142.53	36.59	15.24
6.1162	142.53	37.20	18.29
6.2385	142.53	37.20	21.95
6.3609	142.53	38.41	24.39
6.4832	142.53	39.02	27.44
6.6055	142.53	39.63	29.88
6.7278	142.53	39.63	33.54
6.8502	142.53	41.46	36.59
6.9725	142.53	42.68	39.63
7.0948	142.53	42.68	44.51
7.2171	142.53	43.29	46.34
7.3394	142.53	43.29	48.17
7.4618	142.53	43.29	50.00
7.5841	142.53	42.07	51.83
7.7064	142.53	41.46	53.66
7.8287	142.53	40.85	56.10
7.9511	142.53	39.63	58.54
8.0734	142.53	38.41	60.37
8.1957	142.53	37.20	62.20
8.3180	142.53	34.15	64.63
8.4404	142.53	32.32	67.07
8.5627	142.53	31.10	68.90
8.6850	142.53	29.88	71.34
8.8073	142.53	28.66	73.17
8.9297	142.53	28.05	75.00
9.0520	142.53	28.05	78.05
9.1743	142.53	28.05	79.88
9.2966	142.53	28.05	82.32
9.4190	142.53	28.05	84.76
9.5413	142.53	28.05	87.20
9.6636	142.53	27.44	89.63
9.7859	142.53	26.83	92.68
9.9083	142.53	26.22	94.51
10.0306	142.53	26.22	96.34
10.1529	142.53	26.22	98.17
10.2752	142.53	26.22	100.00
10.3976	142.53	26.22	102.16
10.5199	142.53	26.22	104.33
10.6422	142.53	28.05	106.49
10.7645	142.53	28.66	108.65
10.8869	142.53	28.66	110.09
11.0092	142.53	28.66	111.53
11.1315	142.53	28.66	112.98
11.2538	142.53	28.66	114.42
11.3761	142.53	28.05	115.86
11.4985	142.53	27.44	118.02
11.6208	142.53	26.83	120.18
11.7431	142.53	26.22	121.63
11.8654	142.53	26.22	123.79
11.9878	142.53	26.22	125.23
12.1101	142.53	26.22	125.95
12.2324	142.53	26.83	127.39
12.3547	142.53	26.83	128.11
12.4771	142.53	26.83	128.83
12.5994	142.53	26.22	129.55
12.7217	142.53	25.61	130.28
12.8440	142.53	25.61	131.00
12.9664	142.53	25.61	131.72
13.0887	142.53	25.61	131.72
13.2110	142.53	26.22	132.44
13.3333	142.53	26.83	132.44
13.4557	142.53	27.44	133.16
13.5780	142.53	27.44	133.16
13.7003	142.53	27.44	133.88
13.8226	142.53	27.44	133.88
13.9450	142.53	27.44	133.88
14.0673	142.53	27.44	133.88
14.1896	142.53	28.05	133.88
14.3119	142.53	29.27	134.60
14.4343	142.53	31.10	134.60
14.5566	142.53	35.98	134.60
14.6789	142.53	36.59	134.60
14.8012	142.53	37.20	134.60
14.9235	142.53	37.20	134.60
15.0459	142.53	37.20	134.60
15.1682	142.53	37.20	134.60
15.2905	142.53	37.20	134.60
15.4128	142.53	37.80	134.60
15.5352	142.53	37.80	134.60
15.6575	142.53	37.80	134.70
15.7798	142.53	37.80	134.81
15.9021	142.53	37.80	134.91
16.0245	142.53	37.80	135.01
16.1468	142.53	37.80	135.12
16.2691	142.53	37.80	135.22
16.3914	142.53	37.80	135.32
16.5138	142.53	37.80	135.42
16.6361	142.53	39.02	135.53
16.7584	142.53	39.63	135.63
16.8807	142.53	40.85	135.73
17.0031	142.53	42.07	135.84
17.1254	142.53	42.68	135.94
17.2477	142.53	42.68	136.04
17.3700	142.53	42.68	136.04
17.4924	142.53	42.68	136.04
17.6147	142.53	42.68	136.15
17.7370	142.53	42.68	136.25
17.8593	142.53	42.68	136.35
17.9817	142.53	42.68	136.45
18.1040	142.53	42.68	136.56
18.2263	142.53	43.29	136.66
18.3486	142.53	44.51	136.76
18.4709	142.53	45.12	136.76
18.5933	142.53	45.73	136.76
18.7156	142.53	46.34	136.76
18.8379	142.53	46.95	136.76
18.9602	142.53	47.56	136.87
19.0826	142.53	48.78	136.97
19.2049	142.53	49.39	137.07
19.3272	142.53	51.83	137.28
19.4495	142.53	54.27	137.48
19.5719	142.53	57.93	137.69
19.6942	142.53	59.76	137.90
19.8165	142.53	61.59	138.00
19.9388	142.53	62.20	138.10
20.0612	142.53	67.07	138.31
20.1835	142.53	68.90	138.41
20.3058	142.53	76.83	138.51
20.4281	142.53	84.76	138.72
20.5505	142.53	90.24	138.93
20.6728	142.53	99.39	139.13
20.7951	142.53	103.60	139.34
20.9174	142.53	109.37	139.44
21.0398	142.53	112.98	139.65
21.1621	142.53	115.86	139.85
21.2844	142.53	118.74	139.96
21.4067	142.53	119.46	140.06
21.5291	142.53	119.46	140.16
21.6514	142.53	119.46	140.26
21.7737	142.53	118.02	140.37
21.8960	142.53	116.58	140.37
22.0183	142.53	114.42	140.37
22.1407	142.53	110.09	140.37
22.2630	142.53	107.93	140.37
22.3853	142.53	106.49	140.37
22.5076	142.53	103.60	140.37
22.6300	142.53	102.16	140.26
22.7523	142.53	100.72	140.16
22.8746	142.53	100.00	140.06
22.9969	142.53	97.56	139.96
23.1193	142.53	97.56	139.75
23.2416	142.53	97.56	139.54
23.3639	142.53	97.56	139.34
23.4862	142.53	99.39	139.23
23.6086	142.53	101.44	139.03
23.7309	142.53	107.21	138.82
23.8532	142.53	112.98	138.62
23.9755	142.53	116.58	138.51
24.0979	142.53	120.18	138.41
24.2202	142.53	122.35	138.31
24.3425	142.53	125.23	138.20
24.4648	142.53	126.67	138.20
24.5872	142.53	127.39	138.20
24.7095	142.53	128.11	138.10
24.8318	142.53	128.83	138.00
24.9541	142.53	128.83	137.90
25.0765	142.53	131.72	137.79
25.1988	142.53	131.72	137.69
25.3211	142.53	133.16	137.59
25.4434	142.53	133.16	137.48
25.5657	142.53	133.16	137.48
25.6881	142.53	133.16	137.48
25.8104	142.53	132.44	137.48
25.9327	142.53	131.00	137.48
26.0550	142.53	130.28	137.48
26.1774	142.53	128.83	137.48
26.2997	142.53	128.83	137.48
26.4220	142.53	128.83	137.48
26.5443	142.53	129.55	137.48
26.6667	142.53	128.83	137.59
26.7890	142.53	129.55	137.69
26.9113	142.53	133.88	137.79
27.0336	142.53	134.60	137.90
27.1560	142.53	135.32	138.00
27.2783	142.53	136.04	138.10
27.4006	142.53	136.04	138.20
27.5229	142.53	135.32	138.20
27.6453	142.53	134.60	138.20
27.7676	142.53	134.60	138.20
27.8899	142.53	134.60	138.20
28.0122	142.53	133.88	138.20
28.1346	142.53	133.16	138.20
28.2569	142.53	130.28	138.20
28.3792	142.53	127.39	138.20
28.5015	142.53	124.51	138.20
28.6239	142.53	123.07	138.20
28.7462	142.53	122.35	138.20
28.8685	142.53	122.35	138.20
28.9908	142.53	122.35	138.20
29.1131	142.53	122.35	138.31
29.2355	142.53	125.95	138.41
29.3578	142.53	128.83	138.51
29.4801	142.53	133.16	138.62
29.6024	142.53	135.32	138.72
29.7248	142.53	135.32	138.82
29.8471	142.53	135.32	138.93
29.9694	142.53	135.32	138.93
30.0917	142.53	131.00	138.93
30.2141	142.53	128.83	138.93
30.3364	142.53	125.95	139.03
30.4587	142.53	125.95	139.13
30.5810	142.53	125.95	139.76
30.7034	142.53	125.95	140.40
30.8257	142.53	131.00	141.03
30.9480	142.53	134.60	141.66
31.0703	142.53	136.04	142.29
31.1927	142.53	136.04	142.29
31.3150	142.53	136.04	142.29
31.4373	142.53	136.04	141.76
31.5596	142.53	136.04	141.23
31.6820	142.53	132.44	140.71
31.8043	142.53	129.55	140.18
31.9266	142.53	127.39	139.65
32.0489	142.53	127.39	139.65
32.1713	142.53	127.39	139.65
32.2936	142.53	128.11	139.65
32.4159	142.53	128.11	139.65
32.5382	142.53	132.44	139.65
32.6606	142.53	135.32	139.65
32.7829	142.53	136.04	139.65
32.9052	142.53	136.04	139.65
33.0275	142.53	136.04	139.65
33.1498	142.53	136.04	139.65
33.2722	142.53	135.32	139.65
33.3945	142.53	132.44	139.65
33.5168	142.53	132.44	139.65
33.6391	142.53	132.44	139.65
33.7615	142.53	132.44	139.65
33.8838	142.53	132.44	139.75
34.0061	142.53	134.60	139.85
34.1284	142.53	136.76	139.96
34.2508	142.53	141.09	140.06
34.3731	142.53	143.35	140.16
34.4954	142.53	145.41	140.26
34.6177	142.53	145.41	140.37
34.7401	142.53	145.41	140.37
34.8624	142.53	145.41	140.37
34.9847	142.53	144.17	140.37
35.1070	142.53	140.37	140.37
35.2294	142.53	137.48	140.37
35.3517	142.53	136.04	140.37
35.4740	142.53	134.60	140.37
35.5963	142.53	134.60	140.79
35.7187	142.53	134.60	141.00
35.8410	142.53	135.32	141.21
35.9633	142.53	136.04	141.41
36.0856	142.53	138.93	141.62
36.2080	142.53	139.65	141.72
36.3303	142.53	139.65	141.72
36.4526	142.53	139.65	141.29
36.5749	142.53	139.65	141.09
36.6972	142.53	138.93	140.88
36.8196	142.53	136.76	140.68
36.9419	142.53	133.16	140.47
37.0642	142.53	131.00	140.37
37.1865	142.53	130.28	140.37
37.3089	142.53	130.28	140.37
37.4312	142.53	130.28	140.37
37.5535	142.53	131.72	140.37
37.6758	142.53	135.32	140.37
37.7982	142.53	136.76	140.37
37.9205	142.53	136.76	140.37
38.0428	142.53	136.76	140.37
38.1651	142.53	136.76	140.37
38.2875	142.53	136.76	140.37
38.4098	142.53	132.44	140.37
38.5321	142.53	131.00	140.37
38.6544	142.53	130.28	140.37
38.7768	142.53	130.28	140.79
38.8991	142.53	130.28	141.22
39.0214	142.53	130.28	141.65
39.1437	142.53	133.16	142.07
39.2661	142.53	136.04	142.07
39.3884	142.53	136.76	142.07
39.5107	142.53	136.76	142.07
39.6330	142.53	136.76	141.65
39.7554	142.53	136.76	141.22
39.8777	142.53	136.04	140.79
40.0000	142.53	131.72	140.37
40.1223	142.53	131.72	140.37
40.2446	142.53	131.72	140.37
40.3670	142.53	131.72	140.37
40.4893	142.53	133.88	140.79
40.6116	142.53	136.04	141.22
40.7339	142.53	139.65	141.65
40.8563	142.53	139.65	142.07
40.9786	142.53	139.65	142.07
41.1009	142.53	139.65	142.07
41.2232	142.53	139.65	142.07
41.3456	142.53	139.65	141.65
41.4679	142.53	136.76	141.22
41.5902	142.53	134.60	140.79
41.7125	142.53	131.72	140.37
41.8349	142.53	131.72	140.37
41.9572	142.53	131.72	140.37
42.0795	142.53	131.72	140.37
42.2018	142.53	131.72	140.37
42.3242	142.53	131.72	140.37
42.4465	142.53	131.72	140.37
42.5688	142.53	131.72	140.37
42.6911	142.53	131.72	140.47
42.8135	142.53	131.72	140.57
42.9358	142.53	132.44	141.00
43.0581	142.53	133.88	141.43
43.1804	142.53	135.32	141.85
43.3028	142.53	136.76	142.28
43.4251	142.53	139.65	142.71
43.5474	142.53	139.65	142.81
43.6697	142.53	139.65	142.91
43.7920	142.53	139.65	142.69
43.9144	142.53	140.37	142.47
44.0367	142.53	138.20	142.35
44.1590	142.53	133.16	142.24
44.2813	142.53	129.55	142.12
44.4037	142.53	125.95	142.22
44.5260	142.53	125.23	142.32
44.6483	142.53	125.23	142.43
44.7706	142.53	125.23	142.65
44.8930	142.53	125.23	142.76
45.0153	142.53	129.55	142.88
45.1376	142.53	132.44	143.00
45.2599	142.53	136.04	143.12
45.3823	142.53	141.09	143.23
45.5046	142.53	141.81	143.35
45.6269	142.53	141.81	143.35
45.7492	142.53	141.81	143.13
45.8716	142.53	140.37	142.91
45.9939	142.53	137.48	142.69
46.1162	142.53	136.04	142.47
46.2385	142.53	133.16	142.25
46.3609	142.53	133.16	142.03
46.4832	142.53	133.16	141.81
46.6055	142.53	133.16	142.03
46.7278	142.53	136.04	142.25
46.8502	142.53	139.65	142.47
46.9725	142.53	140.37	142.69
47.0948	142.53	140.37	142.59
47.2171	142.53	140.37	142.48
47.3394	142.53	141.09	142.28
47.4618	142.53	137.48	141.85
47.5841	142.53	134.60	141.43
47.7064	142.53	131.72	141.00
47.8287	142.53	131.72	140.57
47.9511	142.53	131.72	140.47
48.0734	142.53	131.72	140.37
48.1957	142.53	132.44	140.37
48.3180	142.53	135.32	140.37
48.4404	142.53	136.04	140.37
48.5627	142.53	137.48	140.37
48.6850	142.53	138.93	140.37
48.8073	142.53	139.65	140.37
48.9297	142.53	139.65	140.37
49.0520	142.53	139.65	140.37
49.1743	142.53	139.65	140.37
49.2966	142.53	139.65	140.37
49.4190	142.53	138.93	140.37
49.5413	142.53	138.93	140.37
49.6636	142.53	136.76	140.26
49.7859	142.53	134.60	140.16
49.9083	142.53	131.72	140.06
50.0306	142.53	126.67	139.96
50.1529	142.53	125.95	139.85
50.2752	142.53	125.95	139.75
50.3976	142.53	125.95	140.18
50.5199	142.53	125.95	140.71
50.6422	142.53	128.11	141.23
50.7645	142.53	131.72	141.76
50.8869	142.53	135.32	142.29
51.0092	142.53	137.48	142.82
51.1315	142.53	137.48	143.35
51.2538	142.53	137.48	142.72
51.3761	142.53	137.48	142.09
51.4985	142.53	137.48	141.46
51.6208	142.53	136.76	140.82
51.7431	142.53	134.60	140.19
51.8654	142.53	133.88	139.56
51.9878	142.53	133.88	138.93
52.1101	142.53	133.88	138.93
52.2324	142.53	133.88	138.93
52.3547	142.53	133.88	138.93
52.4771	142.53	134.60	139.03
52.5994	142.53	135.32	139.13
52.7217	142.53	136.04	139.23
52.8440	142.53	136.04	139.34
52.9664	142.53	136.76	139.44
53.0887	142.53	136.76	139.54
53.2110	142.53	136.76	139.65
53.3333	142.53	137.48	139.65
53.4557	142.53	138.20	139.65
53.5780	142.53	138.20	140.18
53.7003	142.53	138.20	140.71
53.8226	142.53	138.93	141.23
53.9450	142.53	138.93	141.23
54.0673	142.53	139.65	141.23
54.1896	142.53	140.37	141.23
54.3119	142.53	138.20	141.23
54.4343	142.53	136.76	140.71
54.5566	142.53	135.32	140.18
54.6789	142.53	133.16	139.65
54.8012	142.53	133.16	139.65
54.9235	142.53	133.16	139.65
55.0459	142.53	131.00	139.65
55.1682	142.53	128.83	139.65
55.2905	142.53	125.95	139.65
55.4128	142.53	125.95	139.65
55.5352	142.53	125.95	139.65
55.6575	142.53	125.95	139.65
55.7798	142.53	126.67	139.85
55.9021	142.53	130.28	140.06
56.0245	142.53	132.44	140.16
56.1468	142.53	134.60	140.26
56.2691	142.53	136.04	140.37
56.3914	142.53	136.04	140.47
56.5138	142.53	136.04	140.57
56.6361	142.53	136.04	140.47
56.7584	142.53	134.60	140.37
56.8807	142.53	132.44	140.37
57.0031	142.53	130.28	140.37
57.1254	142.53	130.28	140.47
57.2477	142.53	130.28	140.57
57.3700	142.53	130.28	140.68
57.4924	142.53	130.28	140.78
57.6147	142.53	131.72	140.99
57.7370	142.53	133.16	141.19
57.8593	142.53	135.32	141.40
57.9817	142.53	136.04	141.50
58.1040	142.53	137.48	141.71
58.2263	142.53	138.20	141.91
58.3486	142.53	138.20	142.12
58.4709	142.53	138.93	142.22
58.5933	142.53	138.93	142.32
58.7156	142.53	138.93	142.43
58.8379	142.53	138.93	142.53
58.9602	142.53	140.37	142.53
59.0826	142.53	141.81	142.53
59.2049	142.53	142.53	142.65
59.3272	142.53	142.53	142.76
59.4495	142.53	142.53	142.88
59.5719	142.53	141.81	143.00
59.6942	142.53	141.09	143.12
59.8165	142.53	140.37	143.18
59.9388	142.53	138.20	143.18
60.0612	142.53	136.04	143.06
60.1835	142.53	133.16	142.94
60.3058	142.53	131.72	142.82
60.4281	142.53	129.55	142.60
60.5505	142.53	126.67	142.38
60.6728	142.53	125.95	142.22
60.7951	142.53	125.95	142.12
60.9174	142.53	125.23	142.02
61.0398	142.53	125.23	141.91
61.1621	142.53	125.23	141.81
61.2844	142.53	125.23	141.71
61.4067	142.53	125.23	141.60
61.5291	142.53	125.95	141.50
61.6514	142.53	128.11	141.40
61.7737	142.53	129.55	141.29
61.8960	142.53	133.16	141.19
62.0183	142.53	136.76	141.09
62.1407	142.53	138.20	140.99
62.2630	142.53	138.20	140.88
62.3853	142.53	138.20	140.78
62.5076	142.53	138.20	140.68
62.6300	142.53	136.76	140.57
62.7523	142.53	133.16	140.47
62.8746	142.53	130.28	140.37
62.9969	142.53	129.55	140.37
63.1193	142.53	128.83	140.37
63.2416	142.53	129.55	140.37
63.3639	142.53	129.55	140.37
63.4862	142.53	129.55	140.37
63.6086	142.53	129.55	140.37
63.7309	142.53	129.55	140.37
63.8532	142.53	130.28	140.37
63.9755	142.53	131.00	140.37
64.0979	142.53	131.72	140.47
64.2202	142.53	133.16	140.57
64.3425	142.53	135.32	140.68
64.4648	142.53	137.48	140.78
64.5872	142.53	139.65	140.88
64.7095	142.53	139.65	140.99
64.8318	142.53	139.65	140.99
64.9541	142.53	138.20	140.88
65.0765	142.53	138.20	140.78
65.1988	142.53	138.20	140.68
65.3211	142.53	136.76	140.57
65.4434	142.53	134.60	140.47
65.5657	142.53	131.00	140.37
65.6881	142.53	129.55	140.37
65.8104	142.53	127.39	140.37
65.9327	142.53	127.39	140.37
66.0550	142.53	127.39	140.37
66.1774	142.53	127.39	140.37
66.2997	142.53	128.11	140.37
66.4220	142.53	131.00	140.47
66.5443	142.53	132.44	140.57
66.6667	142.53	134.60	140.68
66.7890	142.53	135.32	140.78
66.9113	142.53	136.04	140.88
67.0336	142.53	136.76	140.99
67.1560	142.53	138.20	141.19
67.2783	142.53	138.93	141.29
67.4006	142.53	139.65	141.40
67.5229	142.53	140.37	141.50
67.6453	142.53	140.37	141.60
67.7676	142.53	141.09	141.71
67.8899	142.53	141.09	141.81
68.0122	142.53	140.37	141.81
68.1346	142.53	140.37	141.71
68.2569	142.53	140.37	141.60
68.3792	142.53	138.93	141.50
68.5015	142.53	137.48	141.40
68.6239	142.53	136.76	141.29
68.7462	142.53	136.04	141.19
68.8685	142.53	135.32	141.09
68.9908	142.53	135.32	141.09
69.1131	142.53	135.32	141.09
69.2355	142.53	135.32	141.09
69.3578	142.53	136.76	141.09
69.4801	142.53	139.65	141.09
69.6024	142.53	139.65	141.09
69.7248	142.53	139.65	141.09
69.8471	142.53	139.65	141.09
69.9694	142.53	138.20	141.09
70.0917	142.53	138.20	141.09
70.2141	142.53	138.20	140.99
70.3364	142.53	136.76	140.88
70.4587	142.53	131.72	140.78
70.5810	142.53	128.83	140.68
70.7034	142.53	125.23	140.57
70.8257	142.53	122.35	140.47
70.9480	142.53	118.02	140.37
71.0703	142.53	117.30	140.37
71.1927	142.53	117.30	140.37
71.3150	142.53	117.30	140.37
71.4373	142.53	117.30	140.37
71.5596	142.53	120.18	140.37
71.6820	142.53	123.79	140.37
71.8043	142.53	128.11	140.37
71.9266	142.53	129.55	140.37
72.0489	142.53	136.04	140.37
72.1713	142.53	138.93	140.37
72.2936	142.53	138.93	140.37
72.4159	142.53	138.93	140.37
72.5382	142.53	138.93	140.37
72.6606	142.53	136.76	140.37
72.7829	142.53	134.60	140.37
72.9052	142.53	133.16	140.47
73.0275	142.53	133.16	140.57
73.1498	142.53	133.16	140.68
73.2722	142.53	133.16	140.78
73.3945	142.53	135.32	141.21
73.5168	142.53	139.65	141.63
73.6391	142.53	139.65	141.84
73.7615	142.53	139.65	141.94
73.8838	142.53	139.65	142.04
74.0061	142.53	139.65	142.04
74.1284	142.53	137.48	142.04
74.2508	142.53	136.04	141.72
74.3731	142.53	133.16	141.40
74.4954	142.53	133.16	141.40
74.6177	142.53	133.16	141.40
74.7401	142.53	133.88	141.40
74.8624	142.53	135.32	141.50
74.9847	142.53	136.76	141.60
75.1070	142.53	139.65	141.93
75.2294	142.53	141.09	142.25
75.3517	142.53	141.09	142.25
75.4740	142.53	139.65	142.25
75.5963	142.53	139.65	142.25
75.7187	142.53	139.65	142.25
75.8410	142.53	137.48	142.25
75.9633	142.53	136.76	142.03
76.0856	142.53	133.16	141.81
76.2080	142.53	133.16	141.91
76.3303	142.53	130.28	142.02
76.4526	142.53	128.83	142.12
76.5749	142.53	126.67	142.22
76.6972	142.53	125.23	142.32
76.8196	142.53	123.79	142.43
76.9419	142.53	123.79	142.53
77.0642	142.53	123.79	142.53
77.1865	142.53	124.51	142.59
77.3089	142.53	126.67	142.65
77.4312	142.53	129.55	142.76
77.5535	142.53	131.00	142.88
77.6758	142.53	135.32	143.00
77.7982	142.53	138.20	143.12
77.9205	142.53	141.09	143.23
78.0428	142.53	141.09	143.29
78.1651	142.53	141.09	143.35
78.2875	142.53	141.09	143.35
78.4098	142.53	141.09	143.35
78.5321	142.53	141.09	143.35
78.6544	142.53	141.09	143.35
78.7768	142.53	141.09	143.35
78.8991	142.53	141.09	143.35
79.0214	142.53	141.09	143.35
79.1437	142.53	140.37	143.35
79.2661	142.53	138.20	143.35
79.3884	142.53	136.76	143.35
79.5107	142.53	133.88	143.35
79.6330	142.53	131.00	143.35
79.7554	142.53	129.55	143.35
79.8777	142.53	128.83	143.35
80.0000	142.53	127.39	143.35
80.1223	142.53	124.51	143.35
80.2446	142.53	123.79	143.35
80.3670	142.53	123.79	143.35
80.4893	142.53	123.79	143.35
80.6116	142.53	123.79	143.35
80.7339	142.53	125.95	143.35
80.8563	142.53	128.83	143.35
80.9786	142.53	132.44	143.35
81.1009	142.53	135.32	143.35
81.2232	142.53	136.04	143.35
81.3456	142.53	141.09	143.35
81.4679	142.53	141.09	143.35
81.5902	142.53	141.81	143.23
81.7125	142.53	141.09	143.12
81.8349	142.53	138.93	143.00
81.9572	142.53	136.76	142.88
82.0795	142.53	133.16	142.76
82.2018	142.53	131.00	142.65
82.3242	142.53	129.55	142.53
82.4465	142.53	129.55	142.53
82.5688	142.53	129.55	142.53
82.6911	142.53	129.55	142.53
82.8135	142.53	129.55	142.53
82.9358	142.53	131.72	142.53
83.0581	142.53	134.60	142.53
83.1804	142.53	136.76	142.65
83.3028	142.53	138.93	142.76
83.4251	142.53	140.37	142.88
83.5474	142.53	141.09	142.88
83.6697	142.53	141.09	142.88
83.7920	142.53	142.53	142.88
83.9144	142.53	141.81	142.78
84.0367	142.53	141.09	142.56
84.1590	142.53	138.93	142.34
84.2813	142.53	137.48	142.12
84.4037	142.53	136.76	142.02
84.5260	142.53	136.04	141.91
84.6483	142.53	135.32	141.81
84.7706	142.53	134.60	141.81
84.8930	142.53	134.60	141.81
