# Time(s)	Target_GMPP(W)	M1_Standard_INC(W)	M2_INC_Fuzzy(W)
0.0000	138.49	0.00	0.00
0.1223	138.49	0.00	0.00
0.2446	138.49	0.00	0.00
0.3670	138.49	0.00	0.00
0.4893	138.49	0.00	0.00
0.6116	138.49	0.00	0.00
0.7339	138.49	0.00	0.00
0.8563	138.49	0.00	0.00
0.9786	138.49	0.00	0.00
1.1009	138.49	0.00	0.00
1.2232	138.49	0.00	0.00
1.3456	138.49	0.00	0.00
1.4679	138.49	0.00	0.00
1.5902	138.49	0.00	0.00
1.7125	138.49	0.00	0.00
1.8349	138.49	0.00	0.00
1.9572	138.49	0.00	0.00
2.0795	138.49	0.00	0.00
2.2018	138.49	0.00	0.00
2.3242	138.49	0.00	0.00
2.4465	138.49	0.00	0.00
2.5688	138.49	0.00	0.00
2.6911	138.49	0.00	0.00
2.8135	138.49	0.00	0.00
2.9358	138.49	0.00	0.00
3.0581	138.49	0.00	0.00
3.1804	138.49	0.00	0.00
3.3028	138.49	0.00	0.00
3.4251	138.49	0.00	0.00
3.5474	138.49	0.00	0.00
3.6697	138.49	0.00	0.00
3.7920	138.49	0.00	0.00
3.9144	138.49	0.00	0.00
4.0367	138.49	0.00	0.00
4.1590	138.49	0.00	0.00
4.2813	138.49	0.00	0.00
4.4037	138.49	0.00	0.00
4.5260	138.49	0.00	0.00
4.6483	138.49	0.00	0.00
4.7706	138.49	0.00	0.00
4.8930	138.49	0.00	0.00
5.0153	138.49	0.00	0.00
5.1376	138.49	0.00	0.00
5.2599	138.49	0.59	0.00
5.3823	138.49	11.26	1.78
5.5046	138.49	16.59	3.56
5.6269	138.49	23.70	5.93
5.7492	138.49	29.63	8.89
5.8716	138.49	33.77	11.85
5.9939	138.49	35.55	14.81
6.1162	138.49	36.15	17.77
6.2385	138.49	36.15	21.33
6.3609	138.49	37.32	23.70
6.4832	138.49	37.91	26.66
6.6055	138.49	38.51	29.03
6.7278	138.49	38.51	32.59
6.8502	138.49	40.28	35.55
6.9725	138.49	41.47	38.51
7.0948	138.49	41.47	43.25
7.2171	138.49	42.06	45.03
7.3394	138.49	42.06	46.80
7.4618	138.49	42.06	48.58
7.5841	138.49	40.88	50.36
7.7064	138.49	40.28	52.14
7.8287	138.49	39.69	54.51
7.9511	138.49	38.51	56.88
8.0734	138.49	37.32	58.66
8.1957	138.49	36.15	60.44
8.3180	138.49	33.18	62.80
8.4404	138.49	31.40	65.17
8.5627	138.49	30.22	66.95
8.6850	138.49	29.03	69.32
8.8073	138.49	27.85	71.10
8.9297	138.49	27.25	72.87
9.0520	138.49	27.25	75.84
9.1743	138.49	27.25	77.62
9.2966	138.49	27.25	79.99
9.4190	138.49	27.25	82.36
9.5413	138.49	27.25	84.73
9.6636	138.49	26.66	87.09
9.7859	138.49	26.07	90.05
9.9083	138.49	25.48	91.83
10.0306	138.49	25.48	93.61
10.1529	138.49	25.48	95.39
10.2752	138.49	25.48	97.17
10.3976	138.49	25.48	99.26
10.5199	138.49	25.48	101.37
10.6422	138.49	27.25	103.47
10.7645	138.49	27.85	105.57
10.8869	138.49	27.85	106.97
11.0092	138.49	27.85	108.37
11.1315	138.49	27.85	109.78
11.2538	138.49	27.85	111.18
11.3761	138.49	27.25	112.58
11.4985	138.49	26.66	114.67
11.6208	138.49	26.07	116.77
11.7431	138.49	25.48	118.18
11.8654	138.49	25.48	120.28
11.9878	138.49	25.48	121.68
12.1101	138.49	25.48	122.38
12.2324	138.49	26.07	123.78
12.3547	138.49	26.07	124.48
12.4771	138.49	26.07	125.18
12.5994	138.49	25.48	125.88
12.7217	138.49	24.88	126.59
12.8440	138.49	24.88	127.29
12.9664	138.49	24.88	127.99
13.0887	138.49	24.88	127.99
13.2110	138.49	25.48	128.69
13.3333	138.49	26.07	128.69
13.4557	138.49	26.66	129.39
13.5780	138.49	26.66	129.39
13.7003	138.49	26.66	130.09
13.8226	138.49	26.66	130.09
13.9450	138.49	26.66	130.09
14.0673	138.49	26.66	130.09
14.1896	138.49	27.25	130.09
14.3119	138.49	28.44	130.78
14.4343	138.49	30.22	130.78
14.5566	138.49	34.96	130.78
14.6789	138.49	35.55	130.78
14.8012	138.49	36.15	130.78
14.9235	138.49	36.15	130.78
15.0459	138.49	36.15	130.78
15.1682	138.49	36.15	130.78
15.2905	138.49	36.15	130.78
15.4128	138.49	36.73	130.78
15.5352	138.49	36.73	130.78
15.6575	138.49	36.73	130.88
15.7798	138.49	36.73	130.99
15.9021	138.49	36.73	131.09
16.0245	138.49	36.73	131.18
16.1468	138.49	36.73	131.29
16.2691	138.49	36.73	131.39
16.3914	138.49	36.73	131.48
16.5138	138.49	36.73	131.58
16.6361	138.49	37.91	131.69
16.7584	138.49	38.51	131.79
16.8807	138.49	39.69	131.88
17.0031	138.49	40.88	131.99
17.1254	138.49	41.47	132.09
17.2477	138.49	41.47	132.18
17.3700	138.49	41.47	132.18
17.4924	138.49	41.47	132.18
17.6147	138.49	41.47	132.29
17.7370	138.49	41.47	132.39
17.8593	138.49	41.47	132.49
17.9817	138.49	41.47	132.58
18.1040	138.49	41.47	132.69
18.2263	138.49	42.06	132.79
18.3486	138.49	43.25	132.88
18.4709	138.49	43.84	132.88
18.5933	138.49	44.43	132.88
18.7156	138.49	45.03	132.88
18.8379	138.49	45.62	132.88
18.9602	138.49	46.21	132.99
19.0826	138.49	47.40	133.09
19.2049	138.49	47.99	133.18
19.3272	138.49	50.36	133.39
19.4495	138.49	52.73	133.58
19.5719	138.49	56.29	133.79
19.6942	138.49	58.07	133.99
19.8165	138.49	59.84	134.09
19.9388	138.49	60.44	134.19
20.0612	138.49	65.17	134.39
20.1835	138.49	66.95	134.49
20.3058	138.49	74.65	134.58
20.4281	138.49	82.36	134.79
20.5505	138.49	87.68	134.99
20.6728	138.49	96.57	135.19
20.7951	138.49	100.66	135.39
20.9174	138.49	106.27	135.49
21.0398	138.49	109.78	135.69
21.1621	138.49	112.58	135.89
21.2844	138.49	115.37	135.99
21.4067	138.49	116.07	136.09
21.5291	138.49	116.07	136.19
21.6514	138.49	116.07	136.28
21.7737	138.49	114.67	136.39
21.8960	138.49	113.28	136.39
22.0183	138.49	111.18	136.39
22.1407	138.49	106.97	136.39
22.2630	138.49	104.87	136.39
22.3853	138.49	103.47	136.39
22.5076	138.49	100.66	136.39
22.6300	138.49	99.26	136.28
22.7523	138.49	97.87	136.19
22.8746	138.49	97.17	136.09
22.9969	138.49	94.79	135.99
23.1193	138.49	94.79	135.79
23.2416	138.49	94.79	135.58
23.3639	138.49	94.79	135.39
23.4862	138.49	96.57	135.28
23.6086	138.49	98.56	135.09
23.7309	138.49	104.17	134.89
23.8532	138.49	109.78	134.69
23.9755	138.49	113.28	134.58
24.0979	138.49	116.77	134.49
24.2202	138.49	118.88	134.39
24.3425	138.49	121.68	134.28
24.4648	138.49	123.08	134.28
24.5872	138.49	123.78	134.28
24.7095	138.49	124.48	134.19
24.8318	138.49	125.18	134.09
24.9541	138.49	125.18	133.99
25.0765	138.49	127.99	133.88
25.1988	138.49	127.99	133.79
25.3211	138.49	129.39	133.69
25.4434	138.49	129.39	133.58
25.5657	138.49	129.39	133.58
25.6881	138.49	129.39	133.58
25.8104	138.49	128.69	133.58
25.9327	138.49	127.29	133.58
26.0550	138.49	126.59	133.58
26.1774	138.49	125.18	133.58
26.2997	138.49	125.18	133.58
26.4220	138.49	125.18	133.58
26.5443	138.49	125.88	133.58
26.6667	138.49	125.18	133.69
26.7890	138.49	125.88	133.79
26.9113	138.49	130.09	133.88
27.0336	138.49	130.78	133.99
27.1560	138.49	131.48	134.09
27.2783	138.49	132.18	134.19
27.4006	138.49	132.18	134.28
27.5229	138.49	131.48	134.28
27.6453	138.49	130.78	134.28
27.7676	138.49	130.78	134.28
27.8899	138.49	130.78	134.28
28.0122	138.49	130.09	134.28
28.1346	138.49	129.39	134.28
28.2569	138.49	126.59	134.28
28.3792	138.49	123.78	134.28
28.5015	138.49	120.98	134.28
28.6239	138.49	119.58	134.28
28.7462	138.49	118.88	134.28
28.8685	138.49	118.88	134.28
28.9908	138.49	118.88	134.28
29.1131	138.49	118.88	134.39
29.2355	138.49	122.38	134.49
29.3578	138.49	125.18	134.58
29.4801	138.49	129.39	134.69
29.6024	138.49	131.48	134.79
29.7248	138.49	131.48	134.89
29.8471	138.49	131.48	134.99
29.9694	138.49	131.48	134.99
30.0917	138.49	127.29	134.99
30.2141	138.49	125.18	134.99
30.3364	138.49	122.38	135.09
30.4587	138.49	122.38	135.19
30.5810	138.49	122.38	135.80
30.7034	138.49	122.38	136.42
30.8257	138.49	127.29	137.03
30.9480	138.49	130.78	137.64
31.0703	138.49	132.18	138.26
31.1927	138.49	132.18	138.26
31.3150	138.49	132.18	138.26
31.4373	138.49	132.18	137.74
31.5596	138.49	132.18	137.23
31.6820	138.49	128.69	136.72
31.8043	138.49	125.88	136.21
31.9266	138.49	123.78	135.69
32.0489	138.49	123.78	135.69
32.1713	138.49	123.78	135.69
32.2936	138.49	124.48	135.69
32.4159	138.49	124.48	135.69
32.5382	138.49	128.69	135.69
32.6606	138.49	131.48	135.69
32.7829	138.49	132.18	135.69
32.9052	138.49	132.18	135.69
33.0275	138.49	132.18	135.69
33.1498	138.49	132.18	135.69
33.2722	138.49	131.48	135.69
33.3945	138.49	128.69	135.69
33.5168	138.49	128.69	135.69
33.6391	138.49	128.69	135.69
33.7615	138.49	128.69	135.69
33.8838	138.49	128.69	135.79
34.0061	138.49	130.78	135.89
34.1284	138.49	132.88	135.99
34.2508	138.49	137.09	136.09
34.3731	138.49	139.29	136.19
34.4954	138.49	141.29	136.28
34.6177	138.49	141.29	136.39
34.7401	138.49	141.29	136.39
34.8624	138.49	141.29	136.39
34.9847	138.49	140.08	136.39
35.1070	138.49	136.39	136.39
35.2294	138.49	133.58	136.39
35.3517	138.49	132.18	136.39
35.4740	138.49	130.78	136.39
35.5963	138.49	130.78	136.80
35.7187	138.49	130.78	137.00
35.8410	138.49	131.48	137.21
35.9633	138.49	132.18	137.40
36.0856	138.49	134.99	137.61
36.2080	138.49	135.69	137.70
36.3303	138.49	135.69	137.70
36.4526	138.49	135.69	137.29
36.5749	138.49	135.69	137.09
36.6972	138.49	134.99	136.89
36.8196	138.49	132.88	136.69
36.9419	138.49	129.39	136.49
37.0642	138.49	127.29	136.39
37.1865	138.49	126.59	136.39
37.3089	138.49	126.59	136.39
37.4312	138.49	126.59	136.39
37.5535	138.49	127.99	136.39
37.6758	138.49	131.48	136.39
37.7982	138.49	132.88	136.39
37.9205	138.49	132.88	136.39
38.0428	138.49	132.88	136.39
38.1651	138.49	132.88	136.39
38.2875	138.49	132.88	136.39
38.4098	138.49	128.69	136.39
38.5321	138.49	127.29	136.39
38.6544	138.49	126.59	136.39
38.7768	138.49	126.59	136.80
38.8991	138.49	126.59	137.22
39.0214	138.49	126.59	137.63
39.1437	138.49	129.39	138.04
39.2661	138.49	132.18	138.04
39.3884	138.49	132.88	138.04
39.5107	138.49	132.88	138.04
39.6330	138.49	132.88	137.63
39.7554	138.49	132.88	137.22
39.8777	138.49	132.18	136.80
40.0000	138.49	127.99	136.39
40.1223	138.49	127.99	136.39
40.2446	138.49	127.99	136.39
40.3670	138.49	127.99	136.39
40.4893	138.49	130.09	136.80
40.6116	138.49	132.18	137.22
40.7339	138.49	135.69	137.63
40.8563	138.49	135.69	138.04
40.9786	138.49	135.69	138.04
41.1009	138.49	135.69	138.04
41.2232	138.49	135.69	138.04
41.3456	138.49	135.69	137.63
41.4679	138.49	132.88	137.22
41.5902	138.49	130.78	136.80
41.7125	138.49	127.99	136.39
41.8349	138.49	127.99	136.39
41.9572	138.49	127.99	136.39
42.0795	138.49	127.99	136.39
42.2018	138.49	127.99	136.39
42.3242	138.49	127.99	136.39
42.4465	138.49	127.99	136.39
42.5688	138.49	127.99	136.39
42.6911	138.49	127.99	136.49
42.8135	138.49	127.99	136.59
42.9358	138.49	128.69	137.00
43.0581	138.49	130.09	137.42
43.1804	138.49	131.48	137.83
43.3028	138.49	132.88	138.25
43.4251	138.49	135.69	138.66
43.5474	138.49	135.69	138.76
43.6697	138.49	135.69	138.86
43.7920	138.49	135.69	138.65
43.9144	138.49	136.39	138.43
44.0367	138.49	134.28	138.32
44.1590	138.49	129.39	138.21
44.2813	138.49	125.88	138.09
44.4037	138.49	122.38	138.19
44.5260	138.49	121.68	138.29
44.6483	138.49	121.68	138.39
44.7706	138.49	121.68	138.61
44.8930	138.49	121.68	138.71
45.0153	138.49	125.88	138.83
45.1376	138.49	128.69	138.95
45.2599	138.49	132.18	139.06
45.3823	138.49	137.09	139.17
45.5046	138.49	137.79	139.29
45.6269	138.49	137.79	139.29
45.7492	138.49	137.79	139.07
45.8716	138.49	136.39	138.86
45.9939	138.49	133.58	138.65
46.1162	138.49	132.18	138.43
46.2385	138.49	129.39	138.22
46.3609	138.49	129.39	138.00
46.4832	138.49	129.39	137.79
46.6055	138.49	129.39	138.00
46.7278	138.49	132.18	138.22
46.8502	138.49	135.69	138.43
46.9725	138.49	136.39	138.65
47.0948	138.49	136.39	138.55
47.2171	138.49	136.39	138.44
47.3394	138.49	137.09	138.25
47.4618	138.49	133.58	137.83
47.5841	138.49	130.78	137.42
47.7064	138.49	127.99	137.00
47.8287	138.49	127.99	136.59
47.9511	138.49	127.99	136.49
48.0734	138.49	127.99	136.39
48.1957	138.49	128.69	136.39
48.3180	138.49	131.48	136.39
48.4404	138.49	132.18	136.39
48.5627	138.49	133.58	136.39
48.6850	138.49	134.99	136.39
48.8073	138.49	135.69	136.39
48.9297	138.49	135.69	136.39
49.0520	138.49	135.69	136.39
49.1743	138.49	135.69	136.39
49.2966	138.49	135.69	136.39
49.4190	138.49	134.99	136.39
49.5413	138.49	134.99	136.39
49.6636	138.49	132.88	136.28
49.7859	138.49	130.78	136.19
49.9083	138.49	127.99	136.09
50.0306	138.49	123.08	135.99
50.1529	138.49	122.38	135.89
50.2752	138.49	122.38	135.79
50.3976	138.49	122.38	136.21
50.5199	138.49	122.38	136.72
50.6422	138.49	124.48	137.23
50.7645	138.49	127.99	137.74
50.8869	138.49	131.48	138.26
51.0092	138.49	133.58	138.77
51.1315	138.49	133.58	139.29
51.2538	138.49	133.58	138.67
51.3761	138.49	133.58	138.06
51.4985	138.49	133.58	137.45
51.6208	138.49	132.88	136.83
51.7431	138.49	130.78	136.22
51.8654	138.49	130.09	135.60
51.9878	138.49	130.09	134.99
52.1101	138.49	130.09	134.99
52.2324	138.49	130.09	134.99
52.3547	138.49	130.09	134.99
52.4771	138.49	130.78	135.09
52.5994	138.49	131.48	135.19
52.7217	138.49	132.18	135.28
52.8440	138.49	132.18	135.39
52.9664	138.49	132.88	135.49
53.0887	138.49	132.88	135.58
53.2110	138.49	132.88	135.69
53.3333	138.49	133.58	135.69
53.4557	138.49	134.28	135.69
53.5780	138.49	134.28	136.21
53.7003	138.49	134.28	136.72
53.8226	138.49	134.99	137.23
53.9450	138.49	134.99	137.23
54.0673	138.49	135.69	137.23
54.1896	138.49	136.39	137.23
54.3119	138.49	134.28	137.23
54.4343	138.49	132.88	136.72
54.5566	138.49	131.48	136.21
54.6789	138.49	129.39	135.69
54.8012	138.49	129.39	135.69
54.9235	138.49	129.39	135.69
55.0459	138.49	127.29	135.69
55.1682	138.49	125.18	135.69
55.2905	138.49	122.38	135.69
55.4128	138.49	122.38	135.69
55.5352	138.49	122.38	135.69
55.6575	138.49	122.38	135.69
55.7798	138.49	123.08	135.89
55.9021	138.49	126.59	136.09
56.0245	138.49	128.69	136.19
56.1468	138.49	130.78	136.28
56.2691	138.49	132.18	136.39
56.3914	138.49	132.18	136.49
56.5138	138.49	132.18	136.59
56.6361	138.49	132.18	136.49
56.7584	138.49	130.78	136.39
56.8807	138.49	128.69	136.39
57.0031	138.49	126.59	136.39
57.1254	138.49	126.59	136.49
57.2477	138.49	126.59	136.59
57.3700	138.49	126.59	136.69
57.4924	138.49	126.59	136.79
57.6147	138.49	127.99	136.99
57.7370	138.49	129.39	137.19
57.8593	138.49	131.48	137.39
57.9817	138.49	132.18	137.49
58.1040	138.49	133.58	137.69
58.2263	138.49	134.28	137.89
58.3486	138.49	134.28	138.09
58.4709	138.49	134.99	138.19
58.5933	138.49	134.99	138.29
58.7156	138.49	134.99	138.39
58.8379	138.49	134.99	138.49
58.9602	138.49	136.39	138.49
59.0826	138.49	137.79	138.49
59.2049	138.49	138.49	138.61
59.3272	138.49	138.49	138.71
59.4495	138.49	138.49	138.83
59.5719	138.49	137.79	138.95
59.6942	138.49	137.09	139.06
59.8165	138.49	136.39	139.12
59.9388	138.49	134.28	139.12
60.0612	138.49	132.18	139.00
60.1835	138.49	129.39	138.89
60.3058	138.49	127.99	138.77
60.4281	138.49	125.88	138.56
60.5505	138.49	123.08	138.34
60.6728	138.49	122.38	138.19
60.7951	138.49	122.38	138.09
60.9174	138.49	121.68	137.99
61.0398	138.49	121.68	137.89
61.1621	138.49	121.68	137.79
61.2844	138.49	121.68	137.69
61.4067	138.49	121.68	137.59
61.5291	138.49	122.38	137.49
61.6514	138.49	124.48	137.39
61.7737	138.49	125.88	137.29
61.8960	138.49	129.39	137.19
62.0183	138.49	132.88	137.09
62.1407	138.49	134.28	136.99
62.2630	138.49	134.28	136.89
62.3853	138.49	134.28	136.79
62.5076	138.49	134.28	136.69
62.6300	138.49	132.88	136.59
62.7523	138.49	129.39	136.49
62.8746	138.49	126.59	136.39
62.9969	138.49	125.88	136.39
63.1193	138.49	125.18	136.39
63.2416	138.49	125.88	136.39
63.3639	138.49	125.88	136.39
63.4862	138.49	125.88	136.39
63.6086	138.49	125.88	136.39
63.7309	138.49	125.88	136.39
63.8532	138.49	126.59	136.39
63.9755	138.49	127.29	136.39
64.0979	138.49	127.99	136.49
64.2202	138.49	129.39	136.59
64.3425	138.49	131.48	136.69
64.4648	138.49	133.58	136.79
64.5872	138.49	135.69	136.89
64.7095	138.49	135.69	136.99
64.8318	138.49	135.69	136.99
64.9541	138.49	134.28	136.89
65.0765	138.49	134.28	136.79
65.1988	138.49	134.28	136.69
65.3211	138.49	132.88	136.59
65.4434	138.49	130.78	136.49
65.5657	138.49	127.29	136.39
65.6881	138.49	125.88	136.39
65.8104	138.49	123.78	136.39
65.9327	138.49	123.78	136.39
66.0550	138.49	123.78	136.39
66.1774	138.49	123.78	136.39
66.2997	138.49	124.48	136.39
66.4220	138.49	127.29	136.49
66.5443	138.49	128.69	136.59
66.6667	138.49	130.78	136.69
66.7890	138.49	131.48	136.79
66.9113	138.49	132.18	136.89
67.0336	138.49	132.88	136.99
67.1560	138.49	134.28	137.19
67.2783	138.49	134.99	137.29
67.4006	138.49	135.69	137.39
67.5229	138.49	136.39	137.49
67.6453	138.49	136.39	137.59
67.7676	138.49	137.09	137.69
67.8899	138.49	137.09	137.79
68.0122	138.49	136.39	137.79
68.1346	138.49	136.39	137.69
68.2569	138.49	136.39	137.59
68.3792	138.49	134.99	137.49
68.5015	138.49	133.58	137.39
68.6239	138.49	132.88	137.29
68.7462	138.49	132.18	137.19
68.8685	138.49	131.48	137.09
68.9908	138.49	131.48	137.09
69.1131	138.49	131.48	137.09
69.2355	138.49	131.48	137.09
69.3578	138.49	132.88	137.09
69.4801	138.49	135.69	137.09
69.6024	138.49	135.69	137.09
69.7248	138.49	135.69	137.09
69.8471	138.49	135.69	137.09
69.9694	138.49	134.28	137.09
70.0917	138.49	134.28	137.09
70.2141	138.49	134.28	136.99
70.3364	138.49	132.88	136.89
70.4587	138.49	127.99	136.79
70.5810	138.49	125.18	136.69
70.7034	138.49	121.68	136.59
70.8257	138.49	118.88	136.49
70.9480	138.49	114.67	136.39
71.0703	138.49	113.98	136.39
71.1927	138.49	113.98	136.39
71.3150	138.49	113.98	136.39
71.4373	138.49	113.98	136.39
71.5596	138.49	116.77	136.39
71.6820	138.49	120.28	136.39
71.8043	138.49	124.48	136.39
71.9266	138.49	125.88	136.39
72.0489	138.49	132.18	136.39
72.1713	138.49	134.99	136.39
72.2936	138.49	134.99	136.39
72.4159	138.49	134.99	136.39
72.5382	138.49	134.99	136.39
72.6606	138.49	132.88	136.39
72.7829	138.49	130.78	136.39
72.9052	138.49	129.39	136.49
73.0275	138.49	129.39	136.59
73.1498	138.49	129.39	136.69
73.2722	138.49	129.39	136.79
73.3945	138.49	131.48	137.21
73.5168	138.49	135.69	137.62
73.6391	138.49	135.69	137.82
73.7615	138.49	135.69	137.92
73.8838	138.49	135.69	138.01
74.0061	138.49	135.69	138.01
74.1284	138.49	133.58	138.01
74.2508	138.49	132.18	137.70
74.3731	138.49	129.39	137.39
74.4954	138.49	129.39	137.39
74.6177	138.49	129.39	137.39
74.7401	138.49	130.09	137.39
74.8624	138.49	131.48	137.49
74.9847	138.49	132.88	137.59
75.1070	138.49	135.69	137.91
75.2294	138.49	137.09	138.22
75.3517	138.49	137.09	138.22
75.4740	138.49	135.69	138.22
75.5963	138.49	135.69	138.22
75.7187	138.49	135.69	138.22
75.8410	138.49	133.58	138.22
75.9633	138.49	132.88	138.00
76.0856	138.49	129.39	137.79
76.2080	138.49	129.39	137.89
76.3303	138.49	126.59	137.99
76.4526	138.49	125.18	138.09
76.5749	138.49	123.08	138.19
76.6972	138.49	121.68	138.29
76.8196	138.49	120.28	138.39
76.9419	138.49	120.28	138.49
77.0642	138.49	120.28	138.49
77.1865	138.49	120.98	138.55
77.3089	138.49	123.08	138.61
77.4312	138.49	125.88	138.71
77.5535	138.49	127.29	138.83
77.6758	138.49	131.48	138.95
77.7982	138.49	134.28	139.06
77.9205	138.49	137.09	139.17
78.0428	138.49	137.09	139.23
78.1651	138.49	137.09	139.29
78.2875	138.49	137.09	139.29
78.4098	138.49	137.09	139.29
78.5321	138.49	137.09	139.29
78.6544	138.49	137.09	139.29
78.7768	138.49	137.09	139.29
78.8991	138.49	137.09	139.29
79.0214	138.49	137.09	139.29
79.1437	138.49	136.39	139.29
79.2661	138.49	134.28	139.29
79.3884	138.49	132.88	139.29
79.5107	138.49	130.09	139.29
79.6330	138.49	127.29	139.29
79.7554	138.49	125.88	139.29
79.8777	138.49	125.18	139.29
80.0000	138.49	123.78	139.29
80.1223	138.49	120.98	139.29
80.2446	138.49	120.28	139.29
80.3670	138.49	120.28	139.29
80.4893	138.49	120.28	139.29
80.6116	138.49	120.28	139.29
80.7339	138.49	122.38	139.29
80.8563	138.49	125.18	139.29
80.9786	138.49	128.69	139.29
81.1009	138.49	131.48	139.29
81.2232	138.49	132.18	139.29
81.3456	138.49	137.09	139.29
81.4679	138.49	137.09	139.29
81.5902	138.49	137.79	139.17
81.7125	138.49	137.09	139.06
81.8349	138.49	134.99	138.95
81.9572	138.49	132.88	138.83
82.0795	138.49	129.39	138.71
82.2018	138.49	127.29	138.61
82.3242	138.49	125.88	138.49
82.4465	138.49	125.88	138.49
82.5688	138.49	125.88	138.49
82.6911	138.49	125.88	138.49
82.8135	138.49	125.88	138.49
82.9358	138.49	127.99	138.49
83.0581	138.49	130.78	138.49
83.1804	138.49	132.88	138.61
83.3028	138.49	134.99	138.71
83.4251	138.49	136.39	138.83
83.5474	138.49	137.09	138.83
83.6697	138.49	137.09	138.83
83.7920	138.49	138.49	138.83
83.9144	138.49	137.79	138.73
84.0367	138.49	137.09	138.52
84.1590	138.49	134.99	138.31
84.2813	138.49	133.58	138.09
84.4037	138.49	132.88	137.99
84.5260	138.49	132.18	137.89
84.6483	138.49	131.48	137.79
84.7706	138.49	130.78	137.79
84.8930	138.49	130.78	137.79
