0.0000	29.82	0.65	19.47	12.62	1.21	15.24	78.3	5	32.9
0.0054	30.24	3.06	92.52	13.01	5.58	72.60	78.5	5	36.4
0.0110	30.14	2.90	87.45	13.03	5.30	69.05	79.0	5	35.9
0.0165	29.97	0.65	19.47	12.56	1.21	15.19	78.0	5	33.2
0.0221	30.20	0.66	19.89	12.66	1.24	15.65	78.7	5	32.8
0.0275	30.34	2.63	79.85	12.88	4.87	62.73	78.6	5	36.1
0.0331	30.06	3.33	100.12	13.07	6.02	78.70	78.6	5	37.0
0.0386	29.79	0.82	24.54	12.65	1.52	19.24	78.4	5	33.0
0.0442	30.23	1.33	40.16	12.66	2.50	31.69	78.9	5	34.4
0.0496	30.32	3.37	102.23	13.09	6.11	79.93	78.2	5	37.1
0.0552	30.23	3.38	102.23	13.10	6.13	80.31	78.6	5	36.9
0.0607	29.77	2.24	66.76	12.89	4.06	52.28	78.3	5	35.3
0.0663	29.87	2.22	66.34	12.98	4.00	51.96	78.3	5	35.5
0.0717	30.14	3.99	120.38	13.14	7.18	94.39	78.4	5	37.8
0.0773	29.93	4.02	120.38	13.24	7.18	95.04	78.9	5	38.2
0.0828	29.80	2.68	79.85	12.96	4.82	62.49	78.3	5	35.9
0.0884	29.63	2.78	82.38	12.95	5.00	64.73	78.6	5	36.0
0.0938	30.33	3.65	110.67	13.17	6.55	86.24	77.9	5	37.8
0.0994	30.08	3.68	110.67	13.15	6.64	87.38	79.0	5	37.4
0.1049	29.82	2.76	82.38	12.98	4.97	64.46	78.3	5	36.2
0.1105	29.85	3.31	98.85	13.11	5.90	77.40	78.3	5	37.2
0.1159	30.18	3.78	114.05	13.15	6.80	89.44	78.4	5	37.6
0.1215	30.03	3.56	106.87	13.05	6.39	83.35	78.0	5	37.4
0.1270	29.72	4.52	134.32	13.32	7.86	104.67	77.9	5	38.5
0.1326	30.21	4.45	134.32	13.33	7.94	105.82	78.8	5	38.6
0.1380	30.17	2.95	89.14	13.10	5.31	69.60	78.1	5	36.5
0.1436	29.73	3.00	89.14	12.97	5.41	70.15	78.7	5	36.3
0.1491	29.83	4.30	128.40	13.24	7.59	100.48	78.3	5	38.2
0.1547	30.36	4.24	128.83	13.22	7.62	100.82	78.3	5	38.6
0.1601	29.76	3.17	94.20	13.04	5.67	73.96	78.5	5	36.9
0.1657	30.15	3.12	94.20	13.14	5.63	73.98	78.5	5	36.7
0.1712	29.96	4.29	128.40	13.23	7.67	101.52	79.1	5	38.7
0.1768	30.16	3.98	119.96	13.27	7.06	93.70	78.1	5	38.0
0.1822	30.29	3.15	95.47	13.07	5.73	74.87	78.4	5	36.9
0.1878	30.00	3.41	102.23	13.08	6.15	80.40	78.6	5	37.1
0.1933	30.09	3.86	116.16	13.22	6.92	91.44	78.7	5	37.7
0.1989	29.78	3.89	115.74	13.23	6.91	91.40	79.0	5	37.3
0.2043	30.05	3.60	108.14	13.06	6.50	84.84	78.5	5	36.8
0.2099	30.00	3.61	108.14	13.09	6.46	84.53	78.2	5	37.4
0.2154	30.01	3.81	114.47	13.27	6.74	89.45	78.1	5	37.9
0.2210	29.85	3.78	112.78	13.14	6.70	88.05	78.1	5	37.6
0.2264	29.55	3.66	108.14	13.08	6.47	84.64	78.3	5	37.6
0.2320	30.26	3.71	112.36	13.20	6.71	88.61	78.9	5	37.8
0.2431	30.07	2.66	79.85	13.08	4.78	62.50	78.3	5	35.8
0.2485	30.29	5.02	152.05	13.46	8.86	119.27	78.4	5	39.9
0.2541	29.59	5.14	152.05	13.41	8.97	120.24	79.1	5	39.9
0.2596	0.50	0.10	0.05	0.00	0.00	0.00	0.2	5	32.1
0.2652	0.50	0.10	0.05	0.00	0.00	0.00	0.2	5	32.0
0.2706	30.00	3.44	103.07	13.14	6.16	80.96	78.6	5	37.1
0.2762	30.00	3.44	103.07	13.13	6.13	80.49	78.1	5	37.2
0.2817	30.19	0.39	11.87	12.63	0.73	9.26	78.0	5	32.4
0.2873	29.70	0.40	11.87	12.56	0.74	9.31	78.4	5	32.6
0.2927	30.20	2.64	79.85	13.00	4.80	62.34	78.1	5	36.1
0.2983	29.65	2.29	68.03	12.83	4.16	53.38	78.5	5	35.3
0.3038	30.34	0.89	27.07	12.59	1.69	21.28	78.6	5	33.3
0.3094	29.85	1.08	32.14	12.62	2.01	25.33	78.8	5	33.5
0.3148	30.47	2.23	68.03	12.90	4.15	53.51	78.7	5	35.4
0.3204	29.84	2.87	85.76	12.98	5.19	67.40	78.6	5	36.3
0.3259	29.87	1.08	32.14	12.67	1.99	25.17	78.3	5	33.7
0.3315	29.76	1.90	56.63	12.86	3.46	44.56	78.7	5	34.6
0.3369	29.99	3.42	102.65	13.08	6.16	80.57	78.5	5	37.2
0.3425	30.17	4.16	125.45	13.24	7.39	97.83	78.0	5	38.4
0.3480	29.76	1.90	56.63	12.80	3.47	44.42	78.4	5	34.9
0.3536	29.92	0.17	5.11	12.46	0.10	1.31	25.6	5	32.4
0.3590	29.77	4.21	125.45	13.16	7.44	97.89	78.0	5	38.4
0.3646	30.20	3.72	112.36	13.20	6.69	88.33	78.6	5	37.6
0.3701	29.96	0.17	5.11	12.46	0.10	1.31	25.6	5	32.7
0.3757	30.33	1.49	45.23	12.76	2.79	35.55	78.6	5	34.2
0.3811	30.08	3.75	112.78	13.21	6.72	88.84	78.8	5	37.4
0.3867	30.10	4.18	125.87	13.31	7.44	99.09	78.7	5	38.5
0.3922	30.09	1.52	45.65	12.70	2.82	35.86	78.5	5	34.0
0.3978	29.98	3.52	105.60	13.13	6.31	82.82	78.4	5	37.3
0.4032	30.19	5.12	154.58	13.32	9.11	121.29	78.5	5	39.6
0.4088	29.83	5.51	164.29	13.35	9.66	128.88	78.4	5	40.1
0.4143	29.77	3.32	98.85	13.25	5.86	77.70	78.6	5	36.9
0.4199	29.56	3.16	93.36	13.01	5.64	73.38	78.6	5	36.5
0.4253	30.26	5.61	169.78	13.55	9.88	133.85	78.8	5	40.3
0.4309	30.13	6.03	181.60	13.57	10.47	142.06	78.2	5	41.2
0.4364	29.91	3.11	92.94	13.01	5.60	72.80	78.3	5	36.7
0.4420	30.21	3.72	112.36	13.12	6.72	88.20	78.5	5	37.5
0.4474	30.05	6.04	181.60	13.54	10.52	142.41	78.4	5	41.2
0.4530	30.08	6.04	181.60	13.62	10.51	143.05	78.8	5	41.0
0.4585	30.07	5.32	160.07	13.46	9.29	125.14	78.2	5	39.9
0.4641	29.91	5.37	160.49	13.49	9.32	125.67	78.3	5	40.1
0.4695	29.95	6.08	182.03	13.57	10.55	143.21	78.7	5	41.0
0.4751	30.00	6.07	182.03	13.62	10.48	142.65	78.4	5	40.9
0.4806	30.08	3.66	110.25	12.91	6.74	87.10	79.0	5	37.2
0.4862	29.86	3.27	97.58	13.07	5.89	76.93	78.8	5	37.0
0.4916	30.31	5.99	181.60	13.57	10.53	142.95	78.7	5	41.0
0.4972	29.94	6.01	179.92	13.51	10.41	140.59	78.1	5	41.0
0.5027	30.52	3.20	97.58	13.04	5.86	76.45	78.3	5	36.9
0.5083	29.90	2.43	72.67	12.88	4.43	57.06	78.5	5	35.4
0.5137	29.78	6.04	179.92	13.60	10.45	142.17	79.0	5	41.3
0.5193	30.14	6.01	181.18	13.59	10.49	142.60	78.7	5	40.6
0.5248	30.06	2.43	73.09	12.86	4.47	57.55	78.7	5	35.6
0.5304	29.77	3.32	98.85	13.05	5.92	77.17	78.1	5	36.7
0.5358	30.30	5.98	181.18	13.60	10.49	142.70	78.8	5	40.8
0.5414	29.89	6.08	181.60	13.58	10.54	143.24	78.9	5	41.2
0.5469	30.41	3.25	98.85	13.13	5.93	77.85	78.8	5	37.3
0.5525	30.04	5.33	160.07	13.33	9.40	125.34	78.3	5	40.3
0.5579	29.60	6.15	182.03	13.60	10.51	142.87	78.5	5	40.8
0.5635	29.78	6.10	181.60	13.58	10.49	142.41	78.4	5	41.2
0.5690	29.80	5.87	174.85	13.54	10.21	138.31	79.1	5	40.8
0.5746	30.17	5.92	178.65	13.58	10.33	140.18	78.5	5	41.0
0.5800	29.56	6.14	181.60	13.54	10.57	143.10	78.8	5	41.0
0.5856	29.64	6.14	182.03	13.64	10.54	143.72	79.0	5	41.1
0.5910	30.14	5.94	179.07	13.53	10.49	141.90	79.2	5	41.0
0.5967	30.32	5.98	181.18	13.58	10.44	141.79	78.3	5	41.0
0.6077	30.01	6.04	181.18	13.59	10.47	142.31	78.5	5	41.1
0.6188	29.95	6.06	181.39	13.56	10.45	141.72	78.1	5	41.2
0.6298	30.15	6.02	181.39	13.56	10.50	142.35	78.5	5	41.1
0.6409	29.81	6.09	181.39	13.60	10.51	142.83	78.7	5	41.4
0.6519	29.71	6.10	181.39	13.52	10.56	142.75	78.7	5	41.2
0.6630	30.20	6.01	181.39	13.60	10.51	142.99	78.8	5	41.0
0.6740	30.42	5.96	181.39	13.58	10.47	142.07	78.3	5	41.1
0.6851	30.39	5.97	181.39	13.54	10.55	142.90	78.8	5	41.2
0.6961	29.94	6.06	181.39	13.53	10.55	142.73	78.7	5	41.3
0.7072	29.79	6.09	181.39	13.64	10.45	142.52	78.6	5	41.2
0.7182	30.37	5.97	181.39	13.56	10.59	143.55	79.1	5	41.2
0.7293	29.89	6.07	181.39	13.51	10.52	142.14	78.4	5	41.0
0.7403	30.17	6.01	181.39	13.59	10.51	142.88	78.8	5	40.6
0.7514	29.94	6.06	181.39	13.60	10.41	141.68	78.1	5	41.3
0.7624	30.00	6.05	181.39	13.69	10.50	143.71	79.2	5	41.0
0.7735	29.93	6.06	181.39	13.60	10.47	142.42	78.5	5	41.3
0.7845	29.79	6.09	181.39	13.63	10.40	141.70	78.1	5	41.3
0.7956	30.00	6.05	181.39	13.69	10.44	143.00	78.8	5	41.0
0.8066	30.47	5.95	181.39	13.64	10.45	142.55	78.6	5	41.0
0.8177	29.95	6.06	181.39	13.55	10.50	142.28	78.4	5	41.3
0.8287	30.25	6.00	181.39	13.48	10.54	142.08	78.3	5	41.4
0.8398	29.89	6.07	181.39	13.54	10.48	141.90	78.2	5	41.1
0.8508	29.64	6.12	181.39	13.58	10.46	142.05	78.3	5	41.2
0.8619	29.80	6.09	181.39	13.55	10.45	141.67	78.1	5	41.0
0.8729	29.99	6.05	181.39	13.57	10.50	142.54	78.6	5	40.9
0.8840	30.27	5.99	181.39	13.65	10.43	142.30	78.4	5	41.2
0.8950	29.98	6.05	181.39	13.63	10.41	141.90	78.2	5	41.0
0.9061	29.62	6.12	181.39	13.48	10.58	142.56	78.6	5	41.1
0.9171	30.15	6.02	181.39	13.54	10.48	141.81	78.2	5	41.3
0.9282	30.15	6.02	181.39	13.64	10.47	142.89	78.8	5	41.0
0.9392	30.06	6.03	181.39	13.50	10.52	142.02	78.3	5	41.2
0.9503	30.22	6.00	181.39	13.58	10.48	142.32	78.5	5	41.1
0.9613	30.09	6.03	181.39	13.55	10.51	142.37	78.5	5	40.7
0.9724	29.79	6.09	181.39	13.55	10.50	142.25	78.4	5	40.9
0.9834	30.09	6.03	181.39	13.65	10.44	142.46	78.5	5	40.8
0.9945	29.64	6.12	181.39	13.57	10.45	141.78	78.2	5	40.7
1.0055	30.00	6.05	181.39	13.64	10.47	142.70	78.7	5	41.2
1.0166	29.94	6.06	181.39	13.61	10.46	142.37	78.5	5	41.2
1.0276	29.96	6.06	181.39	13.59	10.52	142.98	78.8	5	41.4
1.0387	29.90	6.07	181.39	13.58	10.53	143.04	78.9	5	41.5
1.0497	29.87	6.07	181.39	13.47	10.59	142.64	78.6	5	41.0
1.0608	30.23	6.00	181.39	13.55	10.46	141.78	78.2	5	41.1
1.0718	30.34	5.98	181.39	13.53	10.49	141.92	78.2	5	41.1
1.0829	29.63	6.12	181.39	13.52	10.53	142.43	78.5	5	40.8
1.0939	30.12	6.02	181.39	13.66	10.39	141.95	78.3	5	41.1
1.1050	30.37	5.97	181.39	13.61	10.51	143.08	78.9	5	40.9
1.1160	30.15	6.02	181.39	13.52	10.53	142.27	78.4	5	40.8
1.1271	30.18	6.01	181.39	13.47	10.60	142.72	78.7	5	41.2
1.1381	29.63	6.12	181.39	13.46	10.62	142.96	78.8	5	41.1
1.1492	30.31	5.98	181.39	13.58	10.54	143.11	78.9	5	41.2
1.1602	29.92	6.06	181.39	13.57	10.47	142.08	78.3	5	41.0
1.1713	30.14	6.02	181.39	13.50	10.53	142.11	78.3	5	40.7
1.1823	29.83	6.08	181.39	13.56	10.49	142.23	78.4	5	40.8
1.1934	29.75	6.10	181.39	13.56	10.40	141.07	77.8	5	41.4
1.2044	30.15	6.02	181.39	13.53	10.53	142.37	78.5	5	40.7
1.2155	30.35	5.98	181.39	13.57	10.46	142.03	78.3	5	40.9
1.2265	29.67	6.11	181.39	13.62	10.40	141.65	78.1	5	41.1
1.2376	29.91	6.07	181.39	13.57	10.44	141.60	78.1	5	41.4
1.2486	29.94	6.06	181.39	13.49	10.53	142.09	78.3	5	41.2
1.2597	29.83	6.08	181.39	13.53	10.52	142.26	78.4	5	41.4
1.2707	29.97	6.05	181.39	13.56	10.54	142.86	78.8	5	41.0
1.2818	30.16	6.01	181.39	13.59	10.43	141.69	78.1	5	41.2
1.2928	30.15	6.02	181.39	13.52	10.51	142.08	78.3	5	40.8
1.3039	29.94	6.06	181.39	13.53	10.46	141.52	78.0	5	41.2
1.3149	30.15	6.02	181.39	13.59	10.41	141.44	78.0	5	40.8
1.3260	30.11	6.02	181.39	13.61	10.46	142.35	78.5	5	41.2
1.3370	29.79	6.09	181.39	13.68	10.39	142.21	78.4	5	40.8
1.3481	29.68	6.11	181.39	13.51	10.59	143.10	78.9	5	40.9
1.3591	30.39	5.97	181.39	13.55	10.46	141.65	78.1	5	41.2
1.3702	30.59	5.93	181.39	13.54	10.48	141.96	78.3	5	41.0
1.3812	30.22	6.00	181.39	13.59	10.51	142.81	78.7	5	40.9
1.3923	30.06	6.03	181.39	13.52	10.53	142.42	78.5	5	41.0
1.4033	29.92	6.06	181.39	13.63	10.49	142.97	78.8	5	41.0
1.4144	29.94	6.06	181.39	13.59	10.47	142.29	78.4	5	41.4
1.4254	29.60	6.13	181.39	13.58	10.49	142.42	78.5	5	41.1
1.4365	30.31	5.98	181.39	13.53	10.52	142.44	78.5	5	40.8
1.4475	30.10	6.03	181.39	13.62	10.44	142.15	78.4	5	41.4
1.4586	29.83	6.08	181.39	13.64	10.47	142.80	78.7	5	41.2
1.4696	30.01	6.04	181.39	13.59	10.58	143.70	79.2	5	41.0
1.4807	29.83	6.08	181.39	13.57	10.46	142.02	78.3	5	41.4
1.4917	30.02	6.04	181.39	13.54	10.49	142.12	78.3	5	40.8
1.5028	29.91	6.06	181.39	13.58	10.49	142.46	78.5	5	41.4
1.5138	29.92	6.06	181.39	13.64	10.40	141.83	78.2	5	41.1
1.5249	29.79	6.09	181.39	13.60	10.52	143.12	78.9	5	41.0
1.5359	30.11	6.02	181.39	13.66	10.42	142.31	78.5	5	40.6
1.5470	29.99	6.05	181.39	13.59	10.55	143.32	79.0	5	41.3
1.5580	30.08	6.03	181.39	13.56	10.54	142.90	78.8	5	41.2
1.5691	30.09	6.03	181.39	13.60	10.48	142.49	78.6	5	40.9
1.5801	29.66	6.12	181.39	13.62	10.45	142.29	78.4	5	41.3
1.5912	29.70	6.11	181.39	13.57	10.50	142.52	78.6	5	41.1
1.6022	30.35	5.98	181.39	13.64	10.44	142.38	78.5	5	41.4
1.6133	29.78	6.09	181.39	13.48	10.60	142.93	78.8	5	41.4
1.6243	29.84	6.08	181.39	13.61	10.42	141.79	78.2	5	40.9
1.6354	29.98	6.05	181.39	13.53	10.52	142.33	78.5	5	41.1
1.6464	30.15	6.02	181.39	13.63	10.46	142.54	78.6	5	41.1
1.6575	29.72	6.10	181.39	13.52	10.56	142.77	78.7	5	40.8
1.6685	29.94	6.06	181.39	13.56	10.50	142.46	78.5	5	41.0
1.6796	29.96	6.06	181.39	13.60	10.46	142.20	78.4	5	41.2
1.6906	29.97	6.05	181.39	13.55	10.54	142.78	78.7	5	41.0
1.7017	30.03	6.04	181.39	13.59	10.53	143.12	78.9	5	40.9
1.7127	29.93	6.06	181.39	13.62	10.53	143.32	79.0	5	41.4
1.7238	29.73	6.10	181.39	13.59	10.48	142.40	78.5	5	41.0
1.7348	30.26	6.00	181.39	13.58	10.47	142.13	78.4	5	41.3
1.7459	30.05	6.04	181.39	13.56	10.55	143.13	78.9	5	40.9
1.7569	30.12	6.02	181.39	13.52	10.56	142.76	78.7	5	40.7
1.7680	29.61	6.13	181.39	13.61	10.43	141.90	78.2	5	41.0
1.7790	29.77	6.09	181.39	13.59	10.51	142.75	78.7	5	40.7
1.7901	30.04	6.04	181.39	13.57	10.39	140.98	77.7	5	40.9
1.8011	29.99	6.05	181.39	13.54	10.51	142.25	78.4	5	41.4
1.8122	29.84	6.08	181.39	13.59	10.49	142.56	78.6	5	41.0
1.8232	29.98	6.05	181.39	13.46	10.52	141.63	78.1	5	41.4
1.8343	30.11	6.03	181.39	13.57	10.57	143.51	79.1	5	41.1
1.8453	30.35	5.98	181.39	13.60	10.44	141.98	78.3	5	41.2
1.8564	30.27	5.99	181.39	13.52	10.53	142.33	78.5	5	41.4
1.8674	29.99	6.05	181.39	13.70	10.40	142.44	78.5	5	41.1
1.8785	29.95	6.06	181.39	13.61	10.39	141.44	78.0	5	41.1
1.8895	30.17	6.01	181.39	13.54	10.51	142.35	78.5	5	41.0
1.9006	30.25	6.00	181.39	13.49	10.49	141.48	78.0	5	41.1
1.9116	30.41	5.97	181.39	13.52	10.53	142.39	78.5	5	40.8
1.9227	29.98	6.05	181.39	13.56	10.54	142.93	78.8	5	41.1
1.9337	29.69	6.11	181.39	13.59	10.44	141.88	78.2	5	41.1
1.9448	29.91	6.06	181.39	13.56	10.54	142.92	78.8	5	41.2
1.9558	30.03	6.04	181.39	13.61	10.49	142.82	78.7	5	41.1
1.9669	30.22	6.00	181.39	13.57	10.52	142.76	78.7	5	41.2
1.9779	30.05	6.04	181.39	13.66	10.45	142.74	78.7	5	41.0
1.9890	30.19	6.02	181.60	13.62	10.48	142.77	78.6	5	41.4
1.9944	29.93	5.12	153.32	13.34	9.05	120.68	78.7	5	39.7
2.0000	30.20	6.01	181.60	13.48	10.49	141.47	77.9	5	40.9
2.0054	30.15	2.65	79.85	12.92	4.85	62.68	78.5	5	35.8
2.0110	30.18	5.14	155.00	13.36	9.12	121.85	78.6	5	39.7
2.0165	0.50	0.10	0.05	0.00	0.00	0.00	0.2	5	31.9
2.0221	0.50	0.10	0.05	0.00	0.00	0.00	0.2	5	32.1
2.0275	30.27	2.39	72.25	12.94	4.37	56.58	78.3	5	35.5
2.0331	30.17	2.38	71.83	12.95	4.34	56.13	78.1	5	35.7
2.0386	30.06	0.42	12.71	12.63	0.79	9.97	78.4	5	32.9
2.0442	30.07	0.45	13.56	12.59	0.84	10.58	78.0	5	33.0
2.0496	30.25	2.05	62.11	12.84	3.80	48.75	78.5	5	35.3
2.0552	29.95	1.78	53.25	12.84	3.25	41.72	78.4	5	34.5
2.0607	29.72	0.61	18.20	12.61	1.13	14.27	78.4	5	32.5
2.0663	30.02	0.82	24.54	12.63	1.53	19.28	78.6	5	33.0
2.0717	30.03	1.79	53.67	12.82	3.26	41.82	77.9	5	34.4
2.0773	29.93	2.22	66.34	12.88	4.04	51.96	78.3	5	35.5
2.0828	30.16	0.81	24.54	12.70	1.52	19.26	78.5	5	33.6
2.0884	30.23	1.44	43.54	12.69	2.69	34.15	78.4	5	34.1
2.0938	30.17	2.60	78.58	13.00	4.73	61.57	78.3	5	35.9
2.0994	30.00	3.14	94.20	13.01	5.70	74.17	78.7	5	36.8
2.1049	29.94	1.47	43.96	12.81	2.70	34.55	78.6	5	34.5
2.1105	30.38	0.20	5.96	12.48	0.14	1.78	29.8	5	32.3
2.1159	30.11	3.13	94.20	13.10	5.65	74.09	78.6	5	36.5
2.1215	30.40	3.15	95.89	13.10	5.74	75.15	78.4	5	37.1
2.1270	30.05	0.20	5.96	12.47	0.14	1.78	29.8	5	32.3
2.1326	30.02	1.28	38.47	12.72	2.39	30.37	78.9	5	33.6
2.1380	29.83	3.21	95.89	13.01	5.76	74.91	78.1	5	36.4
2.1436	30.04	3.18	95.47	13.06	5.72	74.77	78.3	5	36.6
2.1491	30.29	1.28	38.89	12.77	2.41	30.77	79.1	5	34.3
2.1547	29.71	2.67	79.43	12.89	4.82	62.09	78.2	5	35.8
2.1601	30.21	3.37	101.80	13.07	6.10	79.73	78.3	5	36.9
2.1657	29.83	3.06	91.25	13.00	5.53	71.88	78.8	5	36.8
2.1712	30.05	4.02	120.80	13.20	7.22	95.31	78.9	5	37.8
2.1768	30.39	4.28	130.09	13.32	7.70	102.57	78.8	5	38.6
2.1822	29.92	3.32	99.27	13.16	5.90	77.65	78.2	5	37.1
2.1878	29.64	3.72	110.25	13.16	6.56	86.33	78.3	5	37.6
2.1933	30.15	4.41	133.05	13.30	7.89	104.97	78.9	5	38.9
2.1989	30.05	4.47	134.32	13.19	7.98	105.25	78.4	5	38.7
2.2043	29.95	3.86	115.74	13.27	6.81	90.39	78.1	5	37.4
2.2099	29.90	3.87	115.74	13.20	6.85	90.48	78.2	5	38.0
2.2154	29.85	4.53	135.16	13.31	7.99	106.38	78.7	5	39.0
2.2210	30.21	4.74	143.18	13.38	8.41	112.60	78.6	5	39.4
2.2264	30.32	3.98	120.80	13.27	7.15	94.86	78.5	5	37.9
2.2320	29.78	4.59	136.85	13.31	8.06	107.27	78.4	5	39.0
2.2375	30.21	4.94	149.09	13.43	8.72	117.08	78.5	5	39.6
2.2431	29.80	5.02	149.52	13.42	8.72	117.04	78.3	5	39.4
2.2485	30.02	4.84	145.29	13.36	8.48	113.31	78.0	5	39.2
2.2541	30.40	4.79	145.72	13.35	8.60	114.77	78.8	5	39.9
2.2596	30.05	4.95	148.67	13.44	8.62	115.92	78.0	5	39.5
2.2652	29.71	5.03	149.52	13.42	8.75	117.41	78.5	5	39.4
2.2706	30.03	4.85	145.72	13.32	8.58	114.28	78.4	5	39.0
2.2762	29.96	4.99	149.52	13.45	8.74	117.59	78.6	5	39.4
2.2817	29.95	4.67	139.80	13.41	8.20	109.94	78.6	5	39.1
2.2873	29.85	4.53	135.16	13.32	8.00	106.65	78.9	5	38.6
2.2927	30.03	4.98	149.52	13.29	8.81	117.06	78.3	5	39.4
2.2983	30.26	5.03	152.05	13.43	8.90	119.54	78.6	5	39.3
2.3038	29.78	4.55	135.58	13.26	8.00	106.10	78.3	5	38.7
2.3094	30.05	4.84	145.29	13.30	8.54	113.60	78.2	5	39.6
2.3148	30.06	5.09	152.89	13.29	9.02	119.93	78.4	5	39.7
2.3204	30.24	5.07	153.32	13.44	8.97	120.64	78.7	5	39.7
2.3259	29.86	4.94	147.40	13.39	8.64	115.71	78.5	5	39.6
2.3315	29.90	4.94	147.83	13.40	8.62	115.55	78.2	5	39.5
2.3369	29.77	5.15	153.32	13.45	8.97	120.67	78.7	5	39.7
2.3425	29.83	5.07	151.20	13.34	8.89	118.65	78.5	5	39.5
2.3480	29.91	4.94	147.83	13.44	8.62	115.88	78.4	5	39.5
2.3536	29.78	5.01	149.30	13.32	8.78	117.03	78.4	5	39.5
2.3646	29.93	5.02	150.15	13.38	8.78	117.55	78.3	5	39.7
2.3757	29.85	5.03	150.15	13.32	8.89	118.47	78.9	5	39.7
2.3867	30.29	4.94	149.73	13.30	8.87	118.00	78.8	5	39.8
2.3978	29.86	5.01	149.73	13.43	8.76	117.67	78.6	5	39.4
2.4088	29.94	5.00	149.73	13.43	8.78	117.88	78.7	5	39.6
2.4199	30.16	4.96	149.73	13.32	8.82	117.44	78.4	5	39.8
2.4309	30.18	4.96	149.73	13.37	8.81	117.83	78.7	5	39.5
2.4420	30.12	4.97	149.73	13.29	8.82	117.29	78.3	5	39.9
2.4530	29.95	5.00	149.73	13.37	8.77	117.28	78.3	5	39.9
2.4641	30.21	4.96	149.73	13.31	8.83	117.48	78.5	5	39.6
2.4751	30.28	4.94	149.73	13.36	8.79	117.51	78.5	5	39.5
2.4862	30.20	4.96	149.73	13.40	8.76	117.34	78.4	5	39.5
2.4972	29.88	5.01	149.73	13.32	8.84	117.71	78.6	5	39.7
2.5083	30.08	4.98	149.73	13.36	8.83	117.95	78.8	5	39.3
2.5193	30.33	4.94	149.73	13.43	8.81	118.35	79.0	5	39.6
2.5304	30.05	4.98	149.73	13.46	8.73	117.50	78.5	5	39.3
2.5414	30.15	4.97	149.73	13.36	8.81	117.66	78.6	5	39.8
2.5525	29.95	5.00	149.73	13.37	8.78	117.42	78.4	5	39.3
2.5635	30.06	4.98	149.73	13.30	8.85	117.71	78.6	5	39.5
2.5746	30.40	4.92	149.73	13.41	8.81	118.12	78.9	5	39.1
2.5856	30.31	4.94	149.73	13.43	8.72	117.08	78.2	5	39.7
2.5967	30.13	4.97	149.73	13.47	8.72	117.45	78.4	5	39.7
2.6077	29.81	5.02	149.73	13.38	8.77	117.43	78.4	5	39.7
2.6188	30.09	4.98	149.73	13.41	8.79	117.93	78.8	5	39.5
2.6298	30.24	4.95	149.73	13.45	8.73	117.40	78.4	5	39.5
2.6409	29.80	5.02	149.73	13.38	8.77	117.36	78.4	5	39.7
2.6519	30.01	4.99	149.73	13.29	8.88	118.03	78.8	5	39.9
2.6630	29.80	5.02	149.73	13.31	8.81	117.20	78.3	5	39.4
2.6740	29.45	5.08	149.73	13.43	8.72	117.20	78.3	5	39.7
2.6851	30.08	4.98	149.73	13.38	8.77	117.34	78.4	5	39.4
2.6961	30.01	4.99	149.73	13.50	8.71	117.64	78.6	5	39.4
2.7072	29.86	5.01	149.73	13.34	8.81	117.50	78.5	5	39.5
2.7182	29.79	5.03	149.73	13.40	8.82	118.16	78.9	5	39.6
2.7293	29.73	5.04	149.73	13.35	8.78	117.17	78.3	5	39.2
2.7403	29.97	5.00	149.73	13.32	8.81	117.37	78.4	5	39.3
2.7514	29.90	5.01	149.73	13.39	8.72	116.83	78.0	5	39.6
2.7624	30.36	4.93	149.73	13.42	8.77	117.69	78.6	5	39.3
2.7735	30.19	4.96	149.73	13.40	8.77	117.57	78.5	5	39.5
2.7845	29.80	5.02	149.73	13.37	8.82	117.93	78.8	5	39.1
2.7956	30.09	4.98	149.73	13.38	8.82	118.02	78.8	5	39.4
2.8066	30.06	4.98	149.73	13.36	8.79	117.35	78.4	5	39.6
2.8177	29.95	5.00	149.73	13.35	8.80	117.50	78.5	5	39.6
2.8287	30.18	4.96	149.73	13.39	8.74	116.97	78.1	5	39.4
2.8398	30.17	4.96	149.73	13.34	8.86	118.15	78.9	5	39.5
2.8508	29.86	5.01	149.73	13.39	8.80	117.78	78.7	5	39.6
2.8619	30.07	4.98	149.73	13.55	8.73	118.29	79.0	5	39.2
2.8729	30.18	4.96	149.73	13.41	8.75	117.30	78.3	5	39.3
2.8840	29.94	5.00	149.73	13.42	8.77	117.66	78.6	5	39.3
2.8950	30.42	4.92	149.73	13.36	8.79	117.36	78.4	5	39.7
2.9061	29.70	5.04	149.73	13.41	8.82	118.28	79.0	5	39.5
2.9171	29.86	5.01	149.73	13.42	8.79	117.90	78.7	5	39.0
2.9282	29.92	5.00	149.73	13.33	8.84	117.85	78.7	5	39.3
2.9392	29.99	4.99	149.73	13.34	8.79	117.25	78.3	5	39.7
2.9503	30.05	4.98	149.73	13.39	8.84	118.40	79.1	5	39.5
2.9613	30.35	4.93	149.73	13.39	8.76	117.25	78.3	5	39.2
2.9724	30.00	4.99	149.73	13.38	8.78	117.43	78.4	5	39.9
2.9834	30.17	4.96	149.73	13.34	8.78	117.10	78.2	5	39.4
2.9945	30.34	4.94	149.73	13.34	8.81	117.45	78.4	5	39.0
3.0055	30.21	4.96	149.73	13.44	8.79	118.16	78.9	5	39.4
3.0166	29.80	5.02	149.73	13.39	8.71	116.66	77.9	5	39.6
3.0276	30.19	4.96	149.73	13.34	8.79	117.28	78.3	5	39.4
3.0387	30.14	4.97	149.73	13.39	8.80	117.81	78.7	5	39.6
3.0497	30.04	4.98	149.73	13.37	8.90	118.95	79.4	5	39.8
3.0608	30.27	4.95	149.73	13.38	8.83	118.15	78.9	5	39.2
3.0718	30.07	4.98	149.73	13.40	8.77	117.52	78.5	5	39.4
3.0829	30.13	4.97	149.73	13.43	8.73	117.28	78.3	5	39.6
3.0939	29.99	4.99	149.73	13.39	8.77	117.51	78.5	5	39.6
3.1050	30.51	4.91	149.73	13.37	8.78	117.41	78.4	5	39.4
3.1160	30.10	4.97	149.73	13.44	8.76	117.75	78.6	5	39.9
3.1271	30.00	4.99	149.73	13.40	8.76	117.32	78.4	5	40.0
3.1381	30.05	4.98	149.73	13.42	8.75	117.39	78.4	5	39.5
3.1492	29.67	5.05	149.73	13.39	8.75	117.17	78.3	5	39.4
3.1602	30.17	4.96	149.73	13.49	8.81	118.77	79.3	5	39.6
3.1713	29.89	5.01	149.73	13.24	8.89	117.64	78.6	5	39.4
3.1823	30.14	4.97	149.73	13.42	8.73	117.12	78.2	5	39.6
3.1934	30.42	4.92	149.73	13.39	8.81	118.00	78.8	5	39.7
3.2044	30.32	4.94	149.73	13.38	8.76	117.18	78.3	5	39.5
3.2155	30.22	4.95	149.73	13.41	8.72	116.96	78.1	5	39.3
3.2265	29.89	5.01	149.73	13.33	8.79	117.15	78.2	5	39.3
3.2376	29.70	5.04	149.73	13.31	8.87	118.10	78.9	5	39.3
3.2486	30.17	4.96	149.73	13.37	8.83	118.08	78.9	5	39.6
3.2597	30.24	4.95	149.73	13.38	8.77	117.28	78.3	5	39.7
3.2707	30.12	4.97	149.73	13.47	8.75	117.88	78.7	5	39.2
3.2818	29.99	4.99	149.73	13.35	8.83	117.85	78.7	5	39.1
3.2928	30.31	4.94	149.73	13.30	8.82	117.29	78.3	5	39.4
3.3039	30.08	4.98	149.73	13.44	8.68	116.73	78.0	5	39.5
3.3149	29.78	5.03	149.73	13.35	8.81	117.56	78.5	5	39.5
3.3260	29.94	5.00	149.73	13.28	8.88	117.94	78.8	5	39.3
3.3370	30.06	4.98	149.73	13.38	8.80	117.65	78.6	5	39.6
3.3481	30.10	4.97	149.73	13.35	8.78	117.22	78.3	5	39.2
3.3591	29.71	5.04	149.73	13.28	8.87	117.78	78.7	5	39.4
3.3702	30.06	4.98	149.73	13.22	8.88	117.40	78.4	5	39.6
3.3812	29.89	5.01	149.73	13.31	8.86	117.88	78.7	5	39.1
3.3923	29.63	5.05	149.73	13.38	8.77	117.28	78.3	5	39.2
3.4033	29.96	5.00	149.73	13.30	8.78	116.73	78.0	5	39.8
3.4144	30.11	4.97	149.73	13.46	8.74	117.62	78.6	5	39.5
3.4254	29.52	5.07	149.73	13.42	8.72	116.97	78.1	5	39.3
3.4365	29.81	5.02	149.73	13.37	8.78	117.47	78.5	5	39.6
3.4475	30.20	4.96	149.73	13.36	8.79	117.52	78.5	5	39.3
3.4586	30.07	4.98	149.73	13.39	8.73	116.89	78.1	5	39.5
3.4696	29.93	5.00	149.73	13.37	8.80	117.64	78.6	5	39.5
3.4807	29.88	5.01	149.73	13.36	8.83	117.99	78.8	5	39.4
3.4917	29.82	5.02	149.73	13.35	8.83	117.91	78.8	5	39.7
3.5028	29.84	5.02	149.73	13.33	8.78	117.09	78.2	5	39.7
3.5138	29.98	4.99	149.73	13.43	8.77	117.73	78.6	5	39.6
3.5249	30.24	4.95	149.73	13.28	8.89	118.15	78.9	5	39.5
3.5359	29.89	5.01	149.73	13.38	8.80	117.76	78.6	5	39.3
3.5470	30.15	4.97	149.73	13.38	8.73	116.80	78.0	5	39.8
3.5580	30.15	4.97	149.73	13.42	8.80	118.08	78.9	5	39.8
3.5691	29.97	5.00	149.73	13.35	8.80	117.47	78.5	5	39.6
3.5801	29.90	5.01	149.73	13.29	8.82	117.18	78.3	5	39.6
3.5912	29.87	5.01	149.73	13.37	8.81	117.72	78.6	5	39.6
3.6022	30.06	4.98	149.73	13.36	8.83	117.95	78.8	5	39.3
3.6133	29.86	5.01	149.73	13.46	8.75	117.77	78.7	5	39.8
3.6243	30.12	4.97	149.73	13.40	8.82	118.24	79.0	5	39.6
3.6354	29.68	5.04	149.73	13.32	8.86	117.97	78.8	5	39.6
3.6464	30.02	4.99	149.73	13.43	8.73	117.16	78.2	5	39.5
3.6575	30.07	4.98	149.73	13.36	8.76	117.05	78.2	5	39.4
3.6685	29.89	5.01	149.73	13.39	8.74	117.00	78.1	5	39.4
3.6796	29.96	5.00	149.73	13.36	8.79	117.49	78.5	5	39.7
3.6906	30.11	4.97	149.73	13.34	8.83	117.72	78.6	5	39.4
3.7017	30.49	4.91	149.73	13.33	8.79	117.11	78.2	5	39.4
3.7127	29.92	5.00	149.73	13.42	8.75	117.48	78.5	5	39.6
3.7238	30.13	4.97	149.73	13.45	8.79	118.18	78.9	5	39.0
3.7348	30.25	4.95	149.73	13.42	8.79	118.01	78.8	5	39.2
3.7459	29.93	5.00	149.73	13.40	8.83	118.33	79.0	5	39.3
3.7569	29.99	4.99	149.73	13.35	8.84	118.00	78.8	5	39.3
3.7680	30.13	4.97	149.73	13.30	8.86	117.89	78.7	5	39.0
3.7790	30.21	4.96	149.73	13.38	8.78	117.43	78.4	5	39.5
3.7901	29.76	5.03	149.73	13.35	8.75	116.81	78.0	5	39.3
3.8011	30.02	4.99	149.73	13.40	8.79	117.75	78.6	5	39.3
3.8122	30.32	4.94	149.73	13.34	8.81	117.48	78.5	5	39.6
3.8232	29.94	5.00	149.73	13.37	8.81	117.72	78.6	5	39.6
3.8343	29.43	5.09	149.73	13.37	8.81	117.76	78.7	5	39.3
3.8453	29.77	5.03	149.73	13.39	8.78	117.51	78.5	5	40.1
3.8564	30.06	4.98	149.73	13.43	8.66	116.37	77.7	5	39.3
3.8674	29.61	5.06	149.73	13.35	8.81	117.69	78.6	5	39.6
3.8785	30.15	4.97	149.73	13.39	8.74	117.07	78.2	5	39.3
3.8895	29.98	4.99	149.73	13.33	8.82	117.55	78.5	5	39.2
3.9006	30.24	4.95	149.73	13.41	8.77	117.54	78.5	5	39.4
3.9116	30.02	4.99	149.73	13.39	8.80	117.76	78.7	5	39.5
3.9227	30.09	4.98	149.73	13.37	8.79	117.54	78.5	5	39.3
3.9337	29.64	5.05	149.73	13.51	8.69	117.38	78.4	5	39.3
3.9448	30.07	4.98	149.73	13.37	8.81	117.72	78.6	5	39.5
3.9558	29.87	5.01	149.73	13.32	8.83	117.61	78.5	5	39.3
3.9669	29.85	5.02	149.73	13.44	8.69	116.84	78.0	5	39.7
3.9779	30.09	4.98	149.73	13.33	8.83	117.64	78.6	5	39.3
3.9890	29.91	5.01	149.94	13.35	8.80	117.52	78.4	5	39.3
3.9944	29.94	3.57	106.87	13.10	6.40	83.92	78.5	5	37.1
4.0000	30.17	4.96	149.52	13.39	8.73	116.99	78.2	5	39.3
4.0054	1.20	0.39	0.47	0.00	0.00	0.01	2.4	5	32.1
4.0110	0.50	0.10	0.05	0.00	0.00	0.00	0.2	5	32.0
4.0165	30.36	3.69	111.94	13.19	6.68	88.06	78.7	5	37.5
4.0221	30.35	1.82	55.36	12.82	3.41	43.67	78.9	5	34.8
4.0275	0.55	0.09	0.05	0.00	0.00	0.00	0.2	5	32.3
4.0331	29.66	0.46	13.56	12.60	0.86	10.78	79.5	5	32.8
4.0386	30.17	1.83	55.36	12.85	3.40	43.66	78.9	5	34.7
4.0442	30.17	1.16	35.09	12.71	2.17	27.60	78.6	5	33.8
4.0496	30.07	0.47	13.98	12.51	0.88	10.95	78.3	5	32.6
4.0552	29.73	0.78	23.27	12.63	1.44	18.19	78.2	5	33.2
4.0607	29.77	1.18	35.09	12.71	2.17	27.58	78.6	5	33.5
4.0663	30.36	0.99	30.03	12.78	1.84	23.56	78.5	5	33.2
4.0717	29.54	0.79	23.27	12.64	1.45	18.29	78.6	5	33.3
4.0773	30.09	0.87	26.23	12.66	1.63	20.62	78.6	5	33.2
4.0828	30.08	0.98	29.60	12.63	1.84	23.28	78.6	5	33.3
4.0884	29.82	0.91	27.28	12.64	1.70	21.50	78.8	5	33.4
4.0994	29.80	0.92	27.49	12.64	1.72	21.70	78.9	5	33.2
4.1105	30.19	0.91	27.49	12.63	1.71	21.58	78.5	5	33.3
4.1215	30.17	0.90	27.28	12.67	1.69	21.44	78.6	5	33.3
4.1326	29.98	0.92	27.49	12.63	1.70	21.51	78.2	5	33.4
4.1436	29.73	0.92	27.28	12.62	1.70	21.45	78.6	5	32.9
4.1547	30.12	0.91	27.28	12.66	1.70	21.53	78.9	5	33.4
4.1657	30.09	0.91	27.28	12.62	1.70	21.47	78.7	5	33.3
4.1768	30.16	0.94	28.34	12.67	1.77	22.45	79.2	5	33.5
4.1878	30.23	0.91	27.49	12.62	1.72	21.65	78.7	5	33.6
4.1933	30.03	1.76	52.83	12.89	3.23	41.61	78.8	5	34.5
4.1989	30.10	1.98	59.58	12.86	3.64	46.87	78.7	5	35.1
4.2043	29.60	1.13	33.40	12.73	2.07	26.37	78.9	5	33.3
4.2099	30.18	1.51	45.65	12.74	2.83	36.00	78.9	5	34.3
4.2154	30.04	2.10	62.96	12.92	3.82	49.32	78.3	5	35.0
4.2210	29.81	2.30	68.45	12.89	4.15	53.51	78.2	5	35.9
4.2264	29.92	1.55	46.49	12.71	2.88	36.66	78.9	5	34.5
4.2320	30.26	2.02	61.27	12.92	3.74	48.30	78.8	5	35.2
4.2375	30.02	2.28	68.45	12.97	4.15	53.85	78.7	5	35.3
4.2431	29.91	2.30	68.87	12.95	4.16	53.91	78.3	5	35.3
4.2485	29.85	2.05	61.27	12.84	3.74	48.07	78.5	5	35.1
4.2541	30.14	2.03	61.27	12.88	3.73	48.06	78.4	5	35.2
4.2596	30.29	2.26	68.45	12.94	4.12	53.29	77.9	5	35.6
4.2652	29.91	2.29	68.45	12.87	4.16	53.54	78.2	5	35.7
4.2706	30.12	2.08	62.54	12.89	3.80	48.95	78.3	5	35.2
4.2762	30.12	2.05	61.69	12.80	3.80	48.68	78.9	5	35.0
4.2817	29.97	2.23	66.76	12.89	4.07	52.43	78.5	5	35.8
4.2873	30.20	2.03	61.27	12.79	3.77	48.20	78.7	5	35.1
4.2927	29.93	2.44	73.09	12.91	4.45	57.42	78.6	5	35.8
4.2983	29.81	2.62	78.16	12.97	4.74	61.42	78.6	5	35.9
4.3038	30.00	2.14	64.23	12.88	3.94	50.77	79.0	5	35.1
4.3094	29.85	2.38	70.98	12.91	4.34	56.00	78.9	5	35.7
4.3148	29.81	2.68	79.85	12.91	4.87	62.88	78.7	5	36.1
4.3204	30.21	2.62	79.00	13.01	4.77	62.09	78.6	5	36.1
4.3259	29.44	2.58	76.05	12.86	4.66	59.92	78.8	5	36.0
4.3315	29.82	2.55	76.05	12.97	4.61	59.72	78.5	5	35.8
4.3369	30.12	2.64	79.43	12.92	4.78	61.79	77.8	5	35.4
4.3425	29.99	2.62	78.58	12.99	4.75	61.67	78.5	5	36.0
4.3536	29.80	2.64	78.79	12.91	4.81	62.13	78.9	5	36.0
4.3646	29.57	2.65	78.37	13.03	4.71	61.36	78.3	5	35.8
4.3757	29.86	2.65	79.00	12.93	4.82	62.37	78.9	5	36.1
4.3811	3.91	0.44	1.74	0.00	0.00	0.15	8.7	5	32.1
4.3867	2.94	0.45	1.31	0.00	0.00	0.09	6.6	5	32.0
4.3922	29.68	2.28	67.60	12.93	4.10	53.08	78.5	5	35.4
4.3978	30.08	1.94	58.31	12.86	3.56	45.84	78.6	5	34.5
4.4032	7.01	0.49	3.43	12.54	0.05	0.59	17.1	5	31.9
4.4088	29.97	0.40	11.87	12.61	0.74	9.32	78.5	5	32.4
4.4143	30.29	1.91	57.89	12.76	3.56	45.44	78.5	5	35.0
4.4199	30.26	1.19	35.94	12.64	2.24	28.30	78.8	5	33.7
4.4253	29.91	0.41	12.29	12.59	0.76	9.62	78.3	5	32.7
4.4309	30.06	0.76	22.85	12.57	1.43	17.99	78.7	5	33.1
4.4364	29.68	1.20	35.51	12.63	2.20	27.76	78.2	5	33.6
4.4420	29.89	1.00	30.03	12.63	1.87	23.60	78.6	5	33.1
4.4474	30.35	0.77	23.27	12.69	1.43	18.18	78.1	5	33.0
4.4530	29.75	0.88	26.23	12.70	1.62	20.57	78.4	5	33.2
4.4585	30.12	0.97	29.18	12.74	1.79	22.82	78.2	5	33.6
4.4641	30.07	0.91	27.49	12.66	1.69	21.44	78.0	5	33.3
4.4751	29.58	0.93	27.49	12.66	1.71	21.64	78.7	5	33.2
4.4862	29.76	0.92	27.49	12.70	1.70	21.57	78.5	5	33.4
4.4972	30.09	0.91	27.28	12.58	1.71	21.47	78.7	5	33.4
4.5083	30.24	0.90	27.28	12.66	1.69	21.43	78.5	5	33.4
4.5193	30.22	0.90	27.28	12.62	1.70	21.42	78.5	5	33.7
4.5304	29.74	0.92	27.28	12.69	1.68	21.34	78.2	5	33.7
4.5414	29.69	0.92	27.28	12.65	1.70	21.47	78.7	5	33.6
4.5525	29.94	0.90	27.07	12.64	1.68	21.18	78.2	5	33.2
4.5579	29.74	1.18	35.09	12.69	2.16	27.41	78.1	5	34.1
4.5635	29.94	0.92	27.49	12.61	1.71	21.57	78.5	5	33.0
4.5690	30.01	1.90	57.05	12.88	3.47	44.66	78.3	5	34.4
4.5746	30.16	1.99	60.00	12.91	3.65	47.14	78.6	5	35.2
4.5800	30.26	1.33	40.16	12.77	2.47	31.50	78.4	5	34.0
4.5856	29.88	1.54	46.07	12.73	2.84	36.16	78.5	5	33.8
4.5910	29.91	2.29	68.45	12.86	4.17	53.62	78.3	5	35.4
4.5967	29.99	2.30	68.87	12.90	4.18	53.87	78.2	5	35.6
4.6021	30.25	1.70	51.56	12.69	3.21	40.72	79.0	5	34.7
4.6077	30.39	2.02	61.27	12.86	3.73	48.00	78.3	5	35.2
4.6131	29.80	2.31	68.87	12.87	4.20	54.02	78.4	5	35.5
4.6188	30.04	2.29	68.87	12.94	4.19	54.18	78.7	5	35.3
4.6242	29.64	2.07	61.27	12.85	3.73	47.88	78.1	5	35.1
4.6298	30.07	2.04	61.27	12.87	3.75	48.30	78.8	5	35.0
4.6352	30.24	2.28	68.87	12.92	4.20	54.21	78.7	5	35.3
4.6409	30.06	2.36	70.98	12.86	4.34	55.84	78.7	5	35.5
4.6463	30.10	2.04	61.27	12.79	3.75	47.95	78.3	5	34.9
4.6519	30.07	2.15	64.65	12.81	3.97	50.82	78.6	5	35.2
4.6573	29.93	2.37	70.98	12.90	4.32	55.70	78.5	5	35.7
4.6630	30.13	2.38	71.83	12.88	4.35	56.08	78.1	5	36.1
4.6684	30.04	2.15	64.65	12.83	3.95	50.73	78.5	5	35.6
4.6740	30.00	2.27	68.03	13.01	4.10	53.37	78.5	5	35.4
4.6794	30.07	2.40	72.25	13.00	4.35	56.53	78.2	5	35.5
4.6851	30.34	2.45	74.36	13.01	4.51	58.63	78.8	5	35.4
4.6905	30.00	2.31	69.29	12.97	4.23	54.91	79.2	5	35.6
4.6961	29.90	2.33	69.71	12.94	4.22	54.63	78.4	5	35.3
4.7015	29.55	2.54	75.20	12.91	4.57	59.03	78.5	5	35.7
4.7072	30.14	2.44	73.52	12.94	4.46	57.71	78.5	5	35.5
4.7126	29.91	2.58	77.32	12.86	4.73	60.82	78.7	5	35.7
4.7182	30.22	2.52	76.05	12.93	4.61	59.63	78.4	5	35.8
4.7236	29.70	2.66	79.00	12.92	4.78	61.75	78.2	5	36.0
4.7293	30.20	2.61	78.79	12.91	4.78	61.74	78.4	5	36.2
4.7403	30.05	2.64	79.43	12.90	4.83	62.23	78.4	5	36.2
4.7514	29.73	2.69	80.06	12.92	4.85	62.69	78.3	5	36.0
4.7624	30.25	2.65	80.06	12.90	4.88	62.90	78.6	5	35.7
4.7735	30.01	2.67	80.06	12.97	4.86	63.05	78.7	5	36.0
4.7845	30.26	2.65	80.06	12.92	4.89	63.14	78.9	5	36.0
4.7956	29.84	2.69	80.27	12.93	4.86	62.83	78.3	5	36.2
4.8066	30.10	2.67	80.27	13.08	4.83	63.14	78.7	5	35.9
4.8177	29.97	2.68	80.27	13.02	4.85	63.08	78.6	5	36.1
4.8287	29.67	2.71	80.27	12.93	4.88	63.18	78.7	5	36.1
4.8398	29.68	2.70	80.27	12.93	4.88	63.10	78.6	5	36.4
4.8508	30.07	2.66	80.06	13.00	4.88	63.39	79.2	5	36.3
4.8619	30.22	2.65	80.06	12.89	4.84	62.30	77.8	5	35.7
4.8729	29.98	2.67	80.06	12.97	4.83	62.58	78.2	5	35.9
4.8840	30.00	2.67	80.06	13.04	4.84	63.12	78.8	5	36.2
4.8950	30.20	2.65	80.06	12.93	4.87	62.91	78.6	5	35.9
4.9061	30.42	2.64	80.27	12.95	4.87	63.14	78.7	5	36.0
4.9171	30.13	2.66	80.27	13.02	4.80	62.56	77.9	5	36.1
4.9282	30.12	2.66	80.27	12.97	4.84	62.79	78.2	5	36.0
4.9392	30.26	2.65	80.27	12.96	4.84	62.75	78.2	5	35.6
4.9503	30.09	2.67	80.27	13.05	4.82	62.96	78.4	5	36.0
4.9613	30.16	2.65	80.06	13.03	4.85	63.14	78.9	5	35.6
4.9724	29.63	2.70	80.06	12.95	4.85	62.85	78.5	5	36.1
4.9834	30.21	2.65	80.06	13.04	4.84	63.14	78.9	5	36.1
4.9945	29.89	2.68	80.06	13.03	4.81	62.67	78.3	5	36.0
5.0055	30.21	2.66	80.27	12.97	4.87	63.17	78.7	5	36.3
5.0166	29.92	2.68	80.27	12.96	4.86	63.03	78.5	5	35.7
5.0276	29.84	2.69	80.27	12.94	4.87	63.10	78.6	5	36.0
5.0387	30.18	2.66	80.27	13.03	4.86	63.29	78.9	5	36.2
5.0497	29.85	2.69	80.27	13.03	4.85	63.20	78.7	5	36.2
5.0608	30.20	2.66	80.27	12.94	4.86	62.85	78.3	5	36.2
5.0718	30.24	2.65	80.06	13.01	4.86	63.24	79.0	5	35.9
5.0829	29.80	2.69	80.06	13.02	4.83	62.85	78.5	5	35.6
5.0939	30.29	2.64	80.06	12.97	4.83	62.63	78.2	5	35.9
5.1050	29.85	2.68	80.06	12.97	4.86	63.07	78.8	5	36.0
5.1160	30.08	2.67	80.27	12.86	4.89	62.94	78.4	5	36.1
5.1271	29.74	2.70	80.27	13.09	4.84	63.37	78.9	5	35.8
5.1381	30.00	2.68	80.27	13.02	4.84	63.03	78.5	5	36.2
5.1492	30.11	2.67	80.27	12.91	4.87	62.83	78.3	5	36.3
5.1602	29.77	2.70	80.27	13.00	4.84	62.93	78.4	5	35.9
5.1713	30.14	2.66	80.27	12.97	4.87	63.14	78.7	5	36.3
5.1823	30.12	2.66	80.06	12.92	4.88	63.12	78.8	5	36.1
5.1934	30.00	2.67	80.06	12.93	4.86	62.88	78.5	5	35.8
5.2044	30.07	2.66	80.06	13.02	4.85	63.18	78.9	5	35.9
5.2155	29.97	2.67	80.06	12.98	4.84	62.78	78.4	5	36.0
5.2265	30.11	2.67	80.27	12.93	4.88	63.13	78.6	5	36.3
5.2376	29.87	2.69	80.27	13.01	4.84	63.00	78.5	5	35.9
5.2486	30.41	2.64	80.27	12.94	4.85	62.76	78.2	5	36.1
5.2597	29.96	2.68	80.27	12.99	4.87	63.32	78.9	5	36.0
5.2707	29.86	2.69	80.27	13.02	4.83	62.88	78.3	5	36.2
5.2818	29.86	2.68	80.06	12.92	4.84	62.48	78.0	5	36.1
5.2928	30.19	2.65	80.06	12.95	4.87	63.09	78.8	5	36.1
5.3039	29.59	2.71	80.06	12.90	4.88	63.01	78.7	5	36.3
5.3149	29.93	2.67	80.06	13.00	4.84	62.94	78.6	5	36.1
5.3260	30.43	2.63	80.06	13.00	4.83	62.76	78.4	5	36.2
5.3370	30.01	2.67	80.27	13.05	4.83	62.96	78.4	5	36.0
5.3481	30.18	2.66	80.27	12.96	4.87	63.14	78.7	5	35.9
5.3591	29.88	2.69	80.27	13.05	4.84	63.16	78.7	5	35.9
5.3702	29.62	2.71	80.27	12.86	4.90	62.95	78.4	5	35.9
5.3812	29.74	2.70	80.27	12.96	4.88	63.26	78.8	5	35.9
5.3923	29.61	2.70	80.06	12.90	4.89	63.00	78.7	5	36.1
5.4033	30.26	2.65	80.06	13.06	4.81	62.75	78.4	5	36.1
5.4144	29.53	2.71	80.06	12.92	4.90	63.27	79.0	5	36.3
5.4254	29.68	2.70	80.06	12.96	4.88	63.21	78.9	5	35.7
5.4365	29.78	2.70	80.27	12.91	4.91	63.40	79.0	5	35.8
5.4475	30.23	2.66	80.27	12.93	4.87	63.00	78.5	5	36.0
5.4586	29.93	2.68	80.27	12.96	4.86	62.91	78.4	5	35.9
5.4696	30.24	2.65	80.27	13.02	4.82	62.82	78.3	5	36.0
5.4807	29.73	2.70	80.27	12.97	4.86	63.09	78.6	5	35.9
5.4917	30.02	2.67	80.27	12.98	4.83	62.69	78.1	5	35.9
5.5028	29.76	2.69	80.06	13.05	4.84	63.16	78.9	5	36.0
5.5138	30.04	2.67	80.06	12.92	4.86	62.79	78.4	5	35.7
5.5249	30.19	2.65	80.06	13.01	4.84	62.94	78.6	5	35.8
5.5359	30.24	2.65	80.06	12.98	4.84	62.86	78.5	5	35.9
5.5470	29.76	2.70	80.27	13.03	4.82	62.79	78.2	5	35.8
5.5580	30.23	2.66	80.27	12.91	4.88	62.97	78.4	5	36.2
5.5691	29.74	2.70	80.27	13.01	4.84	62.98	78.5	5	36.2
5.5801	30.32	2.65	80.27	12.92	4.85	62.68	78.1	5	36.5
5.5912	29.96	2.68	80.27	12.92	4.89	63.16	78.7	5	35.8
5.6022	29.87	2.68	80.06	13.02	4.84	62.99	78.7	5	36.2
5.6133	29.93	2.67	80.06	12.93	4.86	62.83	78.5	5	35.7
5.6243	29.58	2.71	80.06	12.89	4.88	62.85	78.5	5	35.9
5.6354	29.69	2.70	80.06	12.96	4.81	62.37	77.9	5	36.1
5.6464	30.11	2.66	80.06	12.99	4.83	62.77	78.4	5	35.8
5.6575	30.14	2.66	80.27	12.98	4.88	63.41	79.0	5	35.8
5.6685	29.96	2.68	80.27	12.93	4.88	63.07	78.6	5	36.0
5.6796	29.79	2.69	80.27	13.01	4.84	63.01	78.5	5	35.9
5.6906	30.05	2.67	80.27	12.96	4.86	63.01	78.5	5	36.0
5.7017	29.80	2.69	80.27	13.00	4.86	63.17	78.7	5	36.3
5.7127	29.91	2.68	80.06	12.93	4.86	62.85	78.5	5	35.9
5.7238	30.27	2.65	80.06	13.04	4.82	62.90	78.6	5	35.7
5.7348	29.58	2.71	80.06	12.95	4.85	62.76	78.4	5	36.1
5.7459	30.24	2.65	80.06	12.89	4.89	63.01	78.7	5	36.0
5.7569	30.07	2.66	80.06	12.92	4.85	62.62	78.2	5	35.8
5.7680	29.72	2.70	80.27	13.00	4.87	63.31	78.9	5	36.3
5.7790	29.97	2.68	80.27	12.92	4.90	63.29	78.9	5	35.9
5.7901	30.05	2.67	80.27	12.98	4.87	63.25	78.8	5	35.9
5.8011	29.95	2.68	80.27	12.89	4.89	63.03	78.5	5	36.0
5.8122	29.84	2.69	80.27	12.97	4.86	62.96	78.4	5	35.7
5.8232	29.88	2.68	80.06	13.02	4.85	63.20	78.9	5	36.0
5.8343	30.00	2.67	80.06	12.97	4.83	62.70	78.3	5	36.0
5.8453	29.99	2.67	80.06	13.07	4.80	62.71	78.3	5	36.2
5.8564	29.80	2.69	80.06	12.99	4.86	63.07	78.8	5	35.9
5.8674	29.92	2.68	80.27	12.95	4.91	63.59	79.2	5	36.4
5.8785	30.15	2.66	80.27	13.03	4.85	63.23	78.8	5	35.7
5.8895	29.85	2.69	80.27	12.91	4.90	63.28	78.8	5	36.2
5.9006	30.04	2.67	80.27	13.03	4.83	62.93	78.4	5	36.3
5.9116	29.98	2.68	80.27	13.02	4.81	62.66	78.1	5	36.1
5.9227	30.03	2.67	80.27	12.97	4.87	63.14	78.7	5	35.8
5.9337	30.18	2.65	80.06	12.95	4.82	62.36	77.9	5	36.1
5.9448	29.82	2.68	80.06	13.00	4.86	63.13	78.9	5	36.0
5.9558	30.09	2.66	80.06	12.98	4.80	62.34	77.9	5	35.8
5.9669	29.69	2.70	80.06	12.91	4.88	63.04	78.7	5	35.9
5.9779	30.21	2.66	80.27	12.93	4.85	62.74	78.2	5	36.1
5.9890	30.06	2.63	79.00	13.02	4.75	61.89	78.3	5	36.0
5.9944	30.11	3.04	91.67	13.07	5.51	72.00	78.5	5	36.4
6.0000	30.08	3.29	98.85	13.17	5.90	77.72	78.6	5	36.8
6.0054	29.74	1.35	40.16	12.72	2.48	31.50	78.4	5	34.1
6.0110	0.50	0.10	0.05	0.00	0.00	0.00	0.2	5	31.6
6.0165	30.05	3.29	98.85	13.18	5.89	77.63	78.5	5	36.8
6.0221	30.18	2.00	60.43	12.83	3.69	47.34	78.3	5	34.8
6.0275	0.57	0.08	0.05	0.00	0.00	0.00	0.2	5	32.4
6.0331	30.48	0.25	7.65	12.45	0.24	2.92	38.2	5	32.2
6.0386	30.18	2.02	60.85	12.83	3.72	47.69	78.4	5	35.1
6.0442	29.83	1.54	46.07	12.77	2.84	36.25	78.7	5	33.9
6.0496	30.10	0.37	11.03	12.50	0.69	8.64	78.4	5	32.7
6.0552	30.41	0.65	19.89	12.66	1.23	15.62	78.5	5	33.0
6.0607	30.04	1.21	36.36	12.71	2.25	28.65	78.8	5	33.6
6.0663	29.78	1.15	34.25	12.63	2.13	26.89	78.5	5	34.0
6.0717	29.77	0.87	25.80	12.65	1.60	20.29	78.6	5	33.4
6.0773	30.23	0.85	25.80	12.63	1.61	20.27	78.6	5	33.4
6.0828	30.16	1.47	44.38	12.86	2.71	34.88	78.6	5	34.1
6.0884	29.68	1.51	44.80	12.75	2.76	35.25	78.7	5	34.1
6.0938	30.18	0.66	19.89	12.57	1.24	15.52	78.0	5	33.0
6.0994	29.86	0.65	19.47	12.55	1.22	15.33	78.7	5	33.2
6.1049	29.91	1.72	51.56	12.87	3.13	40.34	78.2	5	34.4
6.1105	29.85	1.80	53.67	12.84	3.29	42.23	78.7	5	34.6
6.1159	29.68	0.56	16.51	12.63	1.02	12.95	78.4	5	32.6
6.1215	29.74	0.54	16.09	12.48	1.01	12.63	78.5	5	32.9
6.1270	29.66	1.87	55.36	12.89	3.39	43.74	79.0	5	34.5
6.1326	29.57	2.17	64.23	12.94	3.91	50.59	78.8	5	34.9
6.1380	29.90	0.81	24.11	12.65	1.50	18.97	78.7	5	33.2
6.1436	30.16	1.23	37.20	12.71	2.28	29.04	78.0	5	33.6
6.1491	30.04	2.28	68.45	12.93	4.19	54.12	79.1	5	35.0
6.1547	30.13	2.29	68.87	12.97	4.15	53.81	78.1	5	35.6
6.1601	30.04	0.20	5.96	12.54	0.14	1.78	29.8	5	32.6
6.1657	29.95	0.20	5.96	12.55	0.14	1.78	29.8	5	32.3
6.1712	29.93	2.39	71.40	13.03	4.28	55.79	78.1	5	35.5
6.1768	30.11	2.40	72.25	13.06	4.37	57.11	79.1	5	35.7
6.1822	30.21	1.16	35.09	12.73	2.16	27.48	78.3	5	33.6
6.1878	29.83	1.18	35.09	12.71	2.16	27.49	78.3	5	33.4
6.1933	30.15	2.55	76.89	12.91	4.69	60.54	78.7	5	35.8
6.1989	29.83	2.29	68.45	12.95	4.16	53.82	78.6	5	35.4
6.2043	30.00	3.34	100.12	13.14	6.00	78.80	78.7	5	36.8
6.2099	30.32	3.64	110.25	13.18	6.57	86.56	78.5	5	37.2
6.2154	29.79	2.74	81.54	12.95	4.95	64.09	78.6	5	36.3
6.2210	29.61	2.92	86.60	13.01	5.24	68.21	78.8	5	36.3
6.2264	29.97	3.66	109.83	13.17	6.53	85.99	78.3	5	37.4
6.2320	30.17	3.35	100.96	13.08	6.06	79.26	78.5	5	36.8
6.2375	29.85	3.06	91.25	13.00	5.49	71.39	78.2	5	36.9
6.2431	30.16	3.04	91.67	13.01	5.54	72.13	78.7	5	36.7
6.2485	29.65	4.05	119.96	13.21	7.12	94.04	78.4	5	37.8
6.2541	30.21	4.07	122.92	13.23	7.30	96.55	78.6	5	38.2
6.2596	29.78	3.36	100.12	13.07	6.02	78.63	78.5	5	36.9
6.2652	30.07	3.67	110.25	13.12	6.59	86.51	78.5	5	37.4
6.2706	30.33	4.11	124.60	13.23	7.42	98.23	78.8	5	38.8
6.2762	30.30	4.21	127.56	13.30	7.50	99.79	78.2	5	38.2
6.2817	30.02	3.69	110.67	13.11	6.63	86.89	78.5	5	37.6
6.2873	30.28	3.91	118.27	13.19	7.02	92.64	78.3	5	38.1
6.2927	29.89	4.38	130.94	13.28	7.80	103.54	79.1	5	38.3
6.2983	30.10	4.36	131.36	13.30	7.76	103.30	78.6	5	38.8
6.3038	29.83	4.30	128.40	13.22	7.64	100.95	78.6	5	38.4
6.3094	30.01	4.28	128.40	13.18	7.64	100.67	78.4	5	38.3
6.3148	30.05	4.37	131.36	13.29	7.77	103.31	78.6	5	38.4
6.3204	30.00	4.38	131.36	13.22	7.77	102.80	78.3	5	38.9
6.3259	30.17	4.26	128.40	13.27	7.55	100.15	78.0	5	38.3
6.3315	29.83	4.36	130.09	13.20	7.73	102.05	78.4	5	38.5
6.3425	29.85	4.38	130.73	13.21	7.76	102.54	78.4	5	38.4
6.3536	29.98	4.37	130.94	13.30	7.73	102.75	78.5	5	38.5
6.3646	30.07	4.35	130.94	13.31	7.75	103.11	78.7	5	38.6
6.3757	30.09	4.36	131.15	13.26	7.80	103.39	78.8	5	38.5
6.3867	30.08	4.36	131.15	13.26	7.81	103.51	78.9	5	38.8
6.3978	29.70	4.42	131.15	13.29	7.77	103.29	78.8	5	38.4
6.4088	30.32	4.33	131.15	13.21	7.82	103.27	78.7	5	38.6
6.4199	30.01	4.37	131.15	13.30	7.79	103.63	79.0	5	38.3
6.4309	30.35	4.32	131.15	13.25	7.76	102.85	78.4	5	38.6
6.4420	30.17	4.35	131.15	13.20	7.75	102.32	78.0	5	38.6
6.4530	30.15	4.35	131.15	13.27	7.80	103.48	78.9	5	38.6
6.4641	30.04	4.37	131.15	13.30	7.71	102.54	78.2	5	38.4
6.4751	29.98	4.37	131.15	13.26	7.76	102.89	78.5	5	38.3
6.4862	30.02	4.37	131.15	13.21	7.79	102.89	78.5	5	38.6
6.4972	29.86	4.39	131.15	13.28	7.78	103.36	78.8	5	38.2
6.5083	29.98	4.37	131.15	13.24	7.82	103.45	78.9	5	38.2
6.5193	29.92	4.38	131.15	13.35	7.70	102.79	78.4	5	38.6
6.5304	29.91	4.39	131.15	13.27	7.75	102.80	78.4	5	38.7
6.5414	29.82	4.40	131.15	13.20	7.82	103.24	78.7	5	38.8
6.5525	29.82	4.40	131.15	13.28	7.75	102.92	78.5	5	38.8
6.5635	29.95	4.38	131.15	13.29	7.76	103.22	78.7	5	38.6
6.5746	30.09	4.36	131.15	13.21	7.78	102.80	78.4	5	39.1
6.5856	29.90	4.39	131.15	13.26	7.76	102.86	78.4	5	38.6
6.5967	30.41	4.31	131.15	13.26	7.74	102.64	78.3	5	38.4
6.6077	29.80	4.40	131.15	13.29	7.72	102.60	78.2	5	38.6
6.6188	30.11	4.36	131.15	13.24	7.75	102.59	78.2	5	38.6
6.6298	29.87	4.39	131.15	13.32	7.69	102.46	78.1	5	38.3
6.6409	29.95	4.38	131.15	13.25	7.77	102.95	78.5	5	38.8
6.6519	29.97	4.38	131.15	13.39	7.75	103.71	79.1	5	38.7
6.6630	29.96	4.38	131.15	13.29	7.76	103.09	78.6	5	38.5
6.6740	29.98	4.38	131.15	13.31	7.71	102.61	78.2	5	38.4
6.6851	30.09	4.36	131.15	13.32	7.75	103.30	78.8	5	38.7
6.6961	29.99	4.37	131.15	13.23	7.78	102.90	78.5	5	38.6
6.7072	29.81	4.40	131.15	13.32	7.72	102.83	78.4	5	38.6
6.7182	30.00	4.37	131.15	13.24	7.77	102.90	78.5	5	38.6
6.7293	30.20	4.34	131.15	13.26	7.80	103.35	78.8	5	38.3
6.7403	29.72	4.41	131.15	13.39	7.65	102.47	78.1	5	38.4
6.7514	29.80	4.40	131.15	13.26	7.79	103.34	78.8	5	38.5
6.7624	30.01	4.37	131.15	13.27	7.75	102.85	78.4	5	38.8
6.7735	29.90	4.39	131.15	13.19	7.76	102.33	78.0	5	38.2
6.7845	30.28	4.33	131.15	13.31	7.73	102.85	78.4	5	38.6
6.7956	29.78	4.40	131.15	13.25	7.75	102.74	78.3	5	38.6
6.8066	30.21	4.34	131.15	13.27	7.74	102.72	78.3	5	38.3
6.8177	30.31	4.33	131.15	13.22	7.76	102.62	78.2	5	38.1
6.8287	29.69	4.42	131.15	13.38	7.71	103.10	78.6	5	38.9
6.8398	30.38	4.32	131.15	13.24	7.79	103.16	78.7	5	38.3
6.8508	30.02	4.37	131.15	13.35	7.70	102.73	78.3	5	38.7
6.8619	30.05	4.36	131.15	13.26	7.74	102.65	78.3	5	38.5
6.8729	30.21	4.34	131.15	13.25	7.75	102.75	78.3	5	38.7
6.8840	29.97	4.38	131.15	13.32	7.73	102.98	78.5	5	38.7
6.8950	29.84	4.40	131.15	13.25	7.75	102.64	78.3	5	38.7
6.9061	30.04	4.37	131.15	13.36	7.72	103.17	78.7	5	38.4
6.9171	29.90	4.39	131.15	13.27	7.73	102.58	78.2	5	38.8
6.9282	30.05	4.36	131.15	13.36	7.65	102.21	77.9	5	38.8
6.9392	29.94	4.38	131.15	13.33	7.63	101.69	77.5	5	38.6
6.9503	30.28	4.33	131.15	13.28	7.76	103.02	78.6	5	38.7
6.9613	30.05	4.37	131.15	13.20	7.76	102.36	78.0	5	38.6
6.9724	30.05	4.36	131.15	13.25	7.78	103.16	78.7	5	38.5
6.9834	29.78	4.40	131.15	13.19	7.84	103.39	78.8	5	38.6
6.9945	29.77	4.41	131.15	13.31	7.71	102.66	78.3	5	38.6
7.0055	29.86	4.39	131.15	13.22	7.77	102.73	78.3	5	38.5
7.0166	30.09	4.36	131.15	13.29	7.75	102.96	78.5	5	38.6
7.0276	29.97	4.38	131.15	13.31	7.72	102.77	78.4	5	38.5
7.0387	30.10	4.36	131.15	13.29	7.76	103.03	78.6	5	38.5
7.0497	29.83	4.40	131.15	13.25	7.81	103.45	78.9	5	38.5
7.0608	29.75	4.41	131.15	13.22	7.78	102.77	78.4	5	38.5
7.0718	30.01	4.37	131.15	13.30	7.70	102.48	78.1	5	38.5
7.0829	30.01	4.37	131.15	13.24	7.81	103.39	78.8	5	38.9
7.0939	30.27	4.33	131.15	13.25	7.77	103.00	78.5	5	38.6
7.1050	29.94	4.38	131.15	13.27	7.73	102.58	78.2	5	38.4
7.1160	29.81	4.40	131.15	13.30	7.72	102.65	78.3	5	38.6
7.1271	29.92	4.38	131.15	13.23	7.77	102.74	78.3	5	38.3
7.1381	29.79	4.40	131.15	13.33	7.73	103.06	78.6	5	38.3
7.1492	30.62	4.28	131.15	13.24	7.80	103.30	78.8	5	38.2
7.1602	29.83	4.40	131.15	13.20	7.82	103.19	78.7	5	38.7
7.1713	30.04	4.37	131.15	13.23	7.79	103.13	78.6	5	38.4
7.1823	29.88	4.39	131.15	13.29	7.66	101.84	77.7	5	38.7
7.1934	29.97	4.38	131.15	13.17	7.76	102.23	77.9	5	38.8
7.2044	30.17	4.35	131.15	13.32	7.71	102.70	78.3	5	38.8
7.2155	30.25	4.34	131.15	13.31	7.76	103.22	78.7	5	38.8
7.2265	29.87	4.39	131.15	13.21	7.75	102.40	78.1	5	38.7
7.2376	30.60	4.29	131.15	13.15	7.82	102.87	78.4	5	38.4
7.2486	29.98	4.37	131.15	13.26	7.73	102.45	78.1	5	39.1
7.2597	30.17	4.35	131.15	13.23	7.70	101.86	77.7	5	38.6
7.2707	29.89	4.39	131.15	13.26	7.79	103.25	78.7	5	38.4
7.2818	29.88	4.39	131.15	13.28	7.71	102.43	78.1	5	38.6
7.2928	30.05	4.36	131.15	13.24	7.76	102.74	78.3	5	38.8
7.3039	29.90	4.39	131.15	13.19	7.80	102.82	78.4	5	38.3
7.3149	29.69	4.42	131.15	13.32	7.76	103.29	78.8	5	38.5
7.3260	30.11	4.36	131.15	13.31	7.74	103.08	78.6	5	38.7
7.3370	29.61	4.43	131.15	13.27	7.77	103.06	78.6	5	38.8
7.3481	29.98	4.37	131.15	13.25	7.76	102.73	78.3	5	38.6
7.3591	30.10	4.36	131.15	13.26	7.75	102.69	78.3	5	38.4
7.3702	30.24	4.34	131.15	13.30	7.74	102.90	78.5	5	38.5
7.3812	29.95	4.38	131.15	13.28	7.81	103.76	79.1	5	38.7
7.3923	29.91	4.38	131.15	13.25	7.79	103.25	78.7	5	38.6
7.4033	29.89	4.39	131.15	13.25	7.79	103.14	78.6	5	38.2
7.4144	30.15	4.35	131.15	13.23	7.75	102.51	78.2	5	38.2
7.4254	29.82	4.40	131.15	13.24	7.81	103.38	78.8	5	38.7
7.4365	30.06	4.36	131.15	13.28	7.74	102.85	78.4	5	38.4
7.4475	30.03	4.37	131.15	13.25	7.80	103.35	78.8	5	38.8
7.4586	29.80	4.40	131.15	13.19	7.81	102.99	78.5	5	38.5
7.4696	30.19	4.34	131.15	13.26	7.78	103.15	78.6	5	38.5
7.4807	30.07	4.36	131.15	13.24	7.78	103.02	78.6	5	38.4
7.4917	29.97	4.38	131.15	13.26	7.75	102.77	78.4	5	38.6
7.5028	30.27	4.33	131.15	13.37	7.71	103.10	78.6	5	38.4
7.5138	29.96	4.38	131.15	13.30	7.68	102.07	77.8	5	38.6
7.5249	29.92	4.38	131.15	13.26	7.75	102.77	78.4	5	38.6
7.5359	29.85	4.39	131.15	13.38	7.67	102.65	78.3	5	38.4
7.5470	30.06	4.36	131.15	13.26	7.77	103.08	78.6	5	38.5
7.5580	30.03	4.37	131.15	13.25	7.77	102.98	78.5	5	38.8
7.5691	29.85	4.39	131.15	13.21	7.81	103.13	78.6	5	38.4
7.5801	29.80	4.40	131.15	13.30	7.72	102.75	78.3	5	38.5
7.5912	30.32	4.33	131.15	13.21	7.76	102.50	78.2	5	38.7
7.6022	29.79	4.40	131.15	13.22	7.84	103.63	79.0	5	38.2
7.6133	30.33	4.32	131.15	13.29	7.74	102.86	78.4	5	38.6
7.6243	29.93	4.38	131.15	13.29	7.73	102.70	78.3	5	38.3
7.6354	30.04	4.37	131.15	13.25	7.78	103.11	78.6	5	38.6
7.6464	29.91	4.38	131.15	13.17	7.78	102.51	78.2	5	38.7
7.6575	29.76	4.41	131.15	13.23	7.79	103.11	78.6	5	38.7
7.6685	29.63	4.43	131.15	13.15	7.84	103.08	78.6	5	38.2
7.6796	29.86	4.39	131.15	13.41	7.63	102.37	78.1	5	38.4
7.6906	30.14	4.35	131.15	13.29	7.69	102.20	77.9	5	38.3
7.7017	29.84	4.40	131.15	13.24	7.78	103.07	78.6	5	38.3
7.7127	29.90	4.39	131.15	13.32	7.77	103.50	78.9	5	38.5
7.7238	29.87	4.39	131.15	13.22	7.76	102.65	78.3	5	38.3
7.7348	29.99	4.37	131.15	13.37	7.69	102.86	78.4	5	38.9
7.7459	30.18	4.35	131.15	13.25	7.74	102.58	78.2	5	38.2
7.7569	30.16	4.35	131.15	13.32	7.73	102.95	78.5	5	38.8
7.7680	30.15	4.35	131.15	13.32	7.72	102.86	78.4	5	38.5
7.7790	29.90	4.39	131.15	13.25	7.72	102.31	78.0	5	38.3
7.7901	29.80	4.40	131.15	13.29	7.74	102.84	78.4	5	38.5
7.8011	29.74	4.41	131.15	13.25	7.77	102.98	78.5	5	38.4
7.8122	30.25	4.34	131.15	13.27	7.80	103.47	78.9	5	38.6
7.8232	30.04	4.37	131.15	13.25	7.74	102.52	78.2	5	38.2
7.8343	30.25	4.34	131.15	13.30	7.75	103.15	78.6	5	38.4
7.8453	29.57	4.43	131.15	13.19	7.85	103.55	79.0	5	38.6
7.8564	30.15	4.35	131.15	13.27	7.74	102.71	78.3	5	38.7
7.8674	29.79	4.40	131.15	13.34	7.73	103.14	78.6	5	38.6
7.8785	29.69	4.42	131.15	13.28	7.80	103.63	79.0	5	38.4
7.8895	30.16	4.35	131.15	13.27	7.77	103.11	78.6	5	38.0
7.9006	29.80	4.40	131.15	13.32	7.71	102.67	78.3	5	38.6
7.9116	30.52	4.30	131.15	13.29	7.76	103.16	78.7	5	38.9
7.9227	30.13	4.35	131.15	13.22	7.76	102.60	78.2	5	38.3
7.9337	29.91	4.38	131.15	13.30	7.75	103.07	78.6	5	38.5
7.9448	29.88	4.39	131.15	13.22	7.78	102.76	78.4	5	38.7
7.9558	29.95	4.38	131.15	13.29	7.76	103.12	78.6	5	38.5
7.9669	29.88	4.39	131.15	13.25	7.75	102.71	78.3	5	38.5
7.9779	30.24	4.34	131.15	13.27	7.78	103.30	78.8	5	38.5
7.9890	30.00	4.37	130.94	13.37	7.70	102.88	78.6	5	38.7
7.9944	30.48	5.00	152.47	13.42	8.94	120.08	78.8	5	39.4
8.0000	29.80	5.88	175.27	13.55	10.13	137.25	78.3	5	40.8
8.0054	30.28	3.75	113.63	13.14	6.82	89.71	79.0	5	37.7
8.0110	30.15	5.81	175.27	13.55	10.13	137.19	78.3	5	40.8
8.0165	0.50	0.10	0.05	0.00	0.00	0.00	0.2	5	31.8
8.0221	0.50	0.10	0.05	0.00	0.00	0.00	0.2	5	32.2
8.0275	29.84	3.03	90.40	12.99	5.49	71.31	78.9	5	36.8
8.0331	29.98	3.02	90.40	13.03	5.42	70.60	78.1	5	36.3
8.0386	0.50	0.10	0.05	0.00	0.00	0.00	0.2	5	32.0
8.0442	30.06	0.56	16.94	12.62	1.05	13.31	78.6	5	32.6
8.0496	30.09	2.85	85.76	12.96	5.19	67.32	78.5	5	36.0
8.0552	30.31	2.26	68.45	13.01	4.15	54.07	79.0	5	35.2
8.0607	30.02	0.66	19.89	12.57	1.24	15.54	78.1	5	33.4
8.0663	30.13	1.05	31.71	12.73	1.96	24.96	78.7	5	33.8
8.0717	30.00	2.30	68.87	12.93	4.16	53.81	78.1	5	35.4
8.0773	29.89	2.83	84.49	13.00	5.09	66.17	78.3	5	36.7
8.0828	29.93	1.06	31.71	12.68	1.96	24.81	78.2	5	33.6
8.0884	30.02	1.87	56.20	12.80	3.46	44.32	78.9	5	34.9
8.0938	29.91	3.22	96.32	13.06	5.81	75.86	78.8	5	37.3
8.0994	30.16	3.33	100.54	13.04	6.07	79.14	78.7	5	37.2
8.1049	30.14	1.88	56.63	12.92	3.43	44.30	78.2	5	35.1
8.1105	30.06	0.51	15.25	12.57	0.95	11.93	78.2	5	32.6
8.1159	30.19	3.33	100.54	13.05	6.05	78.95	78.5	5	36.6
8.1215	30.08	3.54	106.45	13.06	6.41	83.72	78.7	5	37.4
8.1270	30.01	0.51	15.25	12.65	0.94	11.91	78.1	5	32.8
8.1326	29.76	1.32	39.31	12.67	2.45	31.07	79.0	5	34.4
8.1380	29.94	3.57	106.87	13.09	6.40	83.81	78.4	5	37.2
8.1436	29.31	3.63	106.45	13.11	6.40	83.90	78.8	5	36.8
8.1491	30.28	1.31	39.74	12.67	2.45	31.05	78.1	5	34.2
8.1547	29.90	3.07	91.67	13.16	5.48	72.07	78.6	5	36.4
8.1601	30.18	4.72	142.34	13.22	8.44	111.56	78.4	5	39.1
8.1657	29.91	5.11	152.89	13.37	8.97	119.93	78.4	5	39.7
8.1712	30.22	3.44	103.92	13.12	6.25	82.03	78.9	5	36.9
8.1768	29.85	4.77	142.34	13.33	8.47	112.88	79.3	5	39.3
8.1822	29.72	5.90	175.27	13.62	10.16	138.29	78.9	5	40.8
8.1878	30.36	5.79	175.69	13.49	10.20	137.55	78.3	5	40.5
8.1933	30.03	5.27	158.38	13.42	9.25	124.05	78.3	5	39.9
8.1989	29.86	5.32	158.80	13.46	9.22	124.10	78.1	5	39.9
8.2043	30.10	5.82	175.27	13.50	10.19	137.58	78.5	5	40.8
8.2099	30.01	5.83	174.85	13.49	10.14	136.77	78.2	5	40.8
8.2154	29.91	5.49	164.29	13.46	9.55	128.46	78.2	5	40.2
8.2210	30.05	5.78	173.58	13.56	10.07	136.60	78.7	5	40.9
8.2320	30.07	5.82	174.85	13.56	10.09	136.89	78.3	5	40.4
8.2431	30.21	5.80	175.27	13.55	10.10	136.82	78.1	5	40.9
8.2485	29.73	5.74	170.63	13.44	9.99	134.26	78.7	5	40.5
8.2541	30.19	5.82	175.69	13.53	10.12	136.93	77.9	5	40.9
8.2596	30.20	3.80	114.89	13.28	6.75	89.58	78.0	5	37.7
8.2652	29.48	3.90	114.89	13.14	6.88	90.33	78.6	5	38.0
8.2706	30.23	5.80	175.27	13.58	10.23	138.87	79.2	5	40.8
8.2762	30.09	5.84	175.69	13.49	10.22	137.85	78.5	5	40.7
8.2817	30.10	5.56	167.25	13.52	9.65	130.45	78.0	5	40.1
8.2873	30.19	5.39	162.60	13.49	9.43	127.15	78.2	5	40.1
8.2927	29.75	5.91	175.69	13.53	10.22	138.23	78.7	5	40.6
8.2983	29.91	5.86	175.27	13.51	10.23	138.18	78.8	5	41.1
8.3038	29.87	5.44	162.60	13.57	9.42	127.77	78.6	5	40.1
8.3094	30.13	5.69	171.47	13.56	9.88	134.00	78.1	5	40.4
8.3148	29.71	5.90	175.27	13.65	10.06	137.31	78.3	5	40.8
8.3204	29.81	5.84	174.22	13.58	10.09	136.95	78.6	5	41.0
8.3315	30.08	5.80	174.43	13.56	10.06	136.44	78.2	5	40.9
8.3425	30.12	5.80	174.64	13.54	10.12	136.96	78.4	5	40.8
8.3536	29.94	5.85	175.06	13.55	10.08	136.65	78.1	5	40.8
8.3646	30.04	5.83	175.06	13.50	10.14	136.85	78.2	5	40.9
8.3757	29.83	5.87	175.06	13.47	10.17	137.01	78.3	5	40.8
8.3867	30.12	5.81	175.06	13.52	10.16	137.41	78.5	5	40.7
8.3978	29.59	5.92	175.06	13.48	10.22	137.78	78.7	5	40.7
8.4088	29.63	5.91	175.06	13.48	10.19	137.31	78.4	5	40.8
8.4199	29.88	5.86	175.06	13.49	10.28	138.72	79.2	5	40.6
8.4309	30.35	5.77	175.06	13.58	10.12	137.44	78.5	5	41.0
8.4420	29.67	5.90	175.06	13.52	10.13	137.02	78.3	5	40.6
8.4530	29.92	5.85	175.06	13.53	10.09	136.45	77.9	5	41.0
8.4641	30.02	5.83	175.06	13.50	10.16	137.15	78.3	5	40.8
8.4751	30.35	5.77	175.06	13.58	10.12	137.41	78.5	5	40.7
8.4862	30.14	5.81	175.06	13.57	10.15	137.78	78.7	5	40.8
8.4972	29.93	5.85	175.06	13.53	10.19	137.92	78.8	5	40.9
8.5083	30.04	5.83	175.06	13.58	10.04	136.42	77.9	5	41.0
8.5193	30.33	5.77	175.06	13.53	10.13	137.11	78.3	5	40.7
8.5304	29.96	5.84	175.06	13.48	10.24	137.99	78.8	5	40.6
8.5414	30.22	5.79	175.06	13.59	10.13	137.59	78.6	5	40.6
8.5525	30.26	5.79	175.06	13.52	10.17	137.43	78.5	5	40.9
8.5635	29.92	5.85	175.06	13.58	10.09	137.02	78.3	5	40.6
8.5746	30.13	5.81	175.06	13.50	10.22	137.96	78.8	5	40.7
8.5856	29.76	5.88	175.06	13.46	10.18	136.98	78.2	5	41.1
8.5967	29.94	5.85	175.06	13.58	10.12	137.48	78.5	5	40.4
8.6077	29.93	5.85	175.06	13.50	10.17	137.25	78.4	5	40.7
8.6188	30.62	5.72	175.06	13.52	10.10	136.58	78.0	5	40.3
8.6298	29.78	5.88	175.06	13.46	10.25	137.91	78.8	5	40.7
8.6409	30.01	5.83	175.06	13.55	10.13	137.26	78.4	5	40.8
8.6519	30.29	5.78	175.06	13.48	10.30	138.77	79.3	5	41.0
8.6630	29.56	5.92	175.06	13.51	10.13	136.90	78.2	5	41.0
8.6740	30.41	5.76	175.06	13.56	10.07	136.63	78.0	5	40.7
8.6851	29.94	5.85	175.06	13.51	10.16	137.25	78.4	5	40.8
8.6961	30.09	5.82	175.06	13.56	10.15	137.66	78.6	5	40.7
8.7072	29.99	5.84	175.06	13.56	10.11	137.06	78.3	5	40.6
8.7182	29.82	5.87	175.06	13.54	10.13	137.13	78.3	5	41.0
8.7293	30.15	5.81	175.06	13.53	10.22	138.24	79.0	5	40.5
8.7403	29.93	5.85	175.06	13.47	10.22	137.66	78.6	5	41.2
8.7514	30.20	5.80	175.06	13.54	10.14	137.24	78.4	5	40.6
8.7624	30.11	5.81	175.06	13.52	10.11	136.64	78.1	5	40.7
8.7735	30.03	5.83	175.06	13.49	10.11	136.40	77.9	5	40.5
8.7845	29.73	5.89	175.06	13.42	10.21	136.98	78.2	5	41.2
8.7956	30.07	5.82	175.06	13.56	10.18	137.94	78.8	5	40.6
8.8066	29.62	5.91	175.06	13.49	10.16	137.03	78.3	5	41.0
8.8177	30.01	5.83	175.06	13.39	10.22	136.82	78.2	5	40.7
8.8287	30.31	5.78	175.06	13.53	10.06	136.21	77.8	5	40.7
8.8398	30.08	5.82	175.06	13.49	10.19	137.40	78.5	5	40.5
8.8508	29.78	5.88	175.06	13.48	10.20	137.48	78.5	5	40.8
8.8619	29.92	5.85	175.06	13.54	10.14	137.26	78.4	5	40.5
8.8729	30.19	5.80	175.06	13.48	10.18	137.30	78.4	5	40.8
8.8840	29.78	5.88	175.06	13.61	10.11	137.59	78.6	5	40.8
8.8950	29.71	5.89	175.06	13.47	10.21	137.62	78.6	5	40.6
8.9061	29.93	5.85	175.06	13.60	10.08	137.14	78.3	5	40.5
8.9171	29.96	5.84	175.06	13.57	10.08	136.69	78.1	5	40.8
8.9282	30.11	5.81	175.06	13.47	10.16	136.87	78.2	5	40.4
8.9392	30.15	5.81	175.06	13.58	10.07	136.68	78.1	5	40.9
8.9503	30.16	5.80	175.06	13.55	10.12	137.17	78.4	5	40.9
8.9613	30.12	5.81	175.06	13.53	10.15	137.33	78.4	5	40.8
8.9724	29.99	5.84	175.06	13.48	10.12	136.41	77.9	5	40.6
8.9834	30.26	5.78	175.06	13.49	10.16	137.05	78.3	5	41.0
8.9945	29.98	5.84	175.06	13.54	10.10	136.78	78.1	5	40.5
9.0055	29.86	5.86	175.06	13.48	10.19	137.41	78.5	5	40.8
9.0166	29.63	5.91	175.06	13.51	10.17	137.34	78.5	5	40.9
9.0276	30.16	5.80	175.06	13.58	10.11	137.31	78.4	5	40.7
9.0387	30.57	5.73	175.06	13.53	10.17	137.54	78.6	5	40.8
9.0497	30.16	5.81	175.06	13.60	10.10	137.40	78.5	5	40.9
9.0608	30.10	5.82	175.06	13.50	10.16	137.16	78.3	5	40.7
9.0718	29.87	5.86	175.06	13.57	10.12	137.41	78.5	5	40.8
9.0829	29.88	5.86	175.06	13.56	10.21	138.46	79.1	5	40.4
9.0939	29.98	5.84	175.06	13.59	10.04	136.53	78.0	5	40.8
9.1050	30.03	5.83	175.06	13.63	10.06	137.14	78.3	5	40.8
9.1160	29.64	5.91	175.06	13.57	10.16	137.89	78.8	5	40.7
9.1271	30.00	5.84	175.06	13.52	10.23	138.38	79.0	5	41.2
9.1381	29.99	5.84	175.06	13.46	10.20	137.23	78.4	5	41.0
9.1492	30.03	5.83	175.06	13.50	10.16	137.14	78.3	5	40.5
9.1602	30.36	5.77	175.06	13.55	10.16	137.59	78.6	5	40.7
9.1713	29.71	5.89	175.06	13.55	10.16	137.75	78.7	5	40.4
9.1823	30.01	5.83	175.06	13.55	10.13	137.25	78.4	5	40.5
9.1934	29.82	5.87	175.06	13.50	10.23	138.10	78.9	5	40.5
9.2044	30.28	5.78	175.06	13.47	10.20	137.31	78.4	5	41.0
9.2155	29.46	5.94	175.06	13.40	10.30	138.05	78.9	5	40.6
9.2265	30.02	5.83	175.06	13.52	10.16	137.39	78.5	5	40.7
9.2376	30.10	5.82	175.06	13.52	10.16	137.42	78.5	5	41.1
9.2486	30.12	5.81	175.06	13.50	10.23	138.15	78.9	5	40.7
9.2597	29.92	5.85	175.06	13.57	10.10	137.03	78.3	5	41.2
9.2707	29.88	5.86	175.06	13.66	10.10	137.88	78.8	5	40.8
9.2818	30.18	5.80	175.06	13.55	10.13	137.29	78.4	5	40.7
9.2928	30.19	5.80	175.06	13.52	10.12	136.84	78.2	5	40.9
9.3039	29.99	5.84	175.06	13.54	10.15	137.44	78.5	5	41.1
9.3149	29.94	5.85	175.06	13.47	10.12	136.38	77.9	5	40.9
9.3260	29.86	5.86	175.06	13.58	10.15	137.87	78.8	5	41.0
9.3370	30.26	5.78	175.06	13.48	10.19	137.26	78.4	5	40.8
9.3481	30.15	5.81	175.06	13.52	10.10	136.64	78.1	5	40.7
9.3591	30.03	5.83	175.06	13.55	10.15	137.51	78.6	5	41.0
9.3702	30.13	5.81	175.06	13.57	10.16	137.84	78.7	5	41.2
9.3812	30.23	5.79	175.06	13.52	10.19	137.75	78.7	5	41.0
9.3923	30.02	5.83	175.06	13.48	10.15	136.89	78.2	5	40.4
9.4033	30.11	5.81	175.06	13.54	10.09	136.63	78.0	5	41.0
9.4144	30.27	5.78	175.06	13.50	10.20	137.65	78.6	5	41.1
9.4254	30.00	5.84	175.06	13.56	10.18	137.97	78.8	5	40.7
9.4365	30.29	5.78	175.06	13.51	10.18	137.58	78.6	5	41.0
9.4475	29.85	5.86	175.06	13.67	10.13	138.45	79.1	5	40.4
9.4586	30.20	5.80	175.06	13.57	10.10	137.06	78.3	5	40.8
9.4696	29.84	5.87	175.06	13.58	10.15	137.80	78.7	5	40.9
9.4807	30.28	5.78	175.06	13.63	10.12	137.94	78.8	5	41.0
9.4917	29.80	5.87	175.06	13.39	10.21	136.71	78.1	5	41.0
9.5028	30.45	5.75	175.06	13.54	10.11	136.86	78.2	5	40.9
9.5138	30.18	5.80	175.06	13.55	10.13	137.26	78.4	5	40.4
9.5249	30.27	5.78	175.06	13.48	10.26	138.31	79.0	5	40.7
9.5359	30.07	5.82	175.06	13.50	10.20	137.66	78.6	5	40.7
9.5470	29.87	5.86	175.06	13.43	10.20	137.10	78.3	5	41.0
9.5580	30.06	5.82	175.06	13.46	10.16	136.71	78.1	5	40.7
9.5691	29.96	5.84	175.06	13.52	10.17	137.56	78.6	5	40.8
9.5801	30.13	5.81	175.06	13.42	10.21	137.05	78.3	5	40.6
9.5912	29.94	5.85	175.06	13.46	10.18	136.97	78.2	5	40.9
9.6022	30.07	5.82	175.06	13.64	10.09	137.69	78.7	5	41.0
9.6133	30.36	5.77	175.06	13.60	10.12	137.57	78.6	5	40.6
9.6243	29.99	5.84	175.06	13.60	10.09	137.25	78.4	5	40.5
9.6354	30.03	5.83	175.06	13.50	10.16	137.12	78.3	5	41.0
9.6464	30.14	5.81	175.06	13.48	10.27	138.45	79.1	5	40.6
9.6575	29.96	5.84	175.06	13.48	10.15	136.82	78.2	5	40.4
9.6685	29.78	5.88	175.06	13.53	10.20	138.01	78.8	5	40.7
9.6796	29.92	5.85	175.06	13.58	10.15	137.88	78.8	5	41.0
9.6906	30.14	5.81	175.06	13.51	10.19	137.72	78.7	5	40.8
9.7017	29.98	5.84	175.06	13.55	10.17	137.76	78.7	5	40.4
9.7127	29.89	5.86	175.06	13.56	10.13	137.40	78.5	5	41.0
9.7238	29.92	5.85	175.06	13.57	10.14	137.57	78.6	5	40.6
9.7348	30.05	5.83	175.06	13.55	10.10	136.96	78.2	5	40.8
9.7459	30.15	5.81	175.06	13.51	10.14	137.06	78.3	5	40.7
9.7569	29.84	5.87	175.06	13.55	10.17	137.82	78.7	5	41.1
9.7680	30.21	5.79	175.06	13.49	10.17	137.25	78.4	5	41.0
9.7790	30.13	5.81	175.06	13.55	10.12	137.10	78.3	5	40.9
9.7901	30.05	5.82	175.06	13.59	10.05	136.63	78.1	5	40.6
9.8011	29.68	5.90	175.06	13.45	10.13	136.18	77.8	5	40.7
9.8122	29.85	5.87	175.06	13.64	10.07	137.45	78.5	5	40.5
9.8232	29.50	5.93	175.06	13.56	10.17	137.92	78.8	5	40.6
9.8343	30.00	5.83	175.06	13.55	10.16	137.57	78.6	5	40.4
9.8453	30.57	5.73	175.06	13.44	10.16	136.57	78.0	5	40.4
9.8564	30.07	5.82	175.06	13.52	10.17	137.48	78.5	5	41.0
9.8674	30.27	5.78	175.06	13.47	10.27	138.43	79.1	5	40.5
9.8785	29.79	5.88	175.06	13.47	10.16	136.85	78.2	5	41.1
9.8895	29.96	5.84	175.06	13.56	10.11	137.05	78.3	5	40.6
9.9006	29.95	5.85	175.06	13.50	10.22	137.91	78.8	5	41.1
9.9116	29.87	5.86	175.06	13.58	10.21	138.65	79.2	5	41.0
9.9227	29.89	5.86	175.06	13.50	10.16	137.14	78.3	5	40.6
9.9337	30.17	5.80	175.06	13.52	10.21	137.99	78.8	5	40.8
9.9448	29.96	5.84	175.06	13.57	10.19	138.33	79.0	5	40.9
9.9558	30.01	5.83	175.06	13.61	10.07	137.00	78.3	5	40.5
9.9669	30.09	5.82	175.06	13.45	10.24	137.64	78.6	5	40.6
9.9779	30.04	5.83	175.06	13.48	10.24	138.13	78.9	5	40.6
9.9890	30.27	5.78	175.06	13.51	10.19	137.72	78.7	5	40.8
10.0000	29.72	5.89	175.06	13.48	10.22	137.71	78.7	5	41.0
