0.0000	30.10	0.65	19.47	12.60	1.21	15.30	78.6	5	33.0
0.0054	30.03	3.08	92.52	13.04	5.57	72.63	78.5	5	36.4
0.0110	30.27	2.89	87.45	12.96	5.29	68.58	78.4	5	36.3
0.0165	30.24	0.64	19.47	12.55	1.22	15.34	78.8	5	33.1
0.0221	30.03	0.66	19.89	12.63	1.24	15.67	78.8	5	32.9
0.0275	30.09	2.65	79.85	13.09	4.79	62.63	78.4	5	35.9
0.0331	29.81	3.36	100.12	13.06	6.02	78.64	78.5	5	37.0
0.0386	29.90	0.82	24.54	12.62	1.53	19.30	78.7	5	33.2
0.0442	30.03	1.34	40.16	12.75	2.47	31.53	78.5	5	34.0
0.0496	29.49	3.47	102.23	13.16	6.13	80.75	79.0	5	36.9
0.0552	30.11	3.40	102.23	13.14	6.13	80.51	78.8	5	37.2
0.0607	29.93	2.23	66.76	12.89	4.05	52.26	78.3	5	35.5
0.0663	30.33	2.19	66.34	12.91	4.02	51.88	78.2	5	35.5
0.0717	29.56	4.07	120.38	13.15	7.21	94.77	78.7	5	37.7
0.0773	30.19	3.99	120.38	13.23	7.14	94.48	78.5	5	38.3
0.0828	29.68	2.69	79.85	12.92	4.86	62.83	78.7	5	35.8
0.0884	30.18	2.73	82.38	12.93	5.00	64.69	78.5	5	36.1
0.0938	30.06	3.68	110.67	13.25	6.57	87.12	78.7	5	37.5
0.0994	30.00	3.69	110.67	13.19	6.57	86.65	78.3	5	37.5
0.1049	29.77	2.77	82.38	12.95	4.99	64.66	78.5	5	36.1
0.1105	29.85	3.31	98.85	13.09	5.91	77.29	78.2	5	36.8
0.1159	29.87	3.82	114.05	13.13	6.79	89.19	78.2	5	37.4
0.1215	29.71	3.60	106.87	13.13	6.38	83.78	78.4	5	37.3
0.1270	30.03	4.47	134.32	13.29	7.93	105.39	78.5	5	38.6
0.1326	29.73	4.52	134.32	13.19	8.03	105.88	78.8	5	38.8
0.1380	30.22	2.95	89.14	12.94	5.43	70.26	78.8	5	36.4
0.1436	29.85	2.99	89.14	12.94	5.40	69.87	78.4	5	36.0
0.1491	30.16	4.26	128.40	13.32	7.55	100.57	78.3	5	38.5
0.1547	30.23	4.26	128.83	13.22	7.68	101.48	78.8	5	38.4
0.1601	30.18	3.12	94.20	13.07	5.67	74.15	78.7	5	36.5
0.1657	30.27	3.11	94.20	13.06	5.69	74.33	78.9	5	36.9
0.1712	29.80	4.31	128.40	13.30	7.60	101.12	78.7	5	38.8
0.1768	29.73	4.04	119.96	13.18	7.14	94.11	78.5	5	37.9
0.1822	30.08	3.17	95.47	12.97	5.79	75.16	78.7	5	36.9
0.1878	29.80	3.43	102.23	13.13	6.10	80.05	78.3	5	37.1
0.1933	30.17	3.85	116.16	13.19	6.92	91.27	78.6	5	37.9
0.1989	29.92	3.87	115.74	13.14	6.92	90.91	78.6	5	38.0
0.2043	30.08	3.60	108.14	13.09	6.47	84.73	78.4	5	37.3
0.2099	29.96	3.61	108.14	13.13	6.53	85.67	79.2	5	37.2
0.2154	29.89	3.83	114.47	13.01	6.89	89.68	78.3	5	37.4
0.2210	29.92	3.77	112.78	13.21	6.71	88.70	78.6	5	37.6
0.2264	30.31	3.57	108.14	13.08	6.48	84.75	78.4	5	37.7
0.2320	29.98	3.75	112.36	13.16	6.68	87.95	78.3	5	37.5
0.2431	29.91	2.67	79.85	12.94	4.87	62.95	78.8	5	35.6
0.2485	29.76	5.11	152.05	13.37	8.98	120.05	79.0	5	39.8
0.2541	30.09	5.05	152.05	13.35	8.91	118.97	78.2	5	39.7
0.2596	0.50	0.10	0.05	0.00	0.00	0.00	0.2	5	32.3
0.2652	0.52	0.09	0.05	0.00	0.00	0.00	0.2	5	31.8
0.2706	30.36	3.40	103.07	13.12	6.17	81.00	78.6	5	37.1
0.2762	29.70	3.47	103.07	13.10	6.19	81.02	78.6	5	37.1
0.2817	29.75	0.40	11.87	12.64	0.74	9.32	78.5	5	32.8
0.2873	29.78	0.40	11.87	12.57	0.74	9.34	78.7	5	32.5
0.2927	30.05	2.66	79.85	12.97	4.81	62.38	78.1	5	36.1
0.2983	29.86	2.28	68.03	12.94	4.14	53.49	78.6	5	35.2
0.3038	29.89	0.91	27.07	12.67	1.69	21.40	79.1	5	33.3
0.3094	30.18	1.06	32.14	12.61	2.00	25.22	78.5	5	33.5
0.3148	30.06	2.26	68.03	12.93	4.14	53.54	78.7	5	35.4
0.3204	30.38	2.82	85.76	12.99	5.15	66.98	78.1	5	35.9
0.3259	30.47	1.05	32.14	12.71	1.99	25.27	78.6	5	33.2
0.3315	30.13	1.88	56.63	12.78	3.48	44.47	78.5	5	34.8
0.3369	30.20	3.40	102.65	13.04	6.20	80.88	78.8	5	37.4
0.3425	29.84	4.20	125.45	13.22	7.47	98.81	78.8	5	38.4
0.3480	30.24	1.87	56.63	12.92	3.44	44.47	78.5	5	34.8
0.3536	29.96	0.17	5.11	12.49	0.10	1.31	25.6	5	32.1
0.3590	29.95	4.19	125.45	13.24	7.43	98.42	78.5	5	38.0
0.3646	29.98	3.75	112.36	13.15	6.77	89.04	79.2	5	37.5
0.3701	30.01	0.17	5.11	12.47	0.10	1.31	25.6	5	32.0
0.3757	29.75	1.52	45.23	12.68	2.78	35.30	78.0	5	34.2
0.3811	30.20	3.73	112.78	13.14	6.75	88.61	78.6	5	37.5
0.3867	29.96	4.20	125.87	13.25	7.47	98.96	78.6	5	38.8
0.3922	30.22	1.51	45.65	12.79	2.79	35.66	78.1	5	34.5
0.3978	29.80	3.54	105.60	13.03	6.33	82.50	78.1	5	37.3
0.4032	29.97	5.16	154.58	13.45	9.02	121.27	78.5	5	39.8
0.4088	29.83	5.51	164.29	13.45	9.53	128.15	78.0	5	40.4
0.4143	29.75	3.32	98.85	13.14	5.92	77.83	78.7	5	37.4
0.4199	30.45	3.07	93.36	13.14	5.58	73.37	78.6	5	36.9
0.4253	30.33	5.60	169.78	13.44	9.88	132.72	78.2	5	40.1
0.4309	30.12	6.03	181.60	13.51	10.52	142.16	78.3	5	40.8
0.4364	30.01	3.10	92.94	13.05	5.57	72.72	78.2	5	36.3
0.4420	29.66	3.79	112.36	13.15	6.72	88.37	78.6	5	37.9
0.4474	30.09	6.03	181.60	13.55	10.53	142.73	78.6	5	41.1
0.4530	30.05	6.04	181.60	13.56	10.54	142.97	78.7	5	41.3
0.4585	29.88	5.36	160.07	13.47	9.32	125.56	78.4	5	40.2
0.4641	30.07	5.34	160.49	13.42	9.37	125.69	78.3	5	40.2
0.4695	29.85	6.10	182.03	13.62	10.53	143.34	78.7	5	41.0
0.4751	30.13	6.04	182.03	13.60	10.45	142.14	78.1	5	41.0
0.4806	29.76	3.70	110.25	13.07	6.62	86.51	78.5	5	37.5
0.4862	30.05	3.25	97.58	13.11	5.86	76.81	78.7	5	36.9
0.4916	30.18	6.02	181.60	13.57	10.53	142.98	78.7	5	41.4
0.4972	30.13	5.97	179.92	13.54	10.41	140.98	78.4	5	40.8
0.5027	29.81	3.27	97.58	13.00	5.89	76.55	78.4	5	36.9
0.5083	29.96	2.43	72.67	12.96	4.40	57.01	78.5	5	35.5
0.5137	30.24	5.95	179.92	13.57	10.45	141.79	78.8	5	40.8
0.5193	30.18	6.00	181.18	13.50	10.53	142.21	78.5	5	41.0
0.5248	29.72	2.46	73.09	12.91	4.47	57.74	79.0	5	35.4
0.5304	30.25	3.27	98.85	12.98	5.96	77.28	78.2	5	36.8
0.5358	30.21	6.00	181.18	13.47	10.55	142.10	78.4	5	40.7
0.5414	30.13	6.03	181.60	13.56	10.54	142.92	78.7	5	41.3
0.5469	30.29	3.26	98.85	13.11	5.94	77.92	78.8	5	36.8
0.5525	29.78	5.37	160.07	13.34	9.41	125.59	78.5	5	39.9
0.5579	30.00	6.07	182.03	13.55	10.57	143.18	78.7	5	41.3
0.5635	29.92	6.07	181.60	13.50	10.57	142.76	78.6	5	41.1
0.5690	30.16	5.80	174.85	13.48	10.20	137.48	78.6	5	40.8
0.5746	30.24	5.91	178.65	13.56	10.31	139.86	78.3	5	41.1
0.5800	30.00	6.05	181.60	13.65	10.42	142.18	78.3	5	41.5
0.5856	30.06	6.06	182.03	13.62	10.48	142.63	78.4	5	40.9
0.5910	30.08	5.95	179.07	13.58	10.36	140.65	78.5	5	40.9
0.5967	30.01	6.04	181.18	13.60	10.44	142.04	78.4	5	40.9
0.6077	30.26	5.99	181.18	13.60	10.44	141.97	78.4	5	41.0
0.6188	30.31	5.99	181.39	13.50	10.55	142.37	78.5	5	40.9
0.6298	29.99	6.05	181.39	13.52	10.52	142.17	78.4	5	41.2
0.6409	29.91	6.06	181.39	13.56	10.49	142.28	78.4	5	41.2
0.6519	29.83	6.08	181.39	13.46	10.53	141.80	78.2	5	41.2
0.6630	30.30	5.99	181.39	13.59	10.47	142.28	78.4	5	41.0
0.6740	30.26	5.99	181.39	13.61	10.43	142.06	78.3	5	41.3
0.6851	30.24	6.00	181.39	13.64	10.42	142.06	78.3	5	41.0
0.6961	30.24	6.00	181.39	13.58	10.55	143.30	79.0	5	41.3
0.7072	29.90	6.07	181.39	13.63	10.47	142.67	78.7	5	41.2
0.7182	29.98	6.05	181.39	13.52	10.58	143.09	78.9	5	41.0
0.7293	30.06	6.03	181.39	13.57	10.52	142.80	78.7	5	40.8
0.7403	29.83	6.08	181.39	13.51	10.47	141.54	78.0	5	40.8
0.7514	30.37	5.97	181.39	13.58	10.57	143.58	79.2	5	41.4
0.7624	30.02	6.04	181.39	13.57	10.45	141.82	78.2	5	40.9
0.7735	29.83	6.08	181.39	13.61	10.46	142.37	78.5	5	41.0
0.7845	30.01	6.04	181.39	13.69	10.42	142.72	78.7	5	41.0
0.7956	29.88	6.07	181.39	13.54	10.48	141.93	78.2	5	40.9
0.8066	30.26	6.00	181.39	13.61	10.46	142.47	78.5	5	41.0
0.8177	29.78	6.09	181.39	13.60	10.42	141.61	78.1	5	40.9
0.8287	29.82	6.08	181.39	13.61	10.48	142.57	78.6	5	41.6
0.8398	29.83	6.08	181.39	13.56	10.52	142.61	78.6	5	41.1
0.8508	29.88	6.07	181.39	13.61	10.48	142.58	78.6	5	40.6
0.8619	29.95	6.06	181.39	13.67	10.43	142.60	78.6	5	41.6
0.8729	29.87	6.07	181.39	13.61	10.42	141.89	78.2	5	41.1
0.8840	29.90	6.07	181.39	13.59	10.47	142.40	78.5	5	41.2
0.8950	30.06	6.03	181.39	13.58	10.53	142.99	78.8	5	41.0
0.9061	29.97	6.05	181.39	13.64	10.40	141.87	78.2	5	41.2
0.9171	30.46	5.95	181.39	13.53	10.52	142.33	78.5	5	41.3
0.9282	30.04	6.04	181.39	13.58	10.46	142.04	78.3	5	40.9
0.9392	30.25	6.00	181.39	13.57	10.45	141.83	78.2	5	41.0
0.9503	30.20	6.01	181.39	13.64	10.38	141.55	78.0	5	40.8
0.9613	30.10	6.03	181.39	13.61	10.37	141.19	77.8	5	41.1
0.9724	29.88	6.07	181.39	13.57	10.51	142.59	78.6	5	40.7
0.9834	30.16	6.01	181.39	13.62	10.56	143.74	79.2	5	41.2
0.9945	30.41	5.96	181.39	13.60	10.51	142.94	78.8	5	41.2
1.0055	29.91	6.06	181.39	13.58	10.45	141.93	78.2	5	41.2
1.0166	29.78	6.09	181.39	13.59	10.46	142.20	78.4	5	40.4
1.0276	29.87	6.07	181.39	13.59	10.46	142.11	78.3	5	40.9
1.0387	30.45	5.96	181.39	13.59	10.47	142.31	78.5	5	41.0
1.0497	29.90	6.07	181.39	13.48	10.52	141.84	78.2	5	41.2
1.0608	30.06	6.03	181.39	13.56	10.51	142.58	78.6	5	41.1
1.0718	30.09	6.03	181.39	13.57	10.57	143.41	79.1	5	41.2
1.0829	30.10	6.03	181.39	13.60	10.48	142.56	78.6	5	40.9
1.0939	29.47	6.16	181.39	13.58	10.53	143.03	78.8	5	41.0
1.1050	30.21	6.00	181.39	13.54	10.47	141.69	78.1	5	41.1
1.1160	29.98	6.05	181.39	13.55	10.61	143.70	79.2	5	41.2
1.1271	29.98	6.05	181.39	13.59	10.45	142.01	78.3	5	40.8
1.1381	30.11	6.02	181.39	13.55	10.51	142.41	78.5	5	41.2
1.1492	29.81	6.08	181.39	13.64	10.46	142.60	78.6	5	41.5
1.1602	29.94	6.06	181.39	13.50	10.57	142.61	78.6	5	41.1
1.1713	29.85	6.08	181.39	13.69	10.38	142.10	78.3	5	41.1
1.1823	30.26	5.99	181.39	13.52	10.44	141.25	77.9	5	41.0
1.1934	30.26	5.99	181.39	13.58	10.49	142.39	78.5	5	41.2
1.2044	29.93	6.06	181.39	13.58	10.49	142.43	78.5	5	41.1
1.2155	30.12	6.02	181.39	13.67	10.42	142.46	78.5	5	41.3
1.2265	30.12	6.02	181.39	13.48	10.59	142.71	78.7	5	40.8
1.2376	30.07	6.03	181.39	13.56	10.48	142.11	78.3	5	41.2
1.2486	29.90	6.07	181.39	13.65	10.41	142.11	78.3	5	41.1
1.2597	29.67	6.11	181.39	13.50	10.53	142.17	78.4	5	41.2
1.2707	29.90	6.07	181.39	13.58	10.52	142.92	78.8	5	41.2
1.2818	30.02	6.04	181.39	13.66	10.42	142.40	78.5	5	40.9
1.2928	29.83	6.08	181.39	13.45	10.53	141.59	78.1	5	41.1
1.3039	29.66	6.12	181.39	13.60	10.47	142.46	78.5	5	41.3
1.3149	29.92	6.06	181.39	13.60	10.41	141.50	78.0	5	41.3
1.3260	30.08	6.03	181.39	13.72	10.43	143.14	78.9	5	41.1
1.3370	30.03	6.04	181.39	13.73	10.41	142.94	78.8	5	41.1
1.3481	30.08	6.03	181.39	13.51	10.46	141.34	77.9	5	41.3
1.3591	30.14	6.02	181.39	13.47	10.60	142.81	78.7	5	40.8
1.3702	29.90	6.07	181.39	13.56	10.54	142.87	78.8	5	41.3
1.3812	30.20	6.01	181.39	13.57	10.47	142.10	78.3	5	41.1
1.3923	29.85	6.08	181.39	13.63	10.38	141.40	78.0	5	40.9
1.4033	29.66	6.12	181.39	13.54	10.48	141.89	78.2	5	41.4
1.4144	30.07	6.03	181.39	13.58	10.51	142.72	78.7	5	40.9
1.4254	29.77	6.09	181.39	13.56	10.53	142.77	78.7	5	40.7
1.4365	30.44	5.96	181.39	13.51	10.51	141.93	78.2	5	41.3
1.4475	30.03	6.04	181.39	13.67	10.43	142.52	78.6	5	41.2
1.4586	30.11	6.03	181.39	13.54	10.57	143.09	78.9	5	40.9
1.4696	29.91	6.07	181.39	13.59	10.41	141.45	78.0	5	41.0
1.4807	29.77	6.09	181.39	13.64	10.44	142.40	78.5	5	40.9
1.4917	29.70	6.11	181.39	13.56	10.55	143.03	78.8	5	41.0
1.5028	30.05	6.04	181.39	13.57	10.50	142.52	78.6	5	41.2
1.5138	30.12	6.02	181.39	13.47	10.53	141.83	78.2	5	40.6
1.5249	30.33	5.98	181.39	13.63	10.44	142.32	78.5	5	41.2
1.5359	30.08	6.03	181.39	13.59	10.50	142.65	78.6	5	41.3
1.5470	29.96	6.05	181.39	13.64	10.45	142.53	78.6	5	41.3
1.5580	29.86	6.07	181.39	13.64	10.47	142.73	78.7	5	41.0
1.5691	29.90	6.07	181.39	13.57	10.52	142.79	78.7	5	41.4
1.5801	29.97	6.05	181.39	13.60	10.45	142.04	78.3	5	40.7
1.5912	30.21	6.00	181.39	13.58	10.53	142.93	78.8	5	40.8
1.6022	30.05	6.04	181.39	13.56	10.50	142.39	78.5	5	40.9
1.6133	30.01	6.04	181.39	13.56	10.50	142.38	78.5	5	41.2
1.6243	29.80	6.09	181.39	13.56	10.53	142.68	78.7	5	41.0
1.6354	30.10	6.03	181.39	13.58	10.53	142.91	78.8	5	40.8
1.6464	29.97	6.05	181.39	13.51	10.47	141.44	78.0	5	41.2
1.6575	29.85	6.08	181.39	13.55	10.50	142.32	78.5	5	40.9
1.6685	29.82	6.08	181.39	13.56	10.51	142.41	78.5	5	41.2
1.6796	29.98	6.05	181.39	13.59	10.50	142.68	78.7	5	40.9
1.6906	30.30	5.99	181.39	13.58	10.46	142.11	78.3	5	41.1
1.7017	30.07	6.03	181.39	13.54	10.55	142.84	78.7	5	41.3
1.7127	30.13	6.02	181.39	13.64	10.44	142.45	78.5	5	41.5
1.7238	30.16	6.02	181.39	13.53	10.53	142.52	78.6	5	41.2
1.7348	30.02	6.04	181.39	13.55	10.49	142.11	78.3	5	41.1
1.7459	30.13	6.02	181.39	13.60	10.39	141.26	77.9	5	41.1
1.7569	30.06	6.03	181.39	13.65	10.49	143.16	78.9	5	41.1
1.7680	29.86	6.08	181.39	13.56	10.48	142.06	78.3	5	41.1
1.7790	29.56	6.14	181.39	13.54	10.49	142.03	78.3	5	40.9
1.7901	29.92	6.06	181.39	13.63	10.43	142.13	78.4	5	41.1
1.8011	29.80	6.09	181.39	13.60	10.40	141.41	78.0	5	41.4
1.8122	29.69	6.11	181.39	13.56	10.53	142.81	78.7	5	40.9
1.8232	30.01	6.04	181.39	13.62	10.45	142.35	78.5	5	41.1
1.8343	29.65	6.12	181.39	13.60	10.48	142.55	78.6	5	41.1
1.8453	30.27	5.99	181.39	13.63	10.39	141.59	78.1	5	40.9
1.8564	30.26	5.99	181.39	13.57	10.56	143.34	79.0	5	41.3
1.8674	29.95	6.06	181.39	13.59	10.44	141.97	78.3	5	41.0
1.8785	29.77	6.09	181.39	13.56	10.39	140.94	77.7	5	41.4
1.8895	29.63	6.12	181.39	13.53	10.55	142.80	78.7	5	41.1
1.9006	30.13	6.02	181.39	13.66	10.38	141.84	78.2	5	41.2
1.9116	29.86	6.07	181.39	13.60	10.49	142.74	78.7	5	41.3
1.9227	30.02	6.04	181.39	13.56	10.50	142.42	78.5	5	41.3
1.9337	29.87	6.07	181.39	13.52	10.46	141.43	78.0	5	41.0
1.9448	30.11	6.02	181.39	13.55	10.47	141.77	78.2	5	41.1
1.9558	29.57	6.13	181.39	13.56	10.50	142.35	78.5	5	40.9
1.9669	29.84	6.08	181.39	13.53	10.49	141.94	78.3	5	41.1
1.9779	30.11	6.02	181.39	13.63	10.44	142.28	78.4	5	41.2
1.9890	29.97	6.06	181.60	13.54	10.53	142.58	78.5	5	41.2
1.9944	30.11	5.09	153.32	13.41	9.03	121.11	79.0	5	39.5
2.0000	30.18	6.02	181.60	13.54	10.56	142.88	78.7	5	41.3
2.0054	29.82	2.68	79.85	12.94	4.83	62.53	78.3	5	35.9
2.0110	29.90	5.18	155.00	13.38	9.10	121.69	78.5	5	39.9
2.0165	0.50	0.10	0.05	0.00	0.00	0.00	0.2	5	32.1
2.0221	0.50	0.10	0.05	0.00	0.00	0.00	0.2	5	31.9
2.0275	29.74	2.43	72.25	12.88	4.39	56.58	78.3	5	35.3
2.0331	29.68	2.42	71.83	12.87	4.38	56.34	78.4	5	35.6
2.0386	29.86	0.43	12.71	12.62	0.79	10.02	78.8	5	32.7
2.0442	29.67	0.46	13.56	12.52	0.85	10.62	78.3	5	32.3
2.0496	29.67	2.09	62.11	12.85	3.80	48.84	78.6	5	35.2
2.0552	30.07	1.77	53.25	12.82	3.27	41.92	78.7	5	35.2
2.0607	30.02	0.61	18.20	12.55	1.14	14.25	78.3	5	32.9
2.0663	29.90	0.82	24.54	12.62	1.54	19.41	79.1	5	33.4
2.0717	29.78	1.80	53.67	12.78	3.28	41.89	78.0	5	34.9
2.0773	29.79	2.23	66.34	12.82	4.05	51.98	78.4	5	35.3
2.0828	29.93	0.82	24.54	12.67	1.52	19.31	78.7	5	33.0
2.0884	29.82	1.46	43.54	12.79	2.67	34.08	78.3	5	34.3
2.0938	30.22	2.60	78.58	13.06	4.70	61.40	78.1	5	35.9
2.0994	30.29	3.11	94.20	13.04	5.69	74.16	78.7	5	36.5
2.1049	30.11	1.46	43.96	12.81	2.70	34.57	78.6	5	34.4
2.1105	29.70	0.20	5.96	12.53	0.14	1.78	29.8	5	32.7
2.1159	30.56	3.08	94.20	13.05	5.65	73.73	78.3	5	36.6
2.1215	30.33	3.16	95.89	13.06	5.77	75.35	78.6	5	36.5
2.1270	29.63	0.20	5.96	12.41	0.14	1.78	29.8	5	32.0
2.1326	29.97	1.28	38.47	12.67	2.40	30.36	78.9	5	34.3
2.1380	29.95	3.20	95.89	13.03	5.77	75.21	78.4	5	36.8
2.1436	30.15	3.17	95.47	13.01	5.75	74.84	78.4	5	37.0
2.1491	30.03	1.30	38.89	12.78	2.40	30.67	78.9	5	33.9
2.1547	29.74	2.67	79.43	12.96	4.84	62.69	78.9	5	35.7
2.1601	30.08	3.38	101.80	13.15	6.03	79.35	77.9	5	37.3
2.1657	30.04	3.04	91.25	13.02	5.52	71.89	78.8	5	36.3
2.1712	29.82	4.05	120.80	13.17	7.19	94.72	78.4	5	38.2
2.1768	30.18	4.31	130.09	13.20	7.70	101.69	78.2	5	38.7
2.1822	29.73	3.34	99.27	13.21	5.91	78.04	78.6	5	36.9
2.1878	29.97	3.68	110.25	13.07	6.58	86.05	78.0	5	37.4
2.1933	29.66	4.49	133.05	13.25	7.87	104.21	78.3	5	38.4
2.1989	30.21	4.45	134.32	13.28	7.93	105.39	78.5	5	38.6
2.2043	29.71	3.90	115.74	13.14	6.93	91.07	78.7	5	37.9
2.2099	29.88	3.87	115.74	13.13	6.92	90.86	78.5	5	37.6
2.2154	29.89	4.52	135.16	13.34	7.92	105.66	78.2	5	38.9
2.2210	30.22	4.74	143.18	13.43	8.36	112.22	78.4	5	38.8
2.2264	30.01	4.02	120.80	13.23	7.11	94.09	77.9	5	38.2
2.2320	29.91	4.58	136.85	13.21	8.10	107.08	78.2	5	38.5
2.2375	29.97	4.97	149.09	13.29	8.79	116.86	78.4	5	39.6
2.2431	30.24	4.94	149.52	13.37	8.81	117.76	78.8	5	39.7
2.2485	29.91	4.86	145.29	13.30	8.61	114.50	78.8	5	39.5
2.2541	29.91	4.87	145.72	13.41	8.54	114.60	78.6	5	39.4
2.2596	29.76	5.00	148.67	13.45	8.62	115.95	78.0	5	39.5
2.2652	29.89	5.00	149.52	13.50	8.69	117.37	78.5	5	39.5
2.2706	30.02	4.85	145.72	13.38	8.57	114.73	78.7	5	39.0
2.2762	30.09	4.97	149.52	13.35	8.74	116.69	78.0	5	39.6
2.2817	30.09	4.65	139.80	13.34	8.17	109.00	78.0	5	38.9
2.2873	29.88	4.52	135.16	13.31	7.96	106.01	78.4	5	38.8
2.2927	29.48	5.07	149.52	13.37	8.77	117.26	78.4	5	39.5
2.2983	30.33	5.01	152.05	13.34	8.92	118.96	78.2	5	39.7
2.3038	29.86	4.54	135.58	13.32	8.03	106.98	78.9	5	39.1
2.3094	30.20	4.81	145.29	13.32	8.61	114.77	79.0	5	39.5
2.3148	30.12	5.08	152.89	13.44	8.91	119.65	78.3	5	39.4
2.3204	29.78	5.15	153.32	13.39	9.02	120.78	78.8	5	39.3
2.3259	30.05	4.91	147.40	13.33	8.71	116.13	78.8	5	39.0
2.3315	30.14	4.90	147.83	13.42	8.66	116.27	78.7	5	39.4
2.3369	29.83	5.14	153.32	13.35	9.02	120.42	78.5	5	39.5
2.3425	30.32	4.99	151.20	13.43	8.84	118.75	78.5	5	39.6
2.3480	29.99	4.93	147.83	13.40	8.60	115.19	77.9	5	39.4
2.3536	30.12	4.96	149.30	13.38	8.72	116.63	78.1	5	39.7
2.3646	29.88	5.03	150.15	13.47	8.77	118.09	78.6	5	39.6
2.3757	30.11	4.99	150.15	13.40	8.87	118.84	79.1	5	39.3
2.3867	29.93	5.00	149.73	13.45	8.77	117.93	78.8	5	39.6
2.3978	30.14	4.97	149.73	13.39	8.82	118.13	78.9	5	39.6
2.4088	30.23	4.95	149.73	13.42	8.75	117.43	78.4	5	39.5
2.4199	30.16	4.96	149.73	13.31	8.84	117.59	78.5	5	39.4
2.4309	30.18	4.96	149.73	13.36	8.76	117.10	78.2	5	39.1
2.4420	29.84	5.02	149.73	13.30	8.89	118.20	78.9	5	39.4
2.4530	29.92	5.00	149.73	13.23	8.91	117.78	78.7	5	39.7
2.4641	29.85	5.02	149.73	13.31	8.83	117.51	78.5	5	39.4
2.4751	29.78	5.03	149.73	13.41	8.81	118.09	78.9	5	39.4
2.4862	29.89	5.01	149.73	13.32	8.83	117.54	78.5	5	39.5
2.4972	30.11	4.97	149.73	13.42	8.76	117.47	78.5	5	39.3
2.5083	30.04	4.98	149.73	13.31	8.88	118.16	78.9	5	39.6
2.5193	30.25	4.95	149.73	13.38	8.76	117.27	78.3	5	39.5
2.5304	30.11	4.97	149.73	13.42	8.75	117.42	78.4	5	39.6
2.5414	29.84	5.02	149.73	13.44	8.77	117.87	78.7	5	39.7
2.5525	30.10	4.97	149.73	13.38	8.74	117.00	78.1	5	39.5
2.5635	29.94	5.00	149.73	13.35	8.81	117.57	78.5	5	39.2
2.5746	30.22	4.95	149.73	13.37	8.82	117.97	78.8	5	39.7
2.5856	30.18	4.96	149.73	13.42	8.76	117.52	78.5	5	39.6
2.5967	30.09	4.98	149.73	13.35	8.80	117.39	78.4	5	39.7
2.6077	30.42	4.92	149.73	13.40	8.75	117.33	78.4	5	39.4
2.6188	30.15	4.97	149.73	13.27	8.81	116.86	78.0	5	39.7
2.6298	30.20	4.96	149.73	13.36	8.84	118.16	78.9	5	39.1
2.6409	30.10	4.97	149.73	13.39	8.79	117.74	78.6	5	39.5
2.6519	29.99	4.99	149.73	13.40	8.78	117.57	78.5	5	39.3
2.6630	30.12	4.97	149.73	13.34	8.81	117.59	78.5	5	39.4
2.6740	29.97	5.00	149.73	13.37	8.77	117.36	78.4	5	39.5
2.6851	29.84	5.02	149.73	13.47	8.71	117.30	78.3	5	39.3
2.6961	30.13	4.97	149.73	13.38	8.73	116.87	78.1	5	39.7
2.7072	30.00	4.99	149.73	13.36	8.78	117.35	78.4	5	39.5
2.7182	30.25	4.95	149.73	13.44	8.73	117.29	78.3	5	39.3
2.7293	29.98	4.99	149.73	13.37	8.75	116.97	78.1	5	39.3
2.7403	29.92	5.00	149.73	13.36	8.77	117.24	78.3	5	38.9
2.7514	30.16	4.96	149.73	13.36	8.79	117.37	78.4	5	39.4
2.7624	30.06	4.98	149.73	13.33	8.79	117.22	78.3	5	39.6
2.7735	30.08	4.98	149.73	13.42	8.76	117.54	78.5	5	39.7
2.7845	29.82	5.02	149.73	13.40	8.77	117.47	78.5	5	39.5
2.7956	29.87	5.01	149.73	13.45	8.76	117.77	78.7	5	39.3
2.8066	30.48	4.91	149.73	13.38	8.75	117.01	78.2	5	39.8
2.8177	29.95	5.00	149.73	13.46	8.74	117.67	78.6	5	39.5
2.8287	30.12	4.97	149.73	13.36	8.85	118.21	78.9	5	39.5
2.8398	30.27	4.95	149.73	13.35	8.78	117.16	78.3	5	39.5
2.8508	30.22	4.95	149.73	13.28	8.84	117.42	78.4	5	39.2
2.8619	30.20	4.96	149.73	13.41	8.73	117.08	78.2	5	39.3
2.8729	30.18	4.96	149.73	13.31	8.86	117.89	78.7	5	39.7
2.8840	30.21	4.96	149.73	13.41	8.76	117.42	78.4	5	39.4
2.8950	29.96	5.00	149.73	13.38	8.75	117.06	78.2	5	39.5
2.9061	30.08	4.98	149.73	13.36	8.69	116.14	77.6	5	39.9
2.9171	30.14	4.97	149.73	13.36	8.73	116.61	77.9	5	39.4
2.9282	30.03	4.99	149.73	13.27	8.88	117.76	78.6	5	39.5
2.9392	29.97	5.00	149.73	13.38	8.81	117.87	78.7	5	39.3
2.9503	29.92	5.00	149.73	13.28	8.89	118.05	78.8	5	39.3
2.9613	29.71	5.04	149.73	13.41	8.74	117.21	78.3	5	39.2
2.9724	30.14	4.97	149.73	13.41	8.79	117.87	78.7	5	39.4
2.9834	30.04	4.98	149.73	13.34	8.77	116.95	78.1	5	39.6
2.9945	29.81	5.02	149.73	13.37	8.79	117.52	78.5	5	39.5
3.0055	29.63	5.05	149.73	13.28	8.80	116.83	78.0	5	39.5
3.0166	30.07	4.98	149.73	13.41	8.73	117.04	78.2	5	39.5
3.0276	30.13	4.97	149.73	13.39	8.77	117.50	78.5	5	39.6
3.0387	30.39	4.93	149.73	13.40	8.78	117.68	78.6	5	39.4
3.0497	29.89	5.01	149.73	13.44	8.71	117.11	78.2	5	39.5
3.0608	30.24	4.95	149.73	13.34	8.85	118.07	78.9	5	39.4
3.0718	30.07	4.98	149.73	13.44	8.74	117.51	78.5	5	39.5
3.0829	30.08	4.98	149.73	13.43	8.76	117.55	78.5	5	39.4
3.0939	30.01	4.99	149.73	13.45	8.72	117.23	78.3	5	39.4
3.1050	30.16	4.96	149.73	13.43	8.81	118.24	79.0	5	39.4
3.1160	29.84	5.02	149.73	13.30	8.88	118.15	78.9	5	39.4
3.1271	30.20	4.96	149.73	13.36	8.81	117.76	78.6	5	39.3
3.1381	29.88	5.01	149.73	13.34	8.89	118.56	79.2	5	39.7
3.1492	30.18	4.96	149.73	13.29	8.79	116.86	78.0	5	39.5
3.1602	29.64	5.05	149.73	13.33	8.79	117.13	78.2	5	39.4
3.1713	30.26	4.95	149.73	13.47	8.74	117.68	78.6	5	39.4
3.1823	29.95	5.00	149.73	13.40	8.75	117.28	78.3	5	39.6
3.1934	29.90	5.01	149.73	13.41	8.73	117.03	78.2	5	39.7
3.2044	29.72	5.04	149.73	13.29	8.86	117.74	78.6	5	39.5
3.2155	30.00	4.99	149.73	13.39	8.81	118.01	78.8	5	39.6
3.2265	30.09	4.98	149.73	13.34	8.87	118.27	79.0	5	39.5
3.2376	30.13	4.97	149.73	13.46	8.71	117.17	78.3	5	39.3
3.2486	30.05	4.98	149.73	13.41	8.75	117.32	78.4	5	39.7
3.2597	29.82	5.02	149.73	13.29	8.84	117.52	78.5	5	39.7
3.2707	30.08	4.98	149.73	13.38	8.77	117.31	78.3	5	39.6
3.2818	29.89	5.01	149.73	13.38	8.76	117.23	78.3	5	39.9
3.2928	30.31	4.94	149.73	13.36	8.75	116.92	78.1	5	39.8
3.3039	30.02	4.99	149.73	13.32	8.82	117.51	78.5	5	39.5
3.3149	29.93	5.00	149.73	13.40	8.80	117.87	78.7	5	39.6
3.3260	29.78	5.03	149.73	13.29	8.82	117.17	78.3	5	39.6
3.3370	30.06	4.98	149.73	13.47	8.70	117.20	78.3	5	39.1
3.3481	30.06	4.98	149.73	13.44	8.77	117.90	78.7	5	39.7
3.3591	30.02	4.99	149.73	13.36	8.82	117.83	78.7	5	39.4
3.3702	30.04	4.98	149.73	13.49	8.71	117.54	78.5	5	39.7
3.3812	30.21	4.96	149.73	13.45	8.73	117.50	78.5	5	39.8
3.3923	30.03	4.99	149.73	13.39	8.73	116.95	78.1	5	39.5
3.4033	29.95	5.00	149.73	13.46	8.74	117.58	78.5	5	39.2
3.4144	29.58	5.06	149.73	13.37	8.69	116.21	77.6	5	39.6
3.4254	29.81	5.02	149.73	13.37	8.86	118.48	79.1	5	39.8
3.4365	29.72	5.04	149.73	13.39	8.78	117.60	78.5	5	39.6
3.4475	30.01	4.99	149.73	13.39	8.76	117.37	78.4	5	39.1
3.4586	30.30	4.94	149.73	13.36	8.79	117.44	78.4	5	39.5
3.4696	30.07	4.98	149.73	13.40	8.80	118.01	78.8	5	39.5
3.4807	29.99	4.99	149.73	13.44	8.74	117.51	78.5	5	39.5
3.4917	29.76	5.03	149.73	13.40	8.84	118.49	79.1	5	39.1
3.5028	30.24	4.95	149.73	13.39	8.80	117.85	78.7	5	39.6
3.5138	30.22	4.95	149.73	13.37	8.78	117.39	78.4	5	40.0
3.5249	29.35	5.10	149.73	13.40	8.78	117.71	78.6	5	39.2
3.5359	30.09	4.98	149.73	13.32	8.76	116.72	78.0	5	39.2
3.5470	29.84	5.02	149.73	13.39	8.80	117.76	78.7	5	39.4
3.5580	29.94	5.00	149.73	13.47	8.71	117.33	78.4	5	39.4
3.5691	30.14	4.97	149.73	13.45	8.68	116.72	78.0	5	39.5
3.5801	29.77	5.03	149.73	13.50	8.70	117.53	78.5	5	39.5
3.5912	30.17	4.96	149.73	13.41	8.77	117.63	78.6	5	39.1
3.6022	30.13	4.97	149.73	13.39	8.78	117.58	78.5	5	39.3
3.6133	30.36	4.93	149.73	13.37	8.84	118.23	79.0	5	39.3
3.6243	30.26	4.95	149.73	13.41	8.73	117.08	78.2	5	39.5
3.6354	29.97	5.00	149.73	13.32	8.85	117.90	78.7	5	39.6
3.6464	30.15	4.97	149.73	13.29	8.86	117.79	78.7	5	39.5
3.6575	30.17	4.96	149.73	13.40	8.74	117.07	78.2	5	39.2
3.6685	29.56	5.07	149.73	13.39	8.78	117.52	78.5	5	39.3
3.6796	29.74	5.03	149.73	13.36	8.77	117.18	78.3	5	39.3
3.6906	30.13	4.97	149.73	13.38	8.78	117.45	78.4	5	39.1
3.7017	29.83	5.02	149.73	13.41	8.76	117.46	78.4	5	39.8
3.7127	30.19	4.96	149.73	13.35	8.82	117.79	78.7	5	39.6
3.7238	29.89	5.01	149.73	13.33	8.87	118.27	79.0	5	39.4
3.7348	29.99	4.99	149.73	13.37	8.85	118.35	79.0	5	39.1
3.7459	30.03	4.99	149.73	13.45	8.74	117.51	78.5	5	39.2
3.7569	30.03	4.99	149.73	13.41	8.76	117.43	78.4	5	39.8
3.7680	29.92	5.00	149.73	13.43	8.77	117.79	78.7	5	39.3
3.7790	30.00	4.99	149.73	13.41	8.80	118.02	78.8	5	39.5
3.7901	30.02	4.99	149.73	13.37	8.79	117.48	78.5	5	39.7
3.8011	29.68	5.04	149.73	13.37	8.80	117.64	78.6	5	39.6
3.8122	30.12	4.97	149.73	13.37	8.80	117.65	78.6	5	39.4
3.8232	29.94	5.00	149.73	13.43	8.70	116.81	78.0	5	39.3
3.8343	29.72	5.04	149.73	13.44	8.72	117.24	78.3	5	39.7
3.8453	30.14	4.97	149.73	13.35	8.81	117.62	78.6	5	39.3
3.8564	30.02	4.99	149.73	13.40	8.78	117.68	78.6	5	39.5
3.8674	30.14	4.97	149.73	13.37	8.78	117.38	78.4	5	39.4
3.8785	29.85	5.02	149.73	13.35	8.82	117.71	78.6	5	39.5
3.8895	30.02	4.99	149.73	13.37	8.77	117.24	78.3	5	39.3
3.9006	30.12	4.97	149.73	13.41	8.75	117.32	78.4	5	39.6
3.9116	30.13	4.97	149.73	13.30	8.84	117.60	78.5	5	39.4
3.9227	30.06	4.98	149.73	13.36	8.78	117.28	78.3	5	39.3
3.9337	30.19	4.96	149.73	13.42	8.75	117.42	78.4	5	39.6
3.9448	30.38	4.93	149.73	13.35	8.81	117.70	78.6	5	39.7
3.9558	29.89	5.01	149.73	13.40	8.78	117.68	78.6	5	39.3
3.9669	29.88	5.01	149.73	13.33	8.80	117.34	78.4	5	39.4
3.9779	29.49	5.08	149.73	13.38	8.81	117.91	78.8	5	39.4
3.9890	30.13	4.98	149.94	13.37	8.77	117.26	78.2	5	39.4
3.9944	29.87	3.58	106.87	13.01	6.47	84.23	78.8	5	37.1
4.0000	30.23	4.95	149.52	13.34	8.77	117.00	78.3	5	39.3
4.0054	1.33	0.35	0.47	0.00	0.00	0.01	2.4	5	31.7
4.0110	0.50	0.10	0.05	0.00	0.00	0.00	0.2	5	32.2
4.0165	29.77	3.76	111.94	13.15	6.63	87.14	77.8	5	37.6
4.0221	30.25	1.83	55.36	12.86	3.40	43.70	78.9	5	35.0
4.0275	0.50	0.10	0.05	0.00	0.00	0.00	0.2	5	32.1
4.0331	29.70	0.46	13.56	12.51	0.85	10.59	78.1	5	32.9
4.0386	29.85	1.85	55.36	12.85	3.37	43.31	78.2	5	34.7
4.0442	29.91	1.17	35.09	12.68	2.18	27.60	78.6	5	33.6
4.0496	29.89	0.47	13.98	12.51	0.88	10.96	78.4	5	32.8
4.0552	29.89	0.78	23.27	12.63	1.44	18.24	78.4	5	33.0
4.0607	29.86	1.18	35.09	12.69	2.17	27.57	78.6	5	33.9
4.0663	30.09	1.00	30.03	12.70	1.86	23.64	78.7	5	33.6
4.0717	29.67	0.78	23.27	12.69	1.44	18.23	78.3	5	33.1
4.0773	29.71	0.88	26.23	12.64	1.62	20.50	78.2	5	33.1
4.0828	29.75	1.00	29.60	12.72	1.83	23.24	78.5	5	33.6
4.0884	30.04	0.91	27.28	12.69	1.68	21.38	78.4	5	33.6
4.0994	29.69	0.93	27.49	12.62	1.72	21.69	78.9	5	33.2
4.1105	30.24	0.91	27.49	12.63	1.70	21.50	78.2	5	33.7
4.1215	30.03	0.91	27.28	12.71	1.69	21.45	78.6	5	33.6
4.1326	30.02	0.92	27.49	12.61	1.72	21.71	79.0	5	33.4
4.1436	29.91	0.91	27.28	12.72	1.69	21.45	78.6	5	33.5
4.1547	29.89	0.91	27.28	12.63	1.70	21.41	78.5	5	33.3
4.1657	30.15	0.90	27.28	12.71	1.69	21.47	78.7	5	33.4
4.1768	29.76	0.95	28.34	12.67	1.75	22.13	78.1	5	33.2
4.1878	29.67	0.93	27.49	12.68	1.69	21.48	78.1	5	33.8
4.1933	30.06	1.76	52.83	12.78	3.24	41.43	78.4	5	34.8
4.1989	29.83	2.00	59.58	12.90	3.60	46.46	78.0	5	34.9
4.2043	30.16	1.11	33.40	12.65	2.07	26.16	78.3	5	33.9
4.2099	30.33	1.51	45.65	12.87	2.80	36.06	79.0	5	34.4
4.2154	30.04	2.10	62.96	12.87	3.86	49.72	79.0	5	34.6
4.2210	29.85	2.29	68.45	12.91	4.16	53.73	78.5	5	35.4
4.2264	29.93	1.55	46.49	12.82	2.87	36.77	79.1	5	34.4
4.2320	29.59	2.07	61.27	12.88	3.73	48.09	78.5	5	35.1
4.2375	29.75	2.30	68.45	13.05	4.12	53.84	78.7	5	35.1
4.2431	30.06	2.29	68.87	12.87	4.20	54.04	78.5	5	35.5
4.2485	29.85	2.05	61.27	12.85	3.75	48.23	78.7	5	35.4
4.2541	29.84	2.05	61.27	12.85	3.73	47.95	78.3	5	35.3
4.2596	29.85	2.29	68.45	12.85	4.19	53.84	78.7	5	35.3
4.2652	30.32	2.26	68.45	12.89	4.17	53.80	78.6	5	35.3
4.2706	30.04	2.08	62.54	12.90	3.80	49.03	78.4	5	35.2
4.2762	29.72	2.08	61.69	12.86	3.77	48.55	78.7	5	35.1
4.2817	29.81	2.24	66.76	12.95	4.05	52.43	78.5	5	35.2
4.2873	29.93	2.05	61.27	12.84	3.73	47.89	78.2	5	35.1
4.2927	29.91	2.44	73.09	12.98	4.42	57.42	78.6	5	35.6
4.2983	30.28	2.58	78.16	12.98	4.73	61.40	78.6	5	36.1
4.3038	30.38	2.11	64.23	12.96	3.88	50.32	78.3	5	35.5
4.3094	30.20	2.35	70.98	12.88	4.33	55.77	78.6	5	35.7
4.3148	30.11	2.65	79.85	12.99	4.86	63.12	79.0	5	35.9
4.3204	29.96	2.64	79.00	12.99	4.78	62.14	78.7	5	36.4
4.3259	30.05	2.53	76.05	12.85	4.63	59.43	78.2	5	35.7
4.3315	30.01	2.53	76.05	12.91	4.61	59.57	78.3	5	35.9
4.3369	30.06	2.64	79.43	12.99	4.78	62.08	78.2	5	36.1
4.3425	30.00	2.62	78.58	13.02	4.73	61.64	78.4	5	35.9
4.3536	29.90	2.63	78.70	12.98	4.75	61.70	78.4	5	36.0
4.3646	29.77	2.66	79.07	12.94	4.81	62.26	78.7	5	35.7
4.3757	30.11	2.64	79.45	12.98	4.80	62.37	78.5	5	36.2
4.3811	29.86	2.67	79.63	13.01	4.81	62.57	78.6	5	36.0
4.3867	29.98	2.66	79.82	12.88	4.84	62.28	78.0	5	36.0
4.3922	29.88	2.68	80.00	12.96	4.84	62.71	78.4	5	35.8
4.3978	30.43	2.64	80.20	12.96	4.85	62.81	78.3	5	36.2
4.4032	30.10	2.67	80.31	12.95	4.90	63.44	79.0	5	36.3
4.4088	30.24	2.65	80.26	13.06	4.85	63.35	78.9	5	36.3
4.4143	29.70	2.70	80.17	12.96	4.89	63.38	79.1	5	35.8
4.4199	30.18	2.66	80.39	12.98	4.86	63.14	78.5	5	36.0
4.4253	29.84	2.70	80.44	13.00	4.86	63.20	78.6	5	35.9
4.4309	29.97	2.67	80.15	13.07	4.79	62.68	78.2	5	35.7
4.4364	30.22	2.65	80.20	13.02	4.81	62.62	78.1	5	36.1
4.4420	30.22	2.65	80.11	13.03	4.82	62.84	78.4	5	35.9
4.4474	30.10	2.67	80.35	13.00	4.88	63.37	78.9	5	35.8
4.4530	30.11	2.66	80.13	12.93	4.89	63.27	79.0	5	36.3
4.4585	29.90	2.68	80.27	12.93	4.88	63.10	78.6	5	35.9
4.4641	30.08	2.67	80.21	13.02	4.84	62.98	78.5	5	36.1
4.4751	29.96	2.68	80.24	12.95	4.85	62.86	78.3	5	36.0
4.4862	30.15	2.66	80.22	12.98	4.87	63.16	78.7	5	35.8
4.4972	30.25	2.66	80.37	13.01	4.85	63.03	78.4	5	36.0
4.5083	30.39	2.64	80.20	12.96	4.88	63.19	78.8	5	36.1
4.5193	30.16	2.66	80.32	13.07	4.81	62.85	78.3	5	36.0
4.5304	30.22	2.66	80.24	12.91	4.89	63.19	78.8	5	36.0
4.5414	29.81	2.69	80.23	13.00	4.86	63.13	78.7	5	36.0
4.5525	30.05	2.68	80.39	13.05	4.88	63.62	79.1	5	36.5
4.5579	29.92	2.68	80.29	12.97	4.87	63.14	78.6	5	36.2
4.5635	29.93	2.69	80.39	12.97	4.86	63.07	78.5	5	36.0
4.5690	29.90	2.69	80.37	13.04	4.84	63.15	78.6	5	36.1
4.5746	29.87	2.69	80.22	13.00	4.86	63.17	78.7	5	35.8
4.5800	29.97	2.68	80.34	12.91	4.88	62.96	78.4	5	36.2
4.5856	30.00	2.68	80.31	12.97	4.83	62.69	78.1	5	36.0
4.5910	29.95	2.68	80.22	13.02	4.84	63.02	78.6	5	36.1
4.5967	29.86	2.69	80.26	12.98	4.86	63.08	78.6	5	36.4
4.6021	30.14	2.67	80.34	12.96	4.83	62.63	78.0	5	35.9
4.6077	30.14	2.66	80.24	12.99	4.87	63.28	78.9	5	36.1
4.6131	30.01	2.68	80.33	13.01	4.87	63.32	78.8	5	36.2
4.6188	29.79	2.69	80.15	12.93	4.83	62.50	78.0	5	36.0
4.6242	29.87	2.69	80.25	12.92	4.87	62.89	78.4	5	36.0
4.6298	30.07	2.67	80.21	12.93	4.86	62.82	78.3	5	35.9
4.6352	29.98	2.68	80.26	12.96	4.86	62.97	78.5	5	36.3
4.6409	30.37	2.64	80.22	12.97	4.83	62.60	78.0	5	36.0
4.6463	30.10	2.66	80.22	12.98	4.86	63.10	78.7	5	35.9
4.6519	30.20	2.66	80.23	12.98	4.84	62.79	78.3	5	35.9
4.6573	29.54	2.72	80.41	13.08	4.82	63.11	78.5	5	36.0
4.6630	29.95	2.67	80.11	13.04	4.83	63.06	78.7	5	35.8
4.6684	29.94	2.68	80.30	12.94	4.87	63.06	78.5	5	35.9
4.6740	29.95	2.68	80.40	12.97	4.85	62.97	78.3	5	36.0
4.6794	30.02	2.68	80.35	12.99	4.87	63.23	78.7	5	35.9
4.6851	29.67	2.71	80.28	12.86	4.92	63.30	78.9	5	36.4
4.6905	29.80	2.69	80.28	12.92	4.87	62.97	78.4	5	35.8
4.6961	30.32	2.65	80.28	12.91	4.87	62.82	78.3	5	36.0
4.7015	30.59	2.63	80.31	12.86	4.92	63.26	78.8	5	36.1
4.7072	29.86	2.69	80.19	12.99	4.84	62.94	78.5	5	36.2
4.7126	29.67	2.71	80.33	13.00	4.85	63.04	78.5	5	35.7
4.7182	29.57	2.72	80.31	12.93	4.88	63.15	78.6	5	36.1
4.7236	29.83	2.69	80.29	12.93	4.90	63.35	78.9	5	35.9
4.7293	30.05	2.67	80.34	12.94	4.89	63.30	78.8	5	36.3
4.7403	29.86	2.69	80.36	12.91	4.89	63.08	78.5	5	36.1
4.7514	30.21	2.65	80.06	12.89	4.88	62.95	78.6	5	36.0
4.7624	29.75	2.69	80.06	12.84	4.90	62.87	78.5	5	36.1
4.7735	30.38	2.64	80.06	13.00	4.83	62.87	78.5	5	35.7
4.7845	29.91	2.68	80.06	12.97	4.85	62.95	78.6	5	36.1
4.7956	30.20	2.66	80.27	12.89	4.89	62.99	78.5	5	36.2
4.8066	30.24	2.65	80.27	12.96	4.87	63.03	78.5	5	36.0
4.8177	29.99	2.68	80.27	12.96	4.86	62.98	78.5	5	36.0
4.8287	29.92	2.68	80.27	12.95	4.88	63.24	78.8	5	36.0
4.8398	30.11	2.67	80.27	13.01	4.85	63.11	78.6	5	35.8
4.8508	30.11	2.66	80.06	12.99	4.83	62.73	78.4	5	36.3
4.8619	30.25	2.65	80.06	12.98	4.83	62.66	78.3	5	36.0
4.8729	29.66	2.70	80.06	12.92	4.83	62.42	78.0	5	35.9
4.8840	30.14	2.66	80.06	13.05	4.80	62.66	78.3	5	36.2
4.8950	29.86	2.68	80.06	13.07	4.83	63.12	78.8	5	36.0
4.9061	30.26	2.65	80.27	12.98	4.84	62.87	78.3	5	36.0
4.9171	29.94	2.68	80.27	12.99	4.85	63.03	78.5	5	36.5
4.9282	29.68	2.70	80.27	13.01	4.85	63.06	78.6	5	35.9
4.9392	30.28	2.65	80.27	12.96	4.86	62.96	78.4	5	35.9
4.9503	29.69	2.70	80.27	12.94	4.89	63.22	78.8	5	35.9
4.9613	29.87	2.68	80.06	12.97	4.81	62.30	77.8	5	36.1
4.9724	30.15	2.66	80.06	13.01	4.83	62.86	78.5	5	36.0
4.9834	30.44	2.63	80.06	12.97	4.86	63.01	78.7	5	35.7
4.9945	30.11	2.66	80.06	12.89	4.87	62.70	78.3	5	36.1
5.0055	29.69	2.70	80.27	12.94	4.85	62.76	78.2	5	36.1
5.0166	29.78	2.70	80.27	13.03	4.82	62.83	78.3	5	36.0
5.0276	29.96	2.68	80.27	12.91	4.88	63.01	78.5	5	35.9
5.0387	30.09	2.67	80.27	12.93	4.87	62.95	78.4	5	36.2
5.0497	30.00	2.68	80.27	13.06	4.82	62.99	78.5	5	36.1
5.0608	29.85	2.69	80.27	13.01	4.84	62.92	78.4	5	35.8
5.0718	30.22	2.65	80.06	12.96	4.86	63.01	78.7	5	35.8
5.0829	30.34	2.64	80.06	13.02	4.82	62.78	78.4	5	35.9
5.0939	30.04	2.67	80.06	12.97	4.87	63.13	78.9	5	36.0
5.1050	29.79	2.69	80.06	12.91	4.87	62.80	78.4	5	35.9
5.1160	30.20	2.66	80.27	12.95	4.85	62.84	78.3	5	36.0
5.1271	29.95	2.68	80.27	13.00	4.87	63.27	78.8	5	36.1
5.1381	30.29	2.65	80.27	13.05	4.85	63.23	78.8	5	36.0
5.1492	30.01	2.67	80.27	12.94	4.88	63.14	78.7	5	36.2
5.1602	30.27	2.65	80.27	12.92	4.92	63.52	79.1	5	35.9
5.1713	30.02	2.67	80.27	12.90	4.89	63.05	78.5	5	36.0
5.1823	30.26	2.65	80.06	12.99	4.83	62.79	78.4	5	36.3
5.1934	29.97	2.67	80.06	12.95	4.84	62.64	78.2	5	36.0
5.2044	29.77	2.69	80.06	12.92	4.82	62.30	77.8	5	35.9
5.2155	30.15	2.66	80.06	13.07	4.80	62.72	78.3	5	36.0
5.2265	29.94	2.68	80.27	12.96	4.85	62.82	78.3	5	35.8
5.2376	29.91	2.68	80.27	13.03	4.81	62.72	78.1	5	35.9
5.2486	29.86	2.69	80.27	12.97	4.87	63.18	78.7	5	36.2
5.2597	30.12	2.67	80.27	12.99	4.83	62.72	78.1	5	35.9
5.2707	29.87	2.69	80.27	13.00	4.85	63.06	78.6	5	35.8
5.2818	30.16	2.65	80.06	13.02	4.85	63.17	78.9	5	36.0
5.2928	29.89	2.68	80.06	13.03	4.84	63.04	78.7	5	36.1
5.3039	29.90	2.68	80.06	12.96	4.86	63.04	78.7	5	35.8
5.3149	29.87	2.68	80.06	12.97	4.85	62.99	78.7	5	36.0
5.3260	30.32	2.64	80.06	12.98	4.83	62.67	78.3	5	35.8
5.3370	30.13	2.66	80.27	12.95	4.84	62.66	78.1	5	36.1
5.3481	29.70	2.70	80.27	13.04	4.86	63.41	79.0	5	36.0
5.3591	29.69	2.70	80.27	12.97	4.84	62.76	78.2	5	36.0
5.3702	29.91	2.68	80.27	12.99	4.87	63.31	78.9	5	36.1
5.3812	30.01	2.67	80.27	12.87	4.87	62.69	78.1	5	35.6
5.3923	30.00	2.67	80.06	13.00	4.82	62.63	78.2	5	36.2
5.4033	30.08	2.66	80.06	12.89	4.87	62.82	78.5	5	35.9
5.4144	29.89	2.68	80.06	13.01	4.83	62.89	78.5	5	36.0
5.4254	29.96	2.67	80.06	13.05	4.81	62.79	78.4	5	35.9
5.4365	30.09	2.67	80.27	12.94	4.83	62.48	77.8	5	35.9
5.4475	30.06	2.67	80.27	12.99	4.85	62.99	78.5	5	36.2
5.4586	29.67	2.71	80.27	12.97	4.91	63.73	79.4	5	36.0
5.4696	30.20	2.66	80.27	13.00	4.85	63.09	78.6	5	35.9
5.4807	30.41	2.64	80.27	13.06	4.83	63.07	78.6	5	36.3
5.4917	30.13	2.66	80.27	12.95	4.89	63.26	78.8	5	36.1
5.5028	30.52	2.62	80.06	13.00	4.86	63.20	78.9	5	35.7
5.5138	30.12	2.66	80.06	13.02	4.84	63.03	78.7	5	36.0
5.5249	29.78	2.69	80.06	13.09	4.81	62.92	78.6	5	36.0
5.5359	30.10	2.66	80.06	12.85	4.88	62.66	78.3	5	36.2
5.5470	29.99	2.68	80.27	12.93	4.90	63.37	78.9	5	36.1
5.5580	29.88	2.69	80.27	13.02	4.85	63.16	78.7	5	35.5
5.5691	30.19	2.66	80.27	12.93	4.85	62.76	78.2	5	36.4
5.5801	29.71	2.70	80.27	12.92	4.85	62.73	78.2	5	36.0
5.5912	29.78	2.70	80.27	13.01	4.83	62.83	78.3	5	35.9
5.6022	29.77	2.69	80.06	13.01	4.86	63.14	78.9	5	35.9
5.6133	29.75	2.69	80.06	12.94	4.85	62.74	78.4	5	35.7
5.6243	30.07	2.66	80.06	12.96	4.86	62.91	78.6	5	36.0
5.6354	30.29	2.64	80.06	12.85	4.87	62.64	78.2	5	36.2
5.6464	30.20	2.65	80.06	13.04	4.80	62.58	78.2	5	35.7
5.6575	30.05	2.67	80.27	12.99	4.89	63.53	79.1	5	35.9
5.6685	29.96	2.68	80.27	13.03	4.84	63.07	78.6	5	36.0
5.6796	29.86	2.69	80.27	12.95	4.92	63.74	79.4	5	35.8
5.6906	30.23	2.66	80.27	12.96	4.85	62.87	78.3	5	36.0
5.7017	29.85	2.69	80.27	12.96	4.88	63.20	78.7	5	36.0
5.7127	29.93	2.67	80.06	12.95	4.86	62.97	78.7	5	35.8
5.7238	30.15	2.66	80.06	12.84	4.90	62.94	78.6	5	35.8
5.7348	29.80	2.69	80.06	12.94	4.90	63.45	79.2	5	36.3
5.7459	30.10	2.66	80.06	12.93	4.86	62.89	78.6	5	36.0
5.7569	29.86	2.68	80.06	13.02	4.84	63.04	78.7	5	36.4
5.7680	29.89	2.69	80.27	12.94	4.87	63.04	78.5	5	36.0
5.7790	30.04	2.67	80.27	12.95	4.88	63.18	78.7	5	35.9
5.7901	29.66	2.71	80.27	12.99	4.85	62.97	78.5	5	36.0
5.8011	30.09	2.67	80.27	12.98	4.89	63.43	79.0	5	36.3
5.8122	30.20	2.66	80.27	12.92	4.84	62.55	77.9	5	36.0
5.8232	29.65	2.70	80.06	12.90	4.87	62.83	78.5	5	36.4
5.8343	30.01	2.67	80.06	12.96	4.82	62.48	78.0	5	35.7
5.8453	29.77	2.69	80.06	12.98	4.83	62.64	78.2	5	35.7
5.8564	29.90	2.68	80.06	13.07	4.83	63.16	78.9	5	35.8
5.8674	29.89	2.69	80.27	13.06	4.82	62.91	78.4	5	36.3
5.8785	30.09	2.67	80.27	12.94	4.87	63.06	78.6	5	35.8
5.8895	29.77	2.70	80.27	13.07	4.85	63.35	78.9	5	36.0
5.9006	30.18	2.66	80.27	13.05	4.84	63.11	78.6	5	36.0
5.9116	29.66	2.71	80.27	13.01	4.85	63.10	78.6	5	36.0
5.9227	30.22	2.66	80.27	12.97	4.88	63.28	78.8	5	36.1
5.9337	30.02	2.67	80.06	12.96	4.86	62.95	78.6	5	36.0
5.9448	30.10	2.66	80.06	13.01	4.85	63.13	78.8	5	36.0
5.9558	29.88	2.68	80.06	12.93	4.90	63.36	79.1	5	35.9
5.9669	30.02	2.67	80.06	13.00	4.86	63.11	78.8	5	36.1
5.9779	29.61	2.71	80.27	12.94	4.89	63.23	78.8	5	36.0
5.9890	30.09	2.63	79.00	12.99	4.76	61.86	78.3	5	36.5
5.9944	29.89	3.07	91.67	13.02	5.57	72.47	79.1	5	36.7
6.0000	30.01	3.29	98.85	13.11	5.93	77.83	78.7	5	36.7
6.0054	30.10	1.33	40.16	12.69	2.50	31.76	79.1	5	34.1
6.0110	0.50	0.10	0.05	0.00	0.00	0.00	0.2	5	31.9
6.0165	30.11	3.28	98.85	13.11	5.92	77.63	78.5	5	37.0
6.0221	30.05	2.01	60.43	12.84	3.69	47.34	78.3	5	34.8
6.0275	0.50	0.10	0.05	0.00	0.00	0.00	0.2	5	32.1
6.0331	30.22	0.25	7.65	12.46	0.23	2.92	38.2	5	32.6
6.0386	29.70	2.05	60.85	12.89	3.71	47.87	78.7	5	35.0
6.0442	29.76	1.55	46.07	12.74	2.84	36.22	78.6	5	34.3
6.0496	30.02	0.37	11.03	12.47	0.70	8.69	78.9	5	32.6
6.0552	29.78	0.67	19.89	12.62	1.24	15.60	78.4	5	33.1
6.0607	30.26	1.20	36.36	12.68	2.24	28.43	78.2	5	34.0
6.0663	29.71	1.15	34.25	12.72	2.11	26.89	78.5	5	33.9
6.0717	30.13	0.86	25.80	12.73	1.59	20.20	78.3	5	33.0
6.0773	29.75	0.87	25.80	12.72	1.60	20.29	78.6	5	33.0
6.0828	30.16	1.47	44.38	12.77	2.73	34.83	78.5	5	34.5
6.0884	30.22	1.48	44.80	12.80	2.75	35.27	78.7	5	34.4
6.0938	29.70	0.67	19.89	12.64	1.24	15.63	78.6	5	33.1
6.0994	29.91	0.65	19.47	12.52	1.22	15.31	78.6	5	33.0
6.1049	30.19	1.71	51.56	12.80	3.15	40.27	78.1	5	34.8
6.1105	30.20	1.78	53.67	12.79	3.31	42.35	78.9	5	34.6
6.1159	29.86	0.55	16.51	12.62	1.03	13.00	78.7	5	33.0
6.1215	29.99	0.54	16.09	12.60	1.00	12.65	78.6	5	32.9
6.1270	29.96	1.85	55.36	12.83	3.40	43.57	78.7	5	34.2
6.1326	29.70	2.16	64.23	12.86	3.92	50.40	78.5	5	35.3
6.1380	30.13	0.80	24.11	12.58	1.51	18.95	78.6	5	33.4
6.1436	29.79	1.25	37.20	12.68	2.31	29.22	78.5	5	34.0
6.1491	30.20	2.27	68.45	12.79	4.20	53.74	78.5	5	35.6
6.1547	30.02	2.29	68.87	12.86	4.20	53.98	78.4	5	35.3
6.1601	29.83	0.20	5.96	12.47	0.14	1.78	29.8	5	32.2
6.1657	30.28	0.20	5.96	12.50	0.14	1.78	29.8	5	31.9
6.1712	29.91	2.39	71.40	12.93	4.34	56.16	78.6	5	35.5
6.1768	30.13	2.40	72.25	12.92	4.41	56.92	78.8	5	35.6
6.1822	30.29	1.16	35.09	12.78	2.16	27.64	78.8	5	34.0
6.1878	30.33	1.16	35.09	12.72	2.18	27.72	79.0	5	33.8
6.1933	30.18	2.55	76.89	12.92	4.69	60.64	78.9	5	35.8
6.1989	30.15	2.27	68.45	12.96	4.19	54.32	79.4	5	35.2
6.2043	29.82	3.36	100.12	13.07	6.03	78.84	78.7	5	37.1
6.2099	30.12	3.66	110.25	13.02	6.64	86.54	78.5	5	37.9
6.2154	29.59	2.76	81.54	12.96	4.92	63.74	78.2	5	36.2
6.2210	29.99	2.89	86.60	13.00	5.21	67.67	78.1	5	36.4
6.2264	30.20	3.64	109.83	13.06	6.56	85.71	78.0	5	37.5
6.2320	29.83	3.38	100.96	13.10	6.08	79.60	78.8	5	37.2
6.2375	30.08	3.03	91.25	13.00	5.47	71.16	78.0	5	36.1
6.2431	30.00	3.06	91.67	13.01	5.55	72.20	78.8	5	36.5
6.2485	29.72	4.04	119.96	13.16	7.14	93.97	78.3	5	37.7
6.2541	30.07	4.09	122.92	13.26	7.33	97.25	79.1	5	38.0
6.2596	30.20	3.32	100.12	13.08	6.07	79.35	79.3	5	36.8
6.2652	29.91	3.69	110.25	13.13	6.56	86.17	78.2	5	37.3
6.2706	30.43	4.09	124.60	13.18	7.44	98.13	78.8	5	37.9
6.2762	30.34	4.20	127.56	13.29	7.54	100.27	78.6	5	38.7
6.2817	30.08	3.68	110.67	13.02	6.71	87.35	78.9	5	37.3
6.2873	30.15	3.92	118.27	13.15	7.07	92.93	78.6	5	38.0
6.2927	30.34	4.32	130.94	13.28	7.74	102.71	78.4	5	38.6
6.2983	30.10	4.36	131.36	13.32	7.72	102.88	78.3	5	38.5
6.3038	30.01	4.28	128.40	13.26	7.58	100.51	78.3	5	38.5
6.3094	29.99	4.28	128.40	13.21	7.66	101.17	78.8	5	38.1
6.3148	29.97	4.38	131.36	13.26	7.79	103.32	78.7	5	38.5
6.3204	29.80	4.41	131.36	13.31	7.70	102.46	78.0	5	38.5
6.3259	29.97	4.28	128.40	13.29	7.58	100.66	78.4	5	38.5
6.3315	29.95	4.34	130.09	13.19	7.76	102.34	78.7	5	38.5
6.3425	30.20	4.33	130.73	13.28	7.72	102.47	78.4	5	38.6
6.3536	29.91	4.38	130.94	13.34	7.68	102.52	78.3	5	38.9
6.3646	29.77	4.40	130.94	13.25	7.76	102.77	78.5	5	38.7
6.3757	30.18	4.35	131.15	13.28	7.75	102.88	78.4	5	38.5
6.3867	30.07	4.36	131.15	13.28	7.71	102.45	78.1	5	38.5
6.3978	30.05	4.36	131.15	13.25	7.78	103.13	78.6	5	38.7
6.4088	29.67	4.42	131.15	13.34	7.71	102.80	78.4	5	38.2
6.4199	29.70	4.42	131.15	13.19	7.76	102.42	78.1	5	38.6
6.4309	30.10	4.36	131.15	13.27	7.75	102.90	78.5	5	38.8
6.4420	29.90	4.39	131.15	13.19	7.84	103.44	78.9	5	38.6
6.4530	30.02	4.37	131.15	13.23	7.78	102.93	78.5	5	38.9
6.4641	30.31	4.33	131.15	13.30	7.75	103.03	78.6	5	38.5
6.4751	29.99	4.37	131.15	13.23	7.71	101.94	77.7	5	38.8
6.4862	29.73	4.41	131.15	13.19	7.78	102.66	78.3	5	38.7
6.4972	30.08	4.36	131.15	13.33	7.72	102.92	78.5	5	38.5
6.5083	29.78	4.40	131.15	13.32	7.75	103.24	78.7	5	38.6
6.5193	30.17	4.35	131.15	13.26	7.80	103.42	78.9	5	38.7
6.5304	30.10	4.36	131.15	13.27	7.75	102.79	78.4	5	38.1
6.5414	29.53	4.44	131.15	13.25	7.74	102.51	78.2	5	38.7
6.5525	30.15	4.35	131.15	13.29	7.72	102.55	78.2	5	38.6
6.5635	30.35	4.32	131.15	13.28	7.76	103.07	78.6	5	38.8
6.5746	29.98	4.37	131.15	13.30	7.75	103.11	78.6	5	38.3
6.5856	30.00	4.37	131.15	13.37	7.71	103.11	78.6	5	38.5
6.5967	30.10	4.36	131.15	13.23	7.82	103.53	78.9	5	38.6
6.6077	29.89	4.39	131.15	13.20	7.86	103.68	79.1	5	39.1
6.6188	29.64	4.42	131.15	13.20	7.81	103.14	78.6	5	38.5
6.6298	29.95	4.38	131.15	13.29	7.71	102.51	78.2	5	38.2
6.6409	30.24	4.34	131.15	13.21	7.81	103.14	78.6	5	38.6
6.6519	29.71	4.41	131.15	13.30	7.73	102.83	78.4	5	38.7
6.6630	29.76	4.41	131.15	13.19	7.77	102.46	78.1	5	38.4
6.6740	30.12	4.35	131.15	13.44	7.66	102.94	78.5	5	38.2
6.6851	29.98	4.37	131.15	13.27	7.73	102.51	78.2	5	38.7
6.6961	29.69	4.42	131.15	13.24	7.79	103.16	78.7	5	38.6
6.7072	30.03	4.37	131.15	13.27	7.75	102.94	78.5	5	38.5
6.7182	30.27	4.33	131.15	13.33	7.73	103.08	78.6	5	38.8
6.7293	29.65	4.42	131.15	13.37	7.71	103.12	78.6	5	38.6
6.7403	29.73	4.41	131.15	13.25	7.80	103.37	78.8	5	38.7
6.7514	29.78	4.40	131.15	13.28	7.78	103.42	78.9	5	38.7
6.7624	29.93	4.38	131.15	13.26	7.77	103.04	78.6	5	38.3
6.7735	29.85	4.39	131.15	13.29	7.74	102.88	78.4	5	38.6
6.7845	29.63	4.43	131.15	13.29	7.76	103.13	78.6	5	38.6
6.7956	30.24	4.34	131.15	13.31	7.74	103.05	78.6	5	38.4
6.8066	30.44	4.31	131.15	13.30	7.77	103.37	78.8	5	38.7
6.8177	30.32	4.33	131.15	13.25	7.79	103.17	78.7	5	39.0
6.8287	30.14	4.35	131.15	13.25	7.77	102.93	78.5	5	38.3
6.8398	29.87	4.39	131.15	13.19	7.81	102.99	78.5	5	38.5
6.8508	30.00	4.37	131.15	13.30	7.75	103.10	78.6	5	38.6
6.8619	30.33	4.32	131.15	13.28	7.76	102.96	78.5	5	38.5
6.8729	29.95	4.38	131.15	13.29	7.73	102.75	78.3	5	38.6
6.8840	29.92	4.38	131.15	13.26	7.74	102.55	78.2	5	39.1
6.8950	30.12	4.35	131.15	13.25	7.76	102.90	78.5	5	38.4
6.9061	29.84	4.39	131.15	13.26	7.82	103.75	79.1	5	38.8
6.9171	29.95	4.38	131.15	13.25	7.76	102.84	78.4	5	38.5
6.9282	29.97	4.38	131.15	13.22	7.83	103.48	78.9	5	38.6
6.9392	29.99	4.37	131.15	13.19	7.81	102.92	78.5	5	38.6
6.9503	29.84	4.40	131.15	13.24	7.79	103.15	78.7	5	38.7
6.9613	30.21	4.34	131.15	13.36	7.71	102.92	78.5	5	38.5
6.9724	29.90	4.39	131.15	13.22	7.80	103.09	78.6	5	38.8
6.9834	30.02	4.37	131.15	13.17	7.83	103.13	78.6	5	38.6
6.9945	29.85	4.39	131.15	13.23	7.76	102.61	78.2	5	38.4
7.0055	29.81	4.40	131.15	13.29	7.74	102.95	78.5	5	38.3
7.0166	29.88	4.39	131.15	13.22	7.79	102.90	78.5	5	38.6
7.0276	29.96	4.38	131.15	13.20	7.79	102.77	78.4	5	38.6
7.0387	30.19	4.34	131.15	13.22	7.81	103.23	78.7	5	38.4
7.0497	29.99	4.37	131.15	13.34	7.76	103.60	79.0	5	38.6
7.0608	29.63	4.43	131.15	13.33	7.68	102.41	78.1	5	38.6
7.0718	30.14	4.35	131.15	13.29	7.77	103.27	78.7	5	38.2
7.0829	30.13	4.35	131.15	13.23	7.78	102.97	78.5	5	38.8
7.0939	29.71	4.41	131.15	13.21	7.82	103.33	78.8	5	38.3
7.1050	29.63	4.43	131.15	13.35	7.72	103.05	78.6	5	38.6
7.1160	29.76	4.41	131.15	13.33	7.70	102.68	78.3	5	38.5
7.1271	29.84	4.39	131.15	13.29	7.76	103.10	78.6	5	38.3
7.1381	30.02	4.37	131.15	13.31	7.74	102.97	78.5	5	38.9
7.1492	29.89	4.39	131.15	13.31	7.76	103.35	78.8	5	38.8
7.1602	29.96	4.38	131.15	13.27	7.74	102.71	78.3	5	38.5
7.1713	30.07	4.36	131.15	13.32	7.67	102.15	77.9	5	38.6
7.1823	29.96	4.38	131.15	13.24	7.75	102.59	78.2	5	38.7
7.1934	29.64	4.42	131.15	13.31	7.77	103.36	78.8	5	38.6
7.2044	30.32	4.33	131.15	13.30	7.74	102.86	78.4	5	38.4
7.2155	29.56	4.44	131.15	13.26	7.79	103.32	78.8	5	38.6
7.2265	30.06	4.36	131.15	13.30	7.79	103.62	79.0	5	38.6
7.2376	29.98	4.37	131.15	13.16	7.82	102.92	78.5	5	39.2
7.2486	29.79	4.40	131.15	13.21	7.79	102.98	78.5	5	38.4
7.2597	29.78	4.40	131.15	13.21	7.80	103.09	78.6	5	38.3
7.2707	29.86	4.39	131.15	13.28	7.79	103.46	78.9	5	38.5
7.2818	30.05	4.36	131.15	13.29	7.75	102.96	78.5	5	38.7
7.2928	29.94	4.38	131.15	13.31	7.71	102.60	78.2	5	38.5
7.3039	30.00	4.37	131.15	13.38	7.71	103.15	78.6	5	38.6
7.3149	29.80	4.40	131.15	13.29	7.71	102.43	78.1	5	38.7
7.3260	29.88	4.39	131.15	13.32	7.70	102.60	78.2	5	38.5
7.3370	29.57	4.44	131.15	13.32	7.71	102.74	78.3	5	38.3
7.3481	30.05	4.36	131.15	13.25	7.79	103.29	78.8	5	38.4
7.3591	30.18	4.35	131.15	13.21	7.79	102.99	78.5	5	38.6
7.3702	29.89	4.39	131.15	13.29	7.72	102.68	78.3	5	38.6
7.3812	29.92	4.38	131.15	13.36	7.71	102.95	78.5	5	38.9
7.3923	29.84	4.40	131.15	13.39	7.67	102.68	78.3	5	38.7
7.4033	29.94	4.38	131.15	13.32	7.70	102.51	78.2	5	38.7
7.4144	29.88	4.39	131.15	13.31	7.71	102.66	78.3	5	38.3
7.4254	30.25	4.34	131.15	13.37	7.70	102.88	78.4	5	38.6
7.4365	29.68	4.42	131.15	13.30	7.68	102.13	77.9	5	38.8
7.4475	29.65	4.42	131.15	13.22	7.83	103.59	79.0	5	38.7
7.4586	29.77	4.40	131.15	13.32	7.73	102.94	78.5	5	38.6
7.4696	30.00	4.37	131.15	13.26	7.82	103.68	79.1	5	38.8
7.4807	30.07	4.36	131.15	13.28	7.77	103.20	78.7	5	38.8
7.4917	30.20	4.34	131.15	13.37	7.74	103.48	78.9	5	38.4
7.5028	29.95	4.38	131.15	13.23	7.81	103.27	78.7	5	38.3
7.5138	29.84	4.39	131.15	13.23	7.78	102.86	78.4	5	38.6
7.5249	30.42	4.31	131.15	13.34	7.68	102.38	78.1	5	38.3
7.5359	29.91	4.38	131.15	13.21	7.78	102.78	78.4	5	38.8
7.5470	30.01	4.37	131.15	13.32	7.73	102.90	78.5	5	38.8
7.5580	30.02	4.37	131.15	13.20	7.83	103.36	78.8	5	38.4
7.5691	30.33	4.32	131.15	13.27	7.70	102.13	77.9	5	38.7
7.5801	30.04	4.37	131.15	13.25	7.75	102.73	78.3	5	38.7
7.5912	29.91	4.38	131.15	13.28	7.74	102.78	78.4	5	38.6
7.6022	30.01	4.37	131.15	13.25	7.78	103.04	78.6	5	38.3
7.6133	29.65	4.42	131.15	13.24	7.77	102.92	78.5	5	38.6
7.6243	29.80	4.40	131.15	13.23	7.84	103.68	79.1	5	38.8
7.6354	30.08	4.36	131.15	13.22	7.76	102.54	78.2	5	38.7
7.6464	30.16	4.35	131.15	13.23	7.77	102.88	78.4	5	38.6
7.6575	30.04	4.37	131.15	13.31	7.75	103.17	78.7	5	38.7
7.6685	29.98	4.37	131.15	13.30	7.70	102.35	78.0	5	38.5
7.6796	29.87	4.39	131.15	13.19	7.80	102.94	78.5	5	38.2
7.6906	29.93	4.38	131.15	13.24	7.78	103.04	78.6	5	38.4
7.7017	29.87	4.39	131.15	13.32	7.71	102.69	78.3	5	39.0
7.7127	30.37	4.32	131.15	13.28	7.75	102.96	78.5	5	38.6
7.7238	29.87	4.39	131.15	13.35	7.72	103.00	78.5	5	38.6
7.7348	29.95	4.38	131.15	13.28	7.72	102.48	78.1	5	38.7
7.7459	29.71	4.41	131.15	13.27	7.76	102.95	78.5	5	38.7
7.7569	30.00	4.37	131.15	13.22	7.74	102.30	78.0	5	38.8
7.7680	29.98	4.37	131.15	13.29	7.75	103.08	78.6	5	38.3
7.7790	29.75	4.41	131.15	13.26	7.79	103.25	78.7	5	38.4
7.7901	29.84	4.39	131.15	13.28	7.79	103.44	78.9	5	38.5
7.8011	30.02	4.37	131.15	13.26	7.75	102.74	78.3	5	38.6
7.8122	30.47	4.30	131.15	13.26	7.76	102.96	78.5	5	38.5
7.8232	29.79	4.40	131.15	13.24	7.83	103.62	79.0	5	38.9
7.8343	30.16	4.35	131.15	13.21	7.81	103.11	78.6	5	38.8
7.8453	30.33	4.32	131.15	13.31	7.72	102.70	78.3	5	38.5
7.8564	29.97	4.38	131.15	13.30	7.71	102.55	78.2	5	38.7
7.8674	29.89	4.39	131.15	13.24	7.77	102.87	78.4	5	38.6
7.8785	29.93	4.38	131.15	13.29	7.70	102.34	78.0	5	38.7
7.8895	29.93	4.38	131.15	13.27	7.75	102.84	78.4	5	38.6
7.9006	29.65	4.42	131.15	13.21	7.85	103.72	79.1	5	38.6
7.9116	30.14	4.35	131.15	13.33	7.74	103.26	78.7	5	38.6
7.9227	30.09	4.36	131.15	13.25	7.78	103.08	78.6	5	38.2
7.9337	29.86	4.39	131.15	13.33	7.75	103.26	78.7	5	38.6
7.9448	29.97	4.38	131.15	13.36	7.69	102.73	78.3	5	38.7
7.9558	29.99	4.37	131.15	13.29	7.77	103.22	78.7	5	38.2
7.9669	30.28	4.33	131.15	13.25	7.77	102.95	78.5	5	38.9
7.9779	29.89	4.39	131.15	13.23	7.75	102.58	78.2	5	38.5
7.9890	30.12	4.35	130.94	13.22	7.77	102.75	78.5	5	38.9
7.9944	30.05	5.07	152.47	13.30	8.96	119.20	78.2	5	39.5
8.0000	30.53	5.74	175.27	13.53	10.20	137.96	78.7	5	41.2
8.0054	29.87	3.80	113.63	13.12	6.77	88.83	78.2	5	37.7
8.0110	30.30	5.79	175.27	13.58	10.14	137.71	78.6	5	41.1
8.0165	0.50	0.10	0.05	0.00	0.00	0.00	0.2	5	31.9
8.0221	0.50	0.10	0.05	0.00	0.00	0.00	0.2	5	32.1
8.0275	29.72	3.04	90.40	13.09	5.41	70.79	78.3	5	36.9
8.0331	30.33	2.98	90.40	12.98	5.49	71.20	78.8	5	36.4
8.0386	0.50	0.10	0.05	0.00	0.00	0.00	0.2	5	31.6
8.0442	29.94	0.57	16.94	12.66	1.06	13.36	78.9	5	32.9
8.0496	29.83	2.87	85.76	12.99	5.15	66.94	78.1	5	35.9
8.0552	30.03	2.28	68.45	12.83	4.17	53.46	78.1	5	35.8
8.0607	29.75	0.67	19.89	12.62	1.24	15.61	78.5	5	33.1
8.0663	30.26	1.05	31.71	12.73	1.96	24.95	78.7	5	33.7
8.0717	30.09	2.29	68.87	12.86	4.22	54.27	78.8	5	35.2
8.0773	29.99	2.82	84.49	13.00	5.12	66.58	78.8	5	36.2
8.0828	30.35	1.04	31.71	12.73	1.96	24.96	78.7	5	33.6
8.0884	29.94	1.88	56.20	12.84	3.42	43.86	78.0	5	34.9
8.0938	29.77	3.24	96.32	13.09	5.77	75.57	78.5	5	36.7
8.0994	29.89	3.36	100.54	13.17	5.96	78.51	78.1	5	36.8
8.1049	30.08	1.88	56.63	12.91	3.44	44.43	78.5	5	34.8
8.1105	30.16	0.51	15.25	12.61	0.95	11.98	78.5	5	32.9
8.1159	29.49	3.41	100.54	13.19	5.97	78.66	78.2	5	36.8
8.1215	29.91	3.56	106.45	13.11	6.37	83.50	78.4	5	37.4
8.1270	30.04	0.51	15.25	12.62	0.95	12.03	78.9	5	32.5
8.1326	30.03	1.31	39.31	12.70	2.43	30.88	78.6	5	33.8
8.1380	30.41	3.51	106.87	13.15	6.39	84.10	78.7	5	36.7
8.1436	29.99	3.55	106.45	13.12	6.36	83.49	78.4	5	37.5
8.1491	29.93	1.33	39.74	12.67	2.47	31.23	78.6	5	34.2
8.1547	29.71	3.09	91.67	13.06	5.51	71.93	78.5	5	36.9
8.1601	29.91	4.76	142.34	13.33	8.40	111.94	78.6	5	39.1
8.1657	30.01	5.09	152.89	13.34	9.04	120.59	78.9	5	39.8
8.1712	30.22	3.44	103.92	13.22	6.15	81.34	78.3	5	37.4
8.1768	30.10	4.73	142.34	13.36	8.38	111.98	78.7	5	39.4
8.1822	30.03	5.84	175.27	13.56	10.14	137.57	78.5	5	40.4
8.1878	30.00	5.86	175.69	13.47	10.27	138.30	78.7	5	40.7
8.1933	30.00	5.28	158.38	13.45	9.28	124.85	78.8	5	40.0
8.1989	30.07	5.28	158.80	13.45	9.31	125.23	78.9	5	39.8
8.2043	30.00	5.84	175.27	13.54	10.13	137.13	78.2	5	40.4
8.2099	30.13	5.80	174.85	13.54	10.18	137.87	78.8	5	40.3
8.2154	30.38	5.41	164.29	13.46	9.54	128.39	78.1	5	40.2
8.2210	29.96	5.79	173.58	13.48	9.99	134.73	77.6	5	40.6
8.2320	30.06	5.82	174.85	13.49	10.24	138.11	79.0	5	40.4
8.2431	30.34	5.78	175.27	13.57	10.15	137.79	78.6	5	40.8
8.2485	29.90	5.71	170.63	13.50	9.95	134.25	78.7	5	40.3
8.2541	29.99	5.86	175.69	13.52	10.25	138.56	78.9	5	40.6
8.2596	29.72	3.87	114.89	13.19	6.83	90.11	78.4	5	38.0
8.2652	29.88	3.84	114.89	13.10	6.89	90.31	78.6	5	38.1
8.2706	29.72	5.90	175.27	13.62	10.05	136.79	78.0	5	40.3
8.2762	29.77	5.90	175.69	13.58	10.06	136.65	77.8	5	40.7
8.2817	29.89	5.60	167.25	13.54	9.69	131.23	78.5	5	40.5
8.2873	29.89	5.44	162.60	13.56	9.47	128.45	79.0	5	40.6
8.2927	30.13	5.83	175.69	13.53	10.25	138.73	79.0	5	40.7
8.2983	29.62	5.92	175.27	13.53	10.19	137.87	78.7	5	41.4
8.3038	29.94	5.43	162.60	13.47	9.52	128.13	78.8	5	40.0
8.3094	29.92	5.73	171.47	13.51	10.01	135.27	78.9	5	40.4
8.3148	29.99	5.84	175.27	13.50	10.19	137.57	78.5	5	40.6
8.3204	30.24	5.76	174.22	13.54	10.07	136.44	78.3	5	40.5
8.3315	29.90	5.83	174.43	13.43	10.16	136.45	78.2	5	40.8
8.3425	29.81	5.86	174.64	13.47	10.20	137.42	78.7	5	40.9
8.3536	29.90	5.86	175.06	13.51	10.19	137.71	78.7	5	40.9
8.3646	30.10	5.82	175.06	13.48	10.09	136.10	77.7	5	40.8
8.3757	29.95	5.84	175.06	13.66	10.07	137.48	78.5	5	40.8
8.3867	30.06	5.82	175.06	13.53	10.17	137.60	78.6	5	40.3
8.3978	30.14	5.81	175.06	13.54	10.16	137.52	78.6	5	40.5
8.4088	30.31	5.78	175.06	13.57	10.09	136.87	78.2	5	40.9
8.4199	30.40	5.76	175.06	13.51	10.15	137.12	78.3	5	40.8
8.4309	30.33	5.77	175.06	13.44	10.28	138.16	78.9	5	40.8
8.4420	30.46	5.75	175.06	13.54	10.03	135.78	77.6	5	40.6
8.4530	29.80	5.87	175.06	13.52	10.15	137.24	78.4	5	40.7
8.4641	30.16	5.80	175.06	13.51	10.14	136.92	78.2	5	40.6
8.4751	30.15	5.81	175.06	13.53	10.15	137.24	78.4	5	41.1
8.4862	29.88	5.86	175.06	13.48	10.17	137.02	78.3	5	40.9
8.4972	30.23	5.79	175.06	13.59	10.16	138.09	78.9	5	40.8
8.5083	30.01	5.83	175.06	13.59	10.11	137.33	78.4	5	41.1
8.5193	29.93	5.85	175.06	13.50	10.15	137.06	78.3	5	40.8
8.5304	30.19	5.80	175.06	13.55	10.13	137.26	78.4	5	40.2
8.5414	29.75	5.88	175.06	13.53	10.14	137.19	78.4	5	40.5
8.5525	30.12	5.81	175.06	13.47	10.18	137.10	78.3	5	40.9
8.5635	29.38	5.96	175.06	13.41	10.23	137.22	78.4	5	40.8
8.5746	30.12	5.81	175.06	13.50	10.25	138.35	79.0	5	40.5
8.5856	29.93	5.85	175.06	13.57	10.07	136.63	78.0	5	40.6
8.5967	30.03	5.83	175.06	13.61	10.09	137.41	78.5	5	40.6
8.6077	30.04	5.83	175.06	13.61	10.17	138.34	79.0	5	41.1
8.6188	29.80	5.88	175.06	13.49	10.23	138.03	78.8	5	40.9
8.6298	29.96	5.84	175.06	13.61	10.11	137.60	78.6	5	40.8
8.6409	29.91	5.85	175.06	13.58	10.15	137.88	78.8	5	40.9
8.6519	29.93	5.85	175.06	13.53	10.23	138.48	79.1	5	40.8
8.6630	30.33	5.77	175.06	13.61	10.08	137.19	78.4	5	40.7
8.6740	30.09	5.82	175.06	13.51	10.19	137.67	78.6	5	40.5
8.6851	30.10	5.82	175.06	13.53	10.12	136.89	78.2	5	40.8
8.6961	29.86	5.86	175.06	13.50	10.19	137.60	78.6	5	41.0
8.7072	29.88	5.86	175.06	13.56	10.14	137.52	78.6	5	40.7
8.7182	29.90	5.85	175.06	13.50	10.15	136.98	78.2	5	40.8
8.7293	30.30	5.78	175.06	13.53	10.16	137.52	78.6	5	40.8
8.7403	29.93	5.85	175.06	13.62	10.10	137.62	78.6	5	40.9
8.7514	29.86	5.86	175.06	13.58	10.03	136.18	77.8	5	41.0
8.7624	29.76	5.88	175.06	13.53	10.13	137.06	78.3	5	40.7
8.7735	29.87	5.86	175.06	13.46	10.23	137.78	78.7	5	40.6
8.7845	29.89	5.86	175.06	13.57	10.10	137.08	78.3	5	40.9
8.7956	29.98	5.84	175.06	13.57	10.16	137.84	78.7	5	40.8
8.8066	29.71	5.89	175.06	13.52	10.15	137.17	78.4	5	40.8
8.8177	29.97	5.84	175.06	13.45	10.23	137.65	78.6	5	41.1
8.8287	30.20	5.80	175.06	13.54	10.14	137.26	78.4	5	40.7
8.8398	30.03	5.83	175.06	13.54	10.15	137.47	78.5	5	40.8
8.8508	29.80	5.87	175.06	13.52	10.17	137.50	78.5	5	40.8
8.8619	30.05	5.83	175.06	13.49	10.20	137.64	78.6	5	41.2
8.8729	29.71	5.89	175.06	13.51	10.19	137.68	78.6	5	40.9
8.8840	30.29	5.78	175.06	13.56	10.21	138.44	79.1	5	41.0
8.8950	30.37	5.76	175.06	13.53	10.16	137.46	78.5	5	40.9
8.9061	30.18	5.80	175.06	13.63	10.08	137.34	78.5	5	40.6
8.9171	29.74	5.89	175.06	13.54	10.17	137.65	78.6	5	40.7
8.9282	29.95	5.85	175.06	13.55	10.19	138.06	78.9	5	40.8
8.9392	30.11	5.81	175.06	13.55	10.14	137.43	78.5	5	41.0
8.9503	30.09	5.82	175.06	13.51	10.23	138.21	78.9	5	40.7
8.9613	29.98	5.84	175.06	13.54	10.17	137.74	78.7	5	40.5
8.9724	30.05	5.83	175.06	13.47	10.22	137.63	78.6	5	40.4
8.9834	30.04	5.83	175.06	13.57	10.14	137.59	78.6	5	40.8
8.9945	30.15	5.81	175.06	13.55	10.14	137.47	78.5	5	40.7
9.0055	29.63	5.91	175.06	13.55	10.15	137.54	78.6	5	41.0
9.0166	30.14	5.81	175.06	13.55	10.15	137.58	78.6	5	40.9
9.0276	30.35	5.77	175.06	13.59	10.04	136.44	77.9	5	40.5
9.0387	29.67	5.90	175.06	13.50	10.17	137.36	78.5	5	40.9
9.0497	30.01	5.83	175.06	13.50	10.23	138.07	78.9	5	40.5
9.0608	29.94	5.85	175.06	13.62	10.09	137.44	78.5	5	40.7
9.0718	29.89	5.86	175.06	13.56	10.13	137.40	78.5	5	40.3
9.0829	30.37	5.76	175.06	13.51	10.26	138.62	79.2	5	40.9
9.0939	29.84	5.87	175.06	13.55	10.14	137.45	78.5	5	40.6
9.1050	29.64	5.91	175.06	13.45	10.23	137.60	78.6	5	40.8
9.1160	29.72	5.89	175.06	13.57	10.12	137.36	78.5	5	41.0
9.1271	30.14	5.81	175.06	13.55	10.12	137.04	78.3	5	40.5
9.1381	29.99	5.84	175.06	13.48	10.12	136.40	77.9	5	40.6
9.1492	30.26	5.79	175.06	13.51	10.11	136.57	78.0	5	40.5
9.1602	30.20	5.80	175.06	13.50	10.13	136.68	78.1	5	40.6
9.1713	30.27	5.78	175.06	13.52	10.11	136.69	78.1	5	40.7
9.1823	30.15	5.81	175.06	13.66	10.12	138.33	79.0	5	40.5
9.1934	29.65	5.90	175.06	13.59	10.12	137.49	78.5	5	40.9
9.2044	30.02	5.83	175.06	13.52	10.19	137.77	78.7	5	40.8
9.2155	30.28	5.78	175.06	13.59	10.14	137.72	78.7	5	40.5
9.2265	30.21	5.80	175.06	13.61	10.17	138.41	79.1	5	40.5
9.2376	30.10	5.82	175.06	13.49	10.17	137.22	78.4	5	41.0
9.2486	29.59	5.92	175.06	13.53	10.22	138.33	79.0	5	40.8
9.2597	29.83	5.87	175.06	13.48	10.18	137.24	78.4	5	40.7
9.2707	30.12	5.81	175.06	13.46	10.20	137.36	78.5	5	41.0
9.2818	29.75	5.88	175.06	13.51	10.19	137.62	78.6	5	40.9
9.2928	29.95	5.85	175.06	13.50	10.11	136.50	78.0	5	40.8
9.3039	29.98	5.84	175.06	13.55	10.15	137.52	78.6	5	41.1
9.3149	30.24	5.79	175.06	13.50	10.17	137.31	78.4	5	40.8
9.3260	29.98	5.84	175.06	13.50	10.17	137.36	78.5	5	41.0
9.3370	30.21	5.79	175.06	13.67	10.10	138.06	78.9	5	40.7
9.3481	29.93	5.85	175.06	13.52	10.18	137.69	78.7	5	40.9
9.3591	30.06	5.82	175.06	13.47	10.19	137.21	78.4	5	40.7
9.3702	30.11	5.81	175.06	13.57	10.14	137.52	78.6	5	40.4
9.3812	29.97	5.84	175.06	13.59	10.04	136.39	77.9	5	40.7
9.3923	29.84	5.87	175.06	13.44	10.21	137.32	78.4	5	41.0
9.4033	29.95	5.85	175.06	13.49	10.12	136.53	78.0	5	40.7
9.4144	30.22	5.79	175.06	13.59	10.13	137.61	78.6	5	40.8
9.4254	30.07	5.82	175.06	13.59	10.13	137.59	78.6	5	40.9
9.4365	30.08	5.82	175.06	13.59	10.06	136.77	78.1	5	40.8
9.4475	29.98	5.84	175.06	13.55	10.15	137.48	78.5	5	40.8
9.4586	29.89	5.86	175.06	13.41	10.24	137.26	78.4	5	40.6
9.4696	29.84	5.87	175.06	13.58	10.13	137.55	78.6	5	40.8
9.4807	30.21	5.79	175.06	13.42	10.24	137.40	78.5	5	40.6
9.4917	29.94	5.85	175.06	13.54	10.08	136.49	78.0	5	40.7
9.5028	29.93	5.85	175.06	13.59	10.11	137.34	78.5	5	40.4
9.5138	30.04	5.83	175.06	13.47	10.24	138.03	78.8	5	40.7
9.5249	30.46	5.75	175.06	13.54	10.20	138.06	78.9	5	40.6
9.5359	29.86	5.86	175.06	13.43	10.26	137.78	78.7	5	40.5
9.5470	30.11	5.81	175.06	13.56	10.14	137.52	78.6	5	40.6
9.5580	29.77	5.88	175.06	13.52	10.15	137.17	78.4	5	40.8
9.5691	30.13	5.81	175.06	13.55	10.18	137.93	78.8	5	40.8
9.5801	30.38	5.76	175.06	13.52	10.21	137.98	78.8	5	40.4
9.5912	30.02	5.83	175.06	13.54	10.08	136.51	78.0	5	40.9
9.6022	30.00	5.84	175.06	13.51	10.19	137.69	78.7	5	40.9
9.6133	30.19	5.80	175.06	13.52	10.13	136.98	78.2	5	40.9
9.6243	29.83	5.87	175.06	13.51	10.19	137.57	78.6	5	40.6
9.6354	30.08	5.82	175.06	13.57	10.08	136.81	78.1	5	40.6
9.6464	29.58	5.92	175.06	13.45	10.23	137.63	78.6	5	41.0
9.6575	29.85	5.87	175.06	13.58	10.12	137.46	78.5	5	40.7
9.6685	29.79	5.88	175.06	13.49	10.11	136.48	78.0	5	40.8
9.6796	30.12	5.81	175.06	13.48	10.22	137.76	78.7	5	40.6
9.6906	30.01	5.83	175.06	13.54	10.18	137.84	78.7	5	40.6
9.7017	29.88	5.86	175.06	13.55	10.13	137.28	78.4	5	40.5
9.7127	30.11	5.81	175.06	13.57	10.12	137.26	78.4	5	40.7
9.7238	29.84	5.87	175.06	13.48	10.07	135.73	77.5	5	40.5
9.7348	29.74	5.89	175.06	13.63	10.07	137.26	78.4	5	40.7
9.7459	30.41	5.76	175.06	13.50	10.21	137.79	78.7	5	40.4
9.7569	30.22	5.79	175.06	13.48	10.14	136.72	78.1	5	40.9
9.7680	30.11	5.81	175.06	13.49	10.18	137.34	78.5	5	40.5
9.7790	29.92	5.85	175.06	13.52	10.16	137.34	78.5	5	40.9
9.7901	29.99	5.84	175.06	13.56	10.06	136.51	78.0	5	40.5
9.8011	29.87	5.86	175.06	13.44	10.20	137.07	78.3	5	40.7
9.8122	30.16	5.80	175.06	13.56	10.17	137.84	78.7	5	40.9
9.8232	30.13	5.81	175.06	13.51	10.19	137.63	78.6	5	40.8
9.8343	30.06	5.82	175.06	13.54	10.11	136.84	78.2	5	40.7
9.8453	30.21	5.80	175.06	13.42	10.27	137.82	78.7	5	40.9
9.8564	30.18	5.80	175.06	13.46	10.27	138.21	78.9	5	40.8
9.8674	30.01	5.83	175.06	13.57	10.07	136.68	78.1	5	40.9
9.8785	29.80	5.87	175.06	13.59	10.12	137.46	78.5	5	40.8
9.8895	29.92	5.85	175.06	13.60	10.15	138.12	78.9	5	40.8
9.9006	29.84	5.87	175.06	13.47	10.22	137.77	78.7	5	40.8
9.9116	30.02	5.83	175.06	13.55	10.19	138.15	78.9	5	41.0
9.9227	29.84	5.87	175.06	13.49	10.14	136.77	78.1	5	40.8
9.9337	30.06	5.82	175.06	13.53	10.16	137.44	78.5	5	40.7
9.9448	29.94	5.85	175.06	13.57	10.16	137.83	78.7	5	40.5
9.9558	30.16	5.80	175.06	13.55	10.14	137.38	78.5	5	40.9
9.9669	29.88	5.86	175.06	13.49	10.20	137.71	78.7	5	41.0
9.9779	29.80	5.87	175.06	13.53	10.17	137.59	78.6	5	40.8
9.9890	29.93	5.85	175.06	13.59	10.14	137.81	78.7	5	40.7
10.0000	30.08	5.82	175.06	13.52	10.15	137.25	78.4	5	40.7
