218.647	0.00	0.00	00.00	0.00	0.00	00.00	00.0	0	00.0
219.047	17.63	4.58	80.72	6.95	7.15	49.67	61.5	3	46.2
219.446	16.89	4.38	73.99	6.50	6.47	42.11	56.9	3	50.5
219.845	23.55	4.60	108.35	8.37	8.65	72.42	66.8	3	29.4
220.245	22.89	3.99	91.43	9.25	6.59	60.94	66.7	3	42.8
220.644	33.73	3.59	121.25	10.59	8.23	87.17	71.9	3	27.7
221.045	33.99	3.61	122.78	12.12	8.08	97.92	79.8	3	29.5
221.446	33.48	3.86	129.16	12.67	7.97	101.00	78.2	3	30.6
221.848	32.89	3.99	131.17	12.59	8.30	104.53	79.7	3	30.8
222.250	33.07	3.95	130.75	12.64	8.09	102.27	78.2	3	30.7
222.652	32.70	4.05	132.38	12.58	8.07	101.57	76.7	3	30.8
223.054	32.66	4.06	132.75	12.27	8.59	105.48	79.5	3	30.7
223.456	32.21	4.16	133.92	12.39	8.29	102.68	76.7	3	30.8
223.858	32.08	4.20	134.75	12.19	8.81	107.31	79.6	3	30.8
224.260	32.10	4.21	135.02	12.20	8.69	106.05	78.5	3	30.8
224.662	31.84	4.22	134.39	12.11	8.70	105.41	78.4	3	30.8
225.064	31.74	4.26	135.07	12.01	8.88	106.66	79.0	3	30.8
225.466	31.92	4.26	136.08	12.06	8.85	106.74	78.4	3	30.8
225.868	31.81	4.26	135.55	12.06	8.62	103.99	76.7	3	30.8
226.270	31.69	4.28	135.65	12.03	8.75	105.31	77.6	3	30.8
226.672	31.62	4.30	135.85	11.96	8.87	106.03	78.0	3	30.8
227.074	31.70	4.30	136.43	11.98	8.76	104.99	77.0	3	30.8
227.476	31.69	4.31	136.63	11.91	8.89	105.89	77.5	3	30.8
227.878	31.64	4.33	136.94	11.91	8.89	105.89	77.3	3	30.8
228.280	31.41	4.35	136.65	11.89	8.73	103.80	76.0	3	30.8
228.682	31.48	4.33	136.31	11.91	8.88	105.75	77.6	3	30.8
229.084	31.66	4.33	137.13	11.90	8.88	105.67	77.1	3	30.8
229.486	31.52	4.32	136.21	11.91	8.74	104.08	76.4	3	30.8
229.888	31.47	4.36	137.34	11.75	9.12	107.14	78.0	3	30.8
230.290	31.47	4.34	136.44	11.90	8.93	106.18	77.8	3	30.8
230.692	31.42	4.35	136.57	11.84	8.97	106.12	77.7	3	30.8
231.094	31.63	4.31	136.17	11.93	8.86	105.71	77.6	3	30.8
231.496	31.53	4.33	136.63	11.89	8.85	105.22	77.0	3	30.8
231.898	31.44	4.34	136.51	11.85	8.88	105.21	77.1	3	30.8
232.300	31.51	4.36	137.28	11.81	9.05	106.81	77.8	3	30.8
232.702	31.22	4.35	135.80	11.79	8.91	105.12	77.4	3	30.8
233.104	31.24	4.36	136.22	11.85	8.77	103.89	76.3	3	30.8
233.506	31.27	4.38	136.93	11.82	8.87	104.82	76.5	3	30.8
233.908	31.17	4.37	136.27	11.72	8.89	104.11	76.4	3	30.8
234.310	31.26	4.37	136.63	11.83	8.79	103.95	76.1	3	30.8
234.712	31.48	4.33	136.27	11.83	8.89	105.16	77.2	3	30.8
235.114	31.37	4.34	136.01	11.83	9.03	106.77	78.5	3	30.8
235.516	31.35	4.37	136.98	11.87	8.73	103.61	75.6	3	30.8
235.918	31.31	4.38	137.02	11.83	8.81	104.23	76.1	3	30.8
236.320	31.55	4.36	137.53	11.88	8.91	105.83	76.9	3	30.8
236.722	31.44	4.35	136.67	11.83	9.01	106.57	78.0	3	30.8
237.124	31.54	4.32	136.27	11.86	8.84	104.94	77.0	3	30.8
237.526	31.34	4.36	136.67	11.83	9.05	107.05	78.3	3	30.8
237.928	31.58	4.35	137.41	11.80	9.04	106.61	77.6	3	30.8
238.330	31.46	4.36	137.18	11.85	8.99	106.59	77.7	3	30.8
238.732	31.30	4.37	136.91	11.73	9.15	107.36	78.4	3	30.8
239.134	31.57	4.34	137.01	11.79	9.00	106.04	77.4	3	30.8
239.536	31.22	4.36	136.18	11.83	8.91	105.32	77.3	3	30.8
239.938	31.45	4.33	136.17	11.86	8.91	105.60	77.6	3	30.8
240.340	31.30	4.37	136.66	11.86	8.81	104.47	76.4	3	30.8
240.742	31.64	4.34	137.40	11.87	8.89	105.47	76.8	3	30.8
241.144	31.14	4.38	136.48	11.82	8.84	104.45	76.5	3	30.8
241.546	31.51	4.33	136.58	11.86	9.00	106.75	78.2	3	30.8
241.948	31.45	4.35	136.84	11.83	8.99	106.36	77.7	3	30.8
242.350	31.53	4.36	137.62	11.78	9.03	106.31	77.2	3	30.8
242.752	31.35	4.38	137.18	11.77	8.95	105.36	76.8	3	30.8
243.154	31.41	4.35	136.60	11.82	9.03	106.66	78.1	3	30.8
243.556	31.48	4.32	135.90	11.81	8.86	104.62	77.0	3	30.8
243.958	31.61	4.33	136.83	11.85	8.91	105.55	77.1	3	30.8
244.360	31.49	4.36	137.39	11.82	8.95	105.79	77.0	3	30.8
244.762	31.52	4.34	136.90	11.86	8.90	105.47	77.0	3	30.8
245.164	31.40	4.34	136.34	11.85	8.99	106.59	78.2	3	30.8
245.566	31.52	4.33	136.59	11.84	8.90	105.40	77.2	3	30.8
245.968	31.55	4.33	136.55	11.82	8.96	105.95	77.6	3	30.8
246.370	31.41	4.34	136.25	11.87	8.90	105.69	77.6	3	30.8
246.772	31.44	4.35	136.69	11.89	8.88	105.62	77.3	3	30.8
247.174	31.55	4.34	136.91	11.81	8.95	105.72	77.2	3	30.8
247.576	31.32	4.39	137.44	11.78	8.97	105.68	76.9	3	30.8
247.978	31.37	4.37	136.98	11.83	8.82	104.28	76.1	3	30.8
248.380	31.38	4.35	136.63	11.82	8.95	105.81	77.4	3	30.8
248.782	31.30	4.36	136.48	11.74	9.05	106.19	77.8	3	30.8
249.184	31.23	4.37	136.43	11.79	9.03	106.42	78.0	3	30.8
249.586	31.29	4.38	137.01	11.81	8.97	105.98	77.4	3	30.8
249.988	31.26	4.35	136.07	11.79	9.03	106.50	78.3	3	30.8
250.390	31.43	4.36	137.06	11.81	8.86	104.65	76.4	3	30.8
250.792	31.36	4.37	136.91	11.80	8.91	105.08	76.8	3	30.8
251.194	31.49	4.37	137.61	11.79	8.86	104.47	75.9	3	30.8
251.596	31.22	4.38	136.61	11.76	9.11	107.23	78.5	3	30.8
251.998	31.51	4.37	137.66	11.78	8.95	105.45	76.6	3	30.8
252.400	31.39	4.36	136.89	11.78	9.00	106.03	77.5	3	30.8
252.802	31.33	4.35	136.37	11.78	8.85	104.27	76.5	3	30.8
253.204	31.33	4.36	136.66	11.81	8.98	106.05	77.6	3	30.8
253.606	31.37	4.36	136.63	11.75	9.09	106.77	78.1	3	30.8
254.008	31.16	4.36	135.76	11.80	8.94	105.51	77.7	3	30.8
254.410	31.29	4.35	136.18	11.81	8.88	104.80	77.0	3	30.8
254.812	31.29	4.34	135.82	11.79	9.04	106.59	78.5	3	30.8
255.214	31.22	4.36	136.00	11.80	8.77	103.55	76.1	3	30.8
255.616	31.35	4.36	136.61	11.82	8.82	104.23	76.3	3	30.8
256.018	31.39	4.33	136.08	11.82	9.00	106.36	78.2	3	30.8
256.420	31.37	4.36	136.65	11.78	8.74	102.98	75.4	3	30.8
256.822	31.27	4.35	135.96	11.80	8.72	102.84	75.6	3	30.8
257.224	31.34	4.38	137.25	11.76	8.86	104.18	75.9	3	30.8
257.626	31.08	4.41	137.11	11.69	9.04	105.77	77.1	3	30.8
258.028	31.10	4.39	136.40	11.72	8.96	105.03	77.0	3	30.8
258.430	31.20	4.38	136.58	11.74	8.92	104.67	76.6	3	30.8
258.832	31.03	4.36	135.19	11.74	8.86	104.07	77.0	3	30.8
259.234	31.17	4.36	135.86	11.78	8.85	104.24	76.7	3	30.8
259.636	31.32	4.34	135.95	11.79	8.84	104.25	76.7	3	30.8
260.038	31.41	4.33	136.10	11.83	8.67	102.64	75.4	3	30.8
260.440	31.34	4.34	135.98	11.72	9.00	105.49	77.6	3	30.8
260.842	31.30	4.33	135.54	11.75	9.01	105.82	78.1	3	30.8
261.244	31.45	4.35	136.85	11.70	9.01	105.43	77.0	3	30.8
261.646	31.43	4.34	136.48	11.73	8.88	104.16	76.3	3	30.8
262.048	31.40	4.36	136.87	11.80	8.87	104.61	76.4	3	30.8
262.450	31.41	4.36	137.07	11.78	8.95	105.44	76.9	3	30.8
262.852	31.43	4.36	137.05	11.75	9.03	106.09	77.4	3	30.8
263.254	31.18	4.37	136.39	11.76	9.08	106.76	78.3	3	30.8
263.656	31.26	4.36	136.14	11.87	8.58	101.81	74.8	3	30.8
264.058	31.02	4.38	135.95	11.70	9.01	105.47	77.6	3	30.8
264.460	31.18	4.39	136.75	11.70	8.97	104.96	76.8	3	30.8
264.862	31.14	4.34	135.17	11.79	8.71	102.71	76.0	3	30.8
265.264	31.26	4.35	135.88	11.74	8.96	105.20	77.4	3	30.8
265.666	31.26	4.36	136.18	11.79	9.00	106.08	77.9	3	30.8
266.068	31.33	4.34	136.08	11.74	8.95	105.00	77.2	3	30.8
266.470	31.08	4.38	136.10	11.63	9.05	105.29	77.4	3	30.8
266.872	31.05	4.39	136.43	11.65	8.96	104.31	76.5	3	30.8
267.274	31.01	4.39	136.22	11.62	9.28	107.79	79.1	3	30.8
267.676	31.20	4.35	135.88	11.64	9.08	105.62	77.7	3	30.8
268.078	31.16	4.36	136.00	11.69	9.00	105.22	77.4	3	30.8
268.480	31.14	4.38	136.51	11.76	8.83	103.84	76.1	3	30.8
268.882	31.22	4.36	136.07	11.65	9.04	105.38	77.4	3	30.8
269.284	31.19	4.36	136.07	11.71	8.91	104.35	76.7	3	30.8
269.686	31.23	4.37	136.51	11.76	8.95	105.30	77.1	3	30.8
270.088	31.21	4.36	135.98	11.62	9.20	106.84	78.6	3	30.8
270.490	31.07	4.39	136.31	11.74	8.90	104.54	76.7	3	30.8
270.892	31.20	4.35	135.80	11.78	8.89	104.67	77.1	3	30.8
271.294	31.21	4.34	135.54	11.79	8.82	103.95	76.7	3	30.8
271.696	31.25	4.38	136.75	11.67	9.00	104.99	76.8	3	30.8
272.098	31.24	4.36	136.13	11.72	9.06	106.15	78.0	3	30.8
272.500	31.10	4.37	135.81	11.75	8.92	104.83	77.2	3	30.8
272.902	31.02	4.38	135.81	11.75	8.89	104.39	76.9	3	30.8
273.304	31.26	4.35	135.82	11.73	8.97	105.25	77.5	3	30.8
273.706	31.37	4.34	136.02	11.76	8.84	103.92	76.4	3	30.8
274.108	31.33	4.33	135.63	11.79	8.83	104.10	76.8	3	30.8
274.510	31.03	4.38	136.01	11.69	8.96	104.71	77.0	3	30.8
