1166.747	0.00	0.00	00.00	0.00	0.00	00.00	00.0	0	00.0
1166.947	28.43	1.13	32.16	2.78	3.78	10.51	32.7	3	21.2
1167.347	6.96	4.72	32.88	4.52	4.13	18.65	56.7	3	25.4
1167.746	15.01	3.59	53.90	6.41	6.09	39.04	72.4	3	38.4
1168.146	16.02	3.06	48.94	7.37	5.06	37.25	76.1	3	30.4
1168.546	16.84	2.53	42.54	6.60	4.96	32.72	76.9	3	36.4
1168.946	16.00	2.94	46.97	7.10	5.13	36.39	77.5	3	34.0
1169.346	16.03	3.20	51.28	7.52	5.06	38.03	74.2	3	35.9
1169.746	15.56	3.34	51.92	7.37	5.24	38.66	74.5	3	38.1
1170.146	16.12	3.00	48.38	7.14	5.03	35.91	74.2	3	36.0
1170.546	16.51	2.72	44.95	7.08	4.73	33.48	74.5	3	31.7
1170.946	15.32	3.46	52.93	7.28	5.37	39.11	73.9	3	38.4
1171.346	15.94	3.00	47.81	7.12	5.08	36.15	75.6	3	34.6
1171.746	16.28	2.83	46.08	6.98	5.12	35.71	77.5	3	33.7
1172.146	16.35	2.89	47.32	6.84	5.18	35.41	74.8	3	33.7
1172.546	16.34	2.86	46.80	6.92	5.15	35.64	76.2	3	33.7
1172.946	16.27	2.93	47.66	6.89	5.16	35.55	74.6	3	33.7
1173.346	16.16	2.90	46.95	6.82	5.31	36.20	77.1	3	33.7
1173.746	16.41	2.82	46.35	6.87	5.12	35.16	75.8	3	33.7
1174.146	16.17	2.91	47.09	6.82	5.33	36.39	77.3	3	33.7
1174.546	16.46	2.89	47.62	6.85	5.22	35.76	75.1	3	33.7
1174.946	16.23	2.85	46.20	6.92	5.12	35.43	76.7	3	33.7
1175.346	16.22	2.91	47.20	6.87	5.15	35.39	75.0	3	33.7
1175.746	16.06	2.90	46.60	6.88	5.24	36.04	77.3	3	33.7
1176.146	16.30	2.89	47.07	6.88	5.13	35.30	75.0	3	33.7
1176.546	16.41	2.85	46.73	6.92	5.07	35.11	75.1	3	33.7
1176.946	16.18	2.91	47.13	6.79	5.37	36.48	77.4	3	33.7
1177.346	16.31	2.80	45.63	6.89	5.15	35.50	77.8	3	33.7
1177.746	16.29	2.89	47.05	6.84	5.25	35.89	76.3	3	33.7
1178.146	16.39	2.87	47.05	6.90	5.12	35.27	75.0	3	33.7
1178.546	16.16	2.95	47.64	6.82	5.28	35.99	75.5	3	33.7
1178.946	16.32	2.83	46.19	6.96	4.96	34.55	74.8	3	33.7
1179.346	16.20	2.94	47.57	6.82	5.22	35.58	74.8	3	33.7
1179.746	16.28	2.85	46.35	6.90	5.10	35.16	75.9	3	33.7
1180.146	16.28	2.79	45.48	6.98	4.95	34.53	75.9	3	33.7
1180.546	16.15	2.91	47.00	6.77	5.38	36.40	77.5	3	33.7
1180.946	16.31	2.90	47.22	6.86	5.17	35.45	75.1	3	33.7
1181.346	16.23	2.93	47.46	6.76	5.36	36.23	76.3	3	33.7
1181.746	16.21	2.95	47.91	6.84	5.16	35.32	73.7	3	33.7
1182.146	16.16	2.91	46.97	6.87	5.09	34.99	74.5	3	33.7
1182.546	16.21	2.91	47.17	6.78	5.39	36.52	77.4	3	33.7
1182.946	16.26	2.89	46.92	6.89	5.04	34.72	74.0	3	33.7
1183.346	16.20	2.98	48.31	6.86	5.12	35.14	72.7	3	33.7
1183.746	16.13	2.94	47.44	6.81	5.22	35.53	74.9	3	33.7
1184.146	16.19	2.92	47.31	6.86	5.10	34.99	74.0	3	33.7
1184.546	16.22	2.91	47.13	6.84	5.16	35.33	75.0	3	33.7
1184.946	16.16	2.90	46.88	6.92	5.01	34.62	73.9	3	33.7
1185.346	16.35	2.90	47.45	6.85	5.11	35.03	73.8	3	33.7
1185.746	16.21	2.89	46.84	6.86	5.15	35.33	75.4	3	33.7
1186.146	16.21	2.94	47.68	6.85	5.17	35.41	74.3	3	33.7
1186.546	16.47	2.85	46.87	6.82	5.23	35.72	76.2	3	33.7
1186.946	16.23	2.88	46.75	6.85	5.16	35.31	75.5	3	33.7
1187.346	16.27	2.87	46.68	6.87	5.15	35.39	75.8	3	33.7
1187.746	16.07	2.93	47.10	6.81	5.34	36.38	77.2	3	33.7
1188.146	16.40	2.83	46.38	6.95	4.97	34.54	74.5	3	33.7
1188.546	16.34	2.87	46.90	6.87	5.07	34.84	74.3	3	33.7
1188.946	16.09	2.99	48.05	6.82	5.26	35.88	74.7	3	33.7
1189.346	16.33	2.85	46.57	6.90	5.11	35.25	75.7	3	33.7
1189.746	16.24	2.85	46.23	6.92	5.09	35.19	76.1	3	33.7
1190.146	16.23	2.84	46.08	6.90	5.06	34.91	75.8	3	33.7
1190.546	16.27	2.89	46.94	6.89	5.19	35.73	76.1	3	33.7
1190.946	16.20	2.90	47.01	6.84	5.17	35.36	75.2	3	33.7
1191.346	16.23	2.90	47.05	6.83	5.19	35.44	75.3	3	33.7
1191.746	16.16	2.92	47.17	6.88	5.16	35.53	75.3	3	33.7
1192.146	16.41	2.85	46.72	6.92	5.17	35.74	76.5	3	33.7
1192.546	16.13	2.96	47.70	6.80	5.20	35.39	74.2	3	33.7
1192.946	16.35	2.83	46.21	6.92	5.12	35.43	76.7	3	33.7
1193.346	16.58	2.83	46.87	6.92	5.04	34.85	74.4	3	33.7
1193.746	16.45	2.81	46.20	6.91	5.13	35.43	76.7	3	33.7
1194.146	16.26	2.85	46.37	6.96	4.95	34.46	74.3	3	33.7
1194.546	16.05	2.91	46.72	6.92	5.04	34.87	74.6	3	33.7
1194.946	16.34	2.82	46.05	6.87	5.30	36.39	79.0	3	33.7
1195.346	16.26	2.95	47.98	6.80	5.31	36.13	75.3	3	33.7
1195.746	16.04	2.95	47.25	6.85	5.21	35.74	75.6	3	33.7
1196.146	16.27	2.88	46.84	6.87	5.09	34.97	74.6	3	33.7
1196.546	16.12	2.87	46.20	6.90	5.12	35.36	76.5	3	33.7
1196.946	16.19	2.88	46.65	6.92	4.93	34.15	73.2	3	33.7
1197.346	16.23	2.95	47.87	6.89	5.08	35.00	73.1	3	33.7
1197.746	16.30	2.98	48.59	6.70	5.44	36.42	75.0	3	33.7
1198.146	16.28	2.88	46.84	6.83	5.21	35.58	76.0	3	33.7
1198.546	16.30	2.83	46.09	6.90	5.12	35.36	76.7	3	33.7
1198.946	16.24	2.95	47.95	6.80	5.31	36.12	75.3	3	33.7
1199.346	16.18	2.98	48.13	6.78	5.25	35.62	74.0	3	33.7
1199.746	16.21	2.87	46.48	6.78	5.37	36.38	78.3	3	33.7
1200.146	16.31	2.89	47.06	6.80	5.27	35.86	76.2	3	33.7
1200.546	16.22	2.88	46.78	6.81	5.34	36.33	77.7	3	33.7
1200.946	16.14	2.95	47.60	6.81	5.22	35.56	74.7	3	33.7
1201.346	16.27	2.86	46.52	6.86	5.23	35.92	77.2	3	33.7
1201.746	16.23	2.97	48.27	6.82	5.20	35.44	73.4	3	33.7
1202.146	16.15	2.95	47.59	6.86	5.16	35.39	74.4	3	33.7
1202.546	15.99	2.89	46.28	6.78	5.34	36.17	78.2	3	33.7
1202.946	16.21	2.92	47.32	6.85	5.13	35.17	74.3	3	33.7
1203.346	16.12	2.94	47.35	6.82	5.27	35.97	76.0	3	33.7
1203.746	16.30	2.86	46.64	6.88	5.18	35.64	76.4	3	33.7
1204.146	16.32	2.81	45.88	6.91	5.04	34.83	75.9	3	33.7
1204.546	16.10	2.93	47.10	6.84	5.22	35.69	75.8	3	33.7
1204.946	16.28	2.94	47.90	6.77	5.34	36.11	75.4	3	33.7
1205.346	16.10	2.94	47.29	6.80	5.32	36.19	76.5	3	33.7
1205.746	16.31	2.83	46.14	6.95	5.01	34.82	75.5	3	33.7
1206.146	16.02	2.95	47.28	6.85	5.10	34.95	73.9	3	33.7
1206.546	16.19	2.97	48.04	6.75	5.37	36.23	75.4	3	33.7
1206.946	16.14	2.92	47.21	6.81	5.32	36.29	76.9	3	33.7
1207.346	16.26	2.89	47.05	6.87	5.13	35.27	75.0	3	33.7
1207.746	16.35	2.81	45.87	6.96	5.01	34.87	76.0	3	33.7
1208.146	16.10	2.92	46.98	6.87	5.11	35.12	74.7	3	33.7
1208.546	16.37	2.86	46.77	6.88	5.17	35.55	76.0	3	33.7
1208.946	16.18	2.93	47.46	6.84	5.14	35.21	74.2	3	33.7
1209.346	16.21	2.91	47.24	6.83	5.24	35.76	75.7	3	33.7
1209.746	16.27	2.93	47.71	6.81	5.26	35.85	75.1	3	33.7
1210.146	16.24	2.90	47.03	6.89	5.14	35.38	75.2	3	33.7
1210.546	16.26	2.90	47.15	6.83	5.30	36.23	76.8	3	33.7
1210.946	16.07	3.02	48.45	6.71	5.53	37.13	76.6	3	33.7
1211.346	15.94	3.01	47.92	6.75	5.34	36.01	75.1	3	33.7
1211.746	16.38	2.82	46.15	6.88	5.11	35.20	76.3	3	33.7
1212.146	16.17	2.91	47.03	6.82	5.28	35.97	76.5	3	33.7
1212.546	16.14	2.97	47.90	6.72	5.39	36.19	75.6	3	33.7
1212.946	16.35	2.85	46.59	6.85	5.27	36.09	77.5	3	33.7
1213.346	16.13	2.94	47.38	6.79	5.28	35.86	75.7	3	33.7
1213.746	16.23	2.94	47.67	6.79	5.25	35.66	74.8	3	33.7
1214.146	16.17	2.97	48.08	6.79	5.31	36.04	75.0	3	33.7
1214.546	15.93	3.05	48.58	6.71	5.44	36.47	75.1	3	33.7
1214.946	16.19	2.94	47.59	6.80	5.24	35.67	75.0	3	33.7
1215.346	16.00	3.00	48.04	6.78	5.27	35.72	74.4	3	33.7
1215.746	16.06	3.02	48.51	6.68	5.51	36.79	75.8	3	33.7
1216.146	16.10	2.91	46.86	6.84	5.20	35.55	75.9	3	33.7
1216.546	16.20	2.96	47.95	6.79	5.24	35.60	74.2	3	33.7
1216.946	16.21	2.89	46.76	6.87	5.18	35.58	76.1	3	33.7
1217.346	16.22	2.91	47.13	6.85	5.18	35.46	75.2	3	33.7
1217.746	16.21	2.88	46.71	6.84	5.21	35.67	76.4	3	33.7
1218.146	16.30	2.87	46.73	6.85	5.17	35.41	75.8	3	33.7
1218.546	16.13	2.96	47.68	6.82	5.29	36.09	75.7	3	33.7
1218.946	16.34	2.85	46.52	6.91	5.08	35.08	75.4	3	33.7
1219.346	15.89	3.01	47.79	6.78	5.33	36.11	75.6	3	33.7
1219.746	16.31	2.82	46.01	6.99	4.90	34.23	74.4	3	33.7
1220.146	16.31	2.83	46.18	7.01	4.80	33.69	73.0	3	33.7
1220.546	16.16	2.97	48.00	6.87	5.05	34.68	72.3	3	33.7
1220.946	16.37	2.83	46.36	6.90	5.25	36.22	78.1	3	33.7
1221.346	16.53	2.76	45.64	6.89	5.27	36.29	79.5	3	33.7
1221.746	16.26	2.83	45.94	6.91	5.15	35.58	77.5	3	33.7
1222.146	16.11	2.92	47.10	6.84	5.24	35.83	76.1	3	33.7
1222.546	16.25	2.83	45.94	6.91	5.09	35.18	76.6	3	33.7
1222.946	16.20	2.86	46.38	6.90	5.08	35.07	75.6	3	33.7
1223.346	15.95	2.98	47.50	6.85	5.17	35.43	74.6	3	33.7
1223.746	16.11	2.96	47.78	6.84	5.23	35.78	74.9	3	33.7
1224.146	16.34	2.88	47.14	6.86	5.30	36.33	77.1	3	33.7
1224.546	16.29	2.89	47.14	6.88	5.06	34.79	73.8	3	33.7
1224.946	16.26	2.95	47.88	6.89	5.18	35.69	74.5	3	33.7
1225.346	16.31	2.88	46.99	6.91	4.98	34.41	73.2	3	33.7
1225.746	16.25	2.85	46.27	6.91	5.06	34.94	75.5	3	33.7
1226.146	16.22	2.91	47.25	6.88	5.11	35.17	74.4	3	33.7
1226.546	16.19	2.93	47.37	6.82	5.26	35.90	75.8	3	33.7
1226.946	16.17	2.85	46.06	6.89	5.21	35.88	77.9	3	33.7
1227.346	16.27	2.85	46.30	6.95	5.02	34.86	75.3	3	33.7
1227.746	16.22	2.84	46.01	6.89	5.19	35.73	77.7	3	33.7
1228.146	16.24	2.95	47.94	6.86	5.17	35.43	73.9	3	33.7
1228.546	16.11	2.95	47.54	6.83	5.21	35.58	74.9	3	33.7
1228.946	16.40	2.89	47.41	6.86	5.17	35.48	74.8	3	33.7
1229.346	16.26	2.86	46.51	6.90	5.16	35.56	76.5	3	33.7
1229.746	16.30	2.87	46.74	6.91	5.02	34.68	74.2	3	33.7
1230.146	16.23	2.89	46.83	6.92	5.04	34.92	74.6	3	33.7
1230.546	16.27	2.90	47.13	6.83	5.29	36.14	76.7	3	33.7
1230.946	16.31	2.85	46.47	6.94	4.98	34.61	74.5	3	33.7
1231.346	16.24	2.89	46.97	6.83	5.23	35.77	76.2	3	33.7
1231.746	16.10	2.95	47.47	6.83	5.24	35.81	75.4	3	33.7
1232.146	16.24	2.84	46.18	6.85	5.17	35.40	76.7	3	33.7
1232.546	16.25	2.88	46.81	6.88	5.05	34.77	74.3	3	33.7
1232.946	16.42	2.88	47.28	6.84	5.15	35.23	74.5	3	33.7
1233.346	16.33	2.85	46.50	6.91	5.05	34.88	75.0	3	33.7
1233.746	16.10	2.99	48.14	6.79	5.24	35.57	73.9	3	33.7
1234.146	16.22	2.90	47.02	6.86	5.24	35.97	76.5	3	33.7
1234.546	16.39	2.82	46.18	6.96	4.97	34.63	75.0	3	33.7
1234.946	16.19	2.85	46.17	6.86	5.25	36.03	78.0	3	33.7
1235.346	16.23	2.91	47.31	6.91	5.12	35.37	74.7	3	33.7
1235.746	16.23	2.88	46.67	6.88	5.15	35.38	75.8	3	33.7
1236.146	16.27	2.87	46.71	6.88	5.19	35.73	76.5	3	33.7
1236.546	16.23	2.88	46.67	6.86	5.20	35.67	76.4	3	33.7
1236.946	16.22	2.87	46.63	6.90	5.09	35.17	75.4	3	33.7
1237.346	16.26	2.94	47.75	6.89	5.10	35.16	73.6	3	33.7
1237.746	16.39	2.85	46.73	6.92	5.03	34.77	74.4	3	33.7
1238.146	16.31	2.77	45.25	6.96	5.00	34.83	77.0	3	33.7
1238.546	16.17	2.92	47.17	6.82	5.29	36.10	76.5	3	33.7
1238.946	16.24	2.87	46.60	6.90	5.13	35.38	75.9	3	33.7
1239.346	16.29	2.84	46.29	6.96	5.02	34.91	75.4	3	33.7
1239.746	16.40	2.82	46.21	6.99	4.95	34.62	74.9	3	33.7
1240.146	16.24	2.91	47.25	6.85	5.13	35.16	74.4	3	33.7
1240.546	16.21	2.87	46.58	6.86	5.27	36.16	77.6	3	33.7
1240.946	16.33	2.83	46.27	6.97	4.97	34.65	74.9	3	33.7
1241.346	16.22	2.86	46.41	6.85	5.31	36.37	78.4	3	33.7
1241.746	16.33	2.84	46.35	6.93	4.94	34.28	74.0	3	33.7
1242.146	16.24	2.92	47.37	6.83	5.38	36.70	77.5	3	33.7
1242.546	16.35	2.87	46.96	6.87	5.22	35.84	76.3	3	33.7
1242.946	16.15	2.93	47.33	6.80	5.30	36.09	76.3	3	33.7
1243.346	16.25	2.90	47.16	6.86	5.12	35.15	74.5	3	33.7
1243.746	16.36	2.85	46.69	6.96	4.99	34.72	74.4	3	33.7
1244.146	16.30	2.83	46.06	6.94	4.97	34.45	74.8	3	33.7
1244.546	16.23	2.90	47.04	6.90	5.07	34.99	74.4	3	33.7
1244.946	16.12	2.87	46.20	6.89	5.13	35.34	76.5	3	33.7
1245.346	16.37	2.83	46.28	6.91	5.09	35.19	76.0	3	33.7
1245.746	16.18	2.87	46.39	6.85	5.24	35.95	77.5	3	33.7
1246.146	16.41	2.85	46.84	6.89	5.07	34.95	74.6	3	33.7
1246.546	16.38	2.82	46.17	6.94	5.07	35.13	76.1	3	33.7
1246.946	16.17	2.90	46.95	6.87	5.09	34.96	74.5	3	33.7
1247.346	16.27	2.89	46.98	6.86	5.13	35.19	74.9	3	33.7
1247.746	16.30	2.90	47.22	6.85	5.19	35.57	75.3	3	33.7
1248.146	16.24	2.85	46.32	6.85	5.17	35.46	76.5	3	33.7
1248.546	16.29	2.85	46.38	6.91	5.05	34.90	75.2	3	33.7
1248.946	16.21	2.90	46.98	6.86	5.13	35.17	74.9	3	33.7
