0.000	38.20	0.00	0.00	0.00	0.00	0.00	0.0	6	10.00
0.122	37.93	0.00	0.00	0.00	0.00	0.00	0.0	6	10.00
0.245	37.83	0.05	1.78	12.03	0.11	1.35	75.8	6	10.35
0.367	37.75	0.09	3.56	12.05	0.22	2.71	76.3	6	10.67
0.489	37.68	0.16	5.93	12.09	0.37	4.50	75.9	6	11.09
0.612	37.57	0.24	8.89	12.17	0.56	6.77	76.1	6	11.60
0.734	37.27	0.32	11.85	12.17	0.74	9.05	76.3	6	12.10
0.856	37.04	0.40	14.81	12.26	0.92	11.30	76.3	6	12.60
0.979	36.94	0.48	17.77	12.26	1.10	13.47	75.8	6	13.09
1.101	36.74	0.58	21.33	12.30	1.33	16.34	76.6	6	13.68
1.223	36.60	0.65	23.70	12.36	1.47	18.11	76.4	6	14.06
1.346	36.47	0.73	26.66	12.39	1.64	20.32	76.2	6	14.54
1.468	36.31	0.80	29.03	12.45	1.80	22.41	77.2	6	14.93
1.590	36.02	0.90	32.59	12.51	1.99	24.91	76.4	6	15.50
1.713	36.03	0.99	35.55	12.56	2.17	27.26	76.7	6	15.97
1.835	35.70	1.08	38.51	12.60	2.33	29.39	76.3	6	16.44
1.957	35.47	1.22	43.25	12.66	2.62	33.17	76.7	6	17.20
2.080	35.36	1.27	45.03	12.69	2.72	34.46	76.5	6	17.48
2.202	35.32	1.33	46.80	12.69	2.83	35.95	76.8	6	17.76
2.324	35.22	1.38	48.58	12.76	2.93	37.41	77.0	6	18.04
2.447	35.14	1.43	50.36	12.76	3.06	39.04	77.5	6	18.31
2.569	34.96	1.49	52.14	12.80	3.15	40.29	77.3	6	18.59
2.691	34.75	1.57	54.51	12.87	3.27	42.04	77.1	6	18.96
2.814	34.60	1.64	56.88	12.86	3.40	43.69	76.8	6	19.33
2.936	34.48	1.70	58.66	12.92	3.50	45.17	77.0	6	19.61
3.058	34.51	1.75	60.44	12.94	3.62	46.81	77.5	6	19.89
3.180	34.37	1.83	62.80	12.96	3.74	48.54	77.3	6	20.25
3.303	34.05	1.91	65.17	13.05	3.87	50.48	77.5	6	20.62
3.425	34.31	1.95	66.95	13.04	4.02	52.38	78.2	6	20.90
3.547	34.06	2.04	69.32	13.06	4.09	53.35	77.0	6	21.26
3.670	33.84	2.10	71.10	13.10	4.21	55.15	77.6	6	21.54
3.792	33.69	2.16	72.87	13.09	4.29	56.18	77.1	6	21.81
3.914	33.50	2.26	75.84	13.17	4.48	58.94	77.7	6	22.27
4.037	33.48	2.32	77.62	13.22	4.57	60.37	77.8	6	22.54
4.159	33.34	2.40	79.99	13.22	4.65	61.43	76.8	6	22.90
4.281	33.14	2.49	82.36	13.27	4.82	63.88	77.6	6	23.27
4.404	33.12	2.56	84.73	13.29	4.93	65.47	77.3	6	23.63
4.526	32.97	2.64	87.09	13.32	5.06	67.42	77.4	6	23.99
4.648	32.87	2.74	90.05	13.40	5.24	70.17	77.9	6	24.44
4.771	32.65	2.81	91.83	13.42	5.29	71.04	77.4	6	24.71
4.893	32.58	2.87	93.61	13.48	5.43	73.18	78.2	6	24.98
5.015	32.36	2.95	95.39	13.49	5.48	73.87	77.4	6	25.25
5.138	32.28	3.01	97.17	13.50	5.63	75.94	78.2	6	25.52
5.260	32.12	3.09	99.26	13.56	5.71	77.47	78.0	6	25.84
5.382	32.24	3.14	101.37	13.56	5.83	78.97	77.9	6	26.16
5.505	31.97	3.24	103.47	13.62	5.91	80.51	77.8	6	26.48
5.627	31.89	3.31	105.57	13.67	6.02	82.30	78.0	6	26.80
5.749	31.96	3.35	106.97	13.68	6.06	82.93	77.5	6	27.01
5.872	31.69	3.42	108.37	13.70	6.21	85.07	78.5	6	27.22
5.994	31.57	3.48	109.78	13.72	6.25	85.76	78.1	6	27.43
6.116	31.64	3.51	111.18	13.75	6.32	86.82	78.1	6	27.64
6.238	31.47	3.58	112.58	13.75	6.40	88.00	78.2	6	27.85
6.361	31.27	3.67	114.67	13.75	6.49	89.26	77.8	6	28.17
6.483	31.28	3.73	116.77	13.81	6.59	90.98	77.9	6	28.49
6.606	31.14	3.79	118.18	13.83	6.70	92.65	78.4	6	28.70
6.728	31.08	3.87	120.28	13.87	6.78	94.13	78.3	6	29.01
6.850	31.04	3.92	121.68	13.90	6.82	94.78	77.9	6	29.22
6.972	31.00	3.95	122.38	13.88	6.86	95.27	77.8	6	29.33
7.095	30.78	4.02	123.78	13.92	6.94	96.64	78.1	6	29.54
7.217	30.79	4.04	124.48	13.93	6.97	97.09	78.0	6	29.64
7.340	30.68	4.08	125.18	13.94	7.01	97.79	78.1	6	29.75
7.462	30.80	4.09	125.88	13.94	7.09	98.80	78.5	6	29.85
7.584	30.67	4.13	126.59	14.00	7.08	99.09	78.3	6	29.96
7.706	30.75	4.14	127.29	13.98	7.16	100.09	78.6	6	30.06
7.829	30.49	4.20	127.99	13.97	7.15	99.88	78.0	6	30.17
7.951	30.65	4.18	127.99	13.99	7.18	100.43	78.5	6	30.17
8.073	30.48	4.22	128.69	14.03	7.16	100.46	78.1	6	30.27
8.196	30.40	4.23	128.69	14.03	7.20	101.02	78.5	6	30.27
8.318	30.58	4.23	129.39	14.05	7.23	101.60	78.5	6	30.38
8.440	30.49	4.24	129.39	13.98	7.23	101.04	78.1	6	30.38
8.563	30.44	4.27	130.09	14.04	7.26	101.96	78.4	6	30.48
8.685	30.55	4.26	130.09	14.05	7.25	101.83	78.3	6	30.48
8.807	30.56	4.26	130.09	14.03	7.26	101.94	78.4	6	30.48
8.930	30.37	4.28	130.09	14.05	7.23	101.53	78.0	6	30.48
9.052	30.50	4.27	130.09	14.03	7.22	101.24	77.8	6	30.48
9.174	30.39	4.30	130.78	14.04	7.32	102.82	78.6	6	30.50
9.297	30.44	4.30	130.78	14.08	7.32	103.03	78.8	6	30.50
9.419	30.47	4.29	130.78	14.09	7.32	103.10	78.8	6	30.50
9.541	30.38	4.30	130.78	14.06	7.29	102.45	78.3	6	30.50
9.664	30.54	4.28	130.78	14.02	7.30	102.39	78.3	6	30.50
9.786	30.49	4.29	130.78	14.08	7.27	102.39	78.3	6	30.50
9.908	30.26	4.32	130.78	14.05	7.35	103.31	79.0	6	30.38
10.031	30.28	4.32	130.78	14.07	7.29	102.52	78.4	6	30.38
10.153	30.43	4.30	130.78	14.05	7.32	102.87	78.7	6	30.38
10.275	30.54	4.28	130.78	14.06	7.28	102.36	78.3	6	30.38
10.398	30.58	4.28	130.78	14.05	7.31	102.67	78.5	6	30.39
10.520	30.39	4.31	130.88	14.03	7.32	102.75	78.5	6	30.39
10.642	30.42	4.31	130.99	14.01	7.31	102.46	78.2	6	30.40
10.765	30.46	4.30	131.09	14.06	7.34	103.14	78.7	6	30.41
10.887	30.30	4.33	131.18	14.02	7.35	102.99	78.5	6	30.42
11.009	30.37	4.32	131.29	14.05	7.32	102.87	78.4	6	30.43
11.132	30.28	4.34	131.39	14.06	7.33	103.14	78.5	6	30.45
11.254	30.39	4.33	131.48	14.06	7.36	103.53	78.7	6	30.46
11.376	30.44	4.32	131.58	14.06	7.28	102.33	77.8	6	30.47
11.498	30.32	4.34	131.69	14.05	7.37	103.52	78.6	6	30.48
11.621	30.46	4.33	131.79	14.08	7.33	103.25	78.3	6	30.49
11.743	30.50	4.32	131.88	14.05	7.37	103.53	78.5	6	30.50
11.866	30.41	4.34	131.99	14.07	7.33	103.11	78.1	6	30.51
11.988	30.31	4.36	132.09	14.05	7.34	103.11	78.1	6	30.52
12.110	30.40	4.35	132.18	14.08	7.35	103.57	78.4	6	30.52
12.232	30.32	4.36	132.18	14.05	7.41	104.15	78.8	6	30.53
12.355	30.36	4.35	132.18	14.07	7.33	103.17	78.1	6	30.54
12.477	30.47	4.34	132.29	14.09	7.36	103.77	78.4	6	30.54
12.599	30.39	4.36	132.39	14.10	7.37	103.84	78.4	6	30.55
12.722	30.36	4.36	132.49	14.07	7.38	103.86	78.4	6	30.56
12.844	30.39	4.36	132.58	14.09	7.34	103.40	78.0	6	30.57
12.966	30.16	4.40	132.69	14.09	7.38	103.98	78.4	6	30.59
13.089	30.27	4.39	132.79	14.07	7.41	104.21	78.5	6	30.59
13.211	30.28	4.39	132.88	14.10	7.42	104.63	78.7	6	30.60
13.333	30.27	4.39	132.88	14.09	7.37	103.83	78.1	6	30.60
13.456	30.26	4.39	132.88	14.09	7.41	104.34	78.5	6	30.61
13.578	30.27	4.39	132.88	14.13	7.39	104.45	78.6	6	30.61
13.700	30.16	4.41	132.88	14.07	7.38	103.86	78.2	6	30.61
13.823	30.26	4.39	132.99	14.09	7.44	104.78	78.8	6	30.62
13.945	30.35	4.39	133.09	14.12	7.40	104.51	78.5	6	30.63
14.067	30.21	4.41	133.18	14.06	7.42	104.28	78.3	6	30.65
14.190	30.11	4.43	133.39	14.06	7.38	103.79	77.8	6	30.66
14.312	30.23	4.42	133.58	14.11	7.47	105.34	78.9	6	30.68
14.434	30.26	4.42	133.79	14.06	7.43	104.44	78.1	6	30.70
14.557	30.30	4.42	133.99	14.10	7.50	105.76	78.9	6	30.72
14.679	30.25	4.43	134.09	14.09	7.46	105.18	78.4	6	30.74
14.801	30.37	4.42	134.19	14.15	7.50	106.06	79.0	6	30.75
14.924	30.37	4.43	134.39	14.08	7.50	105.69	78.6	6	30.76
15.046	30.20	4.45	134.49	14.11	7.47	105.38	78.4	6	30.78
15.168	30.33	4.44	134.58	14.16	7.44	105.35	78.3	6	30.80
15.291	30.21	4.46	134.79	14.16	7.48	105.90	78.6	6	30.81
15.413	30.28	4.46	134.99	14.11	7.49	105.61	78.2	6	30.83
15.535	30.19	4.48	135.19	14.10	7.46	105.15	77.8	6	30.85
15.658	30.14	4.49	135.39	14.13	7.51	106.14	78.4	6	30.87
15.780	30.31	4.47	135.49	14.15	7.56	106.96	78.9	6	30.89
15.902	30.10	4.51	135.69	14.14	7.51	106.23	78.3	6	30.91
16.024	30.10	4.51	135.89	14.10	7.55	106.45	78.3	6	30.92
16.147	30.23	4.50	135.99	14.16	7.54	106.79	78.5	6	30.94
16.269	30.20	4.51	136.09	14.15	7.56	106.98	78.6	6	30.95
16.392	30.22	4.51	136.19	14.11	7.53	106.22	78.0	6	30.96
16.514	30.15	4.52	136.28	14.16	7.64	108.14	79.3	6	30.97
16.636	30.14	4.52	136.39	14.14	7.54	106.67	78.2	6	30.98
16.758	30.12	4.53	136.39	14.16	7.55	106.98	78.4	6	30.98
16.881	30.22	4.51	136.39	14.10	7.59	107.08	78.5	6	30.98
17.003	30.24	4.51	136.39	14.14	7.60	107.47	78.8	6	30.98
17.125	30.16	4.52	136.39	14.13	7.62	107.58	78.9	6	30.98
17.248	30.05	4.54	136.39	14.12	7.50	105.92	77.7	6	30.98
17.370	30.03	4.54	136.39	14.10	7.54	106.29	77.9	6	30.98
17.492	30.19	4.51	136.28	14.15	7.60	107.60	79.0	6	30.97
17.615	30.21	4.51	136.19	14.13	7.58	107.12	78.7	6	30.96
17.737	30.26	4.50	136.09	14.17	7.55	106.97	78.6	6	30.95
17.859	30.14	4.51	135.99	14.11	7.59	107.07	78.7	6	30.93
17.982	30.17	4.50	135.79	14.15	7.52	106.47	78.4	6	30.92
18.104	30.30	4.47	135.58	14.15	7.56	107.04	79.0	6	30.90
18.226	30.22	4.48	135.39	14.12	7.51	106.05	78.3	6	30.88
18.349	30.17	4.48	135.28	14.13	7.50	105.94	78.3	6	30.86
18.471	30.18	4.48	135.09	14.13	7.55	106.62	78.9	6	30.84
18.593	30.21	4.46	134.89	14.15	7.48	105.90	78.5	6	30.82
18.716	30.21	4.46	134.69	14.08	7.50	105.57	78.4	6	30.81
18.838	30.22	4.45	134.58	14.11	7.50	105.83	78.6	6	30.79
18.960	30.26	4.44	134.49	14.09	7.49	105.58	78.5	6	30.78
19.083	30.22	4.45	134.39	14.12	7.51	105.93	78.8	6	30.77
19.205	30.24	4.44	134.28	14.05	7.45	104.72	78.0	6	30.76
19.327	30.34	4.43	134.28	14.09	7.45	104.93	78.1	6	30.76
19.450	30.32	4.43	134.28	14.15	7.47	105.72	78.7	6	30.75
19.572	30.30	4.43	134.19	14.13	7.47	105.45	78.6	6	30.74
19.694	30.31	4.42	134.09	14.05	7.45	104.63	78.0	6	30.74
19.817	30.26	4.43	133.99	14.10	7.47	105.35	78.6	6	30.73
19.939	30.27	4.42	133.88	14.07	7.46	104.96	78.4	6	30.71
20.061	30.34	4.41	133.79	14.10	7.47	105.36	78.8	6	30.70
20.184	30.40	4.40	133.69	14.11	7.40	104.41	78.1	6	30.70
20.306	30.35	4.40	133.58	14.10	7.48	105.46	78.9	6	30.69
20.428	30.25	4.42	133.58	14.11	7.42	104.76	78.4	6	30.68
20.550	30.35	4.40	133.58	14.09	7.45	104.98	78.6	6	30.68
20.673	30.25	4.42	133.58	14.09	7.40	104.19	78.0	6	30.68
20.795	30.36	4.40	133.58	14.10	7.38	104.10	77.9	6	30.68
20.917	30.37	4.40	133.58	14.10	7.46	105.19	78.7	6	30.68
21.040	30.16	4.43	133.58	14.08	7.44	104.75	78.4	6	30.68
21.162	30.28	4.41	133.58	14.11	7.46	105.27	78.8	6	30.68
21.284	30.24	4.42	133.58	14.10	7.45	104.97	78.6	6	30.68
21.407	30.27	4.41	133.58	14.11	7.43	104.87	78.5	6	30.69
21.529	30.23	4.42	133.69	14.08	7.46	105.00	78.5	6	30.70
21.651	30.16	4.44	133.79	14.10	7.48	105.42	78.8	6	30.70
21.774	30.22	4.43	133.88	14.12	7.41	104.56	78.1	6	30.71
21.896	30.35	4.42	133.99	14.07	7.45	104.77	78.2	6	30.73
22.018	30.35	4.42	134.09	14.09	7.46	105.19	78.4	6	30.74
22.141	30.18	4.45	134.19	14.11	7.43	104.76	78.1	6	30.74
22.263	30.25	4.44	134.28	14.07	7.43	104.58	77.9	6	30.75
22.385	30.21	4.44	134.28	14.10	7.44	104.86	78.1	6	30.76
22.508	30.09	4.46	134.28	14.11	7.44	104.92	78.1	6	30.76
22.630	30.26	4.44	134.28	14.09	7.45	105.01	78.2	6	30.76
22.752	30.22	4.44	134.28	14.11	7.46	105.32	78.4	6	30.76
22.875	30.29	4.43	134.28	14.13	7.44	105.17	78.3	6	30.76
22.997	30.35	4.42	134.28	14.09	7.49	105.51	78.6	6	30.76
23.119	30.09	4.46	134.28	14.12	7.45	105.20	78.3	6	30.76
23.242	30.30	4.43	134.28	14.11	7.45	105.16	78.3	6	30.76
23.364	30.41	4.42	134.28	14.11	7.42	104.68	78.0	6	30.76
23.486	30.32	4.43	134.28	14.10	7.44	104.95	78.2	6	30.76
23.609	30.29	4.43	134.28	14.12	7.45	105.12	78.3	6	30.76
23.731	30.20	4.45	134.28	14.11	7.48	105.53	78.6	6	30.76
23.853	30.32	4.43	134.28	14.12	7.48	105.63	78.7	6	30.76
23.976	30.34	4.43	134.39	14.10	7.46	105.20	78.3	6	30.77
24.098	30.35	4.43	134.49	14.13	7.45	105.37	78.3	6	30.78
24.220	30.38	4.43	134.58	14.07	7.49	105.49	78.4	6	30.79
24.343	30.17	4.46	134.69	14.10	7.43	104.78	77.8	6	30.80
24.465	30.17	4.47	134.79	14.12	7.46	105.34	78.1	6	30.81
24.587	30.23	4.46	134.89	14.11	7.47	105.37	78.1	6	30.82
24.710	30.19	4.47	134.99	14.13	7.53	106.40	78.8	6	30.83
24.832	30.13	4.48	134.99	14.14	7.47	105.67	78.3	6	30.83
24.954	30.15	4.48	134.99	14.12	7.49	105.76	78.3	6	30.84
25.076	30.07	4.49	134.99	14.08	7.51	105.77	78.4	6	30.84
25.199	30.15	4.48	135.09	14.12	7.54	106.53	78.9	6	30.86
25.321	30.16	4.48	135.19	14.10	7.51	105.89	78.3	6	30.89
25.443	30.18	4.50	135.80	14.13	7.53	106.41	78.4	6	30.93
25.566	30.12	4.53	136.42	14.15	7.55	106.75	78.3	6	30.99
25.688	30.12	4.55	137.03	14.17	7.62	107.93	78.8	6	31.05
25.810	29.94	4.60	137.64	14.18	7.58	107.46	78.1	6	31.11
25.933	29.90	4.62	138.26	14.16	7.64	108.21	78.3	6	31.15
26.055	30.00	4.61	138.26	14.19	7.69	109.06	78.9	6	31.16
26.177	29.98	4.61	138.26	14.17	7.67	108.64	78.6	6	31.15
26.300	30.12	4.57	137.74	14.16	7.70	109.01	79.1	6	31.12
26.422	30.00	4.57	137.23	14.15	7.56	107.01	78.0	6	31.08
26.544	30.03	4.55	136.72	14.13	7.60	107.35	78.5	6	31.02
26.667	30.07	4.53	136.21	14.13	7.55	106.65	78.3	6	30.98
26.789	30.21	4.49	135.69	14.14	7.53	106.56	78.5	6	30.94
26.911	30.16	4.50	135.69	14.14	7.54	106.65	78.6	6	30.92
27.034	30.03	4.52	135.69	14.11	7.58	106.94	78.8	6	30.91
27.156	30.32	4.48	135.69	14.14	7.57	106.95	78.8	6	30.91
27.278	30.04	4.52	135.69	14.10	7.53	106.22	78.3	6	30.91
27.401	30.18	4.50	135.69	14.14	7.51	106.28	78.3	6	30.91
27.523	30.09	4.51	135.69	14.13	7.50	105.92	78.1	6	30.91
27.645	30.03	4.52	135.69	14.11	7.54	106.31	78.3	6	30.91
27.768	30.09	4.51	135.69	14.19	7.54	107.06	78.9	6	30.91
27.890	30.17	4.50	135.69	14.12	7.53	106.35	78.4	6	30.91
28.012	30.17	4.50	135.69	14.15	7.53	106.50	78.5	6	30.91
28.135	30.14	4.50	135.69	14.13	7.57	107.04	78.9	6	30.91
28.257	30.16	4.50	135.69	14.12	7.53	106.36	78.4	6	30.91
28.379	29.98	4.53	135.69	14.17	7.53	106.70	78.6	6	30.91
28.502	30.14	4.50	135.69	14.11	7.54	106.34	78.4	6	30.91
28.624	30.17	4.50	135.69	14.13	7.52	106.29	78.3	6	30.92
28.746	30.18	4.50	135.79	14.13	7.55	106.62	78.5	6	30.92
28.869	30.22	4.50	135.89	14.11	7.53	106.30	78.2	6	30.93
28.991	30.14	4.51	135.99	14.11	7.58	107.02	78.7	6	30.94
29.113	30.20	4.51	136.09	14.13	7.50	105.93	77.8	6	30.95
29.236	30.11	4.52	136.19	14.15	7.54	106.69	78.3	6	30.96
29.358	30.09	4.53	136.28	14.14	7.53	106.47	78.1	6	30.97
29.480	30.07	4.54	136.39	14.11	7.56	106.73	78.3	6	30.98
29.602	30.18	4.52	136.39	14.13	7.57	106.94	78.4	6	30.98
29.725	30.11	4.53	136.39	14.14	7.56	106.91	78.4	6	30.98
29.847	30.20	4.52	136.39	14.13	7.57	106.93	78.4	6	30.98
29.969	30.08	4.53	136.39	14.17	7.58	107.32	78.7	6	30.98
30.092	30.17	4.52	136.39	14.14	7.61	107.54	78.8	6	30.98
30.214	30.02	4.54	136.39	14.12	7.53	106.30	77.9	6	30.99
30.336	30.09	4.53	136.39	14.11	7.58	106.95	78.4	6	31.01
30.459	30.07	4.55	136.80	14.18	7.60	107.70	78.7	6	31.02
30.581	29.98	4.57	137.00	14.14	7.62	107.79	78.7	6	31.05
30.703	29.98	4.58	137.21	14.16	7.59	107.53	78.4	6	31.07
30.826	29.87	4.60	137.40	14.18	7.64	108.37	78.9	6	31.09
30.948	30.11	4.57	137.61	14.16	7.60	107.67	78.2	6	31.11
31.070	30.10	4.57	137.70	14.17	7.61	107.85	78.3	6	31.11
31.193	30.06	4.58	137.70	14.15	7.66	108.33	78.7	6	31.10
31.315	30.07	4.57	137.29	14.17	7.59	107.60	78.4	6	31.09
31.437	29.94	4.58	137.09	14.16	7.57	107.10	78.1	6	31.06
31.560	30.22	4.53	136.89	14.17	7.58	107.34	78.4	6	31.04
31.682	30.11	4.54	136.69	14.16	7.58	107.35	78.5	6	31.02
31.804	30.01	4.55	136.49	14.14	7.57	107.08	78.5	6	31.00
31.927	30.16	4.52	136.39	14.11	7.54	106.40	78.0	6	30.99
32.049	30.17	4.52	136.39	14.11	7.63	107.68	78.9	6	30.99
32.171	30.05	4.54	136.39	14.18	7.53	106.76	78.3	6	30.98
32.294	30.23	4.51	136.39	14.12	7.57	106.85	78.3	6	30.98
32.416	30.12	4.53	136.39	14.15	7.55	106.77	78.3	6	30.98
32.538	30.21	4.51	136.39	14.14	7.55	106.79	78.3	6	30.98
32.661	29.99	4.55	136.39	14.15	7.60	107.52	78.8	6	30.98
32.783	29.98	4.55	136.39	14.12	7.54	106.44	78.0	6	30.98
32.905	29.99	4.55	136.39	14.12	7.52	106.26	77.9	6	30.98
33.028	30.22	4.51	136.39	14.12	7.57	106.86	78.3	6	30.98
33.150	30.25	4.51	136.39	14.13	7.57	107.02	78.5	6	30.98
33.272	29.99	4.55	136.39	14.14	7.60	107.42	78.8	6	30.98
33.395	30.09	4.53	136.39	14.12	7.51	106.04	77.7	6	30.99
33.517	30.17	4.52	136.39	14.09	7.55	106.36	78.0	6	31.01
33.639	30.01	4.56	136.80	14.18	7.59	107.70	78.7	6	31.04
33.761	30.00	4.57	137.22	14.16	7.63	108.00	78.7	6	31.07
33.884	30.11	4.57	137.63	14.14	7.61	107.56	78.2	6	31.11
34.006	30.02	4.60	138.04	14.14	7.64	108.12	78.3	6	31.14
34.129	29.99	4.60	138.04	14.18	7.65	108.52	78.6	6	31.15
34.251	29.97	4.61	138.04	14.15	7.63	107.92	78.2	6	31.15
34.373	30.11	4.59	138.04	14.17	7.66	108.55	78.6	6	31.14
34.495	29.97	4.59	137.63	14.17	7.61	107.78	78.3	6	31.11
34.618	30.09	4.56	137.22	14.12	7.59	107.26	78.2	6	31.07
34.740	30.07	4.55	136.80	14.13	7.61	107.47	78.6	6	31.04
34.862	30.18	4.52	136.39	14.15	7.57	107.14	78.6	6	31.01
34.985	29.98	4.55	136.39	14.16	7.55	106.95	78.4	6	30.99
35.107	30.15	4.52	136.39	14.12	7.58	106.97	78.4	6	30.99
35.229	30.12	4.53	136.39	14.14	7.58	107.18	78.6	6	31.01
35.352	30.09	4.55	136.80	14.13	7.60	107.36	78.5	6	31.04
35.474	30.10	4.56	137.22	14.15	7.59	107.45	78.3	6	31.07
35.596	30.09	4.57	137.63	14.18	7.64	108.32	78.7	6	31.11
35.719	30.16	4.58	138.04	14.18	7.69	109.03	79.0	6	31.14
35.841	30.10	4.59	138.04	14.19	7.64	108.41	78.5	6	31.15
35.963	30.07	4.59	138.04	14.18	7.68	108.99	79.0	6	31.15
36.086	30.13	4.58	138.04	14.15	7.60	107.50	77.9	6	31.14
36.208	30.06	4.58	137.63	14.14	7.63	107.84	78.4	6	31.11
36.330	30.04	4.57	137.22	14.14	7.59	107.34	78.2	6	31.07
36.453	30.17	4.53	136.80	14.16	7.56	106.97	78.2	6	31.04
36.575	30.05	4.54	136.39	14.13	7.57	106.99	78.4	6	31.01
36.697	30.18	4.52	136.39	14.14	7.59	107.33	78.7	6	30.99
36.820	30.25	4.51	136.39	14.17	7.53	106.75	78.3	6	30.98
36.942	30.14	4.53	136.39	14.13	7.57	106.90	78.4	6	30.98
37.064	30.07	4.54	136.39	14.12	7.54	106.38	78.0	6	30.98
37.187	30.23	4.51	136.39	14.13	7.56	106.89	78.4	6	30.98
37.309	30.09	4.53	136.39	14.15	7.63	107.97	79.2	6	30.99
37.431	30.22	4.51	136.39	14.15	7.56	107.01	78.5	6	30.99
37.553	30.08	4.54	136.49	14.11	7.59	107.09	78.5	6	31.00
37.676	30.13	4.53	136.59	14.13	7.60	107.41	78.6	6	31.03
37.798	30.04	4.56	137.00	14.18	7.56	107.16	78.2	6	31.06
37.921	30.10	4.57	137.42	14.13	7.63	107.89	78.5	6	31.10
38.043	30.15	4.57	137.83	14.22	7.65	108.80	78.9	6	31.14
38.165	30.03	4.60	138.25	14.17	7.65	108.49	78.5	6	31.17
38.288	29.93	4.63	138.66	14.16	7.70	108.99	78.6	6	31.20
38.410	29.97	4.63	138.76	14.20	7.67	108.97	78.5	6	31.21
38.532	29.91	4.64	138.86	14.14	7.67	108.37	78.0	6	31.21
38.654	29.88	4.64	138.65	14.18	7.70	109.29	78.8	6	31.21
38.777	30.07	4.60	138.43	14.23	7.65	108.79	78.6	6	31.20
38.899	30.02	4.61	138.32	14.18	7.69	108.96	78.8	6	31.19
39.021	30.03	4.60	138.21	14.13	7.68	108.49	78.5	6	31.18
39.144	30.10	4.59	138.09	14.19	7.63	108.23	78.4	6	31.18
39.266	29.88	4.62	138.19	14.19	7.65	108.51	78.5	6	31.18
39.388	30.01	4.61	138.29	14.17	7.69	109.00	78.8	6	31.19
39.511	30.08	4.60	138.39	14.13	7.68	108.52	78.4	6	31.20
39.633	29.91	4.63	138.61	14.15	7.68	108.74	78.5	6	31.21
39.755	29.90	4.64	138.71	14.19	7.64	108.42	78.2	6	31.21
39.878	29.99	4.63	138.83	14.13	7.75	109.52	78.9	6	31.22
40.000	30.09	4.62	138.95	14.18	7.70	109.18	78.6	6	31.22
40.122	29.89	4.65	139.06	14.19	7.71	109.32	78.6	6	31.23
40.245	30.07	4.63	139.17	14.23	7.68	109.31	78.5	6	31.23
40.367	29.94	4.65	139.29	14.20	7.69	109.26	78.4	6	31.23
40.489	29.97	4.65	139.29	14.17	7.69	108.94	78.2	6	31.23
40.612	29.85	4.66	139.07	14.22	7.70	109.52	78.8	6	31.22
40.734	29.90	4.64	138.86	14.18	7.63	108.28	78.0	6	31.22
40.856	30.06	4.61	138.65	14.18	7.62	107.99	77.9	6	31.21
40.979	30.00	4.61	138.43	14.17	7.68	108.88	78.7	6	31.20
41.101	30.10	4.59	138.22	14.17	7.65	108.45	78.5	6	31.18
41.223	29.99	4.60	138.00	14.15	7.68	108.62	78.7	6	31.17
41.346	30.08	4.58	137.79	14.21	7.62	108.21	78.5	6	31.16
41.468	29.91	4.61	138.00	14.15	7.61	107.66	78.0	6	31.17
41.590	29.95	4.62	138.22	14.15	7.69	108.82	78.7	6	31.18
41.713	29.95	4.62	138.43	14.15	7.69	108.74	78.6	6	31.19
41.835	30.08	4.61	138.65	14.15	7.69	108.78	78.5	6	31.20
41.957	29.92	4.63	138.55	14.15	7.68	108.63	78.4	6	31.20
42.080	29.91	4.63	138.44	14.16	7.73	109.52	79.1	6	31.19
42.202	29.96	4.61	138.25	14.23	7.61	108.36	78.4	6	31.17
42.324	30.07	4.58	137.83	14.13	7.69	108.74	78.9	6	31.14
42.447	30.22	4.55	137.42	14.13	7.59	107.30	78.1	6	31.10
42.569	30.13	4.55	137.00	14.13	7.60	107.33	78.3	6	31.06
42.691	29.96	4.56	136.59	14.15	7.57	107.13	78.4	6	31.03
42.813	30.07	4.54	136.49	14.11	7.54	106.43	78.0	6	31.00
42.936	30.18	4.52	136.39	14.15	7.57	107.13	78.5	6	30.99
43.058	30.28	4.50	136.39	14.17	7.56	107.17	78.6	6	30.99
43.180	30.06	4.54	136.39	14.14	7.55	106.79	78.3	6	30.98
43.303	30.17	4.52	136.39	14.14	7.57	107.06	78.5	6	30.98
43.425	30.00	4.55	136.39	14.15	7.55	106.81	78.3	6	30.98
43.547	30.06	4.54	136.39	14.13	7.55	106.69	78.2	6	30.98
43.670	30.02	4.54	136.39	14.13	7.57	106.95	78.4	6	30.98
43.792	30.11	4.53	136.39	14.14	7.57	107.05	78.5	6	30.98
43.914	30.05	4.54	136.39	14.12	7.58	107.03	78.5	6	30.98
44.037	30.10	4.53	136.39	14.16	7.55	106.89	78.4	6	30.98
44.159	30.05	4.54	136.39	14.13	7.56	106.79	78.3	6	30.98
44.281	30.11	4.53	136.39	14.12	7.54	106.49	78.1	6	30.98
44.404	30.08	4.53	136.39	14.13	7.55	106.72	78.2	6	30.98
44.526	30.10	4.53	136.28	14.11	7.54	106.38	78.1	6	30.97
44.648	30.15	4.52	136.19	14.14	7.55	106.78	78.4	6	30.96
44.771	30.18	4.51	136.09	14.13	7.59	107.17	78.7	6	30.95
44.893	30.13	4.51	135.99	14.17	7.59	107.59	79.1	6	30.94
45.015	30.09	4.52	135.89	14.13	7.53	106.41	78.3	6	30.94
45.138	30.09	4.51	135.79	14.11	7.49	105.71	77.8	6	30.96
45.260	30.08	4.53	136.21	14.14	7.56	106.90	78.5	6	30.98
45.382	30.27	4.52	136.72	14.11	7.61	107.41	78.6	6	31.02
45.505	30.12	4.56	137.23	14.19	7.63	108.21	78.9	6	31.08
45.627	29.81	4.62	137.74	14.15	7.63	107.89	78.3	6	31.13
45.749	29.95	4.62	138.26	14.18	7.71	109.32	79.1	6	31.17
45.872	30.07	4.61	138.77	14.19	7.67	108.79	78.4	6	31.20
45.994	30.13	4.62	139.29	14.20	7.70	109.28	78.5	6	31.20
46.116	29.94	4.63	138.67	14.19	7.69	109.15	78.7	6	31.19
46.239	30.11	4.59	138.06	14.17	7.67	108.74	78.8	6	31.15
46.361	30.19	4.55	137.45	14.16	7.61	107.82	78.4	6	31.10
46.483	30.09	4.55	136.83	14.13	7.57	106.93	78.1	6	31.03
46.605	30.34	4.49	136.22	14.13	7.56	106.84	78.4	6	30.97
46.728	30.25	4.48	135.60	14.14	7.54	106.57	78.6	6	30.91
46.850	30.25	4.46	134.99	14.14	7.55	106.81	79.1	6	30.87
46.973	30.25	4.46	134.99	14.07	7.48	105.27	78.0	6	30.85
47.095	30.21	4.47	134.99	14.09	7.46	105.14	77.9	6	30.84
47.217	30.24	4.46	134.99	14.11	7.49	105.73	78.3	6	30.84
47.340	30.26	4.46	135.09	14.15	7.53	106.57	78.9	6	30.85
47.462	30.15	4.48	135.19	14.15	7.51	106.27	78.6	6	30.85
47.584	30.16	4.49	135.28	14.15	7.52	106.38	78.6	6	30.87
47.706	30.16	4.49	135.39	14.07	7.50	105.54	78.0	6	30.88
47.829	30.15	4.49	135.49	14.13	7.51	106.07	78.3	6	30.89
47.951	30.19	4.49	135.58	14.14	7.56	106.93	78.9	6	30.90
48.073	30.11	4.51	135.69	14.17	7.52	106.55	78.5	6	30.90
48.196	30.23	4.49	135.69	14.12	7.48	105.54	77.8	6	30.92
48.318	30.18	4.50	135.69	14.15	7.53	106.55	78.5	6	30.94
48.440	30.05	4.53	136.21	14.14	7.52	106.28	78.0	6	30.98
48.563	30.13	4.54	136.72	14.13	7.59	107.22	78.4	6	31.01
48.685	30.05	4.57	137.23	14.12	7.63	107.67	78.5	6	31.04
48.807	30.06	4.57	137.23	14.13	7.61	107.58	78.4	6	31.06
48.930	30.16	4.55	137.23	14.14	7.64	108.00	78.7	6	31.07
49.052	30.07	4.56	137.23	14.14	7.61	107.54	78.4	6	31.06
49.174	30.16	4.55	137.23	14.18	7.60	107.81	78.6	6	31.04
49.297	30.06	4.55	136.72	14.17	7.61	107.82	78.9	6	31.01
49.419	30.12	4.52	136.21	14.16	7.59	107.41	78.9	6	30.98
49.541	30.11	4.51	135.69	14.13	7.54	106.61	78.6	6	30.94
49.664	30.15	4.50	135.69	14.13	7.53	106.36	78.4	6	30.92
49.786	30.17	4.50	135.69	14.12	7.57	106.86	78.8	6	30.91
49.908	30.23	4.49	135.69	14.10	7.50	105.81	78.0	6	30.91
50.031	30.31	4.48	135.69	14.13	7.58	107.16	79.0	6	30.91
50.153	30.21	4.49	135.69	14.13	7.50	105.99	78.1	6	30.91
50.275	30.19	4.49	135.69	14.12	7.53	106.34	78.4	6	30.91
50.398	30.19	4.49	135.69	14.12	7.48	105.71	77.9	6	30.91
50.520	30.22	4.49	135.69	14.15	7.51	106.33	78.4	6	30.92
50.642	30.07	4.52	135.89	14.14	7.57	107.07	78.8	6	30.93
50.764	30.23	4.50	136.09	14.12	7.57	106.83	78.5	6	30.95
50.887	30.12	4.52	136.19	14.15	7.53	106.51	78.2	6	30.96
51.009	30.27	4.50	136.28	14.17	7.54	106.86	78.4	6	30.97
51.132	30.09	4.53	136.39	14.18	7.56	107.18	78.6	6	30.98
51.254	30.22	4.52	136.49	14.15	7.53	106.51	78.0	6	30.99
51.376	30.18	4.53	136.59	14.16	7.52	106.43	77.9	6	30.99
51.498	30.14	4.53	136.49	14.16	7.64	108.13	79.2	6	30.99
51.621	30.12	4.53	136.39	14.12	7.58	107.04	78.5	6	30.99
51.743	30.11	4.53	136.39	14.15	7.57	107.06	78.5	6	30.99
51.866	29.96	4.55	136.39	14.12	7.52	106.16	77.8	6	30.99
51.988	30.11	4.53	136.49	14.13	7.58	107.19	78.5	6	31.00
52.110	30.10	4.54	136.59	14.15	7.59	107.40	78.6	6	31.01
52.232	30.14	4.54	136.69	14.12	7.59	107.13	78.4	6	31.02
52.355	30.13	4.54	136.79	14.11	7.56	106.71	78.0	6	31.03
52.477	30.05	4.56	136.99	14.15	7.60	107.57	78.5	6	31.05
52.599	29.98	4.58	137.19	14.15	7.67	108.52	79.1	6	31.07
52.722	30.04	4.57	137.39	14.17	7.64	108.20	78.8	6	31.09
52.844	30.04	4.58	137.49	14.17	7.65	108.32	78.8	6	31.11
52.966	29.95	4.60	137.69	14.18	7.68	108.89	79.1	6	31.13
53.089	29.95	4.60	137.89	14.16	7.69	108.93	79.0	6	31.14
53.211	29.97	4.61	138.09	14.19	7.61	107.97	78.2	6	31.16
53.333	29.90	4.62	138.19	14.21	7.65	108.72	78.7	6	31.18
53.456	30.02	4.61	138.29	14.17	7.65	108.33	78.3	6	31.19
53.578	30.05	4.61	138.39	14.17	7.64	108.22	78.2	6	31.20
53.700	29.94	4.63	138.49	14.16	7.67	108.69	78.5	6	31.20
53.823	30.06	4.61	138.49	14.16	7.73	109.46	79.0	6	31.21
53.945	30.00	4.62	138.49	14.17	7.69	109.05	78.7	6	31.21
54.067	30.00	4.62	138.61	14.16	7.73	109.46	79.0	6	31.21
54.190	30.02	4.62	138.71	14.19	7.71	109.36	78.8	6	31.22
54.312	29.99	4.63	138.83	14.19	7.71	109.43	78.8	6	31.22
54.434	30.03	4.63	138.95	14.18	7.74	109.81	79.0	6	31.22
54.557	29.91	4.65	139.06	14.15	7.64	108.02	77.7	6	31.22
54.679	30.12	4.62	139.12	14.18	7.68	108.86	78.3	6	31.23
54.801	29.91	4.65	139.12	14.19	7.69	109.14	78.4	6	31.22
54.924	30.02	4.63	139.00	14.18	7.66	108.57	78.1	6	31.22
55.046	30.07	4.62	138.89	14.19	7.71	109.42	78.8	6	31.22
55.168	30.05	4.62	138.77	14.17	7.70	109.04	78.6	6	31.21
55.291	30.09	4.61	138.56	14.20	7.68	109.13	78.8	6	31.20
55.413	30.03	4.61	138.34	14.17	7.66	108.48	78.4	6	31.19
55.535	30.12	4.59	138.19	14.19	7.62	108.10	78.2	6	31.18
55.657	29.92	4.62	138.09	14.17	7.64	108.28	78.4	6	31.17
55.780	29.98	4.60	137.99	14.19	7.60	107.90	78.2	6	31.16
55.902	29.85	4.62	137.89	14.15	7.67	108.49	78.7	6	31.15
56.025	29.96	4.60	137.79	14.17	7.66	108.51	78.8	6	31.14
56.147	29.96	4.60	137.69	14.18	7.59	107.62	78.2	6	31.12
56.269	30.07	4.58	137.59	14.15	7.63	108.04	78.5	6	31.11
56.392	30.10	4.57	137.49	14.17	7.62	107.96	78.5	6	31.10
56.514	29.97	4.58	137.39	14.14	7.69	108.68	79.1	6	31.09
56.636	29.97	4.58	137.29	14.17	7.57	107.32	78.2	6	31.08
56.758	30.14	4.55	137.19	14.12	7.63	107.81	78.6	6	31.07
56.881	30.08	4.56	137.09	14.10	7.56	106.54	77.7	6	31.06
57.003	30.16	4.54	136.99	14.12	7.57	106.94	78.1	6	31.05
57.125	30.08	4.55	136.89	14.09	7.62	107.40	78.5	6	31.04
57.248	30.21	4.53	136.79	14.15	7.64	108.17	79.1	6	31.03
57.370	30.07	4.55	136.69	14.14	7.54	106.57	78.0	6	31.02
57.492	30.11	4.54	136.59	14.16	7.59	107.41	78.6	6	31.01
57.615	30.09	4.54	136.49	14.14	7.56	106.85	78.3	6	31.00
57.737	30.23	4.51	136.39	14.15	7.57	107.06	78.5	6	30.99
57.859	30.07	4.54	136.39	14.15	7.60	107.59	78.9	6	30.99
57.982	30.06	4.54	136.39	14.15	7.60	107.51	78.8	6	30.98
58.104	30.09	4.53	136.39	14.15	7.49	105.99	77.7	6	30.98
58.226	30.09	4.53	136.39	14.13	7.52	106.29	77.9	6	30.98
58.349	30.13	4.53	136.39	14.13	7.57	106.90	78.4	6	30.98
58.471	30.08	4.53	136.39	14.17	7.59	107.57	78.9	6	30.98
58.593	30.03	4.54	136.39	14.14	7.52	106.39	78.0	6	30.98
58.716	30.11	4.53	136.39	14.12	7.54	106.49	78.1	6	30.99
58.838	30.07	4.54	136.39	14.14	7.54	106.56	78.1	6	30.99
58.960	30.06	4.54	136.49	14.10	7.56	106.57	78.1	6	31.00
59.083	30.13	4.53	136.59	14.10	7.63	107.57	78.8	6	31.01
59.205	30.05	4.55	136.69	14.17	7.61	107.82	78.9	6	31.02
59.327	30.02	4.56	136.79	14.18	7.61	107.92	78.9	6	31.03
59.450	30.13	4.54	136.89	14.16	7.62	107.93	78.8	6	31.04
59.572	30.23	4.53	136.99	14.17	7.60	107.63	78.6	6	31.04
59.694	30.15	4.54	136.99	14.16	7.66	108.38	79.1	6	31.04
59.816	30.00	4.56	136.89	14.14	7.55	106.78	78.0	6	31.04
59.939	30.04	4.55	136.79	14.18	7.57	107.32	78.5	6	31.03
60.061	30.06	4.55	136.69	14.12	7.59	107.21	78.4	6	31.02
60.184	30.12	4.53	136.59	14.14	7.56	106.80	78.2	6	31.01
60.306	30.08	4.54	136.49	14.09	7.58	106.71	78.2	6	31.00
60.428	30.20	4.52	136.39	14.17	7.58	107.33	78.7	6	30.99
60.551	30.15	4.52	136.39	14.15	7.55	106.78	78.3	6	30.99
60.673	30.05	4.54	136.39	14.12	7.57	106.91	78.4	6	30.98
60.795	30.07	4.54	136.39	14.13	7.55	106.69	78.2	6	30.98
60.917	30.17	4.52	136.39	14.14	7.58	107.13	78.5	6	30.98
61.040	30.11	4.53	136.39	14.16	7.50	106.18	77.8	6	30.99
61.162	30.20	4.52	136.39	14.12	7.59	107.16	78.6	6	30.99
61.284	30.01	4.55	136.49	14.18	7.58	107.49	78.8	6	31.00
61.407	29.97	4.56	136.59	14.19	7.62	108.08	79.1	6	31.01
61.529	30.32	4.51	136.69	14.11	7.58	106.97	78.3	6	31.02
61.651	30.02	4.56	136.79	14.11	7.63	107.59	78.7	6	31.03
61.774	30.05	4.56	136.89	14.17	7.59	107.58	78.6	6	31.04
61.896	30.06	4.56	136.99	14.15	7.61	107.65	78.6	6	31.05
62.018	30.05	4.56	137.19	14.16	7.61	107.73	78.5	6	31.07
62.141	30.19	4.55	137.29	14.20	7.61	108.05	78.7	6	31.08
62.263	30.13	4.56	137.39	14.17	7.63	108.11	78.7	6	31.09
62.385	29.91	4.60	137.49	14.09	7.67	108.06	78.6	6	31.10
62.508	30.04	4.58	137.59	14.15	7.64	108.10	78.6	6	31.11
62.630	30.14	4.57	137.69	14.14	7.64	108.10	78.5	6	31.12
62.752	30.14	4.57	137.79	14.15	7.60	107.54	78.0	6	31.13
62.875	29.96	4.60	137.79	14.16	7.65	108.30	78.6	6	31.13
62.997	30.04	4.58	137.69	14.19	7.66	108.69	78.9	6	31.12
63.119	30.09	4.57	137.59	14.14	7.66	108.30	78.7	6	31.11
63.242	30.15	4.56	137.49	14.19	7.60	107.85	78.4	6	31.10
63.364	29.91	4.59	137.39	14.15	7.61	107.71	78.4	6	31.09
63.486	30.07	4.57	137.29	14.15	7.63	107.98	78.7	6	31.08
63.609	29.91	4.59	137.19	14.13	7.59	107.28	78.2	6	31.07
63.731	30.13	4.55	137.09	14.15	7.61	107.65	78.5	6	31.07
63.853	30.12	4.55	137.09	14.15	7.62	107.80	78.6	6	31.06
63.976	30.07	4.56	137.09	14.16	7.63	108.00	78.8	6	31.06
64.098	30.10	4.56	137.09	14.17	7.63	108.19	78.9	6	31.06
64.220	30.10	4.56	137.09	14.14	7.62	107.76	78.6	6	31.06
64.342	30.12	4.55	137.09	14.15	7.52	106.45	77.7	6	31.06
64.465	30.16	4.55	137.09	14.15	7.62	107.93	78.7	6	31.06
64.587	30.09	4.56	137.09	14.13	7.62	107.70	78.6	6	31.06
64.709	29.86	4.59	137.09	14.13	7.63	107.75	78.6	6	31.06
64.832	30.15	4.55	137.09	14.12	7.62	107.51	78.4	6	31.06
64.954	30.06	4.56	137.09	14.13	7.61	107.46	78.4	6	31.05
65.076	30.10	4.55	136.99	14.14	7.64	107.97	78.8	6	31.05
65.199	30.08	4.55	136.89	14.17	7.56	107.06	78.2	6	31.04
65.321	30.16	4.53	136.79	14.16	7.59	107.50	78.6	6	31.03
65.443	30.12	4.54	136.69	14.14	7.59	107.33	78.5	6	31.02
65.566	30.16	4.53	136.59	14.16	7.57	107.15	78.4	6	31.01
65.688	30.00	4.55	136.49	14.15	7.61	107.69	78.9	6	31.00
65.810	30.31	4.50	136.39	14.14	7.55	106.69	78.2	6	30.99
65.933	30.19	4.52	136.39	14.09	7.59	106.87	78.4	6	30.99
66.055	30.01	4.55	136.39	14.15	7.54	106.70	78.2	6	30.98
66.177	30.02	4.54	136.39	14.14	7.56	106.89	78.4	6	30.98
66.300	30.10	4.53	136.39	14.14	7.53	106.46	78.1	6	30.98
66.422	30.18	4.52	136.39	14.16	7.61	107.69	79.0	6	30.98
66.544	30.11	4.53	136.39	14.20	7.61	108.06	79.2	6	30.98
66.667	30.17	4.52	136.39	14.13	7.60	107.37	78.7	6	30.98
66.789	30.13	4.53	136.39	14.12	7.55	106.59	78.2	6	30.98
66.911	30.09	4.53	136.39	14.14	7.58	107.19	78.6	6	30.98
67.034	30.03	4.54	136.39	14.14	7.57	107.00	78.5	6	30.98
67.156	30.23	4.51	136.39	14.11	7.59	107.11	78.5	6	30.98
67.278	30.12	4.53	136.39	14.17	7.59	107.51	78.8	6	30.98
67.401	30.25	4.51	136.39	14.11	7.58	106.95	78.4	6	30.98
67.523	30.15	4.52	136.39	14.11	7.51	105.98	77.7	6	30.99
67.645	30.13	4.53	136.39	14.17	7.60	107.63	78.9	6	30.99
67.768	30.03	4.55	136.49	14.11	7.52	106.12	77.7	6	31.00
67.890	30.13	4.53	136.59	14.14	7.54	106.61	78.1	6	31.01
68.012	30.12	4.54	136.69	14.13	7.63	107.85	78.9	6	31.02
68.135	30.05	4.55	136.79	14.14	7.60	107.49	78.6	6	31.05
68.257	30.03	4.57	137.21	14.14	7.64	108.01	78.7	6	31.07
68.379	30.17	4.56	137.62	14.15	7.63	107.93	78.4	6	31.10
68.501	29.91	4.61	137.82	14.14	7.62	107.74	78.2	6	31.13
68.624	30.12	4.58	137.92	14.16	7.64	108.19	78.4	6	31.14
68.746	30.05	4.59	138.01	14.20	7.67	108.85	78.9	6	31.15
68.868	30.16	4.58	138.01	14.20	7.68	108.99	79.0	6	31.15
68.991	30.08	4.59	138.01	14.15	7.67	108.50	78.6	6	31.14
69.113	29.99	4.59	137.70	14.17	7.61	107.88	78.3	6	31.13
69.235	30.02	4.58	137.39	14.19	7.60	107.90	78.5	6	31.11
69.358	30.03	4.58	137.39	14.13	7.62	107.68	78.4	6	31.10
69.480	30.20	4.55	137.39	14.18	7.64	108.37	78.9	6	31.09
69.602	30.19	4.55	137.39	14.16	7.62	107.95	78.6	6	31.10
69.725	30.29	4.54	137.49	14.16	7.64	108.11	78.6	6	31.11
69.847	29.91	4.60	137.59	14.17	7.64	108.25	78.7	6	31.13
69.969	29.96	4.60	137.91	14.17	7.67	108.69	78.8	6	31.15
70.092	29.86	4.63	138.22	14.17	7.68	108.90	78.8	6	31.16
70.214	30.10	4.59	138.22	14.18	7.64	108.36	78.4	6	31.17
70.336	30.18	4.58	138.22	14.16	7.65	108.31	78.4	6	31.18
70.459	29.91	4.62	138.22	14.16	7.71	109.10	78.9	6	31.18
70.581	30.05	4.60	138.22	14.15	7.68	108.65	78.6	6	31.18
70.703	30.00	4.61	138.22	14.10	7.64	107.82	78.0	6	31.17
70.826	29.98	4.60	138.00	14.16	7.60	107.60	78.0	6	31.16
70.948	29.97	4.60	137.79	14.13	7.60	107.49	78.0	6	31.16
71.070	30.04	4.59	137.89	14.18	7.64	108.32	78.6	6	31.15
71.193	30.05	4.59	137.99	14.16	7.61	107.70	78.0	6	31.16
71.315	30.05	4.60	138.09	14.14	7.60	107.43	77.8	6	31.17
71.437	30.13	4.59	138.19	14.18	7.63	108.17	78.3	6	31.18
71.560	29.97	4.61	138.29	14.21	7.68	109.09	78.9	6	31.19
71.682	29.98	4.62	138.39	14.15	7.65	108.23	78.2	6	31.20
71.804	30.04	4.61	138.49	14.17	7.67	108.69	78.5	6	31.20
71.927	30.05	4.61	138.49	14.12	7.70	108.75	78.5	6	31.21
72.049	30.00	4.62	138.55	14.20	7.66	108.79	78.5	6	31.21
72.171	30.03	4.62	138.61	14.14	7.67	108.50	78.3	6	31.21
72.294	30.07	4.61	138.71	14.15	7.73	109.36	78.8	6	31.22
72.416	29.98	4.63	138.83	14.18	7.72	109.41	78.8	6	31.22
72.538	30.00	4.63	138.95	14.15	7.64	108.05	77.8	6	31.22
72.661	29.94	4.64	139.06	14.16	7.71	109.24	78.6	6	31.23
72.783	30.02	4.64	139.17	14.17	7.70	109.16	78.4	6	31.23
72.905	30.02	4.64	139.23	14.24	7.67	109.25	78.5	6	31.23
73.027	29.79	4.68	139.29	14.20	7.70	109.39	78.5	6	31.23
73.150	29.93	4.65	139.29	14.18	7.74	109.77	78.8	6	31.23
73.272	30.07	4.63	139.29	14.20	7.70	109.32	78.5	6	31.23
73.394	29.96	4.65	139.29	14.23	7.73	110.03	79.0	6	31.23
73.517	29.99	4.65	139.29	14.21	7.71	109.56	78.7	6	31.23
73.639	30.01	4.64	139.29	14.20	7.68	108.97	78.2	6	31.23
73.761	30.00	4.64	139.29	14.21	7.69	109.30	78.5	6	31.23
73.884	29.95	4.65	139.29	14.24	7.73	110.06	79.0	6	31.23
74.006	29.89	4.66	139.29	14.20	7.66	108.75	78.1	6	31.23
74.128	29.84	4.67	139.29	14.21	7.71	109.59	78.7	6	31.23
74.251	30.00	4.64	139.29	14.21	7.74	109.95	78.9	6	31.23
74.373	29.90	4.66	139.29	14.19	7.70	109.24	78.4	6	31.23
74.495	29.81	4.67	139.29	14.18	7.68	108.93	78.2	6	31.23
74.618	29.93	4.65	139.29	14.18	7.72	109.49	78.6	6	31.23
74.740	30.00	4.64	139.29	14.18	7.70	109.19	78.4	6	31.23
74.862	29.99	4.64	139.29	14.24	7.72	110.00	79.0	6	31.23
74.985	29.97	4.65	139.29	14.22	7.70	109.50	78.6	6	31.23
75.107	30.00	4.64	139.29	14.17	7.73	109.47	78.6	6	31.23
75.229	29.93	4.65	139.29	14.17	7.69	108.92	78.2	6	31.23
75.352	30.03	4.64	139.29	14.18	7.67	108.80	78.1	6	31.23
75.474	30.13	4.62	139.29	14.17	7.74	109.65	78.7	6	31.23
75.596	29.96	4.65	139.29	14.22	7.71	109.59	78.7	6	31.23
75.719	29.88	4.66	139.29	14.20	7.73	109.70	78.8	6	31.23
75.841	29.93	4.65	139.29	14.17	7.69	108.88	78.2	6	31.23
75.963	30.05	4.63	139.29	14.20	7.72	109.68	78.7	6	31.23
76.086	30.05	4.63	139.29	14.19	7.72	109.56	78.7	6	31.23
76.208	29.85	4.67	139.29	14.16	7.72	109.29	78.5	6	31.23
76.330	29.86	4.66	139.29	14.24	7.72	109.92	78.9	6	31.23
76.453	29.93	4.65	139.17	14.19	7.71	109.37	78.6	6	31.23
76.575	29.97	4.64	139.06	14.21	7.69	109.35	78.6	6	31.23
76.697	29.83	4.66	138.95	14.19	7.69	109.09	78.5	6	31.22
76.820	29.90	4.64	138.83	14.19	7.70	109.28	78.7	6	31.22
76.942	29.94	4.63	138.71	14.17	7.77	110.09	79.4	6	31.22
77.064	29.97	4.63	138.61	14.17	7.66	108.59	78.3	6	31.21
77.187	29.77	4.65	138.49	14.16	7.69	108.96	78.7	6	31.21
77.309	29.95	4.62	138.49	14.15	7.69	108.89	78.6	6	31.21
77.431	30.04	4.61	138.49	14.19	7.69	109.13	78.8	6	31.21
77.553	30.01	4.61	138.49	14.17	7.64	108.28	78.2	6	31.21
77.676	29.99	4.62	138.49	14.19	7.68	108.97	78.7	6	31.21
77.798	29.94	4.63	138.49	14.19	7.69	109.12	78.8	6	31.21
77.920	29.90	4.63	138.49	14.18	7.64	108.25	78.2	6	31.21
78.043	30.08	4.61	138.61	14.20	7.67	108.91	78.6	6	31.21
78.165	29.97	4.63	138.71	14.18	7.68	108.84	78.5	6	31.22
78.287	30.03	4.62	138.83	14.19	7.69	109.12	78.6	6	31.22
78.410	30.16	4.60	138.83	14.20	7.72	109.54	78.9	6	31.22
78.532	29.85	4.65	138.83	14.19	7.68	109.03	78.5	6	31.22
78.654	30.00	4.63	138.83	14.21	7.68	109.07	78.6	6	31.22
78.777	30.13	4.61	138.73	14.18	7.66	108.70	78.3	6	31.21
78.899	30.01	4.62	138.52	14.16	7.68	108.69	78.5	6	31.20
79.021	30.06	4.60	138.31	14.15	7.60	107.55	77.8	6	31.19
79.144	29.96	4.61	138.09	14.16	7.67	108.65	78.7	6	31.17
79.266	29.76	4.64	137.99	14.16	7.59	107.56	77.9	6	31.16
79.388	30.19	4.57	137.89	14.19	7.68	108.99	79.0	6	31.15
79.511	30.10	4.58	137.79	14.17	7.65	108.39	78.7	6	31.14
79.633	30.00	4.59	137.79	14.15	7.63	107.90	78.3	6	31.14
79.755	29.96	4.60	137.79	14.12	7.61	107.46	78.0	6	31.14
