13.627	39.63	0.00	0.00	0.04	0.00	0.00	0.0	5	0.0
14.020	39.68	0.00	0.00	0.07	0.00	0.00	0.0	5	0.5
14.413	39.87	0.00	0.00	0.61	0.31	0.19	0.0	5	1.0
14.807	39.80	0.00	0.00	0.88	0.56	0.49	0.0	5	2.0
15.201	39.84	0.02	0.67	1.21	0.82	0.99	148.2	5	2.5
15.597	39.60	0.04	1.45	1.46	1.02	1.49	102.5	5	3.0
15.993	39.57	0.05	2.04	1.67	1.11	1.85	90.9	5	3.5
16.388	39.48	0.06	2.38	1.90	1.27	2.41	101.3	5	4.5
16.784	39.60	0.09	3.49	2.09	1.40	2.93	83.9	5	5.0
17.179	39.61	0.11	4.43	2.27	1.57	3.57	80.6	5	5.5
17.574	39.53	0.13	5.02	2.50	1.55	3.88	77.2	5	6.0
17.969	39.58	0.19	7.50	2.75	2.11	5.79	77.3	5	7.0
18.364	39.35	0.24	9.40	2.93	2.46	7.20	76.6	5	7.5
18.759	39.14	0.37	14.66	3.01	3.51	10.56	72.0	5	8.0
19.156	38.95	0.48	18.57	3.07	4.21	12.92	69.6	5	8.5
19.553	38.80	0.61	23.55	3.28	4.90	16.07	68.2	5	9.5
19.950	38.55	0.73	28.14	3.38	5.63	19.02	67.6	5	10.0
20.348	38.15	0.92	35.05	3.41	6.60	22.50	64.2	5	10.5
20.746	37.98	1.03	39.02	3.49	7.03	24.56	62.9	5	11.5
21.144	37.70	1.19	44.73	3.73	7.54	28.15	62.9	5	12.0
21.542	37.29	1.31	48.80	3.94	7.80	30.73	63.0	5	12.5
21.940	37.12	1.43	53.17	4.13	8.21	33.85	63.7	5	13.0
22.338	37.92	1.07	40.63	5.06	5.62	28.48	70.1	5	14.0
22.736	38.25	0.93	35.67	5.57	4.82	26.85	75.3	5	14.5
23.134	38.30	0.86	33.12	6.01	4.14	24.88	75.1	5	15.0
23.532	37.93	1.04	39.57	6.13	4.85	29.77	75.2	5	15.5
23.930	37.94	1.03	39.24	6.52	4.60	29.99	76.4	5	16.5
24.328	37.69	1.14	42.97	6.82	4.85	33.08	77.0	5	17.0
24.726	37.62	1.21	45.70	7.01	5.01	35.15	76.9	5	17.5
25.124	37.36	1.30	48.48	7.26	4.94	35.90	74.0	5	18.0
25.522	37.00	1.39	51.37	7.51	5.31	39.89	77.7	5	19.0
25.920	36.79	1.49	54.97	7.81	5.38	41.97	76.4	5	19.5
26.318	36.48	1.56	56.93	7.98	5.49	43.76	76.9	5	20.0
26.716	36.15	1.64	59.24	8.16	5.84	47.65	80.4	5	20.5
27.114	35.46	1.77	62.59	8.77	4.37	38.28	61.2	5	21.5
27.512	34.75	1.85	64.28	8.40	6.14	51.53	80.2	5	22.0
27.910	33.58	1.88	63.00	8.65	4.89	42.28	67.1	5	22.5
28.308	30.31	1.89	57.28	7.82	5.63	44.06	76.9	5	23.5
28.706	27.43	1.89	51.73	7.31	5.40	39.48	76.3	5	24.0
29.104	24.75	1.90	46.92	6.73	5.31	35.75	76.2	5	24.5
29.502	22.07	1.90	41.92	6.13	5.04	30.90	73.7	5	25.0
29.900	20.13	1.92	38.70	5.73	4.87	27.90	72.1	5	26.0
30.298	18.35	1.97	36.15	5.31	5.03	26.71	73.9	5	26.5
30.696	18.24	2.04	37.25	5.46	5.00	27.33	73.4	5	27.0
31.094	17.53	2.09	36.65	5.44	5.01	27.25	74.4	5	27.5
31.492	17.71	2.09	36.98	5.71	4.78	27.26	73.7	5	28.5
31.890	17.25	2.23	38.40	5.78	4.90	28.34	73.8	5	29.0
32.288	17.22	2.19	37.76	5.91	4.89	28.93	76.6	5	29.5
32.686	17.07	2.28	38.94	5.98	4.94	29.52	75.8	5	30.0
33.084	16.76	2.34	39.28	6.14	4.97	30.50	77.7	5	31.0
33.482	16.66	2.48	41.35	6.31	4.81	30.34	73.4	5	31.5
33.880	16.25	2.72	44.21	6.38	4.76	30.41	68.8	5	32.0
34.278	16.56	2.51	41.56	6.52	5.13	33.48	80.5	5	33.0
34.676	16.07	2.73	43.89	6.64	4.99	33.13	75.5	5	33.5
35.074	15.90	2.85	45.31	6.74	5.10	34.38	75.9	5	34.0
35.472	15.73	2.95	46.36	6.83	5.15	35.17	75.9	5	34.5
35.870	15.48	3.10	47.95	6.79	5.30	36.00	75.1	5	35.5
36.268	15.52	3.15	48.88	7.04	5.18	36.43	74.5	5	36.0
36.666	15.28	3.29	50.32	7.10	5.27	37.44	74.4	5	36.5
37.064	14.82	3.46	51.24	7.13	5.33	37.99	74.1	5	37.0
37.462	14.84	3.56	52.86	7.17	5.45	39.11	74.0	5	38.0
37.860	14.40	3.71	53.44	7.23	5.55	40.10	75.0	5	38.5
38.258	14.14	3.81	53.82	7.25	5.52	39.97	74.3	5	39.0
38.656	14.20	3.83	54.33	7.41	5.46	40.49	74.5	5	39.5
39.054	13.72	3.97	54.53	7.41	5.28	39.10	71.7	5	40.5
39.452	13.42	4.07	54.68	7.42	5.39	40.03	73.2	5	41.0
39.850	13.03	4.19	54.60	7.36	5.37	39.50	72.4	5	41.5
40.248	12.58	4.26	53.65	7.31	5.31	38.80	72.3	5	42.0
40.646	12.18	4.35	52.96	7.19	5.38	38.72	73.1	5	43.0
41.044	11.51	4.46	51.33	6.96	5.27	36.71	71.5	5	43.5
41.442	10.90	4.49	48.95	6.85	5.08	34.85	71.2	5	44.0
41.840	10.93	4.51	49.27	6.91	5.14	35.51	72.1	5	45.0
42.238	9.88	4.53	44.79	6.23	5.27	32.82	73.3	5	45.5
42.635	9.47	4.57	43.25	6.09	4.97	30.28	70.0	5	46.0
43.032	9.00	4.56	41.09	5.85	5.04	29.51	71.8	5	46.5
43.429	8.13	4.59	37.36	5.46	4.71	25.70	68.8	5	47.5
43.826	7.72	4.58	35.35	5.28	4.55	24.02	67.9	5	48.0
44.223	6.88	4.59	31.53	4.68	4.37	20.42	64.8	5	48.5
44.620	6.08	4.59	27.90	4.00	4.48	17.92	64.2	5	49.0
45.017	4.46	4.58	20.46	2.69	4.31	11.60	56.7	5	50.0
45.414	3.97	4.60	18.25	2.29	4.20	9.61	52.7	5	50.5
45.810	3.88	4.62	17.91	2.26	4.12	9.33	52.1	5	51.0
46.206	3.63	4.60	16.70	2.22	4.05	8.97	53.7	5	51.5
46.602	3.55	4.61	16.35	2.13	3.92	8.36	51.1	5	52.5
46.998	3.42	4.61	15.77	2.07	3.79	7.86	49.9	5	53.0
47.394	3.27	4.61	15.06	2.04	3.75	7.67	50.9	5	53.5
47.790	3.12	4.62	14.40	1.99	3.62	7.19	50.0	5	54.0
48.186	3.06	4.62	14.12	1.94	3.51	6.80	48.2	5	55.0
48.582	2.87	4.62	13.26	1.87	3.44	6.43	48.5	5	55.5
48.978	2.74	4.61	12.66	1.85	3.37	6.23	49.2	5	56.0
49.374	2.63	4.62	12.16	1.84	3.30	6.10	50.1	5	56.5
49.770	2.62	4.62	12.12	1.76	3.16	5.56	45.9	5	57.5
50.166	2.54	4.61	11.72	1.77	3.10	5.49	46.8	5	58.0
50.562	2.59	4.60	11.89	1.86	3.02	5.62	47.2	5	58.5
50.958	2.51	4.61	11.57	1.88	2.93	5.52	47.7	5	59.0
51.354	2.44	4.62	11.26	1.83	2.89	5.27	46.8	5	60.0
51.750	2.40	4.62	11.06	1.80	2.74	4.94	44.6	5	60.5
52.146	2.72	4.61	12.56	2.43	2.71	6.60	52.6	5	61.0
52.542	2.51	4.62	11.59	2.42	2.62	6.34	54.7	5	61.5
52.938	2.64	4.63	12.22	2.38	2.53	6.04	49.4	5	62.5
53.334	2.35	4.63	10.88	2.40	2.48	5.95	54.7	5	63.0
53.730	2.36	4.62	10.89	2.25	2.41	5.42	49.8	5	63.5
54.126	2.10	4.62	9.73	1.93	2.38	4.58	47.1	5	64.0
54.521	1.83	4.61	8.46	1.87	2.30	4.29	50.8	5	65.0
54.916	1.89	4.63	8.75	1.90	2.20	4.17	47.7	5	65.5
55.311	1.86	4.63	8.59	1.88	2.17	4.08	47.4	5	66.0
55.706	1.80	4.62	8.30	1.86	2.07	3.86	46.5	5	66.5
56.101	1.65	4.63	7.66	1.78	2.01	3.56	46.5	5	67.5
56.496	1.88	4.63	8.72	1.75	1.96	3.43	39.3	5	68.0
56.891	1.61	4.63	7.47	1.70	1.95	3.32	44.4	5	68.5
57.286	1.74	4.63	8.04	1.67	1.87	3.12	38.8	5	69.5
57.681	1.53	4.63	7.09	1.62	1.80	2.91	41.0	5	70.0
58.076	1.52	4.62	7.03	1.61	1.72	2.78	39.5	5	70.5
58.471	1.45	4.62	6.72	1.61	1.68	2.70	40.2	5	71.0
58.866	1.43	4.62	6.62	1.56	1.62	2.54	38.3	5	72.0
59.261	1.26	4.62	5.81	1.58	1.55	2.43	41.9	5	72.5
59.656	1.41	4.63	6.53	1.54	1.50	2.32	35.5	5	73.0
60.051	1.29	4.62	5.94	1.47	1.45	2.14	36.0	5	73.5
60.446	1.33	4.63	6.18	1.46	1.43	2.08	33.7	5	74.5
60.841	0.95	4.62	4.41	1.44	1.34	1.93	43.8	5	75.0
61.236	1.29	4.62	5.96	1.55	1.30	2.02	33.8	5	75.5
61.631	1.15	4.62	5.29	1.51	1.26	1.90	35.9	5	76.0
62.026	1.19	4.63	5.50	1.54	1.23	1.89	34.4	5	77.0
62.421	1.24	4.63	5.72	1.60	1.11	1.77	31.0	5	77.5
62.816	1.06	4.61	4.88	1.51	1.12	1.68	34.4	5	78.0
63.211	0.96	4.62	4.46	1.64	1.09	1.78	39.9	5	78.5
63.606	1.06	4.62	4.90	1.52	1.03	1.57	32.0	5	79.5
64.001	1.02	4.62	4.72	1.57	0.94	1.48	31.3	5	80.0
64.396	1.05	4.62	4.87	1.45	0.93	1.36	27.9	5	80.5
64.791	1.03	4.61	4.75	1.39	0.90	1.25	26.4	5	81.0
65.186	1.06	4.62	4.88	1.30	0.89	1.16	23.7	5	82.0
65.581	0.99	4.62	4.56	1.29	0.83	1.07	23.5	5	82.5
65.976	0.81	4.62	3.74	1.17	0.77	0.91	24.2	5	83.0
66.371	0.77	4.62	3.56	1.22	0.74	0.91	25.5	5	83.5
66.766	0.73	4.62	3.36	1.25	0.69	0.86	25.5	5	84.5
67.161	0.75	4.62	3.49	1.14	0.66	0.74	21.4	5	85.0
67.556	0.69	4.62	3.17	1.10	0.61	0.67	21.1	5	85.5
67.951	0.80	4.61	3.68	1.14	0.57	0.65	17.8	5	86.0
68.346	0.70	4.61	3.25	1.02	0.55	0.56	17.3	5	87.0
68.741	0.74	4.60	3.40	1.09	0.51	0.55	16.2	5	87.5
69.136	0.66	4.63	3.05	1.03	0.45	0.46	15.1	5	88.0
69.531	0.60	4.63	2.79	1.00	0.42	0.42	15.0	5	88.5
69.926	0.56	4.63	2.60	0.96	0.40	0.38	14.6	5	89.5
70.321	0.50	4.62	2.30	0.91	0.36	0.32	14.1	5	90.0
70.716	0.50	4.60	2.29	0.91	0.32	0.29	12.7	5	90.5
71.111	0.54	4.61	2.51	0.84	0.29	0.25	9.8	5	91.0
71.505	0.69	4.62	3.21	0.81	0.25	0.20	6.3	5	92.0
71.899	0.48	4.62	2.20	0.74	0.21	0.15	7.0	5	92.5
72.293	0.40	4.61	1.83	0.67	0.17	0.11	6.1	5	93.0
72.687	0.40	4.63	1.87	0.63	0.14	0.09	4.7	5	93.5
73.081	0.53	4.62	2.44	0.58	0.14	0.08	3.3	5	94.5
73.475	0.48	4.63	2.21	0.53	0.10	0.05	2.3	5	95.0
