1250.136	0.00	0.00	00.00	0.00	0.00	00.00	00.0	0	00.0
1250.536	39.42	0.16	6.43	1.49	1.26	1.88	29.2	4	12.0
1250.934	33.83	1.53	51.73	5.89	6.21	36.55	70.6	4	16.5
1251.334	32.70	1.72	56.10	7.65	5.82	44.54	79.4	4	22.5
1251.734	34.53	1.68	57.92	8.48	5.35	45.39	78.4	4	23.5
1252.134	33.80	1.72	58.13	8.53	4.91	41.88	72.1	4	24.0
1252.534	34.37	1.72	59.29	7.99	6.75	53.94	91.0	4	22.0
1252.934	34.50	1.73	59.80	8.42	5.62	47.28	79.1	4	23.0
1253.334	34.78	1.72	59.85	8.19	5.80	47.50	79.4	4	21.0
1253.734	34.48	1.75	60.25	8.19	5.60	45.87	76.1	4	22.0
1254.134	34.27	1.70	58.22	8.10	5.56	45.03	77.4	4	20.5
1254.534	34.96	1.70	59.59	8.03	5.67	45.56	76.5	4	21.5
1254.934	33.74	1.75	59.15	7.94	5.71	45.33	76.6	4	20.5
1255.334	34.02	1.74	59.19	7.96	5.87	46.75	79.0	4	21.0
1255.734	34.11	1.73	59.14	7.96	5.68	45.21	76.4	4	19.5
1256.134	34.42	1.73	59.44	7.97	5.65	45.01	75.7	4	21.0
1256.534	33.91	1.77	59.97	7.97	5.84	46.57	77.7	4	20.5
1256.934	33.26	1.78	59.06	8.00	5.85	46.81	79.2	4	22.5
1257.334	34.64	1.71	59.12	7.83	5.70	44.63	75.5	4	23.0
1257.734	34.06	1.75	59.58	7.99	5.79	46.28	77.7	4	21.0
1258.134	34.81	1.72	59.72	7.93	5.85	46.39	77.7	4	22.5
1258.534	33.83	1.76	59.59	7.95	5.97	47.50	79.7	4	22.5
1258.934	33.76	1.76	59.53	7.90	5.87	46.38	77.9	4	21.0
1259.334	34.39	1.73	59.36	7.84	5.95	46.64	78.6	4	20.5
1259.734	34.26	1.75	59.85	7.96	5.78	45.99	76.8	4	20.5
1260.134	34.39	1.74	59.97	7.99	5.83	46.57	77.7	4	20.0
1260.534	34.32	1.74	59.73	7.97	5.89	46.95	78.6	4	21.0
1260.934	33.93	1.77	59.94	7.93	5.82	46.16	77.0	4	23.0
1261.334	34.68	1.74	60.45	7.96	5.77	45.90	75.9	4	20.0
1261.734	33.90	1.78	60.25	7.93	5.85	46.40	77.0	4	20.5
1262.134	34.06	1.77	60.29	7.94	5.96	47.31	78.5	4	21.0
1262.534	34.56	1.76	60.81	7.99	5.93	47.35	77.9	4	22.0
1262.934	35.28	1.68	59.15	7.96	5.87	46.70	79.0	4	21.0
1263.334	33.99	1.75	59.53	7.94	5.83	46.30	77.8	4	22.0
1263.734	34.86	1.71	59.53	7.86	5.91	46.44	78.0	4	20.5
1264.134	34.69	1.75	60.58	8.00	5.76	46.02	76.0	4	20.5
1264.534	34.85	1.75	61.05	8.01	5.94	47.58	77.9	4	20.5
1264.934	34.54	1.76	60.63	7.84	6.06	47.50	78.3	4	21.0
1265.334	34.83	1.69	58.97	7.82	5.85	45.69	77.5	4	20.0
1265.734	34.20	1.75	59.74	7.82	5.98	46.76	78.3	4	20.5
1266.134	33.90	1.77	60.10	7.94	5.81	46.14	76.8	4	19.5
1266.534	35.02	1.67	58.52	7.77	5.91	45.92	78.5	4	20.0
1266.934	34.62	1.71	59.22	7.97	5.70	45.40	76.7	4	20.0
1267.334	33.81	1.81	61.04	7.92	6.10	48.29	79.1	4	20.5
1267.734	34.33	1.75	59.93	8.02	5.92	47.45	79.2	4	21.0
1268.134	34.35	1.78	61.05	8.00	6.05	48.45	79.4	4	22.0
1268.534	34.76	1.76	61.11	8.06	5.94	47.88	78.3	4	21.0
1268.934	33.84	1.78	60.39	8.03	5.96	47.83	79.2	4	20.5
1269.334	34.22	1.76	60.32	8.07	5.78	46.67	77.4	4	21.0
1269.734	34.00	1.76	59.87	8.00	5.97	47.77	79.8	4	21.5
1270.134	34.78	1.72	59.90	8.00	5.68	45.43	75.9	4	21.0
1270.534	34.16	1.79	60.98	7.99	5.80	46.35	76.0	4	21.0
1270.934	33.93	1.80	60.97	7.99	5.83	46.63	76.5	4	21.0
1271.334	33.90	1.78	60.24	7.96	5.98	47.60	79.0	4	20.5
1271.734	34.21	1.77	60.62	8.00	5.76	46.07	76.0	4	21.5
1272.134	33.09	1.77	58.49	7.79	5.63	43.89	75.0	4	22.0
1272.534	33.90	1.79	60.79	7.84	6.02	47.20	77.6	4	20.0
1272.934	35.00	1.70	59.67	7.86	5.99	47.13	79.0	4	21.5
1273.334	33.83	1.74	58.99	7.88	5.99	47.16	79.9	4	20.5
1273.734	34.05	1.77	60.13	7.96	5.73	45.64	75.9	4	21.5
1274.134	34.36	1.75	59.97	7.93	6.01	47.63	79.4	4	20.5
1274.534	34.00	1.73	58.98	7.75	6.01	46.60	79.0	4	21.5
1274.934	33.66	1.79	60.10	7.86	5.80	45.61	75.9	4	21.5
1275.334	35.53	1.64	58.31	7.94	5.56	44.16	75.7	4	21.0
1275.734	34.55	1.73	59.77	7.93	5.97	47.33	79.2	4	22.0
1276.134	35.03	1.65	57.76	7.85	5.82	45.68	79.1	4	20.0
1276.534	33.47	1.77	59.18	7.77	5.85	45.46	76.8	4	21.0
1276.934	34.60	1.75	60.64	7.98	5.73	45.75	75.5	4	19.5
1277.334	35.80	1.57	56.34	7.72	5.72	44.17	78.4	4	19.5
1277.734	34.01	1.76	59.73	7.90	5.93	46.89	78.5	4	21.0
1278.134	34.03	1.80	61.29	8.12	5.84	47.44	77.4	4	21.0
1278.534	34.43	1.77	60.93	8.17	5.59	45.68	75.0	4	22.0
1278.934	34.96	1.69	59.18	7.99	5.90	47.10	79.6	4	22.0
1279.334	35.04	1.72	60.16	8.09	5.62	45.49	75.6	4	21.5
1279.734	35.10	1.68	58.87	7.82	5.96	46.66	79.3	4	20.5
1280.134	35.23	1.65	58.27	7.82	5.83	45.57	78.2	4	20.0
1280.534	34.42	1.76	60.63	7.94	5.91	46.91	77.4	4	20.0
1280.934	33.45	1.77	59.12	7.84	5.89	46.23	78.2	4	21.5
1281.334	35.05	1.64	57.43	7.68	5.80	44.56	77.6	4	18.5
1281.734	33.86	1.77	59.96	7.83	5.81	45.47	75.8	4	20.5
1282.134	34.76	1.69	58.81	7.82	5.88	45.97	78.2	4	19.5
1282.534	34.46	1.73	59.60	7.87	5.71	44.97	75.4	4	19.5
1282.934	33.90	1.79	60.60	7.94	5.82	46.19	76.2	4	22.0
1283.334	33.09	1.78	58.83	7.88	5.94	46.78	79.5	4	22.0
1283.734	33.75	1.77	59.70	7.80	5.99	46.69	78.2	4	20.5
1284.134	33.57	1.78	59.76	7.94	5.75	45.66	76.4	4	22.5
1284.534	33.65	1.79	60.25	8.02	5.74	46.04	76.4	4	20.5
1284.934	34.10	1.78	60.79	7.93	6.09	48.32	79.5	4	21.0
1285.334	34.53	1.75	60.28	8.04	5.98	48.06	79.7	4	20.5
1285.734	34.29	1.76	60.21	7.95	5.95	47.29	78.5	4	20.5
1286.134	35.10	1.69	59.20	7.96	5.91	47.04	79.5	4	21.5
1286.534	33.38	1.78	59.37	8.02	5.73	45.98	77.4	4	22.0
1286.934	34.10	1.74	59.30	8.12	5.49	44.62	75.2	4	22.0
1287.334	34.00	1.73	58.82	8.05	5.61	45.20	76.8	4	23.0
1287.734	33.13	1.77	58.75	7.89	5.86	46.23	78.7	4	22.0
1288.134	33.85	1.76	59.48	8.03	5.71	45.89	77.2	4	22.5
1288.534	34.44	1.77	60.79	8.13	5.77	46.90	77.1	4	20.5
1288.934	33.54	1.79	59.99	8.30	5.25	43.58	72.6	4	22.0
1289.334	35.62	1.63	57.89	8.00	5.62	44.95	77.7	4	21.5
1289.734	36.48	1.46	53.31	7.84	5.24	41.03	77.0	4	20.0
1290.134	35.45	1.65	58.42	8.05	5.50	44.31	75.9	4	21.0
1290.534	33.14	1.78	58.84	8.00	5.48	43.83	74.5	4	22.0
1290.934	34.73	1.75	60.74	8.28	5.44	45.10	74.3	4	21.5
1291.334	35.45	1.66	58.73	8.26	5.38	44.45	75.7	4	20.5
1291.734	34.77	1.72	59.66	8.25	5.84	48.19	80.8	4	21.0
1292.134	33.55	1.74	58.54	8.10	5.49	44.50	76.0	4	21.0
1292.534	35.02	1.65	57.84	7.90	5.58	44.09	76.2	4	22.0
1292.934	34.06	1.71	58.35	8.05	5.63	45.31	77.7	4	22.5
1293.334	34.16	1.76	59.99	8.13	5.94	48.30	80.5	4	21.0
1293.734	33.89	1.79	60.57	8.25	5.94	48.97	80.9	4	21.5
1294.134	34.31	1.70	58.22	8.04	5.79	46.55	80.0	4	20.5
1294.534	32.65	1.80	58.68	7.95	5.56	44.21	75.3	4	22.5
1294.934	35.29	1.65	58.32	8.10	5.54	44.86	76.9	4	20.0
1295.334	35.50	1.65	58.71	7.99	5.80	46.32	78.9	4	22.0
1295.734	35.45	1.67	59.35	7.92	5.85	46.33	78.1	4	20.0
1296.134	34.92	1.69	58.95	8.17	5.80	47.33	80.3	4	21.5
1296.534	35.10	1.72	60.27	8.10	5.91	47.93	79.5	4	21.5
1296.934	34.97	1.71	59.75	8.13	5.76	46.80	78.3	4	21.5
1297.334	34.17	1.77	60.54	8.02	5.64	45.23	74.7	4	21.0
1297.734	34.97	1.73	60.41	8.07	5.77	46.56	77.1	4	21.0
1298.134	34.35	1.76	60.45	8.17	5.75	46.92	77.6	4	20.5
1298.534	34.14	1.79	61.20	8.13	5.76	46.79	76.4	4	20.5
1298.934	34.09	1.75	59.75	8.10	5.75	46.53	77.9	4	21.5
1299.334	34.83	1.75	60.86	8.13	5.64	45.83	75.3	4	19.5
1299.734	34.21	1.75	59.77	8.07	5.91	47.70	79.8	4	20.5
1300.134	34.95	1.72	60.03	8.23	5.54	45.61	76.0	4	22.5
1300.534	33.17	1.80	59.63	8.09	5.64	45.66	76.6	4	22.0
1300.934	34.91	1.67	58.21	8.03	5.60	44.95	77.2	4	22.5
1301.334	34.30	1.74	59.62	7.99	5.78	46.22	77.5	4	20.0
1301.734	34.72	1.71	59.25	8.14	5.84	47.60	80.3	4	21.5
1302.134	34.97	1.72	60.25	8.07	5.78	46.65	77.4	4	21.0
1302.534	34.93	1.69	59.17	8.05	5.75	46.30	78.3	4	20.5
1302.934	34.99	1.66	58.24	8.01	5.73	45.88	78.8	4	21.0
1303.334	34.35	1.70	58.50	7.96	5.57	44.32	75.8	4	21.5
1303.734	34.60	1.71	59.33	8.06	5.80	46.79	78.9	4	20.0
1304.134	33.71	1.79	60.32	8.09	5.62	45.46	75.4	4	20.5
1304.534	34.35	1.75	60.20	8.29	5.45	45.18	75.0	4	21.5
1304.934	33.28	1.76	58.48	7.99	5.86	46.78	80.0	4	21.5
1305.334	35.21	1.70	59.83	8.04	5.67	45.61	76.2	4	20.5
1305.734	33.80	1.76	59.65	8.01	5.63	45.09	75.6	4	22.0
1306.134	35.19	1.64	57.79	7.98	5.60	44.69	77.3	4	20.5
1306.534	35.35	1.66	58.52	7.94	5.58	44.33	75.7	4	22.5
1306.934	35.24	1.67	58.70	8.06	5.61	45.22	77.0	4	21.0
1307.334	35.80	1.61	57.62	7.91	5.66	44.78	77.7	4	21.5
1307.734	34.80	1.72	59.82	8.08	5.47	44.24	74.0	4	22.5
1308.134	34.05	1.77	60.16	8.05	5.71	45.94	76.4	4	21.0
1308.534	33.17	1.82	60.31	8.05	5.78	46.48	77.1	4	21.5
1308.934	34.52	1.78	61.30	8.06	5.66	45.64	74.4	4	20.5
1309.334	33.58	1.80	60.35	8.10	5.66	45.82	75.9	4	20.0
1309.734	34.35	1.74	59.90	8.21	5.54	45.48	75.9	4	21.5
1310.134	34.06	1.79	60.96	8.21	5.61	46.04	75.5	4	21.0
1310.534	34.78	1.74	60.49	8.06	5.77	46.48	76.8	4	22.0
1310.934	34.77	1.68	58.57	8.18	5.71	46.71	79.7	4	21.0
1311.334	33.89	1.74	58.89	7.99	5.97	47.69	81.0	4	21.5
1311.734	33.71	1.80	60.51	8.07	5.78	46.65	77.1	4	20.5
1312.134	33.23	1.78	59.11	8.07	5.61	45.24	76.5	4	22.0
1312.534	34.54	1.78	61.42	8.31	5.33	44.26	72.1	4	22.0
1312.934	34.62	1.76	60.95	8.03	5.87	47.19	77.4	4	21.0
1313.334	34.47	1.75	60.33	8.29	5.46	45.30	75.1	4	22.0
1313.734	35.38	1.65	58.55	8.07	5.69	45.88	78.4	4	20.5
1314.134	34.45	1.76	60.50	8.09	5.92	47.91	79.2	4	23.0
1314.534	34.24	1.73	59.11	8.10	5.53	44.75	75.7	4	22.5
1314.934	34.50	1.72	59.47	8.04	5.66	45.53	76.6	4	22.0
1315.334	34.21	1.77	60.54	8.22	5.83	47.92	79.2	4	22.0
1315.734	33.75	1.76	59.51	8.25	5.23	43.12	72.4	4	22.0
1316.134	33.15	1.75	58.16	8.00	5.91	47.25	81.3	4	21.0
1316.534	34.19	1.73	59.21	7.97	5.95	47.41	80.1	4	20.0
1316.934	33.09	1.78	58.96	8.11	5.53	44.83	76.0	4	22.5
1317.334	34.51	1.74	59.99	8.02	5.81	46.56	77.6	4	20.5
1317.734	33.70	1.81	61.15	8.06	5.81	46.86	76.6	4	20.0
1318.134	33.47	1.81	60.70	8.24	5.45	44.90	74.0	4	21.0
1318.534	33.76	1.81	60.96	8.10	5.77	46.68	76.6	4	22.0
1318.934	34.73	1.76	60.97	8.12	5.74	46.61	76.4	4	22.0
1319.334	34.13	1.79	61.20	8.11	5.79	46.93	76.7	4	22.5
1319.734	34.57	1.74	60.04	8.32	5.07	42.16	70.2	4	22.0
1320.134	35.78	1.61	57.56	8.00	5.65	45.16	78.5	4	22.0
1320.534	34.68	1.72	59.73	7.94	6.11	48.55	81.3	4	22.0
1320.934	35.04	1.71	59.76	8.05	5.62	45.20	75.6	4	20.5
1321.334	34.44	1.78	61.15	8.43	4.72	39.80	65.1	4	22.0
1321.734	34.55	1.78	61.36	8.05	6.18	49.75	81.1	4	21.5
1322.134	35.04	1.72	60.24	8.44	5.43	45.84	76.1	4	21.0
1322.534	35.02	1.72	60.31	8.02	5.99	48.06	79.7	4	22.0
1322.934	33.41	1.80	60.30	8.24	5.42	44.62	74.0	4	21.5
