524.367	0.00	0.00	00.00	0.00	0.00	00.00	00.0	0	00.0
524.767	30.64	2.74	84.03	7.44	7.89	58.73	69.9	2	28.0
525.166	14.80	4.25	62.91	8.95	5.21	46.69	74.2	2	47.5
525.565	5.15	4.93	25.39	6.16	2.65	16.32	64.3	2	67.5
525.963	0.92	4.97	4.60	1.79	0.89	1.60	34.7	2	87.5
526.359	21.27	3.30	70.24	6.16	7.40	45.61	64.9	2	27.1
526.758	30.54	2.94	89.80	10.22	7.04	72.02	80.2	2	28.0
527.158	34.51	2.00	69.13	10.25	4.84	49.64	71.8	2	10.0
527.558	9.68	4.51	43.66	6.74	3.01	20.29	46.5	2	73.8
527.956	18.50	3.74	69.13	6.40	5.50	35.16	50.9	2	25.4
528.355	26.01	3.10	80.70	9.15	6.56	60.04	74.4	2	29.0
528.754	29.68	2.95	87.67	10.41	6.81	70.89	80.9	2	28.0
529.154	30.88	2.88	88.89	10.74	6.54	70.25	79.0	2	27.0
529.554	31.30	2.86	89.61	10.58	6.77	71.64	79.9	2	27.5
529.954	31.62	2.86	90.35	10.44	6.73	70.30	77.8	2	26.0
530.354	31.27	2.90	90.60	10.52	6.15	64.70	71.4	2	27.5
530.754	31.23	2.88	89.99	10.10	7.01	70.76	78.6	2	28.5
531.154	32.35	2.77	89.67	9.90	7.10	70.28	78.4	2	25.5
531.553	32.04	2.80	89.56	9.92	7.15	70.93	79.2	2	26.0
531.952	32.08	2.81	90.13	9.97	6.96	69.37	77.0	2	27.0
532.351	31.70	2.83	89.81	9.95	7.00	69.66	77.6	2	26.5
532.750	30.87	2.93	90.37	9.84	7.06	69.46	76.9	2	28.5
533.149	30.86	2.92	89.96	9.90	7.04	69.75	77.5	2	26.5
533.548	31.14	2.87	89.35	9.79	7.21	70.60	79.0	2	25.5
533.947	30.89	2.92	90.23	9.82	7.13	70.03	77.6	2	27.0
534.346	31.92	2.83	90.32	9.81	7.23	70.90	78.5	2	27.0
534.745	31.15	2.90	90.39	9.76	7.25	70.76	78.3	2	26.0
535.144	31.48	2.88	90.57	9.83	7.20	70.80	78.2	2	26.0
535.543	30.43	2.95	89.68	9.80	7.16	70.11	78.2	2	28.0
535.942	31.71	2.83	89.77	9.74	7.07	68.86	76.7	2	27.0
536.341	31.69	2.86	90.51	9.68	7.30	70.62	78.0	2	27.0
536.740	31.68	2.86	90.48	9.69	7.38	71.54	79.1	2	25.5
537.139	31.59	2.84	89.85	9.75	7.14	69.58	77.4	2	27.0
537.538	31.75	2.84	90.10	9.74	7.28	70.94	78.7	2	26.5
537.937	31.13	2.89	89.87	9.75	7.23	70.55	78.5	2	26.0
538.336	31.92	2.83	90.20	9.74	7.22	70.30	77.9	2	27.0
538.735	31.83	2.82	89.77	9.63	7.29	70.24	78.2	2	25.5
539.134	31.79	2.83	89.87	9.67	7.30	70.60	78.6	2	27.0
539.533	32.27	2.77	89.35	9.67	7.15	69.14	77.4	2	26.0
539.932	31.88	2.82	90.03	9.52	7.38	70.27	78.1	2	28.0
540.331	31.30	2.88	90.10	9.51	7.47	71.05	78.9	2	26.0
540.730	31.93	2.83	90.21	9.73	7.29	70.92	78.6	2	25.0
541.129	31.97	2.82	90.16	9.65	7.32	70.62	78.3	2	27.5
541.528	32.18	2.79	89.76	9.67	7.28	70.39	78.4	2	25.5
541.927	31.03	2.92	90.50	9.64	7.21	69.47	76.8	2	28.0
542.326	31.58	2.88	90.81	9.78	7.09	69.31	76.3	2	27.0
542.725	31.50	2.86	89.95	9.75	7.04	68.66	76.3	2	26.5
543.124	31.28	2.88	90.17	9.52	7.34	69.89	77.5	2	26.5
543.523	31.55	2.84	89.59	9.55	7.30	69.79	77.9	2	26.0
543.922	30.98	2.91	90.27	9.63	7.32	70.54	78.1	2	27.5
544.321	31.40	2.85	89.36	9.75	7.36	71.72	80.3	2	26.5
544.720	31.32	2.86	89.48	9.80	7.04	68.95	77.1	2	26.0
545.119	32.18	2.78	89.41	9.81	7.10	69.59	77.8	2	26.0
545.518	32.53	2.77	90.17	9.77	7.28	71.06	78.8	2	26.5
545.917	32.64	2.74	89.33	9.75	7.05	68.81	77.0	2	25.0
546.316	31.14	2.88	89.63	9.76	7.31	71.31	79.6	2	28.0
546.715	32.27	2.79	90.08	9.72	7.25	70.45	78.2	2	26.5
547.114	30.72	2.94	90.23	9.74	7.26	70.68	78.3	2	26.0
547.513	31.83	2.83	90.24	9.89	7.06	69.82	77.4	2	26.0
547.912	31.31	2.87	89.98	9.86	7.16	70.64	78.5	2	26.5
548.311	30.76	2.91	89.59	9.80	7.18	70.37	78.5	2	25.5
548.710	30.98	2.91	90.24	9.91	7.15	70.88	78.5	2	26.5
549.109	31.37	2.85	89.38	9.89	6.92	68.42	76.5	2	26.0
549.508	32.74	2.69	87.97	9.86	6.94	68.45	77.8	2	26.0
549.907	31.89	2.83	90.11	9.82	7.19	70.67	78.4	2	28.0
550.306	31.41	2.86	89.83	9.84	7.04	69.24	77.1	2	26.0
550.705	31.93	2.80	89.32	9.87	7.13	70.38	78.8	2	26.0
551.104	31.25	2.87	89.74	9.88	7.11	70.26	78.3	2	28.0
551.503	31.17	2.85	88.72	9.75	7.17	69.93	78.8	2	28.0
551.902	30.44	2.93	89.28	9.76	7.17	70.01	78.4	2	26.0
552.301	30.35	2.93	88.94	9.75	7.11	69.38	78.0	2	27.5
552.700	31.60	2.84	89.73	9.84	7.16	70.39	78.5	2	26.5
553.099	32.41	2.78	90.15	9.87	7.19	70.98	78.7	2	25.5
553.498	31.50	2.84	89.40	9.93	7.13	70.76	79.2	2	27.5
553.897	31.79	2.81	89.33	9.91	7.02	69.56	77.9	2	26.5
554.296	32.06	2.80	89.68	9.92	6.98	69.26	77.2	2	26.5
554.695	32.03	2.81	89.87	9.75	7.12	69.43	77.3	2	25.5
555.094	31.35	2.87	89.98	9.80	7.18	70.32	78.1	2	25.5
555.493	32.34	2.79	90.15	9.86	7.04	69.38	77.0	2	26.0
555.892	31.37	2.88	90.30	9.93	7.04	69.94	77.5	2	26.0
556.291	31.23	2.86	89.43	9.84	7.13	70.17	78.5	2	26.5
556.690	31.60	2.84	89.84	9.87	6.97	68.85	76.6	2	28.0
557.089	30.84	2.92	89.96	9.79	7.13	69.75	77.5	2	27.0
557.488	31.06	2.90	90.05	9.81	7.24	71.03	78.9	2	28.0
557.887	30.82	2.92	89.87	9.82	7.24	71.08	79.1	2	27.0
558.286	31.78	2.82	89.54	9.79	7.29	71.36	79.7	2	25.5
558.685	31.45	2.85	89.62	9.82	7.06	69.31	77.3	2	25.0
559.084	32.42	2.76	89.42	9.83	7.05	69.29	77.5	2	26.0
559.483	31.41	2.86	89.75	9.90	7.11	70.36	78.4	2	26.5
559.882	31.95	2.78	88.84	9.86	7.14	70.40	79.2	2	26.0
560.281	31.41	2.83	88.87	9.84	7.05	69.38	78.1	2	28.0
560.680	30.75	2.92	89.83	9.82	7.13	70.05	78.0	2	28.0
561.079	31.73	2.82	89.53	9.94	7.08	70.37	78.6	2	26.5
561.478	31.77	2.84	90.23	9.84	7.19	70.79	78.5	2	25.5
561.877	30.36	2.94	89.36	9.82	7.16	70.33	78.7	2	27.5
562.276	30.49	2.92	89.02	9.82	7.10	69.72	78.3	2	26.0
562.675	31.77	2.83	90.07	9.90	7.08	70.12	77.9	2	27.0
563.074	31.87	2.80	89.15	9.79	7.23	70.77	79.4	2	25.5
563.473	31.14	2.88	89.80	9.83	7.18	70.65	78.7	2	27.5
563.872	31.58	2.84	89.73	9.71	7.31	71.02	79.1	2	26.0
564.271	32.21	2.79	89.74	9.76	7.16	69.88	77.9	2	26.0
564.670	31.75	2.83	89.80	9.77	7.09	69.31	77.2	2	25.5
565.069	32.95	2.67	87.86	9.72	6.91	67.14	76.4	2	25.0
565.468	31.99	2.80	89.47	9.70	7.38	71.57	80.0	2	26.0
565.867	32.26	2.76	89.11	9.66	7.20	69.59	78.1	2	25.5
566.266	31.88	2.77	88.30	9.75	7.12	69.38	78.6	2	27.0
566.665	30.83	2.90	89.30	9.76	7.08	69.09	77.4	2	26.0
567.064	30.43	2.92	88.86	9.73	7.03	68.38	77.0	2	26.0
567.463	31.02	2.90	89.93	9.76	7.11	69.40	77.2	2	28.5
567.862	30.05	2.95	88.52	9.61	7.12	68.37	77.2	2	28.0
568.261	32.58	2.74	89.24	9.67	7.13	68.94	77.3	2	27.5
568.660	32.12	2.78	89.20	9.69	7.23	70.13	78.6	2	27.0
569.059	31.21	2.86	89.18	9.71	7.23	70.21	78.7	2	27.5
569.458	31.05	2.89	89.78	9.83	7.09	69.71	77.6	2	27.0
569.857	31.22	2.89	90.33	9.73	7.16	69.68	77.1	2	26.5
570.256	31.30	2.87	89.75	9.77	7.26	70.89	79.0	2	26.0
570.655	32.21	2.80	90.29	9.72	7.28	70.76	78.4	2	25.0
571.054	32.66	2.73	89.32	9.64	7.31	70.45	78.9	2	26.5
571.453	32.77	2.73	89.35	9.57	7.31	69.98	78.3	2	26.5
571.852	31.57	2.84	89.75	9.67	7.31	70.71	78.8	2	25.0
572.251	31.77	2.82	89.54	9.58	7.29	69.87	78.0	2	25.0
572.650	32.45	2.75	89.15	9.66	7.25	69.97	78.5	2	25.5
573.049	32.05	2.80	89.69	9.52	7.40	70.41	78.5	2	25.5
573.448	31.58	2.85	90.06	9.61	7.22	69.32	77.0	2	26.0
573.847	30.18	2.98	89.87	9.59	7.31	70.09	78.0	2	27.5
574.246	32.06	2.79	89.48	9.64	7.34	70.76	79.1	2	27.0
574.645	31.66	2.85	90.09	9.58	7.43	71.25	79.1	2	26.0
575.044	32.22	2.80	90.19	9.49	7.45	70.65	78.3	2	25.5
575.443	31.71	2.82	89.50	9.55	7.34	70.12	78.3	2	25.5
575.842	31.32	2.86	89.52	9.60	7.14	68.51	76.5	2	26.0
576.241	31.20	2.88	89.96	9.63	7.30	70.37	78.2	2	25.5
576.640	30.96	2.91	89.95	9.50	7.37	69.96	77.8	2	27.5
577.039	32.56	2.74	89.05	9.46	7.35	69.52	78.1	2	25.0
577.438	31.05	2.85	88.36	9.48	7.35	69.64	78.8	2	27.5
577.837	31.70	2.84	89.92	9.52	7.30	69.43	77.2	2	25.5
578.236	32.10	2.78	89.29	9.51	7.32	69.58	77.9	2	25.5
578.635	31.96	2.80	89.62	9.54	7.49	71.47	79.7	2	26.0
579.034	31.81	2.83	89.99	9.60	7.32	70.25	78.1	2	26.5
579.433	30.97	2.91	90.12	9.59	7.28	69.81	77.5	2	27.5
579.832	30.85	2.90	89.46	9.63	7.24	69.75	78.0	2	26.5
580.231	31.23	2.87	89.61	9.61	7.25	69.66	77.7	2	27.5
580.630	31.37	2.87	89.90	9.54	7.35	70.15	78.0	2	26.0
581.029	31.89	2.81	89.75	9.57	7.22	69.14	77.0	2	25.0
581.428	31.06	2.87	89.07	9.50	7.37	69.99	78.6	2	26.0
581.827	30.56	2.92	89.12	9.47	7.40	70.09	78.6	2	26.5
582.226	30.89	2.91	89.86	9.55	7.31	69.79	77.7	2	25.5
582.625	32.24	2.77	89.46	9.66	7.18	69.38	77.6	2	26.5
583.024	31.68	2.85	90.14	9.72	7.20	70.01	77.7	2	26.0
583.423	31.02	2.88	89.30	9.57	7.27	69.51	77.8	2	27.5
583.822	31.33	2.88	90.14	9.67	7.23	69.87	77.5	2	26.5
584.221	32.98	2.71	89.28	9.49	7.30	69.29	77.6	2	24.5
