75.437	0.00	0.00	00.00	0.00	0.00	00.00	00.0	0	00.0
75.837	39.62	0.00	0.00	0.05	0.00	0.00	0.0	1	12.5
76.232	9.69	4.34	42.07	4.00	5.93	23.70	56.3	1	30.0
76.629	36.83	1.08	39.81	4.05	6.08	24.65	61.9	1	14.0
77.027	29.79	1.86	55.37	5.15	7.40	38.07	68.7	1	18.4
77.425	36.31	1.50	54.38	7.27	5.62	40.82	75.1	1	18.9
77.823	37.10	1.30	48.23	7.60	4.98	37.87	78.5	1	18.9
78.221	36.74	1.46	53.69	7.82	5.22	40.84	76.1	1	19.8
78.619	35.94	1.66	59.64	7.92	6.11	48.41	81.2	1	20.4
79.017	36.06	1.65	59.36	8.41	5.41	45.47	76.6	1	21.0
79.415	35.76	1.70	60.91	8.47	5.04	42.67	70.1	1	21.0
79.813	36.13	1.64	59.25	8.12	6.23	50.58	85.4	1	20.7
80.211	35.93	1.69	60.76	8.22	5.51	45.27	74.5	1	20.5
80.609	35.38	1.73	61.28	8.07	5.70	45.96	75.0	1	20.8
81.007	34.87	1.80	62.74	8.20	5.75	47.16	75.2	1	21.4
81.405	34.75	1.82	63.32	8.29	6.07	50.36	79.5	1	21.4
81.803	35.07	1.80	63.11	8.19	5.75	47.11	74.6	1	21.0
82.201	35.12	1.77	62.27	8.15	5.77	46.98	75.4	1	21.3
82.599	34.03	1.85	63.05	8.17	6.06	49.47	78.5	1	21.7
82.997	34.55	1.86	64.37	8.18	5.92	48.38	75.2	1	21.3
83.395	35.07	1.81	63.55	8.23	5.83	47.99	75.5	1	21.4
83.793	34.89	1.81	63.31	8.17	5.96	48.67	76.9	1	21.4
84.191	34.27	1.86	63.81	8.21	6.02	49.44	77.5	1	21.6
84.589	34.39	1.85	63.76	8.30	5.75	47.71	74.8	1	21.9
84.987	34.14	1.87	63.87	8.12	6.11	49.58	77.6	1	21.7
85.385	33.83	1.86	62.85	8.17	5.90	48.22	76.7	1	21.6
85.783	34.33	1.85	63.42	8.08	6.19	50.06	78.9	1	21.4
86.181	34.49	1.86	64.29	8.19	5.90	48.29	75.1	1	21.6
86.579	34.48	1.86	64.00	8.12	6.03	48.92	76.4	1	21.4
86.977	34.69	1.83	63.49	8.10	5.88	47.68	75.1	1	21.3
87.375	34.65	1.80	62.45	8.10	5.95	48.23	77.2	1	21.3
87.773	35.27	1.79	63.17	8.23	5.71	46.98	74.4	1	21.1
88.171	34.74	1.83	63.55	8.11	5.98	48.49	76.3	1	21.4
88.569	34.52	1.84	63.49	8.16	5.97	48.73	76.8	1	21.1
88.967	34.80	1.80	62.78	8.14	5.83	47.44	75.6	1	21.3
89.365	34.63	1.84	63.61	8.13	6.14	49.93	78.5	1	21.6
89.763	34.47	1.82	62.79	8.16	6.01	49.04	78.1	1	21.4
90.161	34.39	1.83	62.97	8.05	6.01	48.44	76.9	1	21.4
90.559	34.50	1.82	62.82	8.17	5.88	48.06	76.5	1	21.4
90.957	34.41	1.84	63.34	8.10	6.01	48.68	76.9	1	21.6
91.355	34.59	1.81	62.66	8.15	6.06	49.40	78.8	1	21.3
91.753	34.23	1.85	63.32	8.23	5.84	48.08	75.9	1	21.6
92.151	34.82	1.82	63.38	8.26	5.75	47.45	74.9	1	21.3
92.549	34.56	1.83	63.19	8.18	5.96	48.78	77.2	1	21.4
92.947	34.03	1.85	62.83	8.08	6.05	48.90	77.8	1	21.6
93.345	33.58	1.85	62.07	8.12	5.92	48.06	77.4	1	21.7
93.743	34.98	1.80	62.79	8.17	5.77	47.10	75.0	1	21.1
94.141	34.94	1.80	62.72	8.10	6.11	49.44	78.8	1	21.3
94.539	34.82	1.80	62.69	8.00	6.13	49.02	78.2	1	21.1
94.937	34.44	1.85	63.55	8.04	5.92	47.59	74.9	1	21.1
95.335	34.94	1.80	62.94	8.08	5.85	47.30	75.1	1	21.1
95.733	34.93	1.80	62.82	8.09	5.82	47.04	74.9	1	21.0
96.131	35.28	1.76	62.07	8.03	6.06	48.64	78.4	1	20.8
96.529	34.77	1.82	63.36	8.02	6.11	49.03	77.4	1	21.1
96.927	34.71	1.83	63.41	8.15	5.93	48.35	76.2	1	21.4
97.325	35.07	1.79	62.83	8.24	5.92	48.80	77.7	1	21.3
97.723	34.75	1.80	62.58	8.10	5.97	48.36	77.3	1	21.4
98.121	34.59	1.83	63.40	8.16	5.90	48.17	76.0	1	21.4
98.519	34.65	1.83	63.33	8.26	5.85	48.33	76.3	1	21.7
98.917	33.77	1.87	63.20	8.14	5.97	48.57	76.8	1	21.9
99.315	33.68	1.86	62.50	8.15	5.88	47.88	76.6	1	21.6
99.713	34.42	1.84	63.40	8.13	5.89	47.93	75.6	1	21.3
100.111	34.69	1.80	62.55	8.16	6.02	49.16	78.6	1	21.4
100.510	34.11	1.86	63.47	8.17	5.82	47.54	74.9	1	21.4
100.909	34.39	1.84	63.17	8.25	5.75	47.41	75.1	1	21.4
101.308	34.01	1.86	63.29	8.15	5.93	48.30	76.3	1	21.4
101.707	34.45	1.85	63.69	8.22	5.77	47.42	74.5	1	21.6
102.106	33.93	1.85	62.90	8.19	5.75	47.08	74.9	1	21.6
102.505	34.19	1.85	63.38	8.04	6.07	48.75	76.9	1	21.6
102.904	33.83	1.86	62.80	8.06	5.89	47.44	75.5	1	21.6
103.303	34.05	1.82	62.14	8.08	5.89	47.56	76.5	1	21.4
103.702	34.27	1.81	62.13	8.03	6.13	49.17	79.1	1	21.3
104.101	34.77	1.82	63.38	8.04	6.03	48.48	76.5	1	21.1
104.500	34.54	1.82	62.70	8.03	6.04	48.49	77.3	1	21.1
104.899	35.28	1.75	61.69	8.01	5.89	47.15	76.4	1	20.8
105.298	35.12	1.76	61.76	7.96	6.09	48.51	78.6	1	20.8
105.697	35.24	1.77	62.26	8.13	5.78	46.97	75.4	1	20.7
106.096	35.10	1.77	62.09	8.03	6.00	48.14	77.5	1	20.5
106.495	35.44	1.76	62.45	8.05	5.95	47.91	76.7	1	20.7
106.894	35.40	1.77	62.64	8.04	5.85	47.01	75.0	1	21.0
107.293	34.71	1.81	62.81	8.03	6.09	48.93	77.9	1	21.1
107.692	34.73	1.80	62.52	8.02	6.04	48.48	77.5	1	21.3
108.091	34.75	1.81	62.89	8.00	6.14	49.14	78.1	1	21.0
108.490	35.10	1.81	63.57	7.95	6.09	48.41	76.2	1	21.0
108.889	34.65	1.84	63.62	8.08	6.12	49.46	77.7	1	21.4
109.288	34.21	1.86	63.75	8.14	5.85	47.60	74.7	1	21.7
109.687	33.78	1.85	62.52	8.01	6.10	48.87	78.2	1	21.4
110.086	32.97	1.86	61.39	7.93	5.92	46.95	76.5	1	21.7
110.485	33.87	1.84	62.48	7.96	6.04	48.03	76.9	1	21.3
110.884	34.37	1.81	62.38	8.06	6.02	48.52	77.8	1	21.3
111.283	34.62	1.82	63.07	8.05	5.97	48.06	76.2	1	21.3
111.682	34.51	1.84	63.67	8.11	5.98	48.54	76.2	1	21.1
112.081	34.85	1.80	62.64	8.09	6.03	48.77	77.9	1	21.1
112.480	34.46	1.83	62.91	8.00	6.07	48.57	77.2	1	21.1
112.879	34.56	1.82	63.01	8.08	5.83	47.10	74.7	1	21.3
113.278	34.03	1.84	62.46	8.13	5.75	46.74	74.8	1	21.4
113.677	34.08	1.85	62.94	8.10	5.80	46.94	74.6	1	21.6
114.076	33.68	1.84	61.90	8.10	5.71	46.25	74.7	1	21.6
114.475	33.67	1.84	62.06	8.03	5.89	47.30	76.2	1	21.4
114.874	34.38	1.84	63.12	8.09	5.89	47.65	75.5	1	21.4
115.273	34.41	1.84	63.44	8.13	5.89	47.93	75.6	1	21.4
115.672	34.22	1.83	62.61	8.13	5.85	47.58	76.0	1	21.6
116.071	33.57	1.85	62.04	8.01	5.95	47.64	76.8	1	21.7
116.470	33.56	1.84	61.74	8.05	5.85	47.07	76.2	1	21.7
116.869	33.00	1.87	61.57	8.05	5.80	46.72	75.9	1	22.0
117.268	32.53	1.88	61.13	7.98	5.88	46.91	76.7	1	21.9
117.667	33.70	1.86	62.65	7.98	5.95	47.45	75.7	1	21.4
118.066	33.59	1.84	61.91	8.06	5.87	47.29	76.4	1	21.6
118.465	34.20	1.85	63.17	8.14	5.93	48.30	76.5	1	21.7
118.864	33.97	1.84	62.44	8.12	6.06	49.18	78.8	1	21.7
119.263	34.29	1.81	62.18	8.16	5.94	48.51	78.0	1	21.6
119.662	33.02	1.71	56.42	7.88	5.45	42.99	76.2	1	21.6
120.061	30.02	1.66	49.84	7.03	5.67	39.90	80.1	1	21.4
120.460	13.78	3.50	48.21	5.94	5.19	30.81	63.9	1	25.0
120.859	16.28	3.57	58.11	5.75	6.10	35.05	60.3	1	36.0
121.258	13.26	4.00	53.09	6.57	5.91	38.86	73.2	1	40.0
121.657	13.45	4.03	54.23	7.26	5.48	39.76	73.3	1	40.0
122.056	13.67	3.93	53.77	7.37	5.49	40.47	75.3	1	39.8
122.455	13.71	3.93	53.90	7.43	5.34	39.68	73.6	1	40.0
122.854	14.02	3.91	54.73	7.47	5.39	40.27	73.6	1	39.7
123.253	13.68	3.98	54.41	7.34	5.63	41.32	75.9	1	40.0
123.652	13.36	4.03	53.82	7.38	5.33	39.32	73.1	1	40.3
124.051	13.38	4.07	54.42	7.29	5.40	39.40	72.4	1	40.6
124.450	13.31	4.06	53.98	7.40	5.28	39.07	72.4	1	40.6
124.849	13.55	4.01	54.37	7.38	5.49	40.48	74.5	1	40.5
125.248	13.38	4.05	54.15	7.28	5.47	39.84	73.6	1	40.3
125.647	13.34	4.09	54.50	7.28	5.67	41.26	75.7	1	40.8
126.046	13.15	4.12	54.14	7.38	5.36	39.55	73.0	1	40.9
126.445	13.46	4.05	54.55	7.40	5.50	40.69	74.6	1	40.5
126.844	13.56	4.02	54.45	7.33	5.51	40.40	74.2	1	40.0
127.243	13.66	3.96	54.14	7.36	5.42	39.94	73.8	1	39.7
127.642	13.87	3.93	54.55	7.37	5.42	39.96	73.3	1	39.8
