123.039	29.62	4.09	121.17	11.69	7.92	92.66	76.50	3	21.20
123.143	34.72	2.49	86.37	10.08	6.01	60.58	70.10	3	21.20
123.288	25.95	3.88	100.72	10.15	7.22	73.25	72.70	3	46.20
123.349	19.37	4.14	80.24	9.33	6.00	55.98	69.80	3	46.20
123.453	11.59	4.37	50.70	7.70	4.30	33.13	65.30	3	58.70
123.598	23.18	3.42	79.36	7.32	6.17	45.22	57.00	3	21.20
123.658	27.97	3.07	85.78	7.89	6.78	53.49	62.40	3	50.50
123.762	15.01	3.98	59.74	6.86	4.94	33.86	56.70	3	50.50
123.907	31.41	2.06	64.59	6.81	5.20	35.42	54.80	3	33.70
123.967	23.91	3.03	72.47	6.92	5.45	37.73	52.10	3	42.80
124.071	19.33	3.97	76.74	7.56	6.33	47.84	62.30	3	29.40
124.216	22.52	4.20	94.69	9.03	7.32	66.06	69.80	3	43.20
124.276	18.23	4.32	78.76	8.68	6.36	55.20	70.10	3	43.20
124.380	26.10	3.80	99.15	9.48	7.22	68.50	69.10	3	26.20
124.525	20.69	4.10	84.72	9.38	6.34	59.46	70.20	3	42.80
124.585	20.71	4.02	83.27	9.18	6.26	57.43	69.00	3	22.30
124.689	31.61	2.74	86.59	9.21	6.32	58.22	67.20	3	33.70
124.834	27.72	3.99	110.49	10.36	7.64	79.19	71.70	3	33.70
124.895	26.72	4.17	111.44	10.72	7.38	79.13	71.00	3	33.70
124.999	27.21	4.26	115.86	11.06	7.75	85.75	74.00	3	32.00
125.144	29.15	4.16	121.35	11.48	7.88	90.39	74.50	3	31.00
125.205	29.90	4.08	121.89	11.61	7.98	92.58	76.00	3	31.00
125.309	29.66	4.12	122.21	11.67	7.96	92.92	76.00	3	31.90
125.454	28.82	4.22	121.48	11.71	7.89	92.43	76.10	3	32.60
125.515	29.09	4.19	122.00	11.70	7.95	93.05	76.30	3	31.40
125.619	29.84	4.12	122.93	11.70	8.00	93.58	76.10	3	31.70
125.764	29.63	4.13	122.48	11.73	8.04	94.30	77.00	3	32.00
125.825	29.47	4.16	122.54	11.66	8.07	94.03	76.70	3	32.00
125.929	29.65	4.14	122.70	11.71	8.05	94.27	76.80	3	31.60
126.074	29.52	4.15	122.55	11.69	7.97	93.15	76.00	3	31.60
126.135	29.78	4.12	122.84	11.66	8.06	94.01	76.50	3	31.10
126.239	30.12	4.09	123.05	11.68	8.07	94.28	76.60	3	31.10
126.384	29.54	4.16	122.97	11.63	8.05	93.62	76.10	3	32.00
126.445	29.34	4.18	122.57	11.66	7.95	92.73	75.70	3	32.30
126.549	29.00	4.21	121.98	11.62	8.07	93.81	76.90	3	32.10
126.694	29.44	4.17	122.74	11.72	7.98	93.56	76.20	3	31.70
126.755	29.50	4.17	122.92	11.70	8.02	93.82	76.30	3	31.70
126.859	29.48	4.15	122.49	11.74	7.91	92.87	75.80	3	32.00
127.004	29.59	4.14	122.43	11.69	8.05	94.04	76.80	3	31.60
127.065	29.71	4.14	122.96	11.72	8.03	94.02	76.50	3	31.70
127.169	29.73	4.14	123.11	11.69	7.95	93.00	75.50	3	31.90
127.314	29.48	4.15	122.38	11.69	8.00	93.52	76.40	3	31.70
127.375	29.47	4.16	122.54	11.68	8.04	93.86	76.60	3	31.70
127.479	29.51	4.14	122.17	11.72	7.99	93.69	76.70	3	31.70
127.624	29.78	4.12	122.81	11.68	8.03	93.75	76.30	3	31.50
127.685	29.73	4.13	122.65	11.65	8.04	93.67	76.40	3	31.70
127.789	29.77	4.12	122.62	11.71	8.06	94.46	77.00	3	31.70
127.934	29.74	4.13	122.86	11.73	7.98	93.53	76.10	3	31.70
127.995	29.62	4.14	122.72	11.69	8.07	94.41	76.90	3	31.70
128.099	29.70	4.14	122.82	11.69	7.98	93.29	76.00	3	31.70
128.244	29.78	4.14	123.14	11.69	7.99	93.42	75.90	3	31.70
128.305	29.86	4.12	122.99	11.70	8.02	93.87	76.30	3	31.70
128.409	29.73	4.14	122.96	11.66	7.96	92.77	75.40	3	31.70
128.554	29.73	4.15	123.26	11.67	8.05	93.94	76.20	3	31.70
128.615	29.76	4.15	123.40	11.70	7.97	93.23	75.50	3	31.70
128.719	29.67	4.15	123.07	11.66	8.10	94.42	76.70	3	31.70
128.864	29.64	4.15	122.88	11.70	8.04	94.07	76.60	3	31.70
128.925	29.52	4.15	122.53	11.68	7.98	93.19	76.10	3	31.70
129.029	29.79	4.13	123.14	11.66	8.06	94.06	76.40	3	31.70
129.174	29.72	4.14	122.94	11.75	7.93	93.13	75.80	3	31.70
129.235	29.70	4.14	122.96	11.67	8.01	93.45	76.00	3	31.70
129.339	29.67	4.14	122.93	11.70	7.96	93.09	75.70	3	31.70
129.484	29.45	4.15	122.28	11.64	8.12	94.45	77.20	3	31.70
129.545	29.50	4.14	122.22	11.71	7.97	93.32	76.40	3	31.70
129.649	29.61	4.16	123.06	11.68	8.11	94.64	76.90	3	31.70
129.794	29.61	4.16	123.10	11.70	7.99	93.45	75.90	3	31.70
129.855	29.69	4.13	122.65	11.72	8.02	93.96	76.60	3	31.70
129.959	29.68	4.14	122.84	11.66	8.01	93.45	76.10	3	31.70
130.104	29.85	4.15	123.75	11.68	8.03	93.83	75.80	3	31.70
130.165	29.82	4.14	123.50	11.69	7.94	92.87	75.20	3	31.70
130.269	29.69	4.14	122.85	11.73	7.98	93.64	76.20	3	31.70
130.414	29.75	4.14	123.07	11.71	7.99	93.61	76.10	3	31.70
130.475	29.60	4.15	122.73	11.70	7.98	93.33	76.00	3	31.70
130.579	29.74	4.14	123.01	11.72	8.06	94.52	76.80	3	31.70
130.724	29.47	4.14	121.94	11.67	7.90	92.20	75.60	3	31.70
130.785	29.58	4.13	122.29	11.63	8.07	93.84	76.70	3	31.70
130.889	29.53	4.14	122.27	11.66	7.89	91.93	75.20	3	31.70
131.034	29.71	4.15	123.29	11.63	8.09	94.11	76.30	3	31.70
131.095	29.76	4.14	123.20	11.68	7.98	93.19	75.60	3	31.70
131.199	29.56	4.14	122.46	11.61	8.09	93.91	76.70	3	31.70
131.344	29.76	4.14	123.17	11.68	8.06	94.17	76.50	3	31.70
131.405	29.86	4.14	123.51	11.68	8.07	94.28	76.30	3	31.70
131.509	29.86	4.13	123.19	11.72	7.89	92.49	75.10	3	31.70
131.654	29.97	4.12	123.47	11.71	7.98	93.50	75.70	3	31.70
131.715	29.62	4.13	122.35	11.67	7.97	93.05	76.00	3	31.70
131.819	29.66	4.12	122.26	11.71	7.96	93.24	76.30	3	31.70
131.964	29.49	4.14	122.21	11.67	8.07	94.13	77.00	3	31.70
132.025	29.69	4.13	122.74	11.74	7.95	93.34	76.00	3	31.70
132.129	29.64	4.14	122.68	11.67	8.08	94.31	76.90	3	31.70
132.274	29.64	4.14	122.56	11.72	7.94	93.08	75.90	3	31.70
132.335	29.81	4.12	122.88	11.75	8.00	93.99	76.50	3	31.70
132.439	29.63	4.14	122.55	11.72	7.92	92.82	75.70	3	31.70
132.584	29.87	4.13	123.22	11.69	8.03	93.96	76.30	3	31.70
132.645	29.69	4.14	122.82	11.72	7.90	92.62	75.40	3	31.70
132.749	29.87	4.14	123.64	11.76	8.04	94.63	76.50	3	31.70
132.894	29.78	4.12	122.57	11.72	8.06	94.47	77.10	3	31.70
132.955	29.87	4.11	122.91	11.69	8.06	94.22	76.70	3	31.70
133.059	29.82	4.12	122.78	11.76	7.94	93.40	76.10	3	31.70
133.204	29.82	4.12	122.88	11.75	8.01	94.13	76.60	3	31.70
133.265	29.73	4.13	122.82	11.75	8.03	94.41	76.90	3	31.70
133.369	29.71	4.12	122.41	11.70	7.98	93.35	76.30	3	31.70
133.514	29.72	4.11	122.28	11.74	8.02	94.13	77.00	3	31.70
133.575	29.69	4.13	122.62	11.75	7.93	93.20	76.00	3	31.70
133.679	29.79	4.13	122.99	11.71	8.04	94.15	76.60	3	31.70
133.824	29.84	4.12	123.02	11.72	8.04	94.24	76.60	3	31.70
133.885	29.83	4.12	122.89	11.69	8.05	94.15	76.60	3	31.70
133.989	29.75	4.12	122.64	11.74	8.02	94.18	76.80	3	31.70
134.134	29.73	4.12	122.60	11.78	7.87	92.74	75.60	3	31.70
134.195	29.71	4.12	122.48	11.73	8.10	95.00	77.60	3	31.70
134.299	29.70	4.12	122.38	11.77	7.88	92.72	75.80	3	31.70
134.444	29.78	4.13	123.03	11.72	8.05	94.31	76.70	3	31.70
134.505	29.86	4.14	123.46	11.75	8.10	95.18	77.10	3	31.70
134.609	29.77	4.12	122.78	11.72	7.96	93.33	76.00	3	31.70
134.754	30.00	4.11	123.42	11.75	8.02	94.23	76.30	3	31.70
134.815	29.74	4.13	122.88	11.75	7.93	93.17	75.80	3	31.70
134.919	29.88	4.12	123.14	11.76	8.01	94.27	76.60	3	31.70
135.064	29.76	4.12	122.68	11.72	7.98	93.48	76.20	3	31.70
135.125	29.62	4.14	122.60	11.69	8.02	93.75	76.50	3	31.70
135.229	29.88	4.13	123.30	11.70	7.93	92.71	75.20	3	31.70
135.374	29.73	4.13	122.69	11.73	7.97	93.52	76.20	3	31.70
135.435	29.78	4.13	122.88	11.78	7.97	93.86	76.40	3	31.70
135.539	29.80	4.12	122.78	11.72	7.97	93.39	76.10	3	31.70
135.684	29.92	4.11	122.89	11.74	8.05	94.47	76.90	3	31.70
135.745	29.76	4.13	123.00	11.74	7.92	92.91	75.50	3	31.70
135.849	29.92	4.12	123.16	11.73	8.02	94.06	76.40	3	31.70
135.994	30.05	4.13	124.09	11.70	7.97	93.30	75.20	3	31.70
136.055	29.75	4.15	123.55	11.67	8.05	93.89	76.00	3	31.70
136.159	29.77	4.13	123.05	11.69	7.97	93.12	75.70	3	31.70
136.304	29.74	4.14	123.08	11.73	8.00	93.84	76.20	3	31.70
136.365	29.84	4.12	123.07	11.79	7.94	93.61	76.10	3	31.70
136.469	29.86	4.14	123.57	11.72	7.88	92.34	74.70	3	31.70
136.614	29.82	4.13	123.08	11.68	8.07	94.25	76.60	3	31.70
136.675	29.69	4.14	123.07	11.72	7.87	92.25	75.00	3	31.70
136.779	29.83	4.13	123.13	11.74	8.03	94.22	76.50	3	31.70
136.924	30.01	4.13	124.03	11.73	8.00	93.84	75.70	3	31.70
136.985	29.83	4.15	123.90	11.70	8.02	93.79	75.70	3	31.70
137.089	29.73	4.13	122.89	11.68	8.07	94.28	76.70	3	31.70
137.234	29.75	4.14	123.05	11.68	8.06	94.17	76.50	3	31.70
137.295	29.88	4.12	123.19	11.74	8.01	94.02	76.30	3	31.70
137.399	29.62	4.14	122.56	11.69	8.04	94.06	76.70	3	31.70
137.544	29.69	4.14	122.80	11.71	8.04	94.21	76.70	3	31.70
137.605	29.76	4.14	123.26	11.67	8.03	93.67	76.00	3	31.70
137.709	29.83	4.14	123.61	11.74	8.02	94.09	76.10	3	31.70
137.854	29.92	4.15	124.03	11.75	7.90	92.80	74.80	3	31.70
137.915	29.86	4.13	123.48	11.70	7.96	93.22	75.50	3	31.70
138.019	29.67	4.14	122.77	11.71	8.01	93.81	76.40	3	31.70
138.164	29.92	4.14	123.78	11.71	8.03	93.96	75.90	3	31.70
138.225	29.80	4.13	123.03	11.70	8.07	94.41	76.70	3	31.70
138.329	29.69	4.13	122.70	11.67	8.00	93.38	76.10	3	31.70
138.474	29.77	4.15	123.45	11.70	7.99	93.48	75.70	3	31.70
138.535	29.70	4.15	123.25	11.66	7.97	92.94	75.40	3	31.70
138.639	29.66	4.14	122.94	11.69	8.05	94.09	76.50	3	31.70
138.784	29.79	4.14	123.27	11.71	7.98	93.48	75.80	3	31.70
138.845	29.84	4.14	123.65	11.69	8.04	94.01	76.00	3	31.70
138.949	29.75	4.14	123.21	11.72	7.93	92.87	75.40	3	31.70
139.094	29.76	4.14	123.33	11.69	7.93	92.73	75.20	3	31.70
139.155	29.90	4.13	123.33	11.72	8.05	94.31	76.50	3	31.70
139.259	29.70	4.14	122.85	11.68	7.98	93.20	75.90	3	31.70
139.404	29.77	4.13	122.84	11.73	8.03	94.14	76.60	3	31.70
139.465	29.88	4.12	123.10	11.77	7.94	93.48	75.90	3	31.70
139.569	29.97	4.11	123.31	11.75	8.08	94.87	76.90	3	31.70
139.714	29.84	4.12	122.87	11.75	7.95	93.47	76.10	3	31.70
139.775	29.61	4.13	122.35	11.66	8.09	94.35	77.10	3	31.70
139.879	29.78	4.11	122.45	11.77	7.80	91.86	75.00	3	31.70
140.024	29.73	4.14	122.94	11.78	7.91	93.19	75.80	3	31.70
140.085	29.71	4.11	122.23	11.79	7.98	94.01	76.90	3	31.70
140.189	29.74	4.13	122.93	11.72	8.13	95.27	77.50	3	31.70
140.334	29.83	4.13	123.25	11.75	8.08	94.93	77.00	3	31.70
140.395	29.76	4.14	123.17	11.71	8.05	94.23	76.50	3	31.70
140.499	29.90	4.11	122.80	11.75	8.01	94.14	76.70	3	31.70
140.644	29.80	4.13	123.09	11.69	8.08	94.48	76.80	3	31.70
140.705	29.87	4.12	122.93	11.79	7.90	93.17	75.80	3	31.70
140.809	29.77	4.14	123.14	11.72	8.04	94.26	76.50	3	31.70
140.954	29.93	4.13	123.50	11.71	8.09	94.73	76.70	3	31.70
141.015	29.78	4.13	123.11	11.73	7.96	93.34	75.80	3	31.70
141.119	29.79	4.12	122.79	11.73	8.04	94.29	76.80	3	31.70
141.264	29.86	4.12	123.08	11.77	7.98	93.96	76.30	3	31.70
141.325	29.72	4.13	122.78	11.73	8.00	93.86	76.40	3	31.70
141.429	29.61	4.13	122.41	11.75	7.88	92.61	75.70	3	31.70
141.574	29.85	4.13	123.38	11.70	7.95	92.98	75.40	3	31.70
141.635	29.92	4.12	123.35	11.72	8.00	93.77	76.00	3	31.70
141.739	29.80	4.13	123.04	11.71	7.96	93.29	75.80	3	31.70
141.884	29.69	4.13	122.51	11.72	8.05	94.34	77.00	3	31.70
141.945	29.71	4.13	122.71	11.76	7.89	92.78	75.60	3	31.70
142.049	29.77	4.13	122.89	11.73	8.05	94.40	76.80	3	31.70
142.194	29.76	4.14	123.10	11.74	8.02	94.16	76.50	3	31.70
142.255	29.71	4.14	123.15	11.70	7.98	93.29	75.80	3	31.70
142.359	29.81	4.13	122.96	11.71	7.91	92.58	75.30	3	31.70
142.504	29.65	4.15	123.17	11.70	7.95	93.00	75.50	3	31.70
142.565	29.89	4.13	123.57	11.73	8.04	94.26	76.30	3	31.70
142.669	29.77	4.14	123.30	11.68	8.04	93.96	76.20	3	31.70
142.814	29.73	4.12	122.50	11.74	8.02	94.10	76.80	3	31.70
142.875	29.74	4.13	122.87	11.71	7.99	93.60	76.20	3	31.70
142.979	29.92	4.10	122.78	11.75	7.93	93.21	75.90	3	31.70
143.124	29.74	4.13	122.86	11.67	8.09	94.46	76.90	3	31.70
143.185	29.78	4.12	122.71	11.73	8.04	94.36	76.90	3	31.70
143.289	29.67	4.12	122.31	11.69	8.05	94.18	77.00	3	31.70
143.434	29.85	4.13	123.38	11.76	8.01	94.24	76.40	3	31.70
143.495	29.77	4.13	122.94	11.76	7.82	91.97	74.80	3	31.70
143.599	29.93	4.13	123.71	11.73	8.04	94.30	76.20	3	31.70
143.744	29.84	4.13	123.23	11.77	7.89	92.80	75.30	3	31.70
143.805	29.89	4.13	123.34	11.72	8.08	94.75	76.80	3	31.70
143.909	29.52	4.15	122.46	11.69	8.03	93.81	76.60	3	31.70
144.054	29.76	4.13	122.90	11.70	8.04	94.06	76.50	3	31.70
144.115	29.70	4.14	122.89	11.72	8.00	93.73	76.30	3	31.70
144.219	29.73	4.14	123.24	11.75	7.93	93.23	75.60	3	31.70
144.364	29.77	4.13	123.06	11.78	7.99	94.14	76.50	3	31.70
144.425	29.66	4.13	122.42	11.76	7.99	94.01	76.80	3	31.70
144.529	29.78	4.12	122.84	11.74	8.05	94.51	76.90	3	31.70
144.674	29.72	4.12	122.55	11.77	7.95	93.55	76.30	3	31.70
144.735	29.82	4.12	122.98	11.81	7.98	94.19	76.60	3	31.70
144.839	29.69	4.14	122.82	11.76	8.00	94.10	76.60	3	31.70
144.984	29.87	4.13	123.33	11.77	8.03	94.43	76.60	3	31.70
145.045	29.72	4.14	123.16	11.67	8.10	94.48	76.70	3	31.70
145.149	29.82	4.12	122.90	11.76	7.95	93.49	76.10	3	31.70
145.294	29.90	4.16	124.31	11.65	8.13	94.74	76.20	3	31.70
145.355	29.94	4.14	123.81	11.74	8.04	94.44	76.30	3	31.70
145.459	29.75	4.14	123.11	11.72	8.01	93.81	76.20	3	31.70
145.604	29.87	4.14	123.62	11.70	7.93	92.77	75.00	3	31.70
145.665	29.81	4.13	123.18	11.67	8.01	93.46	75.90	3	31.70
145.769	29.71	4.13	122.84	11.71	8.01	93.76	76.30	3	31.70
145.914	29.72	4.14	123.09	11.67	8.02	93.61	76.10	3	31.70
145.975	29.60	4.16	123.04	11.66	8.01	93.38	75.90	3	31.70
146.079	29.71	4.14	122.86	11.67	8.07	94.15	76.60	3	31.70
146.224	29.72	4.16	123.60	11.65	8.03	93.52	75.70	3	31.70
146.285	29.74	4.14	123.04	11.72	8.02	93.96	76.40	3	31.70
146.389	29.54	4.15	122.68	11.68	8.00	93.44	76.20	3	31.70
146.534	29.78	4.14	123.20	11.77	7.99	94.05	76.30	3	31.70
146.595	29.64	4.15	123.03	11.66	8.08	94.16	76.50	3	31.70
146.699	29.75	4.12	122.60	11.74	8.01	94.00	76.70	3	31.70
146.844	29.54	4.14	122.43	11.67	7.93	92.58	75.60	3	31.70
146.905	29.73	4.13	122.67	11.70	7.97	93.22	76.00	3	31.70
147.009	29.64	4.15	122.88	11.64	8.03	93.45	76.00	3	31.70
147.154	29.82	4.14	123.49	11.66	8.10	94.44	76.50	3	31.70
147.215	29.71	4.16	123.54	11.68	8.00	93.43	75.60	3	31.70
147.319	29.66	4.15	123.07	11.74	7.86	92.35	75.00	3	31.70
147.464	29.85	4.14	123.68	11.78	7.89	92.88	75.10	3	31.70
147.525	29.79	4.14	123.47	11.70	8.01	93.71	75.90	3	31.70
147.629	29.68	4.16	123.33	11.73	8.04	94.27	76.40	3	31.70
147.774	29.75	4.16	123.85	11.71	8.02	93.90	75.80	3	31.70
147.835	29.89	4.15	124.02	11.75	7.98	93.74	75.60	3	31.70
147.939	29.65	4.16	123.34	11.66	7.99	93.22	75.60	3	31.70
148.084	29.69	4.14	122.77	11.72	8.00	93.80	76.40	3	31.70
148.145	29.55	4.15	122.77	11.66	8.04	93.71	76.30	3	31.70
148.249	29.84	4.14	123.40	11.76	7.94	93.36	75.70	3	31.70
148.394	29.62	4.16	123.36	11.72	7.88	92.32	74.80	3	31.70
148.455	29.86	4.13	123.31	11.72	8.12	95.19	77.20	3	31.70
148.559	29.57	4.15	122.78	11.67	8.07	94.13	76.70	3	31.70
148.704	29.98	4.13	123.68	11.74	8.09	95.00	76.80	3	31.70
148.765	29.95	4.13	123.82	11.73	8.06	94.52	76.30	3	31.70
148.869	29.76	4.13	123.03	11.73	8.01	93.96	76.40	3	31.70
149.014	29.76	4.15	123.45	11.72	8.10	94.96	76.90	3	31.70
149.075	29.76	4.15	123.44	11.73	8.02	94.12	76.30	3	31.70
149.179	29.78	4.13	123.07	11.71	8.04	94.24	76.60	3	31.70
149.324	29.75	4.15	123.35	11.69	8.05	94.17	76.30	3	31.70
149.385	29.84	4.13	123.37	11.75	8.08	94.95	77.00	3	31.70
149.489	29.59	4.15	122.69	11.74	8.05	94.49	77.00	3	31.70
149.634	29.72	4.14	122.96	11.76	8.05	94.64	77.00	3	31.70
149.695	29.66	4.15	122.96	11.71	8.00	93.69	76.20	3	31.70
149.799	29.88	4.12	123.17	11.75	7.98	93.74	76.10	3	31.70
149.944	29.69	4.15	123.20	11.70	8.13	95.08	77.20	3	31.70
150.005	29.72	4.14	123.00	11.73	8.04	94.36	76.70	3	31.70
150.109	29.75	4.14	123.26	11.68	8.08	94.37	76.60	3	31.70
150.254	29.82	4.13	123.22	11.73	8.06	94.50	76.70	3	31.70
150.315	29.66	4.13	122.63	11.70	8.03	93.93	76.60	3	31.70
150.419	29.84	4.13	123.11	11.72	8.10	94.88	77.10	3	31.70
150.564	29.62	4.14	122.69	11.71	8.06	94.32	76.90	3	31.70
150.625	29.58	4.15	122.69	11.67	8.07	94.17	76.70	3	31.70
150.729	29.65	4.13	122.45	11.72	7.93	92.94	75.90	3	31.70
150.874	29.69	4.15	123.32	11.70	7.97	93.26	75.60	3	31.70
150.935	29.92	4.12	123.27	11.77	7.97	93.81	76.10	3	31.70
151.039	29.77	4.14	123.21	11.68	8.14	95.03	77.10	3	31.70
151.184	29.79	4.12	122.86	11.79	8.01	94.44	76.90	3	31.70
151.245	29.74	4.13	122.95	11.70	8.00	93.57	76.10	3	31.70
151.349	29.90	4.13	123.42	11.75	7.95	93.41	75.70	3	31.70
151.494	29.83	4.13	123.07	11.71	8.05	94.25	76.60	3	31.70
151.555	29.89	4.12	123.24	11.72	8.07	94.66	76.80	3	31.70
151.659	29.67	4.14	122.73	11.67	8.09	94.45	77.00	3	31.70
151.804	29.82	4.15	123.68	11.74	8.01	94.05	76.00	3	31.70
151.865	29.92	4.13	123.53	11.71	7.98	93.47	75.70	3	31.70
151.969	29.87	4.13	123.36	11.75	8.01	94.19	76.40	3	31.70
152.114	29.81	4.14	123.43	11.75	8.01	94.08	76.20	3	31.70
152.175	29.70	4.15	123.29	11.72	8.10	94.99	77.10	3	31.70
152.279	29.82	4.12	122.73	11.82	7.78	92.00	75.00	3	31.70
152.424	29.82	4.14	123.31	11.73	8.02	94.03	76.30	3	31.70
152.485	30.02	4.13	123.88	11.79	7.92	93.41	75.40	3	31.70
152.589	29.81	4.13	123.10	11.70	8.14	95.27	77.40	3	31.70
152.734	29.93	4.13	123.76	11.75	8.01	94.09	76.00	3	31.70
152.795	29.73	4.15	123.35	11.65	8.06	93.99	76.20	3	31.70
152.899	29.91	4.12	123.31	11.73	7.99	93.73	76.00	3	31.70
153.044	29.77	4.15	123.44	11.66	8.05	93.83	76.00	3	31.70
153.105	29.77	4.14	123.15	11.72	8.00	93.69	76.10	3	31.70
153.209	29.89	4.14	123.65	11.70	8.08	94.52	76.40	3	31.70
153.354	29.84	4.12	123.03	11.70	8.03	94.01	76.40	3	31.70
153.415	29.80	4.14	123.33	11.75	7.98	93.74	76.00	3	31.70
153.519	29.84	4.13	123.30	11.72	8.03	94.10	76.30	3	31.70
153.664	29.84	4.13	123.27	11.77	8.04	94.58	76.70	3	31.70
153.725	29.81	4.14	123.33	11.75	8.03	94.33	76.50	3	31.70
153.829	30.04	4.12	123.75	11.80	7.89	93.08	75.20	3	31.70
153.974	29.94	4.15	124.13	11.75	8.05	94.52	76.10	3	31.70
154.035	29.90	4.13	123.62	11.80	8.08	95.35	77.10	3	31.70
154.139	29.75	4.13	122.91	11.75	7.95	93.46	76.00	3	31.70
154.284	29.86	4.13	123.41	11.74	7.96	93.46	75.70	3	31.70
154.345	29.81	4.13	123.17	11.74	7.93	93.04	75.50	3	31.70
154.449	29.78	4.13	122.94	11.76	8.01	94.12	76.60	3	31.70
154.594	29.71	4.13	122.81	11.75	8.03	94.39	76.90	3	31.70
154.655	29.67	4.14	122.89	11.76	7.99	93.99	76.50	3	31.70
154.759	29.68	4.14	122.86	11.77	7.87	92.67	75.40	3	31.70
154.904	29.67	4.16	123.32	11.74	7.95	93.32	75.70	3	31.70
154.965	29.73	4.12	122.63	11.77	7.99	94.00	76.70	3	31.70
155.069	29.71	4.14	123.02	11.71	8.12	95.10	77.30	3	31.70
155.214	29.81	4.12	122.94	11.75	8.06	94.64	77.00	3	31.70
155.275	29.68	4.14	122.88	11.70	8.02	93.92	76.40	3	31.70
155.379	29.85	4.13	123.42	11.78	8.00	94.22	76.30	3	31.70
155.524	29.79	4.15	123.52	11.69	8.15	95.21	77.10	3	31.70
155.585	29.81	4.14	123.52	11.71	8.11	95.00	76.90	3	31.70
155.689	29.74	4.15	123.39	11.72	8.03	94.16	76.30	3	31.70
155.834	29.77	4.15	123.44	11.73	7.98	93.68	75.90	3	31.70
155.895	29.82	4.14	123.40	11.72	8.05	94.27	76.40	3	31.70
155.999	29.80	4.12	122.89	11.73	8.05	94.39	76.80	3	31.70
156.144	29.79	4.13	123.06	11.74	8.07	94.74	77.00	3	31.70
156.205	29.77	4.13	123.07	11.75	8.00	94.03	76.40	3	31.70
156.309	29.84	4.12	122.90	11.72	7.98	93.47	76.10	3	31.70
156.454	29.72	4.14	123.03	11.72	7.99	93.58	76.10	3	31.70
156.515	29.74	4.13	122.70	11.75	8.03	94.38	76.90	3	31.70
156.619	29.62	4.15	122.96	11.72	7.98	93.52	76.10	3	31.70
156.764	29.75	4.14	123.10	11.71	8.08	94.63	76.90	3	31.70
156.825	29.78	4.14	123.41	11.70	8.09	94.69	76.70	3	31.70
156.929	29.91	4.12	123.34	11.76	7.96	93.59	75.90	3	31.70
157.074	29.85	4.13	123.35	11.67	8.08	94.27	76.40	3	31.70
157.135	29.82	4.13	123.32	11.70	8.04	94.07	76.30	3	31.70
157.239	29.73	4.14	123.17	11.72	7.97	93.44	75.90	3	31.70
157.384	29.64	4.13	122.38	11.74	7.99	93.83	76.70	3	31.70
157.445	29.75	4.13	122.83	11.72	7.97	93.47	76.10	3	31.70
157.549	29.81	4.13	123.00	11.74	8.02	94.16	76.60	3	31.70
157.694	29.90	4.13	123.37	11.73	7.97	93.47	75.80	3	31.70
157.755	29.79	4.14	123.27	11.70	8.09	94.63	76.80	3	31.70
157.859	29.65	4.13	122.58	11.73	7.93	92.97	75.80	3	31.70
158.004	29.66	4.15	123.18	11.70	8.14	95.25	77.30	3	31.70
158.065	29.81	4.14	123.29	11.75	7.84	92.12	74.70	3	31.70
158.169	29.91	4.13	123.56	11.68	8.06	94.18	76.20	3	31.70
158.314	29.87	4.14	123.61	11.80	7.88	92.98	75.20	3	31.70
158.375	29.71	4.13	122.81	11.71	7.94	93.01	75.70	3	31.70
158.479	29.73	4.14	123.20	11.74	8.00	93.90	76.20	3	31.70
158.624	29.71	4.15	123.31	11.68	8.05	93.95	76.20	3	31.70
158.685	29.77	4.13	123.00	11.75	7.94	93.31	75.90	3	31.70
158.789	29.58	4.14	122.42	11.72	7.97	93.34	76.20	3	31.70
158.934	29.77	4.14	123.28	11.73	8.05	94.48	76.60	3	31.70
158.995	29.59	4.16	122.98	11.67	8.06	94.09	76.50	3	31.70
159.099	29.76	4.15	123.57	11.73	7.94	93.18	75.40	3	31.70
159.244	29.55	4.14	122.42	11.71	7.94	93.04	76.00	3	31.70
159.305	29.80	4.13	123.13	11.71	8.08	94.68	76.90	3	31.70
159.409	29.66	4.15	123.23	11.70	8.02	93.84	76.20	3	31.70
159.554	29.68	4.15	123.04	11.67	8.08	94.24	76.60	3	31.70
159.615	29.72	4.15	123.27	11.72	7.93	93.00	75.40	3	31.70
159.719	29.85	4.14	123.44	11.68	8.01	93.61	75.80	3	31.70
159.864	29.83	4.15	123.71	11.71	7.99	93.54	75.60	3	31.70
159.925	29.80	4.15	123.77	11.69	8.08	94.51	76.40	3	31.70
160.029	29.77	4.15	123.50	11.76	7.92	93.19	75.50	3	31.70
160.174	29.71	4.16	123.55	11.70	8.02	93.84	76.00	3	31.70
160.235	29.82	4.14	123.54	11.73	8.04	94.33	76.40	3	31.70
160.339	29.71	4.15	123.41	11.65	8.04	93.66	75.90	3	31.70
160.484	29.79	4.13	123.17	11.72	7.99	93.69	76.10	3	31.70
160.545	29.77	4.14	123.35	11.72	7.96	93.32	75.70	3	31.70
160.649	29.81	4.15	123.69	11.70	8.02	93.82	75.80	3	31.70
160.794	29.87	4.15	123.85	11.74	7.96	93.41	75.40	3	31.70
160.855	29.83	4.14	123.60	11.67	7.97	93.09	75.30	3	31.70
160.959	29.84	4.14	123.60	11.72	8.00	93.77	75.90	3	31.70
161.104	29.77	4.15	123.67	11.72	8.08	94.73	76.60	3	31.70
161.165	29.87	4.14	123.77	11.72	8.04	94.26	76.20	3	31.70
161.269	29.68	4.15	123.27	11.67	8.06	94.03	76.30	3	31.70
161.414	29.73	4.15	123.27	11.69	8.07	94.34	76.50	3	31.70
161.475	29.72	4.13	122.89	11.68	8.02	93.65	76.20	3	31.70
161.579	29.67	4.14	122.85	11.70	8.09	94.65	77.00	3	31.70
161.724	29.73	4.15	123.32	11.71	8.02	93.96	76.20	3	31.70
161.785	29.67	4.15	123.02	11.67	8.05	93.96	76.40	3	31.70
161.889	29.72	4.14	123.04	11.66	8.01	93.39	75.90	3	31.70
162.034	29.59	4.15	122.75	11.65	8.05	93.74	76.40	3	31.70
162.095	29.68	4.15	123.05	11.72	8.00	93.76	76.20	3	31.70
162.199	29.64	4.14	122.77	11.63	8.02	93.25	76.00	3	31.70
162.344	29.61	4.14	122.64	11.72	8.05	94.29	76.90	3	31.70
162.405	29.52	4.15	122.61	11.67	8.08	94.27	76.90	3	31.70
162.509	29.72	4.16	123.56	11.72	8.02	93.97	76.10	3	31.70
162.654	29.57	4.16	123.09	11.66	7.99	93.17	75.70	3	31.70
162.715	29.68	4.16	123.37	11.68	8.06	94.12	76.30	3	31.70
162.819	29.57	4.16	122.93	11.65	8.09	94.26	76.70	3	31.70
162.964	29.76	4.14	123.19	11.66	8.09	94.38	76.60	3	31.70
163.025	29.62	4.15	122.87	11.64	8.08	94.05	76.50	3	31.70
163.129	29.70	4.15	123.39	11.68	8.03	93.72	75.90	3	31.70
163.274	29.79	4.15	123.55	11.74	7.99	93.82	75.90	3	31.70
163.335	29.69	4.16	123.60	11.70	8.00	93.53	75.70	3	31.70
163.439	29.72	4.14	123.05	11.67	8.01	93.49	76.00	3	31.70
163.584	29.63	4.17	123.59	11.65	8.11	94.41	76.40	3	31.70
163.645	29.74	4.15	123.44	11.70	8.08	94.53	76.60	3	31.70
163.749	29.57	4.16	122.95	11.69	8.00	93.55	76.10	3	31.70
163.894	29.72	4.14	123.16	11.71	8.00	93.67	76.10	3	31.70
163.955	29.52	4.15	122.62	11.63	8.10	94.18	76.80	3	31.70
164.059	29.70	4.14	122.95	11.71	8.03	93.97	76.40	3	31.70
164.204	29.45	4.15	122.32	11.69	7.91	92.45	75.60	3	31.70
164.265	29.66	4.13	122.47	11.68	8.06	94.15	76.90	3	31.70
164.369	29.63	4.14	122.54	11.67	8.06	94.02	76.70	3	31.70
164.514	29.72	4.14	122.99	11.71	8.05	94.20	76.60	3	31.70
164.575	29.66	4.16	123.28	11.71	8.04	94.07	76.30	3	31.70
164.679	29.68	4.14	122.97	11.68	8.04	93.93	76.40	3	31.70
164.824	29.80	4.14	123.27	11.73	7.98	93.64	76.00	3	31.70
164.885	29.73	4.14	123.15	11.74	7.95	93.35	75.80	3	31.70
164.989	29.78	4.14	123.28	11.68	7.97	93.12	75.50	3	31.70
