472.177	38.46	0.51	19.71	1.36	1.40	1.91	9.70	3	21.20
472.280	35.13	2.00	70.39	5.16	6.42	33.12	47.10	3	33.70
472.425	18.91	3.43	64.91	5.93	5.95	35.25	54.30	3	46.20
472.485	14.23	4.00	56.95	5.86	5.31	31.14	54.70	3	46.20
472.589	7.87	4.47	35.14	4.77	3.75	17.89	50.90	3	58.70
472.733	24.16	2.81	67.91	5.35	5.36	28.65	42.20	3	16.50
472.793	25.22	2.72	68.64	5.64	5.51	31.07	45.30	3	53.50
472.897	11.19	4.07	45.61	4.52	4.09	18.48	40.50	3	33.70
473.042	9.54	4.46	42.51	4.84	4.85	23.47	55.20	3	15.00
473.102	22.46	3.02	67.93	5.08	5.75	29.20	43.00	3	15.00
473.205	23.86	2.91	69.52	5.64	5.70	32.18	46.30	3	40.10
473.350	16.69	3.72	62.07	6.26	5.91	37.01	59.60	3	33.00
473.410	16.84	3.62	60.92	6.47	5.93	38.38	63.00	3	33.00
473.514	17.94	3.49	62.67	7.03	5.93	41.66	66.50	3	32.90
473.659	17.50	3.46	60.61	7.25	5.93	43.02	71.00	3	34.20
473.719	22.48	3.11	69.97	7.44	6.10	45.39	64.90	3	20.60
473.823	31.46	2.37	74.52	7.82	6.32	49.42	66.30	3	29.60
473.968	24.27	3.30	80.06	8.40	6.93	58.26	72.80	3	40.20
474.028	19.75	3.65	72.06	8.22	6.18	50.83	70.50	3	40.20
474.132	25.56	3.11	79.45	8.37	6.16	51.53	64.90	3	22.00
474.277	33.33	2.43	81.00	8.55	6.71	57.39	70.90	3	21.90
474.337	33.74	2.37	80.00	8.80	6.49	57.12	71.40	3	40.50
474.441	21.17	3.51	74.21	8.39	5.50	46.16	62.20	3	40.50
474.586	24.58	3.46	85.00	8.99	6.63	59.62	70.10	3	29.60
474.646	23.56	3.45	81.19	9.00	6.40	57.60	70.90	3	33.40
474.750	24.33	3.34	81.21	9.07	5.98	54.21	66.80	3	24.80
474.895	30.31	3.04	92.11	9.51	6.96	66.19	71.90	3	28.30
474.955	29.94	3.16	94.68	9.69	7.03	68.09	71.90	3	28.30
475.059	31.09	3.09	95.93	9.96	6.98	69.49	72.40	3	26.50
475.204	32.97	2.91	96.01	9.95	7.11	70.80	73.70	3	25.60
475.264	32.91	2.92	96.24	9.96	7.16	71.33	74.10	3	27.60
475.368	31.62	3.09	97.59	10.10	7.25	73.23	75.00	3	27.60
475.513	32.17	3.04	97.64	10.21	7.01	71.60	73.30	3	26.50
475.573	32.54	3.00	97.63	10.17	7.02	71.40	73.10	3	26.50
475.677	32.72	2.97	97.31	10.18	7.13	72.65	74.70	3	26.50
475.822	32.50	3.00	97.51	10.17	7.25	73.70	75.60	3	26.90
475.882	32.25	3.02	97.55	10.14	7.26	73.64	75.50	3	26.90
475.986	32.60	2.99	97.41	10.13	7.12	72.17	74.10	3	26.50
476.131	32.65	2.96	96.48	10.15	7.03	71.31	73.90	3	26.40
476.191	32.66	2.97	97.15	10.19	6.85	69.83	71.90	3	26.70
476.295	32.49	2.99	97.15	10.17	6.92	70.38	72.40	3	27.20
476.440	32.31	3.00	96.86	10.15	6.95	70.49	72.80	3	26.20
476.500	32.64	2.96	96.57	10.13	6.94	70.30	72.80	3	26.20
476.604	32.59	2.98	96.96	10.11	7.03	71.11	73.30	3	26.70
476.749	32.72	2.99	97.94	10.12	7.12	72.09	73.60	3	26.50
476.809	32.60	2.99	97.62	10.09	7.18	72.49	74.30	3	26.50
476.913	32.80	2.98	97.64	10.10	7.24	73.09	74.90	3	26.50
477.058	32.79	2.97	97.34	10.08	7.22	72.84	74.80	3	26.50
477.118	32.69	2.99	97.66	10.03	7.31	73.36	75.10	3	26.50
477.222	32.63	2.99	97.43	10.08	7.28	73.45	75.40	3	26.50
477.367	32.80	2.98	97.67	10.11	7.26	73.39	75.10	3	26.50
477.427	32.85	2.97	97.47	10.13	7.18	72.69	74.60	3	26.50
477.531	32.89	2.98	97.86	10.13	7.12	72.10	73.70	3	26.50
477.676	32.86	2.97	97.45	10.17	7.14	72.58	74.50	3	26.50
477.736	32.90	2.96	97.50	10.19	7.12	72.51	74.40	3	26.50
477.840	32.91	2.94	96.59	10.20	6.89	70.31	72.80	3	26.50
477.985	32.73	2.94	96.31	10.13	7.04	71.32	74.10	3	26.50
478.045	32.73	2.94	96.31	10.21	6.85	69.95	72.60	3	26.50
478.149	32.61	2.96	96.69	10.14	7.01	71.09	73.50	3	26.50
478.294	32.71	2.98	97.41	10.18	6.94	70.57	72.40	3	26.50
478.354	32.75	2.97	97.27	10.14	7.07	71.65	73.70	3	26.50
478.458	32.84	2.95	96.90	10.18	7.01	71.38	73.70	3	26.50
478.603	32.87	2.98	97.87	10.18	7.20	73.28	74.90	3	26.50
478.663	32.84	2.97	97.50	10.21	7.03	71.83	73.70	3	26.50
478.767	32.71	2.98	97.37	10.12	7.20	72.85	74.80	3	26.50
478.912	32.81	2.96	97.05	10.15	7.15	72.61	74.80	3	26.50
478.972	32.74	2.97	97.15	10.11	7.20	72.82	75.00	3	26.50
479.076	32.85	2.97	97.42	10.12	7.09	71.78	73.70	3	26.50
479.221	32.93	2.95	97.27	10.16	7.02	71.34	73.30	3	26.50
479.281	33.01	2.91	96.01	10.19	7.06	71.99	75.00	3	26.50
479.385	33.03	2.91	96.11	10.20	6.95	70.88	73.70	3	26.50
479.530	32.92	2.94	96.88	10.18	7.01	71.35	73.70	3	26.50
479.590	32.71	2.96	96.83	10.10	7.10	71.73	74.10	3	26.50
479.694	32.70	2.97	97.00	10.10	7.20	72.71	75.00	3	26.50
479.839	32.74	2.98	97.46	10.10	7.25	73.24	75.10	3	26.50
479.899	32.83	2.97	97.49	10.13	7.15	72.43	74.30	3	26.50
480.003	32.83	2.95	96.95	10.14	7.18	72.74	75.00	3	26.50
480.148	33.03	2.93	96.91	10.14	7.19	72.96	75.30	3	26.50
480.208	32.88	2.94	96.55	10.15	7.03	71.38	73.90	3	26.50
480.312	32.72	2.94	96.35	10.15	6.97	70.78	73.50	3	26.50
480.457	32.81	2.94	96.59	10.14	7.12	72.18	74.70	3	26.50
480.517	32.94	2.94	97.00	10.17	7.10	72.16	74.40	3	26.50
480.621	32.97	2.93	96.73	10.17	7.20	73.21	75.70	3	26.50
480.766	33.02	2.94	97.09	10.22	6.98	71.34	73.50	3	26.50
480.826	32.97	2.94	96.83	10.24	6.95	71.19	73.50	3	26.50
480.930	32.79	2.96	97.01	10.19	7.15	72.83	75.10	3	26.50
481.075	32.90	2.95	97.04	10.17	7.10	72.24	74.40	3	26.50
481.135	32.82	2.94	96.64	10.18	7.09	72.19	74.70	3	26.50
481.239	32.99	2.92	96.31	10.20	7.02	71.61	74.40	3	26.50
481.384	32.71	2.96	96.79	10.14	7.04	71.42	73.80	3	26.50
481.444	32.81	2.96	97.07	10.18	6.99	71.20	73.30	3	26.50
481.548	32.77	2.97	97.33	10.12	7.13	72.21	74.20	3	26.50
481.693	32.96	2.95	97.16	10.18	7.09	72.20	74.30	3	26.50
481.753	32.85	2.95	97.03	10.14	7.15	72.53	74.70	3	26.50
481.857	32.71	2.94	96.15	10.15	7.14	72.47	75.40	3	26.50
482.002	32.79	2.93	96.21	10.15	7.07	71.77	74.60	3	26.50
482.062	32.82	2.91	95.55	10.18	7.07	71.95	75.30	3	26.50
482.166	32.86	2.91	95.79	10.22	7.04	71.95	75.10	3	26.50
482.311	32.94	2.94	96.74	10.22	6.93	70.85	73.20	3	26.50
482.371	32.77	2.96	97.04	10.15	7.10	72.08	74.30	3	26.50
482.475	32.68	2.98	97.23	10.12	7.15	72.35	74.40	3	26.50
482.620	32.75	2.97	97.24	10.09	7.22	72.88	74.90	3	26.50
482.680	32.84	2.96	97.22	10.09	7.26	73.23	75.30	3	26.50
482.784	32.81	2.94	96.32	10.11	7.21	72.93	75.70	3	26.50
482.929	33.05	2.93	96.79	10.20	7.02	71.63	74.00	3	26.50
482.989	32.88	2.95	97.11	10.18	6.98	71.07	73.20	3	26.50
483.093	32.83	2.96	97.21	10.14	7.13	72.31	74.40	3	26.50
483.238	32.84	2.97	97.68	10.12	7.21	72.91	74.60	3	26.50
483.298	32.85	2.96	97.31	10.15	7.18	72.88	74.90	3	26.50
483.402	32.86	2.96	97.19	10.14	7.20	73.01	75.10	3	26.50
483.547	32.79	2.96	97.08	10.13	7.18	72.76	75.00	3	26.50
483.607	32.94	2.96	97.41	10.13	7.21	73.03	75.00	3	26.50
483.711	32.84	2.96	97.28	10.16	7.19	73.01	75.10	3	26.50
483.856	32.98	2.95	97.30	10.13	7.10	71.90	73.90	3	26.50
483.916	32.97	2.94	97.08	10.13	7.04	71.32	73.50	3	26.50
484.020	32.78	2.95	96.71	10.17	7.09	72.11	74.60	3	26.50
484.165	32.69	2.97	97.22	10.15	7.18	72.91	75.00	3	26.50
484.225	32.78	2.96	97.08	10.17	7.12	72.36	74.50	3	26.50
484.329	32.70	2.97	97.02	10.11	7.20	72.81	75.00	3	26.50
484.474	32.82	2.94	96.58	10.18	7.22	73.43	76.00	3	26.50
484.534	32.76	2.95	96.60	10.14	7.13	72.35	74.90	3	26.50
484.638	32.82	2.96	97.04	10.09	7.21	72.72	74.90	3	26.50
484.783	32.88	2.95	97.06	10.22	7.00	71.47	73.60	3	26.50
484.843	32.87	2.96	97.31	10.17	7.11	72.28	74.30	3	26.50
484.947	32.92	2.94	96.64	10.19	6.92	70.55	73.00	3	26.50
485.092	32.73	2.95	96.52	10.16	7.03	71.46	74.00	3	26.50
485.152	32.98	2.92	96.42	10.22	6.85	70.02	72.60	3	26.50
485.256	32.83	2.95	96.94	10.21	6.86	70.08	72.30	3	26.50
485.401	32.90	2.95	97.19	10.22	6.95	71.03	73.10	3	26.50
485.461	32.89	2.96	97.20	10.17	7.10	72.24	74.30	3	26.50
485.565	32.87	2.96	97.26	10.15	7.12	72.26	74.30	3	26.50
485.710	32.93	2.97	97.87	10.16	7.09	72.01	73.60	3	26.50
485.770	33.01	2.96	97.56	10.19	7.16	72.99	74.80	3	26.50
485.874	32.98	2.95	97.23	10.17	7.16	72.86	74.90	3	26.50
486.019	32.92	2.93	96.41	10.18	7.08	72.07	74.80	3	26.50
486.079	32.82	2.94	96.62	10.15	7.09	71.97	74.50	3	26.50
486.183	32.91	2.93	96.34	10.14	7.06	71.58	74.30	3	26.50
486.328	32.87	2.96	97.24	10.19	7.04	71.74	73.80	3	26.50
486.388	32.85	2.96	97.12	10.21	6.96	71.00	73.10	3	26.50
486.492	32.64	2.96	96.74	10.18	7.01	71.38	73.80	3	26.50
486.637	32.83	2.95	96.97	10.21	6.96	71.04	73.30	3	26.50
486.697	32.74	2.97	97.23	10.10	7.16	72.36	74.40	3	26.50
486.801	32.67	2.97	96.90	10.12	7.11	71.98	74.30	3	26.50
486.946	32.76	2.96	97.02	10.17	7.15	72.68	74.90	3	26.50
487.006	32.68	2.96	96.83	10.13	7.13	72.23	74.60	3	26.50
487.110	32.78	2.96	96.97	10.16	7.18	72.97	75.20	3	26.50
487.255	32.88	2.97	97.66	10.15	7.24	73.47	75.20	3	26.50
487.315	32.76	2.97	97.34	10.17	7.19	73.14	75.10	3	26.50
487.419	32.81	2.97	97.45	10.15	7.27	73.78	75.70	3	26.50
487.564	32.83	2.95	96.78	10.20	7.18	73.29	75.70	3	26.50
487.624	32.85	2.94	96.71	10.19	7.09	72.20	74.70	3	26.50
487.728	32.94	2.94	96.96	10.17	7.07	71.91	74.20	3	26.50
487.873	32.81	2.96	96.99	10.19	6.96	70.91	73.10	3	26.50
487.933	32.87	2.94	96.58	10.20	7.04	71.82	74.40	3	26.50
488.037	32.80	2.96	97.07	10.22	6.91	70.57	72.70	3	26.50
488.182	32.89	2.96	97.28	10.18	7.13	72.61	74.60	3	26.50
488.242	32.92	2.98	98.06	10.17	7.03	71.52	72.90	3	26.50
488.346	32.65	2.98	97.45	10.14	7.17	72.74	74.60	3	26.50
488.491	32.78	2.98	97.66	10.14	7.20	73.03	74.80	3	26.50
488.551	32.81	2.98	97.69	10.16	7.08	71.96	73.70	3	26.50
488.655	32.81	2.96	97.18	10.16	7.11	72.28	74.40	3	26.50
488.800	32.89	2.95	96.86	10.19	6.99	71.26	73.60	3	26.50
488.860	32.82	2.96	97.19	10.16	7.05	71.64	73.70	3	26.50
488.964	32.66	2.97	97.08	10.15	7.18	72.82	75.00	3	26.50
489.109	33.00	2.96	97.61	10.17	7.14	72.61	74.40	3	26.50
489.169	32.95	2.96	97.38	10.13	7.13	72.22	74.20	3	26.50
489.273	32.96	2.95	97.19	10.15	7.11	72.15	74.20	3	26.50
489.418	32.81	2.96	97.05	10.16	7.11	72.18	74.40	3	26.50
489.478	32.81	2.95	96.93	10.22	6.92	70.79	73.00	3	26.50
489.582	32.80	2.97	97.46	10.17	7.09	72.13	74.00	3	26.50
489.727	32.71	2.98	97.41	10.14	7.27	73.70	75.70	3	26.50
489.787	32.96	2.96	97.69	10.16	7.14	72.52	74.20	3	26.50
489.891	32.98	2.98	98.13	10.18	7.12	72.53	73.90	3	26.50
490.036	32.83	2.98	97.74	10.12	7.17	72.61	74.30	3	26.50
490.096	32.83	2.97	97.42	10.11	7.18	72.62	74.50	3	26.50
490.200	32.97	2.95	97.18	10.13	7.07	71.63	73.70	3	26.50
490.345	32.96	2.95	97.14	10.14	7.08	71.81	73.90	3	26.50
490.405	32.92	2.94	96.84	10.17	6.91	70.31	72.60	3	26.50
490.509	32.89	2.96	97.48	10.15	7.02	71.17	73.00	3	26.50
490.654	32.91	2.94	96.74	10.22	6.82	69.73	72.10	3	26.50
490.714	32.70	2.95	96.56	10.18	6.99	71.18	73.70	3	26.50
490.818	32.88	2.94	96.55	10.27	6.95	71.39	73.90	3	26.50
490.963	32.73	2.97	97.07	10.20	7.06	72.00	74.20	3	26.50
491.023	32.86	2.95	96.88	10.26	6.98	71.61	73.90	3	26.50
491.127	32.78	2.98	97.54	10.13	7.27	73.61	75.50	3	26.50
491.272	32.90	2.96	97.45	10.17	7.23	73.47	75.40	3	26.50
491.332	32.79	2.96	96.92	10.18	7.17	72.94	75.30	3	26.50
491.436	32.84	2.96	97.27	10.13	7.12	72.09	74.10	3	26.50
491.581	32.91	2.96	97.42	10.15	7.15	72.58	74.50	3	26.50
491.641	32.86	2.95	97.08	10.11	7.22	72.93	75.10	3	26.50
491.745	32.85	2.96	97.29	10.10	7.23	73.02	75.10	3	26.50
491.890	32.89	2.95	97.03	10.13	7.26	73.60	75.80	3	26.50
491.950	32.68	2.96	96.73	10.10	7.17	72.44	74.90	3	26.50
492.054	32.78	2.96	97.05	10.10	7.05	71.17	73.30	3	26.50
492.199	32.85	2.96	97.26	10.15	6.99	71.00	73.00	3	26.50
492.259	32.87	2.95	97.06	10.16	7.05	71.58	73.70	3	26.50
492.363	32.88	2.95	96.85	10.20	6.99	71.28	73.60	3	26.50
492.508	32.71	2.97	97.13	10.15	7.04	71.41	73.50	3	26.50
492.568	32.75	2.98	97.60	10.11	7.14	72.19	74.00	3	26.50
492.672	32.72	2.98	97.55	10.13	7.24	73.35	75.20	3	26.50
492.817	32.90	2.97	97.56	10.10	7.21	72.80	74.60	3	26.50
492.877	32.79	2.96	97.13	10.12	7.14	72.24	74.40	3	26.50
492.981	32.93	2.93	96.60	10.17	7.09	72.14	74.70	3	26.50
493.126	32.91	2.95	96.96	10.19	7.05	71.87	74.10	3	26.50
493.186	32.81	2.96	97.12	10.22	7.04	71.97	74.10	3	26.50
493.290	32.88	2.97	97.69	10.16	7.17	72.84	74.60	3	26.50
493.435	32.94	2.95	97.08	10.15	7.21	73.14	75.30	3	26.50
493.495	32.94	2.95	97.13	10.13	7.12	72.10	74.20	3	26.50
493.599	32.96	2.95	97.26	10.16	7.08	71.98	74.00	3	26.50
493.744	32.79	2.94	96.54	10.16	6.96	70.71	73.20	3	26.50
493.804	32.88	2.94	96.71	10.17	7.02	71.39	73.80	3	26.50
493.908	32.73	2.97	97.16	10.16	6.90	70.10	72.10	3	26.50
494.053	32.80	2.96	97.24	10.17	7.03	71.51	73.50	3	26.50
494.113	32.60	2.98	97.26	10.15	7.12	72.22	74.20	3	26.50
494.217	32.56	2.98	96.98	10.13	7.16	72.50	74.80	3	26.50
494.362	32.76	2.96	97.05	10.13	7.27	73.67	75.90	3	26.50
494.422	32.71	2.98	97.40	10.13	7.23	73.23	75.20	3	26.50
494.526	32.82	2.97	97.33	10.14	7.18	72.88	74.90	3	26.50
494.671	32.91	2.93	96.57	10.18	7.16	72.91	75.50	3	26.50
494.731	33.13	2.91	96.30	10.22	6.98	71.37	74.10	3	26.50
494.835	32.91	2.92	96.14	10.25	6.90	70.69	73.50	3	26.50
494.980	32.71	2.96	96.95	10.21	6.91	70.56	72.80	3	26.50
495.040	32.82	2.96	97.14	10.21	7.00	71.43	73.50	3	26.50
495.144	32.79	2.97	97.28	10.16	7.10	72.12	74.10	3	26.50
495.289	32.76	2.98	97.61	10.13	7.21	73.01	74.80	3	26.50
495.349	32.82	2.96	97.00	10.15	7.22	73.26	75.50	3	26.50
495.453	33.01	2.94	97.20	10.20	7.13	72.70	74.80	3	26.50
495.598	32.87	2.94	96.52	10.20	6.93	70.65	73.20	3	26.50
495.658	32.76	2.95	96.70	10.15	7.05	71.63	74.10	3	26.50
495.762	32.69	2.95	96.57	10.17	6.99	71.09	73.60	3	26.50
495.907	32.73	2.97	97.10	10.17	7.06	71.78	73.90	3	26.50
495.967	32.90	2.97	97.59	10.23	6.99	71.52	73.30	3	26.50
496.071	32.86	2.97	97.67	10.21	7.05	71.97	73.70	3	26.50
496.216	32.81	2.97	97.30	10.16	7.12	72.39	74.40	3	26.50
496.276	32.90	2.96	97.23	10.17	7.09	72.05	74.10	3	26.50
496.380	32.83	2.96	97.15	10.09	7.26	73.23	75.40	3	26.50
496.525	32.99	2.95	97.48	10.18	7.12	72.42	74.30	3	26.50
496.585	32.88	2.94	96.77	10.14	7.14	72.43	74.80	3	26.50
496.689	32.82	2.94	96.48	10.12	7.22	73.10	75.80	3	26.50
496.834	32.79	2.95	96.80	10.14	7.10	72.03	74.40	3	26.50
496.894	32.88	2.95	97.01	10.14	7.21	73.07	75.30	3	26.50
496.998	32.81	2.97	97.32	10.13	7.22	73.14	75.20	3	26.50
497.143	32.79	2.97	97.43	10.09	7.23	72.95	74.90	3	26.50
497.203	32.80	2.97	97.39	10.10	7.19	72.66	74.60	3	26.50
497.307	32.73	2.98	97.39	10.13	7.21	73.00	75.00	3	26.50
497.452	32.85	2.95	96.85	10.20	6.90	70.37	72.70	3	26.50
497.512	32.78	2.94	96.34	10.17	6.96	70.82	73.50	3	26.50
497.616	32.79	2.93	96.24	10.19	6.99	71.20	74.00	3	26.50
497.761	32.84	2.95	96.82	10.19	6.95	70.80	73.10	3	26.50
497.821	32.92	2.93	96.33	10.17	7.13	72.46	75.20	3	26.50
497.925	32.98	2.93	96.51	10.17	7.06	71.84	74.40	3	26.50
498.070	33.17	2.91	96.69	10.20	7.06	72.06	74.50	3	26.50
498.130	33.00	2.94	97.02	10.16	6.90	70.14	72.30	3	26.50
498.234	32.63	2.95	96.18	10.18	6.88	70.05	72.80	3	26.50
498.379	32.69	2.96	96.63	10.16	6.93	70.44	72.90	3	26.50
498.439	32.75	2.95	96.73	10.14	7.04	71.36	73.80	3	26.50
498.543	32.80	2.95	96.91	10.16	7.03	71.43	73.70	3	26.50
498.688	32.81	2.94	96.56	10.14	7.02	71.13	73.70	3	26.50
498.748	32.88	2.94	96.65	10.20	6.80	69.33	71.70	3	26.50
498.852	32.81	2.95	96.74	10.24	6.79	69.50	71.80	3	26.50
498.997	32.81	2.93	96.20	10.24	6.81	69.74	72.50	3	26.50
499.057	32.69	2.95	96.29	10.19	7.03	71.62	74.40	3	26.50
499.161	32.67	2.96	96.65	10.16	6.99	70.96	73.40	3	26.50
499.306	32.80	2.97	97.36	10.17	7.07	71.88	73.80	3	26.50
499.366	32.78	2.97	97.22	10.17	7.10	72.22	74.30	3	26.50
499.470	32.86	2.95	96.81	10.22	7.03	71.86	74.20	3	26.50
499.615	32.73	2.96	96.97	10.14	7.19	72.88	75.20	3	26.50
499.675	32.86	2.95	96.99	10.17	7.19	73.13	75.40	3	26.50
499.779	32.66	2.97	96.85	10.11	7.26	73.42	75.80	3	26.50
499.924	32.93	2.96	97.57	10.14	7.20	73.00	74.80	3	26.50
499.984	32.91	2.97	97.60	10.08	7.31	73.67	75.50	3	26.50
500.088	32.85	2.96	97.31	10.14	7.20	72.97	75.00	3	26.50
500.233	32.77	2.98	97.77	10.13	7.12	72.18	73.80	3	26.50
500.293	32.78	2.98	97.74	10.11	7.15	72.29	74.00	3	26.50
500.397	32.79	2.98	97.56	10.17	6.98	70.93	72.70	3	26.50
500.542	32.66	2.97	96.89	10.14	7.13	72.25	74.60	3	26.50
500.602	32.82	2.95	96.67	10.18	6.97	71.01	73.50	3	26.50
500.706	32.79	2.95	96.79	10.18	6.96	70.85	73.20	3	26.50
500.851	32.87	2.96	97.38	10.18	7.10	72.35	74.30	3	26.50
500.911	32.72	2.96	97.01	10.16	7.23	73.42	75.70	3	26.50
501.015	32.74	2.98	97.41	10.15	7.22	73.24	75.20	3	26.50
501.160	32.75	3.00	98.27	10.08	7.30	73.63	74.90	3	26.50
501.220	32.78	2.98	97.67	10.11	7.28	73.66	75.40	3	26.50
501.324	32.75	2.96	96.86	10.16	7.07	71.81	74.10	3	26.50
501.469	32.68	2.95	96.46	10.15	7.07	71.78	74.40	3	26.50
501.529	32.95	2.92	96.10	10.18	6.94	70.68	73.50	3	26.50
501.633	32.95	2.92	96.16	10.20	6.88	70.16	73.00	3	26.50
501.778	32.92	2.96	97.40	10.17	7.05	71.69	73.60	3	26.50
501.838	32.86	2.96	97.17	10.15	7.06	71.72	73.80	3	26.50
501.942	32.87	2.95	97.12	10.15	7.07	71.81	73.90	3	26.50
502.087	32.99	2.96	97.61	10.15	7.14	72.52	74.30	3	26.50
502.147	32.94	2.95	97.24	10.20	7.08	72.29	74.30	3	26.50
502.251	32.83	2.97	97.50	10.15	7.19	73.03	74.90	3	26.50
502.396	32.77	2.97	97.40	10.14	7.23	73.30	75.30	3	26.50
502.456	32.76	2.96	97.00	10.15	7.19	72.95	75.20	3	26.50
502.560	32.81	2.96	97.25	10.15	7.04	71.42	73.40	3	26.50
502.705	32.72	2.96	97.01	10.14	7.10	72.02	74.20	3	26.50
502.765	32.85	2.96	97.11	10.18	7.09	72.17	74.30	3	26.50
502.869	32.73	2.96	96.83	10.14	7.15	72.48	74.80	3	26.50
503.014	32.89	2.95	96.89	10.19	7.11	72.46	74.80	3	26.50
503.074	32.65	2.96	96.55	10.11	7.10	71.86	74.40	3	26.50
503.178	32.65	2.97	96.92	10.13	7.13	72.21	74.50	3	26.50
503.323	32.80	2.97	97.57	10.18	7.12	72.49	74.30	3	26.50
503.383	32.70	2.97	97.17	10.13	7.20	72.95	75.10	3	26.50
503.487	32.91	2.93	96.58	10.17	7.07	71.93	74.50	3	26.50
503.632	32.85	2.96	97.17	10.15	7.06	71.66	73.70	3	26.50
503.692	32.94	2.95	97.10	10.19	7.10	72.36	74.50	3	26.50
503.796	32.95	2.95	97.18	10.15	7.08	71.85	73.90	3	26.50
503.941	32.90	2.97	97.63	10.14	7.17	72.66	74.40	3	26.50
504.001	32.79	2.97	97.26	10.17	7.01	71.28	73.30	3	26.50
504.105	32.78	2.97	97.46	10.15	7.10	72.08	74.00	3	26.50
504.250	32.84	2.96	97.24	10.17	7.07	71.87	73.90	3	26.50
504.310	32.60	2.97	96.86	10.12	7.09	71.75	74.10	3	26.50
504.414	32.89	2.95	97.09	10.13	7.00	70.86	73.00	3	26.50
504.559	32.77	2.95	96.77	10.13	7.17	72.65	75.10	3	26.50
504.619	32.82	2.94	96.58	10.14	7.18	72.74	75.30	3	26.50
504.723	32.76	2.97	97.16	10.14	7.20	73.05	75.20	3	26.50
504.868	32.80	2.97	97.36	10.17	7.02	71.34	73.30	3	26.50
504.928	32.95	2.94	96.97	10.19	7.09	72.22	74.50	3	26.50
505.032	32.84	2.96	97.11	10.14	7.10	71.94	74.10	3	26.50
505.177	32.86	2.97	97.53	10.14	7.19	72.88	74.70	3	26.50
505.237	32.80	2.97	97.57	10.18	7.08	72.11	73.90	3	26.50
505.341	32.81	2.96	97.03	10.21	6.94	70.87	73.00	3	26.50
505.486	32.85	2.94	96.70	10.21	6.95	70.97	73.40	3	26.50
505.546	32.95	2.93	96.45	10.28	6.94	71.36	74.00	3	26.50
505.650	32.75	2.93	96.12	10.17	7.02	71.43	74.30	3	26.50
505.795	32.85	2.96	97.32	10.18	7.12	72.42	74.40	3	26.50
505.855	32.85	2.97	97.67	10.16	7.23	73.46	75.20	3	26.50
505.959	32.75	2.97	97.17	10.12	7.20	72.87	75.00	3	26.50
506.104	32.92	2.96	97.52	10.18	7.07	71.95	73.80	3	26.50
506.164	32.86	2.96	97.43	10.17	7.03	71.51	73.40	3	26.50
506.268	32.83	2.96	97.30	10.21	7.04	71.83	73.80	3	26.50
506.413	32.87	2.97	97.58	10.16	7.12	72.41	74.20	3	26.50
506.473	32.86	2.96	97.16	10.17	7.18	72.99	75.10	3	26.50
506.577	32.66	2.97	96.99	10.13	7.15	72.44	74.70	3	26.50
506.722	32.83	2.95	96.97	10.14	7.17	72.71	75.00	3	26.50
506.782	32.86	2.96	97.38	10.18	6.99	71.18	73.10	3	26.50
506.886	32.81	2.95	96.91	10.18	7.07	71.97	74.30	3	26.50
507.031	32.93	2.96	97.45	10.19	7.14	72.76	74.70	3	26.50
507.091	32.75	2.97	97.16	10.16	7.21	73.19	75.30	3	26.50
507.195	32.62	2.97	97.03	10.15	7.06	71.61	73.80	3	26.50
507.340	32.81	2.97	97.30	10.15	7.10	72.03	74.00	3	26.50
507.400	32.94	2.94	96.90	10.17	7.04	71.58	73.90	3	26.50
507.504	32.82	2.95	96.72	10.17	7.16	72.85	75.30	3	26.50
507.649	32.80	2.97	97.34	10.17	7.11	72.31	74.30	3	26.50
507.709	32.85	2.94	96.67	10.20	7.10	72.35	74.80	3	26.50
507.813	32.88	2.94	96.73	10.18	7.11	72.35	74.80	3	26.50
507.958	32.75	2.97	97.21	10.17	7.19	73.09	75.20	3	26.50
508.018	32.75	2.98	97.61	10.16	7.14	72.59	74.40	3	26.50
508.122	32.85	2.95	96.93	10.19	7.04	71.67	73.90	3	26.50
508.267	32.92	2.95	97.09	10.17	7.08	72.07	74.20	3	26.50
508.327	32.87	2.96	97.33	10.15	7.11	72.14	74.10	3	26.50
508.431	32.83	2.97	97.41	10.17	6.99	71.08	73.00	3	26.50
508.576	32.83	2.95	96.99	10.14	7.11	72.11	74.40	3	26.50
508.636	32.77	2.97	97.30	10.12	7.17	72.63	74.60	3	26.50
508.740	32.89	2.96	97.47	10.18	7.21	73.35	75.30	3	26.50
508.885	32.81	2.94	96.61	10.19	7.02	71.59	74.10	3	26.50
508.945	32.70	2.95	96.53	10.16	7.04	71.55	74.10	3	26.50
509.049	32.90	2.95	96.98	10.16	7.07	71.84	74.10	3	26.50
509.194	32.75	2.96	97.03	10.16	7.01	71.22	73.40	3	26.50
509.254	32.82	2.96	97.18	10.13	7.10	71.98	74.10	3	26.50
509.358	32.83	2.95	96.87	10.18	7.08	72.06	74.40	3	26.50
509.503	32.82	2.95	96.85	10.16	7.14	72.61	75.00	3	26.50
509.563	32.95	2.94	96.90	10.26	6.99	71.79	74.10	3	26.50
509.667	32.72	2.95	96.54	10.19	7.02	71.57	74.10	3	26.50
509.812	32.90	2.96	97.29	10.22	7.16	73.18	75.20	3	26.50
509.872	32.96	2.96	97.58	10.15	7.12	72.34	74.10	3	26.50
509.976	32.84	2.97	97.65	10.16	7.15	72.67	74.40	3	26.50
510.121	33.07	2.98	98.41	10.14	7.29	73.89	75.10	3	26.50
510.181	33.08	2.95	97.74	10.20	7.10	72.48	74.20	3	26.50
510.285	32.97	2.94	97.03	10.20	7.11	72.49	74.70	3	26.50
510.430	32.80	2.96	97.06	10.15	7.05	71.58	73.80	3	26.50
510.490	32.89	2.96	97.29	10.12	7.20	72.84	74.90	3	26.50
510.594	32.79	2.98	97.64	10.15	7.15	72.61	74.40	3	26.50
510.739	32.95	2.97	97.88	10.14	7.15	72.55	74.10	3	26.50
510.799	33.06	2.95	97.65	10.18	6.94	70.63	72.30	3	26.50
510.903	32.89	2.96	97.48	10.13	7.07	71.66	73.50	3	26.50
511.048	32.95	2.98	98.24	10.16	7.12	72.30	73.60	3	26.50
511.108	32.79	2.98	97.62	10.10	7.28	73.52	75.30	3	26.50
511.212	32.82	2.97	97.50	10.20	7.07	72.10	73.90	3	26.50
511.357	32.90	2.94	96.83	10.15	7.04	71.42	73.80	3	26.50
511.417	32.85	2.94	96.66	10.16	7.03	71.41	73.90	3	26.50
511.521	32.83	2.96	97.02	10.15	7.19	72.95	75.20	3	26.50
511.666	32.89	2.96	97.46	10.16	7.12	72.37	74.30	3	26.50
511.726	32.85	2.97	97.54	10.14	7.16	72.55	74.40	3	26.50
511.830	32.87	2.94	96.77	10.20	7.07	72.10	74.50	3	26.50
511.975	32.86	2.96	97.27	10.14	7.11	72.10	74.10	3	26.50
512.035	32.88	2.96	97.27	10.15	7.22	73.25	75.30	3	26.50
512.139	32.80	2.97	97.30	10.11	7.23	73.15	75.20	3	26.50
512.284	32.91	2.98	97.94	10.17	7.20	73.14	74.70	3	26.50
512.344	32.80	2.99	97.98	10.18	7.08	72.02	73.50	3	26.50
512.448	32.77	2.97	97.23	10.16	7.05	71.67	73.70	3	26.50
512.593	33.02	2.95	97.25	10.20	7.10	72.37	74.40	3	26.50
512.653	32.96	2.97	97.81	10.15	7.14	72.44	74.10	3	26.50
512.757	32.90	2.97	97.76	10.15	7.15	72.52	74.20	3	26.50
512.902	32.77	2.98	97.55	10.17	7.11	72.27	74.10	3	26.50
512.962	32.69	2.97	97.14	10.17	7.14	72.69	74.80	3	26.50
513.066	32.68	2.98	97.39	10.20	7.13	72.74	74.70	3	26.50
513.211	32.74	2.98	97.44	10.18	7.05	71.83	73.70	3	26.50
513.271	32.80	2.97	97.40	10.20	7.06	71.96	73.90	3	26.50
513.375	32.90	2.96	97.43	10.20	7.01	71.44	73.30	3	26.50
513.520	32.86	2.96	97.13	10.18	7.16	72.93	75.10	3	26.50
513.580	32.91	2.95	97.11	10.16	7.08	71.89	74.00	3	26.50
513.684	32.90	2.95	97.22	10.18	7.12	72.53	74.60	3	26.50
513.829	32.80	2.98	97.58	10.12	7.25	73.34	75.20	3	26.50
513.889	32.82	2.96	97.07	10.16	7.16	72.74	74.90	3	26.50
513.993	32.83	2.97	97.58	10.17	7.11	72.32	74.10	3	26.50
514.138	32.76	2.98	97.63	10.14	7.11	72.07	73.80	3	26.50
514.198	32.82	2.96	97.13	10.16	7.18	72.97	75.10	3	26.50
514.302	32.84	2.97	97.41	10.14	7.21	73.14	75.10	3	26.50
514.447	32.88	2.96	97.32	10.17	7.21	73.25	75.30	3	26.50
514.507	32.92	2.96	97.34	10.23	7.01	71.73	73.70	3	26.50
514.611	32.85	2.94	96.62	10.22	6.92	70.73	73.20	3	26.50
514.756	33.00	2.93	96.81	10.20	7.07	72.16	74.50	3	26.50
514.816	33.06	2.94	97.36	10.17	7.13	72.51	74.50	3	26.50
514.920	32.84	2.97	97.38	10.12	7.22	73.07	75.00	3	26.50
515.065	32.88	2.94	96.78	10.18	7.10	72.29	74.70	3	26.50
515.125	32.95	2.95	97.19	10.18	7.06	71.84	73.90	3	26.50
515.229	32.99	2.95	97.24	10.19	7.06	71.98	74.00	3	26.50
515.374	32.88	2.96	97.35	10.22	7.08	72.33	74.30	3	26.50
515.434	32.73	2.97	97.23	10.15	7.18	72.88	75.00	3	26.50
515.538	32.69	2.94	96.17	10.20	7.08	72.16	75.00	3	26.50
515.683	32.92	2.96	97.34	10.13	7.12	72.18	74.10	3	26.50
515.743	32.84	2.96	97.31	10.12	7.14	72.33	74.30	3	26.50
515.847	32.82	2.98	97.70	10.17	7.08	71.96	73.70	3	26.50
515.992	32.80	2.96	96.99	10.19	7.11	72.49	74.70	3	26.50
516.052	32.90	2.95	97.15	10.20	7.04	71.85	74.00	3	26.50
516.156	33.01	2.96	97.65	10.21	6.99	71.39	73.10	3	26.50
516.301	32.81	2.95	96.90	10.17	7.19	73.11	75.40	3	26.50
516.361	32.82	2.96	97.24	10.19	7.08	72.18	74.20	3	26.50
516.465	32.88	2.95	97.03	10.15	7.19	72.90	75.10	3	26.50
516.610	32.69	2.97	97.04	10.21	7.10	72.44	74.70	3	26.50
516.670	32.80	2.95	96.91	10.20	7.11	72.53	74.80	3	26.50
516.774	32.82	2.97	97.32	10.19	7.06	71.94	73.90	3	26.50
516.919	32.88	2.96	97.42	10.19	7.03	71.61	73.50	3	26.50
516.979	32.90	2.96	97.38	10.20	7.08	72.22	74.20	3	26.50
517.083	32.71	2.96	96.69	10.18	7.14	72.68	75.20	3	26.50
517.228	32.71	2.96	96.87	10.19	7.15	72.91	75.30	3	26.50
517.288	32.90	2.94	96.71	10.25	7.03	72.11	74.60	3	26.50
517.392	32.84	2.95	96.94	10.19	7.11	72.45	74.70	3	26.50
517.537	32.98	2.94	96.91	10.16	7.11	72.17	74.50	3	26.50
517.597	32.88	2.96	97.42	10.18	7.07	71.94	73.80	3	26.50
517.701	32.90	2.94	96.74	10.16	7.06	71.70	74.10	3	26.50
517.846	32.76	2.94	96.21	10.19	7.12	72.53	75.40	3	26.50
517.906	32.82	2.95	96.70	10.23	7.10	72.63	75.10	3	26.50
518.010	32.83	2.95	96.74	10.19	7.17	73.07	75.50	3	26.50
518.155	32.98	2.92	96.40	10.27	6.96	71.47	74.10	3	26.50
518.215	32.97	2.93	96.59	10.22	7.01	71.58	74.10	3	26.50
518.319	32.92	2.93	96.49	10.20	7.04	71.76	74.40	3	26.50
518.464	32.98	2.95	97.39	10.18	7.25	73.80	75.80	3	26.50
518.524	32.99	2.94	97.14	10.18	7.18	73.07	75.20	3	26.50
518.628	32.80	2.94	96.60	10.23	6.89	70.49	73.00	3	26.50
518.773	32.91	2.95	97.22	10.20	7.10	72.42	74.50	3	26.50
518.833	32.98	2.94	96.82	10.23	6.94	71.01	73.30	3	26.50
518.937	32.84	2.94	96.64	10.17	7.01	71.33	73.80	3	26.50
519.082	32.93	2.95	96.98	10.23	7.06	72.19	74.40	3	26.50
519.142	32.93	2.97	97.73	10.15	7.23	73.36	75.10	3	26.50
519.246	32.86	2.96	97.26	10.19	7.06	71.93	74.00	3	26.50
519.391	32.97	2.94	96.95	10.21	7.03	71.76	74.00	3	26.50
519.451	32.82	2.94	96.44	10.22	6.96	71.12	73.70	3	26.50
519.555	32.88	2.95	96.85	10.20	7.11	72.53	74.90	3	26.50
519.700	32.82	2.95	96.92	10.17	7.23	73.55	75.90	3	26.50
519.760	32.94	2.93	96.38	10.20	7.11	72.54	75.30	3	26.50
519.864	32.95	2.93	96.64	10.21	7.11	72.63	75.20	3	26.50
520.009	32.88	2.95	96.99	10.16	7.19	73.02	75.30	3	26.50
520.069	32.85	2.96	97.13	10.17	7.13	72.46	74.60	3	26.50
520.173	32.94	2.96	97.56	10.19	7.14	72.79	74.60	3	26.50
520.318	33.03	2.96	97.93	10.18	7.22	73.44	75.00	3	26.50
520.378	33.02	2.95	97.43	10.21	7.09	72.39	74.30	3	26.50
520.482	32.95	2.96	97.44	10.21	7.07	72.22	74.10	3	26.50
520.627	32.74	2.97	97.07	10.18	7.08	72.08	74.30	3	26.50
520.687	32.99	2.94	96.95	10.20	6.98	71.24	73.50	3	26.50
520.791	33.02	2.95	97.37	10.18	7.04	71.66	73.60	3	26.50
520.936	33.00	2.94	96.90	10.21	7.02	71.65	73.90	3	26.50
520.996	32.92	2.95	97.19	10.19	7.06	71.88	74.00	3	26.50
521.100	32.86	2.95	96.95	10.18	7.11	72.37	74.60	3	26.50
521.245	33.05	2.95	97.47	10.20	7.11	72.52	74.40	3	26.50
521.305	32.97	2.95	97.36	10.16	7.26	73.73	75.70	3	26.50
521.409	32.98	2.94	97.01	10.18	7.23	73.68	75.90	3	26.50
521.554	32.86	2.95	97.00	10.17	7.16	72.88	75.10	3	26.50
521.614	32.95	2.94	96.97	10.17	7.17	72.95	75.20	3	26.50
521.718	32.82	2.96	97.30	10.22	6.99	71.42	73.40	3	26.50
521.863	32.69	2.95	96.35	10.19	7.14	72.74	75.50	3	26.50
521.923	32.68	2.96	96.71	10.21	6.94	70.82	73.20	3	26.50
522.027	32.72	2.96	96.75	10.16	7.01	71.23	73.60	3	26.50
522.172	33.04	2.92	96.33	10.26	6.90	70.82	73.50	3	26.50
522.232	32.91	2.94	96.71	10.24	6.93	71.03	73.40	3	26.50
522.336	32.91	2.94	96.83	10.22	6.94	70.91	73.20	3	26.50
522.481	32.96	2.93	96.46	10.27	6.98	71.70	74.30	3	26.50
522.541	32.99	2.92	96.50	10.27	7.04	72.26	74.90	3	26.50
522.645	33.02	2.92	96.52	10.26	6.97	71.52	74.10	3	26.50
522.790	32.98	2.93	96.57	10.22	7.02	71.67	74.20	3	26.50
522.850	32.81	2.93	96.15	10.21	6.92	70.67	73.50	3	26.50
522.954	32.90	2.93	96.34	10.20	6.92	70.62	73.30	3	26.50
523.099	33.03	2.93	96.77	10.24	6.92	70.86	73.20	3	26.50
523.159	32.91	2.93	96.58	10.19	7.01	71.43	74.00	3	26.50
523.263	32.98	2.93	96.68	10.18	7.05	71.81	74.30	3	26.50
523.408	32.99	2.95	97.34	10.22	7.04	71.97	73.90	3	26.50
523.468	33.10	2.91	96.45	10.28	6.83	70.20	72.80	3	26.50
523.572	33.02	2.92	96.47	10.25	6.87	70.44	73.00	3	26.50
523.717	32.98	2.93	96.74	10.20	7.01	71.55	74.00	3	26.50
523.777	32.97	2.93	96.50	10.21	7.00	71.42	74.00	3	26.50
523.881	32.94	2.93	96.43	10.17	7.06	71.84	74.50	3	26.50
524.026	32.86	2.94	96.74	10.18	7.23	73.61	76.10	3	26.50
524.086	32.99	2.95	97.26	10.19	7.23	73.70	75.80	3	26.50
524.190	33.01	2.94	97.14	10.20	7.07	72.10	74.20	3	26.50
524.335	32.76	2.96	97.04	10.20	7.01	71.51	73.70	3	26.50
524.395	32.81	2.96	96.94	10.19	7.02	71.56	73.80	3	26.50
524.499	32.94	2.93	96.36	10.25	6.87	70.45	73.10	3	26.50
524.644	33.00	2.93	96.83	10.23	6.98	71.42	73.80	3	26.50
524.704	33.08	2.91	96.24	10.27	6.88	70.64	73.40	3	26.50
524.808	32.90	2.93	96.45	10.25	6.99	71.61	74.20	3	26.50
524.953	33.09	2.93	96.95	10.23	6.93	70.89	73.10	3	26.50
525.013	33.02	2.93	96.86	10.25	6.97	71.39	73.70	3	26.50
525.117	33.09	2.91	96.16	10.23	6.99	71.48	74.30	3	26.50
525.262	32.91	2.93	96.52	10.22	6.95	71.03	73.60	3	26.50
525.322	32.89	2.92	96.03	10.28	6.95	71.48	74.40	3	26.50
525.426	32.85	2.95	96.77	10.26	6.97	71.45	73.80	3	26.50
525.571	33.05	2.94	97.07	10.25	7.11	72.91	75.10	3	26.50
525.631	32.81	2.95	96.96	10.19	7.21	73.48	75.80	3	26.50
525.735	33.00	2.95	97.46	10.17	7.11	72.34	74.20	3	26.50
525.880	33.00	2.94	97.14	10.20	7.13	72.70	74.80	3	26.50
525.940	32.96	2.95	97.36	10.23	7.12	72.76	74.70	3	26.50
526.044	32.78	2.95	96.61	10.22	7.15	73.02	75.60	3	26.50
526.189	32.86	2.95	96.97	10.23	7.13	72.91	75.20	3	26.50
526.249	32.82	2.96	96.99	10.17	7.21	73.33	75.60	3	26.50
526.353	32.72	2.97	97.20	10.17	7.24	73.68	75.80	3	26.50
526.498	32.70	2.97	97.08	10.17	7.23	73.55	75.80	3	26.50
526.558	32.82	2.96	97.28	10.18	7.15	72.74	74.80	3	26.50
526.662	32.93	2.97	97.75	10.17	7.16	72.87	74.50	3	26.50
526.807	32.92	2.97	97.89	10.16	7.21	73.22	74.80	3	26.50
526.867	32.87	2.96	97.27	10.19	7.09	72.28	74.30	3	26.50
526.971	32.80	2.95	96.71	10.18	7.03	71.60	74.00	3	26.50
527.116	32.67	2.95	96.42	10.17	7.12	72.34	75.00	3	26.50
527.176	32.78	2.95	96.69	10.17	7.14	72.62	75.10	3	26.50
