8.659	40.33	0.00	0.00	0.04	0.00	0.00	0.00	5	0.00
8.719	40.30	0.00	0.00	0.04	0.00	0.00	0.00	5	0.00
8.822	40.21	0.00	0.00	0.01	0.00	0.00	0.00	5	0.00
8.966	40.35	0.00	0.00	0.04	0.00	0.00	0.00	5	0.50
9.026	40.42	0.00	0.00	0.04	0.00	0.00	0.00	5	0.50
9.129	40.32	0.00	0.00	0.04	0.00	0.00	0.00	5	0.50
9.273	40.43	0.00	0.00	0.20	0.00	0.00	0.00	5	1.00
9.333	40.38	0.00	0.00	0.24	0.00	0.00	0.00	5	1.00
9.436	40.42	0.00	0.00	0.30	0.00	0.00	0.00	5	1.00
9.580	40.40	0.00	0.00	0.37	0.09	0.03	0.00	5	1.50
9.640	40.46	0.00	0.00	0.38	0.13	0.05	0.00	5	1.50
9.743	40.31	0.00	0.00	0.40	0.14	0.06	0.00	5	1.50
9.887	40.30	0.00	0.00	0.49	0.29	0.14	0.00	5	2.00
9.947	40.44	0.00	0.00	0.54	0.33	0.18	0.00	5	2.00
10.050	40.37	0.00	0.00	0.54	0.35	0.19	0.00	5	2.00
10.194	40.35	0.00	0.00	0.67	0.61	0.41	0.00	5	2.50
10.254	40.26	0.00	0.00	0.74	0.77	0.57	0.00	5	2.50
10.357	40.26	0.00	0.00	0.77	0.85	0.65	0.00	5	2.50
10.501	40.23	0.00	0.00	0.83	1.03	0.86	0.00	5	3.00
10.561	40.20	0.00	0.00	0.90	1.14	1.03	0.00	5	3.00
10.664	40.19	0.00	0.00	0.92	1.19	1.10	0.00	5	3.00
10.808	40.32	0.00	0.00	1.04	1.37	1.43	0.00	5	3.50
10.868	40.38	0.00	0.00	1.08	1.48	1.60	0.00	5	3.50
10.971	40.26	0.00	0.00	1.12	1.54	1.72	0.00	5	3.50
11.115	40.16	0.00	0.00	1.17	1.66	1.95	0.00	5	4.00
11.175	40.12	0.00	0.00	1.25	1.74	2.16	0.00	5	4.00
11.278	40.20	0.00	0.00	1.28	1.83	2.34	0.00	5	4.00
11.422	40.20	0.00	0.19	1.32	1.89	2.50	0.00	5	4.50
11.482	40.18	0.01	0.49	1.38	1.99	2.74	0.00	5	4.50
11.585	40.03	0.02	0.76	1.43	2.08	2.96	389.50	5	4.50
11.729	40.11	0.03	1.31	1.46	2.18	3.19	243.00	5	5.00
11.789	40.07	0.04	1.79	1.51	2.27	3.45	192.50	5	5.00
11.892	40.06	0.05	2.13	1.55	2.40	3.72	174.60	5	5.00
12.036	40.03	0.06	2.57	1.60	2.47	3.96	154.40	5	5.50
12.096	40.05	0.08	3.24	1.65	2.57	4.25	131.10	5	5.50
12.199	40.09	0.09	3.52	1.71	2.67	4.58	130.10	5	5.50
12.343	40.05	0.11	4.44	1.72	2.75	4.72	106.30	5	6.00
12.403	39.98	0.13	5.39	1.82	2.92	5.32	98.70	5	6.00
12.506	39.94	0.14	5.64	1.89	3.03	5.71	101.20	5	6.00
12.650	40.00	0.14	5.59	1.92	3.11	5.97	106.80	5	6.50
12.710	39.86	0.17	6.62	2.00	3.26	6.52	98.50	5	6.50
12.813	39.83	0.18	7.32	2.05	3.35	6.89	94.20	5	6.50
12.957	39.94	0.19	7.62	2.08	3.41	7.09	93.10	5	7.00
13.017	39.78	0.22	8.83	2.16	3.58	7.72	87.30	5	7.00
13.120	39.72	0.24	9.65	2.23	3.71	8.25	85.50	5	7.00
13.264	39.75	0.25	9.83	2.24	3.78	8.49	86.40	5	7.00
13.324	39.67	0.27	10.81	2.30	3.88	8.92	82.50	5	7.50
13.427	39.62	0.29	11.58	2.39	4.01	9.61	82.90	5	7.50
13.571	39.66	0.31	12.37	2.45	4.07	9.98	80.70	5	7.50
13.631	39.57	0.34	13.27	2.49	4.22	10.52	79.30	5	8.00
13.734	39.62	0.36	14.12	2.56	4.36	11.16	79.00	5	8.00
13.878	39.56	0.38	14.98	2.60	4.41	11.48	76.60	5	8.00
13.938	39.56	0.40	15.66	2.66	4.49	11.95	76.30	5	8.50
14.041	39.39	0.42	16.60	2.73	4.67	12.72	76.60	5	8.50
14.185	39.45	0.45	17.70	2.75	4.76	13.11	74.10	5	8.50
14.245	39.43	0.46	18.13	2.80	4.84	13.53	74.60	5	9.00
14.348	39.37	0.49	19.47	2.89	5.03	14.57	74.80	5	9.00
14.492	39.38	0.51	20.24	2.93	5.14	15.06	74.40	5	9.00
14.552	39.29	0.53	20.79	2.94	5.16	15.17	73.00	5	9.50
14.655	39.24	0.57	22.22	3.04	5.35	16.28	73.30	5	9.50
14.799	39.14	0.59	23.08	3.06	5.43	16.64	72.10	5	9.50
14.859	39.23	0.59	23.12	3.08	5.47	16.86	73.00	5	10.00
14.962	39.25	0.63	24.72	3.19	5.63	17.96	72.60	5	10.00
15.106	39.11	0.66	25.63	3.22	5.71	18.39	71.80	5	10.00
15.166	39.03	0.65	25.46	3.22	5.71	18.40	72.30	5	10.00
15.269	38.97	0.70	27.36	3.36	5.90	19.80	72.40	5	10.50
15.413	38.88	0.74	28.67	3.39	5.99	20.29	70.80	5	10.50
15.473	38.92	0.74	28.71	3.37	6.00	20.20	70.30	5	10.50
15.576	38.85	0.79	30.66	3.45	6.19	21.34	69.60	5	11.00
15.720	38.94	0.83	32.33	3.48	6.30	21.95	67.90	5	11.00
15.780	38.84	0.83	32.08	3.50	6.30	22.02	68.60	5	11.00
15.883	38.68	0.88	34.12	3.62	6.47	23.41	68.60	5	11.50
16.027	38.49	0.93	35.97	3.70	6.65	24.59	68.40	5	11.50
16.087	38.46	0.93	35.76	3.70	6.68	24.73	69.20	5	11.50
16.190	38.31	0.98	37.68	3.83	6.87	26.32	69.90	5	12.00
16.334	38.43	1.03	39.42	3.85	7.02	27.00	68.50	5	12.00
16.394	38.44	1.03	39.45	3.86	7.04	27.21	69.00	5	12.00
16.497	38.28	1.10	41.94	3.96	7.20	28.52	68.00	5	12.50
16.641	38.24	1.15	43.79	4.03	7.32	29.46	67.30	5	12.50
16.701	38.23	1.15	43.84	4.05	7.28	29.46	67.20	5	12.50
16.804	38.14	1.17	44.70	4.14	7.37	30.56	68.40	5	13.00
16.948	38.05	1.20	45.82	4.24	7.48	31.74	69.30	5	13.00
17.008	38.05	1.21	45.87	4.25	7.53	32.01	69.80	5	13.00
17.111	37.75	1.27	47.89	4.31	7.72	33.26	69.40	5	13.50
17.255	37.84	1.34	50.72	4.38	7.96	34.90	68.80	5	13.50
17.315	37.63	1.35	50.99	4.40	7.98	35.08	68.80	5	13.50
17.418	37.63	1.42	53.29	4.46	8.18	36.46	68.40	5	14.00
17.562	37.42	1.46	54.80	4.50	8.29	37.34	68.10	5	14.00
17.622	37.56	1.47	55.36	4.51	8.30	37.43	67.60	5	14.00
17.725	37.61	1.50	56.28	4.62	8.31	38.35	68.10	5	14.50
17.869	37.45	1.56	58.25	4.72	8.46	39.89	68.50	5	14.50
17.929	37.38	1.57	58.55	4.75	8.49	40.31	68.80	5	14.50
18.032	37.34	1.60	59.85	4.80	8.57	41.12	68.70	5	15.00
18.176	37.36	1.63	61.08	4.95	8.52	42.18	69.10	5	15.00
18.236	37.37	1.60	59.83	5.00	8.28	41.38	69.20	5	15.00
18.339	37.55	1.48	55.74	5.16	7.65	39.48	70.80	5	15.50
18.483	37.70	1.40	52.66	5.39	7.19	38.75	73.60	5	15.50
18.543	37.94	1.30	49.37	5.57	6.63	36.92	74.80	5	15.50
18.646	38.17	1.17	44.71	5.71	5.98	34.16	76.40	5	16.00
18.790	38.53	1.08	41.59	5.98	5.43	32.48	78.10	5	16.00
18.850	38.64	0.98	37.79	6.14	4.92	30.22	80.00	5	16.00
18.953	38.71	0.91	35.26	6.29	4.45	28.00	79.40	5	16.50
19.097	38.61	0.94	36.28	6.49	4.49	29.14	80.30	5	16.50
19.157	38.66	0.93	35.78	6.51	4.46	29.04	81.20	5	16.50
19.260	38.70	0.89	34.62	6.55	4.31	28.25	81.60	5	17.00
19.404	38.68	0.94	36.26	6.77	4.32	29.24	80.60	5	17.00
19.464	38.60	0.92	35.42	6.81	4.26	29.00	81.90	5	17.00
19.567	38.68	0.90	34.62	6.85	4.11	28.14	81.30	5	17.00
19.711	38.72	0.90	34.99	7.09	4.04	28.64	81.90	5	17.50
19.771	38.68	0.94	36.29	7.11	4.12	29.30	80.70	5	17.50
19.874	38.76	0.91	35.36	7.15	4.04	28.88	81.70	5	17.50
20.018	38.60	0.96	36.97	7.34	4.03	29.55	79.90	5	18.00
20.078	38.44	1.02	39.30	7.38	4.10	30.25	77.00	5	18.00
20.181	38.52	1.03	39.57	7.29	4.49	32.75	82.80	5	18.00
20.325	38.52	1.04	40.05	7.52	4.25	31.96	79.80	5	18.50
20.385	38.46	1.04	39.96	7.57	4.20	31.79	79.60	5	18.50
20.488	38.45	0.98	37.73	7.60	4.16	31.60	83.80	5	18.50
20.632	38.60	1.03	39.69	7.80	4.15	32.37	81.60	5	19.00
20.692	38.49	1.06	40.75	7.83	4.23	33.16	81.40	5	19.00
20.795	38.43	1.04	40.12	7.93	4.10	32.52	81.10	5	19.00
20.939	38.32	1.08	41.40	8.09	4.17	33.76	81.60	5	19.50
20.999	38.20	1.07	40.70	8.12	4.20	34.13	83.90	5	19.50
21.102	38.31	1.05	40.27	8.15	4.15	33.83	84.00	5	19.50
21.246	38.17	1.12	42.60	8.36	4.15	34.70	81.50	5	20.00
21.306	38.23	1.12	42.94	8.35	4.24	35.43	82.50	5	20.00
21.409	38.23	1.12	42.91	8.42	4.10	34.49	80.40	5	20.00
21.553	38.25	1.14	43.74	8.54	4.22	36.02	82.30	5	20.50
21.613	38.17	1.17	44.76	8.55	4.35	37.18	83.10	5	20.50
21.716	38.21	1.19	45.36	8.62	4.31	37.13	81.90	5	20.50
21.860	38.15	1.23	47.01	8.80	4.33	38.10	81.00	5	21.00
21.920	38.11	1.25	47.82	8.83	4.40	38.83	81.20	5	21.00
22.023	38.14	1.22	46.60	8.83	4.40	38.86	83.40	5	21.00
22.167	37.88	1.32	50.15	9.01	4.58	41.26	82.30	5	21.50
22.227	37.93	1.29	48.83	9.02	4.66	42.00	86.00	5	21.50
22.330	38.03	1.24	47.19	9.06	4.66	42.21	89.40	5	21.50
22.474	37.74	1.34	50.45	9.30	4.49	41.77	82.80	5	22.00
22.534	37.72	1.39	52.39	9.37	4.51	42.28	80.70	5	22.00
22.637	37.80	1.36	51.53	9.49	4.42	42.00	81.50	5	22.00
22.781	38.02	1.39	52.78	9.54	4.54	43.27	82.00	5	22.50
22.841	37.86	1.43	54.01	9.63	4.56	43.92	81.30	5	22.50
22.944	37.70	1.44	54.31	9.69	4.60	44.53	82.00	5	22.50
23.088	37.65	1.46	54.89	9.82	4.68	45.93	83.70	5	23.00
23.148	37.45	1.51	56.63	9.89	4.70	46.45	82.00	5	23.00
23.251	37.53	1.50	56.42	9.92	4.64	46.06	81.60	5	23.00
23.395	37.51	1.54	57.71	9.99	4.72	47.17	81.70	5	23.50
23.455	37.24	1.59	59.39	10.10	4.75	47.99	80.80	5	23.50
23.559	37.29	1.57	58.58	10.21	4.73	48.31	82.50	5	23.50
23.704	37.48	1.62	60.87	10.28	4.79	49.22	80.90	5	24.00
23.764	37.36	1.65	61.73	10.34	4.86	50.25	81.40	5	24.00
23.867	37.26	1.66	61.86	10.41	4.88	50.75	82.00	5	24.00
24.012	37.05	1.71	63.46	10.47	4.97	52.06	82.00	5	24.50
24.072	37.01	1.75	64.84	10.58	5.04	53.25	82.10	5	24.50
24.176	37.01	1.73	63.96	10.72	4.91	52.61	82.30	5	24.50
24.321	36.89	1.76	64.87	10.76	5.01	53.90	83.10	5	25.00
24.381	36.74	1.83	67.17	10.81	5.15	55.70	82.90	5	25.00
24.485	36.82	1.80	66.43	10.91	4.92	53.70	80.80	5	25.00
24.630	36.95	1.80	66.59	10.90	5.12	55.74	83.70	5	25.50
24.690	36.75	1.88	69.23	11.08	4.97	55.10	79.60	5	25.50
24.794	36.85	1.85	68.31	11.04	5.16	56.96	83.40	5	25.50
24.939	36.53	1.96	71.44	11.08	5.42	60.02	84.00	5	26.00
24.999	36.59	1.95	71.32	11.09	5.59	62.01	86.90	5	26.00
25.103	36.38	2.00	72.89	11.19	5.65	63.23	86.70	5	26.00
25.248	36.37	2.05	74.60	11.35	5.27	59.77	80.10	5	26.50
25.308	36.33	2.06	74.81	11.39	5.41	61.63	82.40	5	26.50
25.412	36.16	2.14	77.46	11.51	5.38	61.90	79.90	5	26.50
25.557	36.03	2.11	76.11	11.47	5.48	62.85	82.60	5	27.00
25.617	35.95	2.19	78.83	11.62	5.47	63.56	80.60	5	27.00
25.721	35.98	2.21	79.45	11.68	5.49	64.15	80.70	5	27.00
25.866	35.98	2.23	80.07	11.73	5.56	65.20	81.40	5	27.00
25.926	35.94	2.24	80.42	11.92	5.33	63.58	79.10	5	27.50
26.030	35.66	2.29	81.75	11.91	5.59	66.59	81.50	5	27.50
26.175	35.78	2.29	82.07	11.98	5.58	66.87	81.50	5	27.50
26.235	35.60	2.36	83.85	12.04	5.51	66.34	79.10	5	28.00
26.339	35.46	2.42	85.98	12.10	5.63	68.14	79.30	5	28.00
26.484	35.48	2.44	86.41	12.16	5.63	68.47	79.20	5	28.00
26.544	35.50	2.41	85.43	12.34	5.39	66.45	77.80	5	28.50
26.648	35.24	2.46	86.75	12.34	5.63	69.49	80.10	5	28.50
26.793	35.45	2.45	86.80	12.34	5.71	70.47	81.20	5	28.50
26.853	35.02	2.55	89.16	12.43	5.64	70.07	78.60	5	29.00
26.957	35.09	2.54	89.28	12.61	5.77	72.74	81.50	5	29.00
27.102	34.76	2.63	91.46	12.47	5.97	74.46	81.40	5	29.00
27.162	35.01	2.55	89.13	12.69	5.74	72.85	81.70	5	29.50
27.266	34.37	2.75	94.57	12.58	5.93	74.64	78.90	5	29.50
27.411	34.83	2.61	90.98	12.87	5.71	73.46	80.70	5	29.50
27.471	34.34	2.76	94.65	12.77	5.75	73.36	77.50	5	30.00
27.575	34.07	2.84	96.64	12.74	6.03	76.86	79.50	5	30.00
27.720	34.77	2.70	93.71	13.02	5.76	74.96	80.00	5	30.00
27.780	34.25	2.80	95.99	12.90	5.82	75.15	78.30	5	30.50
27.884	33.67	2.96	99.67	12.84	6.11	78.50	78.80	5	30.50
28.029	33.78	2.90	97.98	12.90	6.42	82.83	84.50	5	30.50
28.089	33.77	2.90	97.94	13.12	6.16	80.85	82.50	5	31.00
28.193	34.00	2.85	96.87	13.32	5.81	77.40	79.90	5	31.00
28.338	33.68	2.92	98.42	13.18	5.82	76.65	77.90	5	31.00
28.398	33.54	2.95	99.09	13.24	5.54	73.37	74.00	5	31.50
28.502	32.43	3.19	103.57	13.43	5.18	69.55	67.20	5	31.50
28.647	32.36	3.22	104.23	12.84	6.41	82.26	78.90	5	31.50
28.707	32.54	3.20	104.18	12.82	6.47	82.97	79.60	5	32.00
28.811	31.95	3.29	105.27	13.00	6.30	81.87	77.80	5	32.00
28.956	31.37	3.38	105.99	13.15	6.16	81.06	76.50	5	32.00
29.016	31.40	3.37	105.77	12.98	6.61	85.76	81.10	5	32.00
29.120	31.49	3.36	105.76	12.90	6.76	87.23	82.50	5	32.50
29.265	31.21	3.41	106.34	12.97	6.75	87.51	82.30	5	32.50
29.325	31.24	3.40	106.10	13.06	6.54	85.32	80.40	5	32.50
29.429	31.21	3.40	106.03	13.11	6.80	89.21	84.10	5	33.00
29.574	31.31	3.38	105.77	13.53	6.19	83.81	79.20	5	33.00
29.634	31.33	3.39	106.32	13.43	5.96	80.03	75.30	5	33.00
29.738	29.93	3.52	105.47	12.97	6.35	82.35	78.10	5	33.50
29.883	29.80	3.56	106.00	12.94	6.64	85.90	81.00	5	33.50
29.943	29.91	3.53	105.60	13.08	6.47	84.59	80.10	5	33.50
30.047	29.00	3.60	104.36	12.85	6.41	82.42	79.00	5	34.00
30.192	29.13	3.60	104.81	12.98	6.29	81.60	77.90	5	34.00
30.252	28.72	3.63	104.20	12.79	6.44	82.37	79.10	5	34.00
30.356	28.72	3.63	104.16	12.86	6.36	81.84	78.60	5	34.50
30.501	28.28	3.66	103.46	12.76	6.42	81.90	79.20	5	34.50
30.561	27.80	3.67	102.10	12.63	6.26	79.07	77.40	5	34.50
30.665	27.56	3.69	101.77	12.71	6.17	78.46	77.10	5	35.00
30.810	27.27	3.69	100.70	12.56	6.17	77.49	76.90	5	35.00
30.870	27.04	3.69	99.71	12.46	6.38	79.43	79.70	5	35.00
30.973	26.62	3.68	97.97	12.42	6.12	75.98	77.60	5	35.50
31.118	26.29	3.69	97.08	12.37	6.15	76.06	78.30	5	35.50
31.178	26.05	3.70	96.46	12.29	6.08	74.68	77.40	5	35.50
31.282	25.52	3.71	94.59	12.15	6.06	73.64	77.80	5	36.00
31.427	24.86	3.71	92.14	11.97	5.92	70.90	77.00	5	36.00
31.487	24.76	3.72	92.12	11.89	5.93	70.49	76.50	5	36.00
31.591	24.49	3.73	91.26	11.77	6.08	71.60	78.50	5	36.50
31.736	23.52	3.74	87.88	11.76	5.41	63.66	72.40	5	36.50
31.796	23.42	3.75	87.72	11.59	5.85	67.83	77.30	5	36.50
31.900	22.86	3.74	85.56	11.41	5.61	64.06	74.90	5	37.00
32.045	22.54	3.75	84.60	11.25	5.75	64.68	76.40	5	37.00
32.105	22.23	3.74	83.23	11.13	5.73	63.75	76.60	5	37.00
32.209	21.73	3.74	81.36	10.90	5.68	61.88	76.10	5	37.50
32.354	21.14	3.76	79.42	10.63	5.65	60.11	75.70	5	37.50
32.414	20.92	3.76	78.66	10.47	5.81	60.85	77.40	5	37.50
32.518	20.42	3.77	76.91	10.32	5.56	57.38	74.60	5	38.00
32.663	19.22	3.77	72.55	9.86	5.92	58.32	80.40	5	38.00
32.723	19.20	3.77	72.39	9.75	6.00	58.49	80.80	5	38.00
32.826	18.80	3.77	70.79	9.62	5.73	55.15	77.90	5	38.50
32.970	17.95	3.78	67.83	9.34	5.39	50.39	74.30	5	38.50
33.030	17.69	3.77	66.65	9.19	5.44	49.99	75.00	5	38.50
33.133	17.47	3.77	65.87	9.02	5.53	49.87	75.70	5	39.00
33.277	16.57	3.78	62.57	8.70	5.29	46.06	73.60	5	39.00
33.337	16.34	3.79	61.87	8.56	5.37	45.96	74.30	5	39.00
33.440	15.83	3.79	60.00	8.14	5.98	48.68	81.10	5	39.50
33.584	15.29	3.79	57.95	7.98	5.49	43.77	75.50	5	39.50
33.644	14.96	3.79	56.71	7.84	5.36	41.98	74.00	5	39.50
33.747	14.59	3.78	55.09	7.60	5.40	41.08	74.60	5	40.00
33.891	13.70	3.79	51.93	7.20	5.27	37.97	73.10	5	40.00
33.951	13.28	3.79	50.26	7.00	5.26	36.82	73.20	5	40.00
34.054	13.24	3.78	50.10	7.01	4.91	34.41	68.70	5	40.00
34.198	11.83	3.79	44.80	6.25	4.94	30.85	68.90	5	40.50
34.258	11.43	3.78	43.26	5.97	4.94	29.50	68.20	5	40.50
34.361	10.15	3.79	38.49	5.18	5.08	26.33	68.40	5	40.50
34.505	9.19	3.80	34.87	4.57	5.11	23.34	66.90	5	41.00
34.565	8.50	3.79	32.18	4.10	5.08	20.85	64.80	5	41.00
34.668	7.59	3.78	28.71	3.52	5.04	17.72	61.70	5	41.00
34.812	7.07	3.79	26.76	3.21	4.94	15.88	59.30	5	41.50
34.872	6.98	3.80	26.51	3.17	4.90	15.55	58.70	5	41.50
34.975	6.90	3.79	26.15	3.16	4.87	15.40	58.90	5	41.50
35.119	6.79	3.80	25.80	3.11	4.84	15.07	58.40	5	42.00
35.179	6.65	3.79	25.21	3.12	4.82	15.06	59.70	5	42.00
35.282	6.75	3.78	25.53	3.14	4.82	15.15	59.30	5	42.00
35.426	6.76	3.80	25.68	3.11	4.75	14.75	57.40	5	42.50
35.486	6.71	3.80	25.47	3.12	4.72	14.73	57.80	5	42.50
35.589	6.60	3.80	25.07	3.19	4.70	15.00	59.80	5	42.50
35.733	6.63	3.80	25.20	3.21	4.67	14.99	59.50	5	43.00
35.793	6.50	3.79	24.68	3.21	4.65	14.92	60.40	5	43.00
35.896	6.52	3.80	24.77	3.20	4.64	14.86	60.00	5	43.00
36.040	6.38	3.81	24.28	3.11	4.57	14.20	58.50	5	43.50
36.100	6.35	3.81	24.18	3.11	4.56	14.21	58.80	5	43.50
36.203	6.28	3.82	23.97	3.13	4.53	14.19	59.20	5	43.50
36.347	6.24	3.81	23.74	3.14	4.45	13.96	58.80	5	44.00
36.407	6.19	3.80	23.55	3.15	4.47	14.08	59.80	5	44.00
36.510	6.28	3.80	23.88	3.12	4.45	13.92	58.30	5	44.00
36.654	6.12	3.80	23.25	3.11	4.40	13.67	58.80	5	44.50
36.714	6.06	3.80	23.02	3.09	4.38	13.54	58.80	5	44.50
36.817	6.11	3.80	23.22	3.05	4.35	13.27	57.10	5	44.50
36.961	5.94	3.79	22.49	3.00	4.31	12.92	57.50	5	45.00
37.021	5.85	3.79	22.21	3.00	4.29	12.85	57.80	5	45.00
37.124	5.86	3.80	22.26	2.99	4.25	12.69	57.00	5	45.00
37.268	5.78	3.79	21.91	3.02	4.19	12.63	57.60	5	45.50
37.328	5.69	3.79	21.57	3.00	4.16	12.51	58.00	5	45.50
37.431	5.64	3.79	21.39	2.96	4.16	12.30	57.50	5	45.50
37.575	5.50	3.79	20.85	3.00	4.14	12.42	59.50	5	46.00
37.635	5.46	3.80	20.73	3.02	4.09	12.34	59.60	5	46.00
37.738	5.59	3.79	21.20	3.04	4.07	12.39	58.50	5	46.00
37.882	5.47	3.80	20.77	3.02	4.06	12.24	58.90	5	46.50
37.942	5.46	3.80	20.74	3.00	4.01	12.02	58.00	5	46.50
38.045	5.42	3.80	20.59	2.98	3.99	11.88	57.70	5	46.50
38.189	5.35	3.80	20.33	2.94	3.95	11.61	57.10	5	47.00
38.249	5.03	3.81	19.14	2.92	3.92	11.44	59.70	5	47.00
38.352	5.21	3.81	19.86	2.96	3.91	11.59	58.40	5	47.00
38.496	5.11	3.81	19.45	2.96	3.89	11.51	59.20	5	47.50
38.556	5.08	3.80	19.31	2.98	3.86	11.52	59.70	5	47.50
38.659	5.07	3.81	19.31	2.99	3.85	11.51	59.60	5	47.50
38.803	5.02	3.81	19.11	2.93	3.83	11.24	58.80	5	48.00
38.863	4.82	3.81	18.35	2.88	3.79	10.92	59.50	5	48.00
38.966	4.84	3.80	18.42	2.84	3.76	10.67	57.90	5	48.00
39.110	4.77	3.80	18.14	2.78	3.72	10.33	56.90	5	48.50
39.170	4.76	3.81	18.13	2.76	3.67	10.15	56.00	5	48.50
39.273	4.66	3.81	17.78	2.74	3.68	10.05	56.60	5	48.50
39.417	4.68	3.82	17.88	2.75	3.69	10.17	56.90	5	49.00
39.477	4.64	3.82	17.71	2.74	3.66	10.03	56.60	5	49.00
39.580	4.57	3.81	17.41	2.71	3.61	9.81	56.30	5	49.00
39.724	4.48	3.79	17.01	2.69	3.60	9.68	56.90	5	49.00
39.784	4.44	3.80	16.86	2.69	3.58	9.62	57.10	5	49.50
39.887	4.40	3.81	16.76	2.67	3.51	9.34	55.80	5	49.50
40.031	4.44	3.81	16.96	2.66	3.52	9.37	55.30	5	49.50
40.091	4.32	3.82	16.47	2.63	3.47	9.14	55.50	5	50.00
40.194	4.27	3.82	16.28	2.62	3.45	9.02	55.40	5	50.00
40.338	4.25	3.82	16.27	2.61	3.47	9.05	55.70	5	50.00
40.398	4.28	3.82	16.37	2.59	3.42	8.85	54.00	5	50.50
40.501	4.25	3.82	16.26	2.56	3.36	8.61	52.90	5	50.50
40.645	4.12	3.83	15.75	2.57	3.38	8.67	55.00	5	50.50
40.705	4.04	3.83	15.51	2.51	3.36	8.44	54.50	5	51.00
40.808	3.95	3.83	15.13	2.50	3.32	8.30	54.90	5	51.00
40.952	3.99	3.83	15.29	2.53	3.32	8.39	54.90	5	51.00
41.012	3.94	3.83	15.09	2.51	3.31	8.30	55.00	5	51.50
41.115	3.81	3.83	14.59	2.47	3.25	8.01	54.90	5	51.50
41.259	3.87	3.82	14.81	2.48	3.23	7.99	54.00	5	51.50
41.319	3.88	3.82	14.83	2.48	3.23	8.01	54.00	5	52.00
41.422	3.72	3.82	14.21	2.45	3.17	7.78	54.70	5	52.00
41.566	3.68	3.82	14.06	2.42	3.18	7.69	54.70	5	52.00
41.626	3.69	3.83	14.12	2.41	3.15	7.59	53.80	5	52.00
41.729	3.59	3.84	13.76	2.39	3.11	7.44	54.10	5	52.50
41.873	3.68	3.84	14.15	2.37	3.13	7.42	52.40	5	52.50
41.933	3.63	3.84	13.93	2.37	3.09	7.31	52.50	5	52.50
42.036	3.53	3.84	13.55	2.33	3.06	7.12	52.60	5	53.00
42.180	3.48	3.84	13.38	2.34	3.07	7.18	53.70	5	53.00
42.240	3.43	3.84	13.16	2.34	3.08	7.21	54.80	5	53.00
42.343	3.28	3.85	12.62	2.33	2.99	6.95	55.10	5	53.50
42.487	3.26	3.85	12.56	2.28	3.00	6.82	54.30	5	53.50
42.547	3.29	3.85	12.68	2.28	2.96	6.75	53.20	5	53.50
42.650	3.26	3.85	12.56	2.26	2.93	6.61	52.60	5	54.00
42.794	3.24	3.84	12.44	2.24	2.91	6.50	52.20	5	54.00
42.854	3.30	3.84	12.68	2.23	2.91	6.48	51.10	5	54.00
42.957	3.16	3.84	12.12	2.23	2.88	6.43	53.10	5	54.50
43.101	3.09	3.84	11.89	2.23	2.86	6.38	53.60	5	54.50
43.161	3.11	3.84	11.95	2.21	2.85	6.30	52.70	5	54.50
43.264	3.00	3.83	11.50	2.20	2.83	6.20	54.00	5	55.00
43.408	3.03	3.84	11.66	2.19	2.77	6.07	52.10	5	55.00
43.468	3.01	3.84	11.57	2.18	2.76	6.02	52.00	5	55.00
43.571	2.96	3.84	11.36	2.16	2.76	5.96	52.40	5	55.50
43.715	2.90	3.84	11.16	2.15	2.72	5.86	52.50	5	55.50
43.775	2.95	3.84	11.36	2.14	2.71	5.79	50.90	5	55.50
43.878	2.87	3.85	11.05	2.12	2.69	5.72	51.80	5	56.00
44.022	2.82	3.85	10.87	2.13	2.66	5.67	52.10	5	56.00
44.082	2.90	3.86	11.20	2.12	2.68	5.69	50.80	5	56.00
44.185	2.73	3.85	10.50	2.13	2.65	5.65	53.80	5	56.50
44.329	2.70	3.85	10.39	2.14	2.63	5.62	54.10	5	56.50
44.389	2.70	3.85	10.39	2.14	2.61	5.57	53.60	5	56.50
44.492	2.78	3.85	10.69	2.14	2.56	5.49	51.40	5	57.00
44.636	2.85	3.85	10.95	2.14	2.52	5.39	49.20	5	57.00
44.696	2.79	3.85	10.73	2.14	2.51	5.36	50.00	5	57.00
44.799	2.71	3.85	10.41	2.14	2.53	5.41	51.90	5	57.50
44.943	2.70	3.84	10.40	2.15	2.49	5.36	51.60	5	57.50
45.003	2.75	3.85	10.61	2.14	2.49	5.32	50.20	5	57.50
45.106	2.78	3.85	10.72	2.13	2.46	5.22	48.70	5	58.00
