6.993	7.48	4.54	33.94	4.54	4.90	22.24	65.50	5	46.00
37.096	7.24	4.55	32.94	4.37	4.94	21.60	65.60	5	46.00
37.240	6.64	4.55	30.21	4.00	4.82	19.25	63.70	5	46.50
37.300	6.82	4.54	30.97	4.18	4.71	19.69	63.60	5	46.50
37.403	5.71	4.55	25.96	3.42	4.79	16.37	63.10	5	46.50
37.547	4.81	4.55	21.91	2.67	4.73	12.65	57.70	5	47.00
37.607	4.73	4.56	21.55	2.58	4.71	12.13	56.30	5	47.00
37.710	4.71	4.55	21.44	2.48	4.71	11.70	54.50	5	47.00
37.854	4.61	4.54	20.95	2.40	4.66	11.19	53.40	5	47.50
37.914	4.56	4.55	20.71	2.40	4.62	11.11	53.60	5	47.50
38.017	4.45	4.55	20.25	2.39	4.63	11.04	54.50	5	47.50
38.161	4.54	4.55	20.66	2.36	4.55	10.74	52.00	5	48.00
38.221	4.48	4.55	20.41	2.36	4.53	10.70	52.40	5	48.00
38.324	4.45	4.55	20.25	2.32	4.51	10.49	51.80	5	48.00
38.468	4.33	4.56	19.74	2.30	4.47	10.29	52.10	5	48.50
38.528	4.24	4.55	19.30	2.30	4.45	10.22	52.90	5	48.50
38.631	4.10	4.55	18.68	2.30	4.44	10.23	54.80	5	48.50
38.775	4.17	4.55	18.98	2.29	4.40	10.06	53.00	5	49.00
38.835	3.98	4.55	18.14	2.28	4.40	10.01	55.20	5	49.00
38.938	4.05	4.55	18.42	2.29	4.34	9.96	54.10	5	49.00
39.082	3.99	4.55	18.17	2.29	4.30	9.84	54.20	5	49.50
39.142	4.07	4.55	18.53	2.29	4.28	9.78	52.80	5	49.50
39.245	4.00	4.55	18.23	2.26	4.25	9.57	52.50	5	49.50
39.389	3.91	4.56	17.85	2.24	4.23	9.45	53.00	5	50.00
39.449	3.88	4.56	17.68	2.23	4.19	9.34	52.80	5	50.00
39.552	3.77	4.56	17.16	2.22	4.17	9.27	54.00	5	50.00
39.696	3.83	4.56	17.46	2.19	4.13	9.03	51.70	5	50.50
39.756	3.66	4.56	16.69	2.16	4.12	8.90	53.30	5	50.50
39.859	3.62	4.55	16.48	2.15	4.09	8.79	53.30	5	50.50
40.003	3.65	4.55	16.61	2.13	4.07	8.66	52.20	5	51.00
40.063	3.69	4.56	16.81	2.12	4.01	8.51	50.60	5	51.00
40.166	3.60	4.55	16.38	2.12	4.01	8.51	52.00	5	51.00
40.310	3.55	4.55	16.13	2.12	4.04	8.57	53.10	5	51.50
40.370	3.51	4.55	15.99	2.11	3.97	8.38	52.40	5	51.50
40.473	3.53	4.54	16.05	2.06	3.93	8.10	50.40	5	51.50
40.617	3.52	4.57	16.06	2.08	3.91	8.11	50.50	5	52.00
40.677	3.47	4.56	15.84	2.08	3.86	8.04	50.70	5	52.00
40.780	3.44	4.55	15.63	2.08	3.85	8.01	51.20	5	52.00
40.924	3.58	4.54	16.26	2.09	3.80	7.93	48.80	5	52.50
40.984	3.42	4.53	15.48	2.06	3.77	7.78	50.20	5	52.50
41.087	3.34	4.49	14.98	2.05	3.70	7.58	50.60	5	52.50
41.231	3.27	4.47	14.63	2.03	3.68	7.48	51.20	5	53.00
41.291	3.12	4.47	13.94	2.02	3.64	7.37	52.90	5	53.00
41.394	3.10	4.47	13.86	2.03	3.62	7.33	52.90	5	53.00
41.538	3.25	4.51	14.65	2.03	3.65	7.40	50.50	5	53.00
41.598	3.14	4.53	14.24	2.02	3.62	7.29	51.20	5	53.50
41.701	3.12	4.55	14.19	2.02	3.63	7.35	51.80	5	53.50
41.845	3.19	4.55	14.55	2.00	3.62	7.24	49.70	5	53.50
41.905	3.16	4.54	14.36	1.99	3.59	7.14	49.70	5	54.00
42.008	3.02	4.55	13.75	1.98	3.55	7.02	51.00	5	54.00
42.152	3.03	4.56	13.83	1.99	3.52	7.01	50.70	5	54.00
42.212	2.89	4.56	13.17	1.98	3.48	6.89	52.30	5	54.50
42.315	2.97	4.56	13.56	1.99	3.45	6.85	50.50	5	54.50
42.459	2.99	4.55	13.58	1.97	3.46	6.83	50.20	5	54.50
42.519	2.99	4.55	13.61	1.97	3.44	6.78	49.80	5	55.00
42.622	2.82	4.56	12.85	1.98	3.41	6.76	52.60	5	55.00
42.766	2.89	4.56	13.17	1.98	3.39	6.71	51.00	5	55.00
42.826	2.89	4.56	13.19	1.96	3.38	6.62	50.20	5	55.50
42.929	2.87	4.56	13.08	1.95	3.32	6.48	49.50	5	55.50
43.073	2.78	4.55	12.67	1.95	3.30	6.43	50.70	5	55.50
43.133	2.71	4.55	12.36	1.93	3.30	6.37	51.50	5	56.00
43.236	2.71	4.55	12.34	1.91	3.26	6.24	50.60	5	56.00
43.380	2.79	4.56	12.71	1.92	3.27	6.28	49.40	5	56.00
43.440	2.72	4.57	12.42	1.92	3.29	6.30	50.70	5	56.50
43.543	2.71	4.57	12.40	1.91	3.21	6.13	49.50	5	56.50
43.687	2.95	4.58	13.49	1.94	3.19	6.19	45.90	5	56.50
43.747	2.99	4.57	13.64	1.93	3.18	6.14	45.00	5	56.50
43.850	2.64	4.56	12.02	1.92	3.14	6.02	50.10	5	57.00
43.994	2.76	4.56	12.59	1.92	3.11	5.98	47.50	5	57.00
44.054	2.74	4.56	12.51	1.96	3.11	6.08	48.60	5	57.00
44.157	2.72	4.57	12.44	1.98	3.08	6.08	48.90	5	57.50
44.301	2.69	4.57	12.31	2.11	3.06	6.45	52.40	5	57.50
44.361	2.68	4.57	12.24	2.12	3.04	6.44	52.60	5	57.50
44.464	2.80	4.57	12.80	2.18	2.98	6.52	50.90	5	58.00
44.608	2.74	4.56	12.47	2.20	2.99	6.55	52.60	5	58.00
44.668	2.76	4.56	12.61	2.20	2.96	6.52	51.70	5	58.00
44.771	2.76	4.56	12.60	2.20	2.91	6.41	50.90	5	58.50
44.915	2.71	4.56	12.33	2.22	2.91	6.44	52.30	5	58.50
44.975	2.73	4.56	12.44	2.21	2.91	6.41	51.50	5	58.50
45.078	2.76	4.55	12.55	2.20	2.88	6.34	50.50	5	59.00
45.222	2.68	4.56	12.20	2.18	2.83	6.16	50.50	5	59.00
45.282	2.69	4.56	12.25	2.18	2.82	6.15	50.20	5	59.00
45.385	2.60	4.56	11.83	2.17	2.82	6.11	51.60	5	59.50
45.529	2.49	4.56	11.34	2.17	2.81	6.09	53.70	5	59.50
45.589	2.49	4.55	11.32	2.17	2.80	6.08	53.80	5	59.50
45.692	2.50	4.55	11.36	2.16	2.77	6.00	52.80	5	60.00
45.836	2.55	4.56	11.63	2.14	2.74	5.84	50.20	5	60.00
45.896	2.48	4.56	11.29	2.13	2.72	5.79	51.30	5	60.00
45.999	2.43	4.56	11.10	2.12	2.71	5.75	51.80	5	60.50
46.143	2.30	4.57	10.51	2.11	2.68	5.66	53.90	5	60.50
46.203	2.42	4.56	11.03	2.11	2.67	5.65	51.20	5	60.50
46.306	2.28	4.56	10.39	2.09	2.65	5.55	53.40	5	61.00
46.450	2.38	4.57	10.87	2.10	2.64	5.53	50.90	5	61.00
46.510	2.35	4.56	10.72	2.10	2.62	5.49	51.20	5	61.00
46.613	2.11	4.57	9.63	2.07	2.60	5.39	55.90	5	61.50
46.757	2.20	4.57	10.06	2.05	2.56	5.23	52.00	5	61.50
46.817	2.26	4.56	10.29	2.03	2.54	5.17	50.20	5	61.50
46.920	2.24	4.57	10.23	2.04	2.49	5.07	49.50	5	62.00
47.064	2.32	4.56	10.58	1.98	2.47	4.88	46.20	5	62.00
47.124	2.29	4.55	10.41	1.98	2.48	4.92	47.20	5	62.00
47.227	2.18	4.56	9.96	1.97	2.46	4.84	48.60	5	62.50
47.371	2.24	4.56	10.23	1.94	2.42	4.70	45.90	5	62.50
47.431	2.08	4.56	9.49	1.93	2.39	4.62	48.70	5	62.50
47.534	2.09	4.57	9.54	1.92	2.40	4.62	48.40	5	62.50
47.678	2.00	4.56	9.14	1.88	2.40	4.51	49.30	5	63.00
47.738	1.99	4.55	9.08	1.91	2.35	4.50	49.60	5	63.00
47.841	2.04	4.56	9.30	1.90	2.35	4.47	48.00	5	63.00
47.985	2.06	4.57	9.41	1.89	2.27	4.27	45.40	5	63.50
48.045	2.02	4.56	9.22	1.86	2.27	4.22	45.80	5	63.50
48.148	1.95	4.57	8.90	1.86	2.28	4.24	47.60	5	63.50
48.292	1.99	4.56	9.09	1.83	2.23	4.09	44.90	5	64.00
48.352	1.93	4.56	8.80	1.84	2.23	4.10	46.60	5	64.00
48.455	1.99	4.56	9.08	1.83	2.23	4.09	45.10	5	64.00
48.599	1.92	4.56	8.77	1.82	2.19	3.99	45.50	5	64.50
48.659	1.98	4.54	9.00	1.81	2.16	3.91	43.40	5	64.50
48.762	1.81	4.55	8.21	1.80	2.18	3.92	47.70	5	64.50
48.906	1.77	4.57	8.11	1.79	2.14	3.84	47.40	5	65.00
48.966	1.84	4.56	8.39	1.79	2.14	3.82	45.60	5	65.00
49.069	1.85	4.56	8.43	1.77	2.16	3.82	45.30	5	65.00
49.213	1.85	4.56	8.45	1.78	2.12	3.77	44.70	5	65.50
49.273	1.80	4.55	8.18	1.79	2.11	3.76	46.00	5	65.50
49.376	1.75	4.56	7.97	1.77	2.04	3.62	45.40	5	65.50
49.520	1.65	4.55	7.53	1.73	2.03	3.52	46.70	5	66.00
49.580	1.80	4.55	8.17	1.73	2.03	3.51	42.90	5	66.00
49.683	1.68	4.55	7.66	1.75	2.03	3.55	46.30	5	66.00
49.827	1.65	4.57	7.53	1.71	2.02	3.46	45.90	5	66.50
49.887	1.69	4.55	7.67	1.70	2.03	3.45	44.90	5	66.50
49.990	1.66	4.55	7.55	1.70	2.01	3.43	45.40	5	66.50
50.134	1.74	4.56	7.91	1.68	1.97	3.30	41.70	5	67.00
50.194	1.60	4.56	7.31	1.67	1.94	3.23	44.10	5	67.00
50.297	1.53	4.56	6.95	1.63	1.94	3.17	45.60	5	67.00
50.441	1.40	4.55	6.37	1.64	1.93	3.17	49.70	5	67.50
50.501	1.37	4.55	6.23	1.64	1.92	3.14	50.40	5	67.50
50.604	1.51	4.55	6.90	1.64	1.89	3.09	44.80	5	67.50
50.748	1.48	4.56	6.75	1.62	1.89	3.07	45.50	5	68.00
50.808	1.39	4.55	6.34	1.61	1.86	2.99	47.20	5	68.00
50.911	1.46	4.56	6.65	1.60	1.85	2.96	44.50	5	68.00
51.055	1.47	4.56	6.71	1.58	1.82	2.87	42.70	5	68.50
51.115	1.51	4.55	6.85	1.57	1.80	2.83	41.30	5	68.50
51.218	1.54	4.55	7.03	1.60	1.81	2.89	41.10	5	68.50
51.362	1.48	4.55	6.72	1.63	1.80	2.94	43.80	5	69.00
51.422	1.47	4.55	6.68	1.60	1.78	2.85	42.70	5	69.00
51.525	1.43	4.55	6.49	1.54	1.75	2.70	41.60	5	69.00
51.669	1.45	4.56	6.62	1.59	1.74	2.77	41.90	5	69.50
51.729	1.46	4.55	6.63	1.60	1.71	2.75	41.40	5	69.50
51.832	1.51	4.56	6.87	1.61	1.68	2.71	39.50	5	69.50
51.976	1.27	4.56	5.78	1.57	1.67	2.63	45.50	5	70.00
52.036	1.39	4.55	6.35	1.54	1.65	2.53	39.80	5	70.00
52.139	1.44	4.55	6.57	1.55	1.62	2.51	38.20	5	70.00
52.283	1.42	4.55	6.44	1.49	1.62	2.42	37.60	5	70.50
52.343	1.39	4.55	6.33	1.51	1.60	2.43	38.40	5	70.50
52.446	1.29	4.55	5.88	1.58	1.59	2.52	43.00	5	70.50
52.590	1.25	4.56	5.72	1.56	1.60	2.49	43.50	5	71.00
52.650	1.23	4.55	5.60	1.50	1.59	2.38	42.50	5	71.00
52.753	1.35	4.55	6.13	1.54	1.58	2.44	39.80	5	71.00
52.897	1.29	4.55	5.86	1.54	1.57	2.41	41.10	5	71.50
52.957	1.31	4.56	5.95	1.53	1.53	2.35	39.40	5	71.50
53.060	1.31	4.55	5.94	1.53	1.50	2.29	38.50	5	71.50
53.204	1.31	4.55	5.93	1.52	1.50	2.27	38.30	5	71.50
53.264	1.24	4.55	5.66	1.48	1.48	2.19	38.60	5	72.00
53.367	1.22	4.55	5.55	1.49	1.47	2.18	39.30	5	72.00
53.511	1.32	4.56	6.00	1.48	1.47	2.19	36.40	5	72.00
53.571	1.28	4.55	5.83	1.47	1.45	2.14	36.70	5	72.50
53.674	1.20	4.54	5.47	1.46	1.42	2.07	37.90	5	72.50
53.818	1.21	4.55	5.49	1.46	1.42	2.07	37.80	5	72.50
53.878	1.22	4.56	5.58	1.45	1.42	2.05	36.80	5	73.00
53.981	1.17	4.54	5.30	1.43	1.40	2.01	37.80	5	73.00
54.125	1.06	4.54	4.81	1.41	1.40	1.97	41.00	5	73.00
54.185	1.10	4.55	5.02	1.39	1.37	1.90	37.80	5	73.50
54.288	1.03	4.56	4.71	1.36	1.34	1.83	38.90	5	73.50
54.432	1.19	4.54	5.41	1.38	1.36	1.87	34.70	5	73.50
54.492	1.03	4.55	4.70	1.34	1.35	1.81	38.60	5	74.00
54.595	1.08	4.55	4.89	1.33	1.30	1.74	35.60	5	74.00
54.739	1.09	4.55	4.94	1.35	1.33	1.79	36.30	5	74.00
54.799	1.03	4.55	4.71	1.31	1.31	1.73	36.70	5	74.50
54.902	1.07	4.55	4.88	1.31	1.26	1.66	34.00	5	74.50
55.046	1.10	4.55	5.02	1.32	1.27	1.67	33.30	5	74.50
55.106	1.13	4.55	5.16	1.32	1.26	1.67	32.30	5	75.00
55.209	1.02	4.55	4.64	1.31	1.24	1.63	35.10	5	75.00
55.353	0.94	4.53	4.24	1.27	1.24	1.57	37.10	5	75.00
55.413	0.93	4.54	4.21	1.28	1.23	1.58	37.40	5	75.50
55.516	0.99	4.55	4.52	1.27	1.22	1.56	34.40	5	75.50
55.660	1.05	4.55	4.76	1.28	1.20	1.53	32.20	5	75.50
55.720	1.02	4.55	4.66	1.27	1.19	1.51	32.50	5	75.50
55.823	0.99	4.55	4.51	1.26	1.15	1.45	32.20	5	76.00
55.967	0.96	4.55	4.38	1.25	1.11	1.39	31.80	5	76.00
56.027	0.96	4.54	4.35	1.25	1.12	1.39	32.10	5	76.00
56.130	1.05	4.53	4.76	1.24	1.12	1.40	29.40	5	76.50
56.274	0.93	4.55	4.23	1.24	1.15	1.43	33.70	5	76.50
56.334	0.90	4.55	4.11	1.25	1.14	1.43	34.70	5	76.50
56.437	0.95	4.56	4.31	1.24	1.10	1.37	31.70	5	77.00
56.581	0.87	4.55	3.96	1.21	1.06	1.28	32.40	5	77.00
56.641	0.88	4.55	4.02	1.19	1.07	1.27	31.60	5	77.00
56.744	0.90	4.55	4.10	1.18	1.07	1.25	30.60	5	77.50
56.888	0.79	4.54	3.58	1.16	1.02	1.18	33.00	5	77.50
56.948	0.87	4.54	3.95	1.16	1.02	1.18	29.90	5	77.50
57.051	0.90	4.54	4.08	1.13	1.01	1.15	28.10	5	78.00
57.195	0.93	4.54	4.22	1.13	1.05	1.18	28.00	5	78.00
57.255	0.89	4.55	4.04	1.13	1.03	1.17	28.80	5	78.00
57.358	0.73	4.55	3.34	1.15	1.00	1.15	34.30	5	78.50
57.502	0.80	4.56	3.65	1.11	0.98	1.08	29.70	5	78.50
57.562	0.82	4.56	3.72	1.12	0.96	1.07	28.70	5	78.50
57.665	0.72	4.56	3.27	1.14	0.96	1.10	33.60	5	79.00
57.809	0.92	4.55	4.20	1.14	0.94	1.08	25.60	5	79.00
57.869	0.88	4.54	4.00	1.12	0.94	1.05	26.30	5	79.00
57.972	0.76	4.54	3.47	1.13	0.92	1.04	29.80	5	79.50
58.116	0.78	4.54	3.53	1.10	0.89	0.98	27.80	5	79.50
58.176	0.69	4.55	3.13	1.10	0.88	0.97	30.90	5	79.50
58.279	0.75	4.55	3.42	1.08	0.88	0.95	27.90	5	80.00
58.423	0.73	4.56	3.34	1.06	0.86	0.92	27.40	5	80.00
58.483	0.76	4.56	3.48	1.05	0.87	0.91	26.10	5	80.00
58.586	0.80	4.55	3.64	1.05	0.88	0.93	25.50	5	80.50
58.730	0.87	4.55	3.97	1.03	0.86	0.89	22.40	5	80.50
58.790	0.72	4.55	3.28	1.04	0.86	0.89	27.10	5	80.50
58.893	0.71	4.55	3.24	1.04	0.84	0.87	27.00	5	81.00
59.037	0.70	4.55	3.17	1.02	0.82	0.84	26.50	5	81.00
59.097	0.69	4.55	3.15	1.02	0.82	0.83	26.40	5	81.00
59.200	0.81	4.55	3.70	1.02	0.77	0.78	21.10	5	81.50
59.344	0.69	4.56	3.15	1.01	0.77	0.78	24.70	5	81.50
59.404	0.69	4.56	3.15	1.01	0.76	0.77	24.50	5	81.50
59.507	0.67	4.56	3.05	1.03	0.74	0.77	25.10	5	81.50
59.651	0.61	4.56	2.76	1.00	0.76	0.76	27.40	5	82.00
59.711	0.67	4.56	3.04	0.98	0.77	0.75	24.70	5	82.00
59.814	0.65	4.56	2.96	1.00	0.76	0.76	25.80	5	82.00
59.958	0.65	4.56	2.95	0.97	0.72	0.70	23.80	5	82.50
60.018	0.71	4.57	3.25	0.98	0.70	0.69	21.20	5	82.50
60.121	0.69	4.57	3.13	0.98	0.72	0.70	22.40	5	82.50
60.265	0.69	4.57	3.18	0.95	0.69	0.65	20.50	5	83.00
60.325	0.60	4.57	2.76	0.94	0.67	0.63	22.80	5	83.00
60.428	0.67	4.56	3.04	0.94	0.65	0.61	20.10	5	83.00
60.572	0.64	4.57	2.92	0.88	0.67	0.59	20.10	5	83.50
60.632	0.61	4.56	2.78	0.87	0.66	0.57	20.60	5	83.50
60.735	0.58	4.57	2.66	0.88	0.65	0.57	21.50	5	83.50
60.879	0.68	4.56	3.10	0.89	0.63	0.56	17.90	5	84.00
60.939	0.66	4.56	3.00	0.89	0.62	0.55	18.50	5	84.00
61.042	0.68	4.56	3.10	0.89	0.61	0.54	17.40	5	84.00
61.186	0.52	4.56	2.38	0.87	0.61	0.53	22.30	5	84.50
61.246	0.57	4.56	2.61	0.87	0.57	0.49	18.90	5	84.50
61.349	0.59	4.56	2.71	0.85	0.56	0.48	17.60	5	84.50
61.493	0.57	4.56	2.61	0.84	0.53	0.45	17.20	5	85.00
61.553	0.55	4.57	2.50	0.85	0.56	0.47	19.00	5	85.00
61.656	0.59	4.57	2.69	0.83	0.54	0.45	16.70	5	85.00
61.800	0.49	4.56	2.25	0.83	0.55	0.45	20.00	5	85.50
61.860	0.57	4.56	2.61	0.83	0.54	0.45	17.10	5	85.50
61.963	0.44	4.57	1.99	0.83	0.53	0.44	22.10	5	85.50
62.107	0.53	4.57	2.40	0.84	0.53	0.45	18.60	5	86.00
62.167	0.54	4.57	2.49	0.83	0.52	0.43	17.40	5	86.00
62.270	0.38	4.56	1.75	0.81	0.48	0.39	22.40	5	86.00
62.414	0.52	4.56	2.38	0.80	0.46	0.36	15.30	5	86.50
62.474	0.53	4.56	2.43	0.78	0.44	0.35	14.30	5	86.50
62.577	0.55	4.57	2.50	0.78	0.45	0.35	14.10	5	86.50
62.721	0.54	4.56	2.46	0.78	0.44	0.34	13.90	5	87.00
62.781	0.51	4.57	2.33	0.77	0.44	0.34	14.60	5	87.00
62.884	0.45	4.57	2.08	0.76	0.43	0.33	15.90	5	87.00
63.028	0.54	4.57	2.47	0.76	0.42	0.32	12.90	5	87.50
63.088	0.53	4.57	2.41	0.76	0.43	0.33	13.70	5	87.50
63.191	0.51	4.56	2.31	0.74	0.41	0.30	13.00	5	87.50
63.335	0.53	4.57	2.45	0.73	0.39	0.28	11.60	5	88.00
63.395	0.57	4.56	2.58	0.72	0.38	0.27	10.50	5	88.00
63.498	0.54	4.57	2.48	0.72	0.39	0.28	11.30	5	88.00
63.642	0.43	4.57	1.98	0.73	0.36	0.27	13.40	5	88.50
63.702	0.47	4.57	2.15	0.71	0.36	0.26	11.90	5	88.50
63.805	0.42	4.56	1.90	0.68	0.38	0.25	13.40	5	88.50
63.949	0.42	4.56	1.90	0.69	0.35	0.24	12.80	5	89.00
64.009	0.47	4.56	2.14	0.66	0.32	0.21	9.80	5	89.00
64.112	0.47	4.57	2.14	0.67	0.31	0.21	9.80	5	89.00
64.256	0.41	4.57	1.87	0.68	0.33	0.23	12.10	5	89.50
64.316	0.46	4.58	2.10	0.68	0.32	0.22	10.40	5	89.50
64.419	0.41	4.57	1.86	0.67	0.31	0.20	11.00	5	89.50
64.563	0.62	4.58	2.85	0.63	0.31	0.19	6.80	5	90.00
64.623	0.48	4.57	2.20	0.61	0.29	0.18	8.10	5	90.00
64.726	0.42	4.56	1.90	0.60	0.28	0.17	9.00	5	90.00
64.870	0.57	4.56	2.62	0.57	0.30	0.18	6.70	5	90.50
64.930	0.50	4.56	2.27	0.55	0.27	0.15	6.60	5	90.50
65.033	0.35	4.57	1.61	0.55	0.25	0.14	8.50	5	90.50
65.177	0.42	4.58	1.90	0.56	0.22	0.12	6.40	5	91.00
65.237	0.52	4.58	2.36	0.55	0.21	0.11	4.80	5	91.00
65.340	0.40	4.57	1.83	0.54	0.23	0.12	6.80	5	91.00
65.484	0.47	4.57	2.16	0.55	0.23	0.13	5.90	5	91.00
65.544	0.42	4.58	1.93	0.53	0.22	0.12	6.10	5	91.50
65.647	0.39	4.57	1.80	0.52	0.20	0.11	5.90	5	91.50
65.791	0.36	4.57	1.64	0.51	0.21	0.11	6.50	5	91.50
65.851	0.40	4.57	1.83	0.50	0.21	0.11	5.90	5	92.00
65.954	0.38	4.57	1.74	0.49	0.14	0.07	4.00	5	92.00
66.098	0.55	4.59	2.54	0.46	0.17	0.08	3.10	5	92.00
66.158	0.50	4.57	2.28	0.48	0.14	0.07	3.00	5	92.50
66.261	0.39	4.56	1.77	0.47	0.14	0.07	3.80	5	92.50
66.405	0.32	4.58	1.46	0.46	0.14	0.07	4.50	5	92.50
66.465	0.30	4.58	1.35	0.46	0.13	0.06	4.40	5	93.00
66.568	0.29	4.57	1.34	0.47	0.09	0.04	3.00	5	93.00
66.712	0.41	4.57	1.88	0.44	0.12	0.05	2.80	5	93.00
66.772	0.31	4.57	1.42	0.44	0.10	0.04	3.00	5	93.50
66.875	0.27	4.57	1.21	0.43	0.08	0.04	2.90	5	93.50
67.019	0.37	4.58	1.70	0.44	0.10	0.04	2.70	5	93.50
67.079	0.34	4.57	1.54	0.44	0.08	0.04	2.40	5	94.00
67.182	0.30	4.58	1.38	0.39	0.07	0.03	1.90	5	94.00
67.326	0.20	4.58	0.92	0.37	0.06	0.02	2.20	5	94.00
67.386	0.21	4.58	0.98	0.37	0.06	0.02	2.40	5	94.50
67.489	0.27	4.58	1.24	0.37	0.04	0.01	1.20	5	94.50
67.633	0.33	4.57	1.49	0.35	0.02	0.01	0.40	5	94.50
67.693	0.31	4.58	1.42	0.36	0.01	0.00	0.30	5	94.50
67.796	0.34	4.58	1.54	0.36	0.02	0.01	0.40	5	95.00
67.940	24.47	1.75	42.79	0.16	0.00	0.00	0.00	5	0.00
68.000	31.57	0.91	28.79	0.10	0.00	0.00	0.00	5	0.00
68.103	36.89	0.28	10.51	0.05	0.00	0.00	0.00	5	0.00
68.247	39.14	0.01	0.30	0.03	0.00	0.00	0.00	5	0.50
68.307	39.34	0.00	0.00	0.03	0.00	0.00	0.00	5	0.50
68.410	39.63	0.00	0.00	0.02	0.00	0.00	0.00	5	0.50
68.554	39.62	0.00	0.00	0.26	0.00	0.00	0.00	5	1.00
68.614	39.49	0.00	0.00	0.41	0.12	0.05	0.00	5	1.00
68.717	39.60	0.00	0.00	0.52	0.22	0.11	0.00	5	1.00
68.861	39.72	0.00	0.00	0.65	0.35	0.23	0.00	5	1.50
68.921	39.62	0.00	0.00	0.69	0.40	0.27	0.00	5	1.50
69.024	39.64	0.00	0.00	0.73	0.43	0.31	0.00	5	1.50
69.168	39.62	0.00	0.00	0.83	0.49	0.41	0.00	5	2.00
69.228	39.71	0.00	0.00	0.88	0.56	0.49	0.00	5	2.00
69.331	39.71	0.00	0.00	0.92	0.61	0.56	0.00	5	2.00
69.475	39.60	0.01	0.46	1.01	0.75	0.76	0.00	5	2.50
69.535	39.59	0.02	0.69	1.09	0.89	0.96	139.60	5	2.50
69.638	39.62	0.02	0.97	1.13	0.98	1.10	113.40	5	2.50
69.782	39.61	0.04	1.63	1.23	1.10	1.35	82.70	5	3.00
69.842	39.59	0.05	1.95	1.30	1.19	1.54	78.80	5	3.00
69.945	39.62	0.05	2.13	1.35	1.27	1.71	80.50	5	3.00
70.089	39.55	0.06	2.32	1.42	1.37	1.94	83.70	5	3.50
70.149	39.58	0.06	2.44	1.47	1.43	2.10	86.10	5	3.50
70.252	39.58	0.05	1.93	1.52	1.48	2.26	117.00	5	3.50
70.396	39.47	0.07	2.74	1.57	1.55	2.43	88.80	5	4.00
70.456	39.51	0.08	2.98	1.63	1.60	2.61	87.40	5	4.00
70.559	39.57	0.08	2.99	1.67	1.67	2.80	93.70	5	4.00
70.703	39.45	0.08	3.23	1.69	1.73	2.93	90.70	5	4.50
70.763	39.48	0.09	3.73	1.74	1.83	3.17	85.10	5	4.50
70.866	39.33	0.10	3.93	1.79	1.89	3.38	85.80	5	4.50
71.010	39.38	0.10	4.01	1.80	1.91	3.45	86.10	5	5.00
71.070	39.39	0.11	4.42	1.90	1.98	3.76	85.00	5	5.00
71.173	39.37	0.13	4.98	1.91	2.11	4.03	80.80	5	5.00
71.317	39.37	0.16	6.11	1.91	2.24	4.27	69.80	5	5.50
71.377	39.36	0.16	6.32	1.96	2.34	4.58	72.40	5	5.50
71.480	39.29	0.18	7.09	2.03	2.48	5.02	70.90	5	5.50
71.624	39.32	0.18	6.96	2.03	2.49	5.06	72.60	5	5.50
71.684	39.25	0.19	7.51	2.10	2.59	5.44	72.50	5	6.00
71.787	39.27	0.21	8.32	2.20	2.74	6.01	72.30	5	6.00
71.931	39.15	0.22	8.47	2.26	2.78	6.28	74.10	5	6.00
71.991	39.11	0.23	8.90	2.30	2.90	6.68	75.00	5	6.50
72.094	39.18	0.25	9.95	2.36	3.00	7.08	71.20	5	6.50
72.238	39.13	0.26	10.27	2.39	3.03	7.24	70.50	5	6.50
72.298	39.15	0.28	10.83	2.43	3.12	7.57	69.90	5	7.00
72.401	39.17	0.29	11.44	2.55	3.24	8.27	72.30	5	7.00
72.545	39.02	0.30	11.86	2.57	3.28	8.43	71.10	5	7.00
72.605	39.12	0.32	12.39	2.61	3.37	8.79	71.00	5	7.50
72.708	39.05	0.35	13.63	2.68	3.54	9.48	69.60	5	7.50
72.852	39.02	0.34	13.25	2.70	3.61	9.76	73.60	5	7.50
72.912	38.94	0.36	13.82	2.76	3.66	10.11	73.10	5	8.00
73.015	39.00	0.38	14.88	2.87	3.79	10.87	73.10	5	8.00
73.159	38.94	0.40	15.55	2.87	3.87	11.10	71.40	5	8.00
73.219	38.96	0.42	16.34	2.90	3.89	11.29	69.10	5	8.50
73.322	38.84	0.44	17.15	2.99	4.04	12.09	70.50	5	8.50
73.466	38.89	0.46	17.97	3.04	4.09	12.43	69.20	5	8.50
73.526	38.96	0.46	18.00	3.05	4.12	12.59	70.00	5	9.00
73.629	38.94	0.51	19.67	3.17	4.32	13.70	69.70	5	9.00
73.773	38.64	0.61	23.69	3.11	5.15	15.98	67.50	5	9.00
73.833	38.58	0.63	24.36	3.05	5.31	16.22	66.60	5	9.00
73.936	38.50	0.70	27.00	3.14	5.63	17.69	65.50	5	9.50
74.080	38.49	0.73	28.22	3.18	5.79	18.41	65.20	5	9.50
74.140	38.52	0.73	28.07	3.18	5.80	18.46	65.80	5	9.50
74.243	38.50	0.78	30.11	3.25	5.99	19.50	64.80	5	10.00
74.387	38.42	0.80	30.58	3.30	6.12	20.20	66.10	5	10.00
74.447	38.37	0.79	30.32	3.31	6.10	20.19	66.60	5	10.00
74.550	38.26	0.85	32.35	3.41	6.29	21.46	66.30	5	10.50
74.694	38.20	0.88	33.55	3.44	6.49	22.33	66.60	5	10.50
74.754	38.22	0.89	34.03	3.45	6.54	22.54	66.20	5	10.50
74.857	38.20	0.95	36.46	3.54	6.70	23.74	65.10	5	11.00
75.001	38.18	1.01	38.37	3.58	6.88	24.59	64.10	5	11.00
75.061	38.08	1.00	38.26	3.58	6.89	24.70	64.50	5	11.00
75.164	37.83	1.06	40.16	3.66	7.10	26.00	64.70	5	11.50
75.308	37.88	1.13	42.69	3.72	7.34	27.34	64.00	5	11.50
75.368	37.95	1.13	42.87	3.71	7.39	27.40	63.90	5	11.50
75.471	37.73	1.18	44.66	3.80	7.55	28.71	64.30	5	12.00
