46.231	40.18	0.00	0.00	0.68	0.48	0.33	0.00	4	10.00
46.334	39.11	0.51	19.86	3.03	3.68	11.15	56.10	4	14.50
46.478	35.83	2.10	75.09	5.57	8.35	46.50	61.90	4	22.00
46.538	33.74	2.68	90.31	6.41	9.30	59.68	66.10	4	25.00
46.641	28.86	3.35	96.68	7.30	9.03	65.92	68.20	4	27.50
46.785	29.52	3.42	100.86	8.48	8.77	74.36	73.70	4	25.50
46.845	31.68	3.14	99.57	9.14	7.97	72.86	73.20	4	26.00
46.948	33.19	2.93	97.34	9.67	7.68	74.29	76.30	4	26.00
47.092	33.11	3.04	100.80	10.30	7.41	76.34	75.70	4	29.50
47.152	31.17	3.32	103.37	10.66	7.19	76.61	74.10	4	32.50
47.256	29.15	3.55	103.52	11.01	7.11	78.33	75.70	4	31.50
47.401	30.36	3.46	105.03	11.38	7.16	81.47	77.60	4	28.50
47.461	31.80	3.27	103.84	11.51	7.08	81.49	78.50	4	29.50
47.565	31.40	3.37	105.90	11.77	7.01	82.53	77.90	4	32.50
47.710	31.38	3.39	106.40	12.04	6.74	81.15	76.30	4	30.50
47.770	30.83	3.45	106.32	11.95	7.06	84.34	79.30	4	31.50
47.874	30.44	3.49	106.29	12.23	6.60	80.75	76.00	4	31.00
48.019	31.76	3.34	105.99	12.18	6.74	82.16	77.50	4	31.00
48.079	31.09	3.41	106.13	12.23	6.84	83.61	78.80	4	32.00
48.183	30.27	3.52	106.46	12.25	6.86	84.05	79.00	4	31.50
48.328	31.81	3.35	106.43	12.26	6.70	82.08	77.10	4	30.00
48.388	31.75	3.34	106.14	12.21	6.88	84.03	79.20	4	31.00
48.492	30.37	3.50	106.21	12.19	6.73	82.07	77.30	4	32.50
48.637	30.78	3.46	106.48	12.15	6.85	83.21	78.10	4	30.00
48.697	31.12	3.41	106.20	12.09	7.02	84.89	79.90	4	32.50
48.801	29.85	3.55	105.94	12.15	6.97	84.66	79.90	4	32.50
48.946	30.99	3.42	106.07	12.18	6.64	80.91	76.30	4	30.00
49.006	31.61	3.34	105.58	12.13	6.80	82.49	78.10	4	30.50
49.110	31.34	3.40	106.52	12.19	6.77	82.54	77.50	4	32.00
49.255	30.97	3.43	106.12	12.05	7.16	86.27	81.30	4	30.50
49.315	31.34	3.38	105.92	12.18	6.67	81.26	76.70	4	30.50
49.419	31.27	3.41	106.50	12.16	6.50	79.06	74.20	4	32.00
49.564	31.66	3.35	106.19	12.14	6.36	77.18	72.70	4	30.00
49.624	32.09	3.29	105.74	12.19	6.26	76.31	72.20	4	30.00
49.728	31.42	3.38	106.21	11.95	7.04	84.15	79.20	4	31.50
49.873	30.58	3.48	106.34	11.88	7.17	85.19	80.10	4	31.00
49.933	30.63	3.46	106.04	11.96	6.88	82.34	77.70	4	31.00
50.037	30.80	3.46	106.52	11.95	6.91	82.59	77.50	4	32.00
50.182	30.99	3.44	106.54	11.91	7.01	83.54	78.40	4	30.50
50.242	30.37	3.50	106.36	11.88	7.02	83.40	78.40	4	31.50
50.346	30.63	3.44	105.47	11.88	6.91	82.11	77.90	4	30.00
50.491	30.69	3.45	105.86	11.79	7.10	83.69	79.10	4	32.00
50.551	29.94	3.52	105.53	11.76	7.04	82.78	78.40	4	31.50
50.655	29.81	3.54	105.59	11.72	7.08	83.02	78.60	4	30.50
50.800	30.50	3.50	106.64	11.68	7.10	82.91	77.80	4	31.50
50.860	30.59	3.49	106.87	11.72	7.09	83.12	77.80	4	31.00
50.964	30.56	3.48	106.45	11.69	7.14	83.45	78.40	4	31.00
51.109	31.15	3.40	106.05	11.66	6.98	81.37	76.70	4	31.00
51.169	31.28	3.39	106.12	11.63	7.08	82.39	77.60	4	29.00
51.273	30.53	3.45	105.41	11.56	7.18	83.01	78.70	4	32.00
51.418	29.60	3.56	105.29	11.49	7.09	81.52	77.40	4	30.00
51.478	30.46	3.46	105.43	11.42	7.22	82.46	78.20	4	29.50
51.582	31.26	3.37	105.18	11.48	7.13	81.86	77.80	4	30.00
51.727	31.17	3.39	105.73	11.39	7.30	83.19	78.70	4	31.00
51.787	30.92	3.42	105.82	11.50	7.06	81.12	76.70	4	29.50
51.891	31.37	3.34	104.77	11.37	7.15	81.32	77.60	4	30.00
52.036	31.38	3.33	104.38	11.33	7.17	81.25	77.80	4	30.00
52.096	30.68	3.41	104.54	11.31	7.16	81.02	77.50	4	31.00
52.200	30.81	3.40	104.77	11.33	7.09	80.32	76.70	4	28.50
52.345	31.93	3.26	104.22	11.34	7.11	80.62	77.40	4	29.00
52.405	31.11	3.37	104.76	11.28	7.25	81.72	78.00	4	31.00
52.509	29.59	3.53	104.36	11.22	7.19	80.63	77.30	4	30.50
52.654	31.83	3.28	104.33	11.15	7.30	81.41	78.00	4	28.00
52.714	32.40	3.17	102.84	11.18	7.14	79.84	77.60	4	28.50
52.818	32.69	3.11	101.61	11.08	7.09	78.59	77.30	4	28.00
52.963	30.03	3.40	102.14	11.02	7.24	79.79	78.10	4	30.50
53.023	29.52	3.46	102.19	11.04	7.13	78.77	77.10	4	30.50
53.127	30.35	3.38	102.74	10.99	7.25	79.69	77.60	4	29.00
53.272	31.56	3.23	101.88	10.92	7.45	81.38	79.90	4	29.50
53.332	30.60	3.33	102.03	10.88	7.33	79.76	78.20	4	30.50
53.436	30.67	3.32	101.88	10.81	7.51	81.17	79.70	4	29.00
53.581	30.44	3.33	101.34	10.83	7.22	78.20	77.20	4	30.00
53.641	30.48	3.33	101.47	10.75	7.30	78.51	77.40	4	29.00
53.745	30.92	3.25	100.34	10.52	7.75	81.54	81.30	4	28.00
53.890	31.57	3.11	98.07	10.37	7.80	80.95	82.50	4	29.50
53.950	30.92	3.14	97.17	10.45	7.43	77.72	80.00	4	28.50
54.054	31.04	3.05	94.79	10.36	7.04	72.92	76.90	4	27.50
54.199	31.05	2.95	91.65	10.11	7.06	71.36	77.90	4	26.50
54.259	31.31	2.86	89.59	9.99	7.05	70.47	78.70	4	27.00
54.362	30.85	2.83	87.32	9.76	7.04	68.73	78.70	4	27.00
54.506	30.48	2.74	83.63	9.51	6.82	64.89	77.60	4	26.50
54.566	30.57	2.70	82.65	9.44	6.77	63.86	77.30	4	26.00
54.669	30.26	2.66	80.52	9.20	6.87	63.25	78.50	4	26.50
54.813	30.24	2.63	79.41	8.95	6.59	59.04	74.30	4	25.00
54.873	30.99	2.56	79.21	8.79	6.96	61.22	77.30	4	24.50
54.976	30.81	2.57	79.18	8.81	6.76	59.54	75.20	4	26.00
55.120	30.41	2.61	79.26	8.65	6.95	60.17	75.90	4	24.50
55.180	31.06	2.54	78.79	8.62	7.10	61.19	77.70	4	25.00
55.283	30.64	2.58	79.12	8.60	7.04	60.52	76.50	4	24.00
55.427	30.97	2.56	79.41	8.52	7.27	61.93	78.00	4	24.00
55.487	31.77	2.50	79.57	8.56	7.17	61.33	77.10	4	23.50
55.590	32.28	2.46	79.45	8.53	7.11	60.64	76.30	4	24.50
55.734	29.88	2.73	81.67	8.55	7.20	61.52	75.30	4	26.00
55.794	29.76	2.77	82.51	8.56	7.41	63.44	76.90	4	25.50
55.897	31.00	2.70	83.85	8.59	7.31	62.77	74.90	4	23.50
56.041	30.95	2.73	84.60	8.72	7.23	63.10	74.60	4	24.50
56.101	31.78	2.67	84.82	8.65	7.38	63.80	75.20	4	25.00
56.204	31.19	2.75	85.80	8.73	7.36	64.18	74.80	4	27.00
56.348	30.21	2.85	86.09	8.80	7.42	65.30	75.90	4	25.00
56.408	30.94	2.79	86.46	8.75	7.56	66.14	76.50	4	25.50
56.511	30.53	2.84	86.64	8.85	7.43	65.77	75.90	4	27.00
56.655	31.38	2.75	86.39	8.91	7.38	65.79	76.20	4	25.00
56.715	31.38	2.77	87.03	8.81	7.58	66.77	76.70	4	26.50
56.818	30.29	2.85	86.31	8.98	7.35	66.03	76.50	4	26.00
56.962	31.57	2.75	86.91	9.02	7.34	66.22	76.20	4	26.00
57.022	30.68	2.86	87.72	8.99	7.33	65.90	75.10	4	27.50
57.125	30.86	2.82	87.07	8.98	7.52	67.56	77.60	4	25.50
57.269	32.14	2.73	87.76	8.98	7.50	67.38	76.80	4	26.00
57.329	31.26	2.82	88.14	9.10	7.53	68.52	77.70	4	26.00
57.432	30.08	2.95	88.67	9.02	7.33	66.11	74.60	4	27.00
57.576	31.27	2.87	89.76	9.14	7.26	66.31	73.90	4	25.00
57.636	31.57	2.83	89.27	8.99	7.52	67.58	75.70	4	24.50
57.739	31.08	2.87	89.04	9.09	7.51	68.25	76.70	4	25.50
57.883	30.71	2.89	88.64	9.06	7.55	68.39	77.20	4	25.50
57.943	31.05	2.83	87.86	9.02	7.61	68.66	78.10	4	25.50
58.046	30.30	2.91	88.18	9.13	7.47	68.19	77.30	4	27.50
58.190	31.23	2.80	87.57	8.94	7.45	66.58	76.00	4	24.50
58.250	31.65	2.73	86.37	8.93	7.41	66.17	76.60	4	24.50
58.353	31.47	2.71	85.37	8.88	7.43	66.00	77.30	4	25.00
58.497	31.52	2.61	82.40	8.74	7.24	63.33	76.90	4	24.00
58.557	31.52	2.58	81.41	8.61	7.28	62.73	77.10	4	25.00
58.660	31.26	2.50	78.06	8.43	7.20	60.72	77.80	4	24.50
58.804	31.04	2.36	73.12	8.09	6.93	56.10	76.70	4	22.50
58.864	31.22	2.27	70.86	7.99	6.85	54.77	77.30	4	23.50
58.967	30.90	2.16	66.84	7.60	6.94	52.78	79.00	4	22.00
59.111	30.34	2.04	61.82	7.12	6.60	46.97	76.00	4	21.00
59.171	30.35	1.95	59.18	6.83	6.65	45.43	76.80	4	20.00
59.274	29.89	1.85	55.45	6.38	6.64	42.37	76.40	4	20.00
59.418	29.23	1.74	50.89	5.78	6.82	39.39	77.40	4	19.50
59.478	28.55	1.72	49.17	5.43	6.79	36.84	74.90	4	18.00
59.581	29.65	1.64	48.68	5.19	6.98	36.21	74.40	4	17.00
59.725	30.09	1.61	48.46	4.40	7.68	33.76	69.70	4	15.00
59.785	31.00	1.57	48.55	4.21	7.85	33.08	68.10	4	14.50
59.888	32.03	1.53	48.85	4.09	8.03	32.85	67.20	4	14.50
60.032	28.48	1.76	49.98	4.04	8.11	32.76	65.60	4	18.00
60.092	27.41	1.83	50.07	4.05	8.14	32.96	65.80	4	18.00
60.195	26.20	1.92	50.29	4.05	8.16	33.08	65.80	4	18.50
60.339	29.51	1.84	54.39	4.18	8.48	35.45	65.20	4	14.50
60.399	31.59	1.73	54.51	4.20	8.51	35.73	65.50	4	14.00
60.502	33.43	1.61	53.71	4.19	8.52	35.72	66.50	4	14.50
60.646	34.53	1.57	54.29	4.25	8.63	36.65	67.50	4	14.00
60.706	34.77	1.57	54.71	4.25	8.66	36.80	67.30	4	14.00
60.809	32.77	1.97	64.46	4.54	9.24	41.98	65.10	4	19.50
60.953	26.69	2.48	66.13	4.58	9.32	42.73	64.60	4	21.50
61.013	25.46	2.59	65.89	4.56	9.33	42.57	64.60	4	21.00
61.116	27.91	2.60	72.60	4.82	9.80	47.27	65.10	4	17.00
61.260	33.29	2.19	72.99	4.81	9.90	47.65	65.30	4	16.50
61.320	33.86	2.17	73.31	4.85	9.97	48.34	65.90	4	16.00
61.423	34.45	2.14	73.82	4.86	10.05	48.85	66.20	4	16.00
61.568	35.19	2.08	73.33	4.82	10.01	48.29	65.90	4	15.50
61.628	35.31	2.04	72.17	4.83	9.97	48.19	66.80	4	15.50
61.731	33.87	2.46	83.23	5.14	10.63	54.60	65.60	4	20.50
61.876	27.43	3.23	88.50	5.18	10.84	56.09	63.40	4	23.50
61.936	26.45	3.33	88.15	5.20	10.84	56.32	63.90	4	23.00
62.040	29.64	3.19	94.44	5.40	11.21	60.51	64.10	4	18.00
62.185	33.18	2.85	94.50	5.55	11.14	61.87	65.50	4	18.50
62.245	33.38	2.86	95.35	5.79	10.98	63.54	66.60	4	20.00
62.349	34.04	2.77	94.33	6.47	10.21	66.08	70.00	4	21.50
62.494	29.88	3.34	99.70	7.07	10.02	70.87	71.10	4	25.50
62.554	29.05	3.45	100.24	7.39	9.67	71.46	71.30	4	25.50
62.658	30.37	3.34	101.48	7.87	9.52	74.91	73.80	4	24.00
62.803	32.74	3.05	99.70	8.47	8.84	74.86	75.10	4	24.00
62.863	33.08	3.00	99.25	8.57	8.69	74.52	75.10	4	24.00
62.966	32.64	3.09	100.92	8.84	8.69	76.80	76.10	4	27.00
63.111	29.43	3.49	102.60	9.21	8.48	78.13	76.10	4	28.50
63.171	30.26	3.43	103.79	9.52	8.04	76.60	73.80	4	26.00
63.275	32.24	3.16	101.76	9.62	8.01	77.03	75.70	4	26.50
63.420	32.41	3.21	103.94	9.82	8.02	78.74	75.80	4	27.50
63.480	31.46	3.33	104.73	9.87	8.01	79.10	75.50	4	29.50
63.584	29.38	3.53	103.58	9.92	7.84	77.73	75.00	4	29.50
63.729	31.26	3.33	104.18	10.01	7.88	78.83	75.70	4	26.50
63.789	31.20	3.34	104.16	10.08	7.95	80.15	76.90	4	29.50
63.893	30.56	3.43	104.78	10.16	7.94	80.64	77.00	4	27.50
64.038	31.90	3.30	105.13	10.13	8.06	81.67	77.70	4	28.00
64.098	32.17	3.23	103.82	10.18	8.05	81.92	78.90	4	27.00
64.202	30.77	3.42	105.12	10.28	7.88	80.96	77.00	4	30.00
64.347	29.53	3.54	104.47	10.15	7.97	80.85	77.40	4	27.50
64.407	30.60	3.41	104.19	10.14	8.09	82.09	78.80	4	27.00
64.511	30.77	3.41	104.84	10.20	7.97	81.26	77.50	4	30.00
64.656	31.21	3.35	104.46	10.16	7.97	80.99	77.50	4	27.00
64.716	31.37	3.33	104.59	10.13	8.00	81.00	77.50	4	27.50
64.820	30.82	3.41	105.07	10.22	7.77	79.42	75.60	4	28.00
64.965	31.08	3.38	105.13	10.25	7.87	80.71	76.80	4	28.00
65.025	31.52	3.31	104.31	10.14	7.94	80.48	77.20	4	27.50
65.129	30.65	3.41	104.66	10.12	8.06	81.53	77.90	4	28.50
65.274	30.84	3.38	104.32	10.14	7.92	80.30	77.00	4	28.50
65.334	30.91	3.38	104.62	10.12	7.96	80.58	77.00	4	27.00
65.438	31.41	3.32	104.32	10.17	7.84	79.69	76.40	4	27.00
65.583	30.19	3.46	104.59	10.13	7.86	79.60	76.10	4	29.00
65.643	29.96	3.49	104.65	10.17	7.89	80.25	76.70	4	28.50
65.747	31.01	3.37	104.53	10.17	7.93	80.60	77.10	4	27.50
65.892	31.86	3.27	104.31	10.12	8.06	81.56	78.20	4	27.00
65.952	32.17	3.20	103.03	10.08	8.05	81.10	78.70	4	27.00
66.056	31.45	3.30	103.79	10.02	8.03	80.40	77.50	4	28.50
66.201	30.57	3.42	104.55	10.06	8.08	81.22	77.70	4	28.00
66.261	30.69	3.41	104.67	10.13	8.06	81.63	78.00	4	29.00
66.365	30.20	3.47	104.94	10.16	7.78	79.12	75.40	4	28.50
66.510	30.53	3.46	105.60	10.09	7.99	80.69	76.40	4	26.50
66.570	31.03	3.38	104.76	10.11	7.95	80.32	76.70	4	28.00
66.674	30.72	3.42	105.00	10.14	7.88	79.90	76.10	4	27.50
66.819	30.76	3.41	104.78	10.13	8.03	81.31	77.60	4	29.00
66.879	30.82	3.38	104.08	10.11	7.99	80.72	77.60	4	27.50
66.983	31.28	3.34	104.45	10.17	7.89	80.23	76.80	4	29.00
67.128	30.09	3.49	105.10	10.11	8.01	80.90	77.00	4	28.00
67.188	30.86	3.41	105.23	10.13	7.84	79.43	75.50	4	27.50
67.292	31.07	3.39	105.21	10.11	8.00	80.90	76.90	4	29.00
67.437	30.69	3.44	105.71	10.18	8.07	82.20	77.80	4	29.00
67.497	30.33	3.47	105.36	10.23	7.94	81.20	77.10	4	28.50
67.601	31.21	3.38	105.56	10.16	8.06	81.82	77.50	4	27.00
67.746	31.73	3.31	105.10	10.23	7.91	80.93	77.00	4	29.00
67.806	30.51	3.44	105.02	10.19	7.90	80.49	76.60	4	29.00
67.910	29.57	3.55	104.93	10.18	7.98	81.24	77.40	4	28.50
68.055	30.82	3.43	105.84	10.13	8.12	82.20	77.70	4	27.50
68.115	30.97	3.43	106.12	10.19	8.05	82.03	77.30	4	29.50
68.219	30.29	3.49	105.81	10.29	7.97	82.04	77.50	4	28.50
68.364	31.43	3.38	106.14	10.21	8.09	82.58	77.80	4	29.50
68.424	30.49	3.49	106.46	10.28	8.01	82.34	77.30	4	28.00
68.528	30.81	3.45	106.32	10.24	8.09	82.84	77.90	4	28.50
68.673	29.52	3.61	106.61	10.29	8.03	82.63	77.50	4	28.50
68.733	30.47	3.50	106.61	10.32	7.99	82.50	77.40	4	27.50
68.837	32.02	3.29	105.42	10.24	7.98	81.75	77.50	4	26.50
68.982	30.45	3.46	105.47	10.20	7.94	81.05	76.80	4	30.00
69.042	29.42	3.58	105.40	10.24	8.03	82.19	78.00	4	30.50
69.146	29.19	3.62	105.70	10.28	7.76	79.77	75.50	4	27.50
69.291	31.47	3.38	106.41	10.30	7.85	80.82	76.00	4	27.50
69.351	32.05	3.30	105.76	10.28	7.79	80.04	75.70	4	27.50
69.455	30.88	3.44	106.34	10.24	7.89	80.84	76.00	4	29.50
69.600	29.42	3.62	106.52	10.16	8.01	81.38	76.40	4	29.00
69.660	30.27	3.52	106.62	10.20	8.06	82.19	77.10	4	28.00
69.764	30.60	3.48	106.54	10.30	7.97	82.10	77.10	4	28.00
69.909	30.96	3.44	106.43	10.34	8.03	83.04	78.00	4	28.50
69.969	30.48	3.50	106.70	10.30	7.97	82.13	77.00	4	27.50
70.073	31.03	3.44	106.66	10.25	8.06	82.68	77.50	4	28.00
70.218	31.05	3.42	106.28	10.32	7.99	82.48	77.60	4	29.00
70.278	30.44	3.47	105.75	10.33	7.84	81.01	76.60	4	28.50
70.382	31.19	3.36	104.82	10.24	7.93	81.21	77.50	4	28.00
70.527	31.11	3.35	104.20	10.27	7.79	80.04	76.80	4	28.00
70.587	31.10	3.36	104.34	10.20	7.95	81.10	77.70	4	28.00
70.691	31.31	3.31	103.59	10.19	7.92	80.76	78.00	4	27.00
70.836	30.95	3.34	103.34	10.16	7.87	79.90	77.30	4	28.00
70.896	31.14	3.32	103.34	10.10	7.83	79.17	76.60	4	27.50
71.000	31.08	3.31	102.79	10.03	7.89	79.16	77.00	4	28.50
71.145	30.87	3.33	102.83	10.04	8.00	80.37	78.20	4	28.50
71.205	30.42	3.39	103.20	10.08	7.80	78.63	76.20	4	27.50
71.309	30.81	3.34	103.02	10.02	7.97	79.85	77.50	4	28.00
71.454	30.78	3.32	102.07	10.06	7.85	79.00	77.40	4	28.00
71.514	30.86	3.29	101.68	10.00	7.88	78.84	77.50	4	26.50
71.618	31.00	3.24	100.28	9.99	7.68	76.72	76.50	4	27.50
71.763	30.93	3.18	98.39	9.85	7.73	76.13	77.40	4	27.00
71.823	31.13	3.11	96.87	9.81	7.65	75.06	77.50	4	27.00
71.926	31.10	3.04	94.57	9.58	7.78	74.61	78.90	4	26.00
72.070	31.36	2.91	91.18	9.53	7.28	69.36	76.10	4	26.00
72.130	31.25	2.85	89.19	9.43	7.39	69.70	78.10	4	26.00
72.233	30.70	2.82	86.41	9.27	7.25	67.27	77.80	4	25.50
72.377	30.85	2.66	82.07	8.90	7.17	63.80	77.70	4	25.00
72.437	30.95	2.56	79.33	8.71	7.03	61.23	77.20	4	24.00
72.540	31.11	2.43	75.51	8.40	6.98	58.60	77.60	4	23.50
72.684	30.96	2.23	68.90	7.90	6.85	54.07	78.50	4	22.50
72.744	30.92	2.15	66.43	7.74	6.48	50.17	75.50	4	21.50
72.847	30.38	2.01	60.96	7.29	6.35	46.27	75.90	4	22.00
72.991	29.87	1.86	55.62	6.64	6.50	43.16	77.60	4	20.00
73.051	29.37	1.82	53.33	6.24	6.74	42.06	78.90	4	19.00
73.154	29.46	1.72	50.74	5.77	6.74	38.90	76.70	4	19.00
73.298	29.82	1.59	47.47	5.32	6.75	35.92	75.70	4	18.50
73.358	29.09	1.62	47.01	5.08	6.87	34.91	74.30	4	17.00
73.461	29.58	1.60	47.23	4.56	7.36	33.59	71.10	4	15.50
73.605	31.22	1.52	47.54	4.32	7.63	32.96	69.30	4	14.50
73.665	31.59	1.49	47.09	4.29	7.69	33.01	70.10	4	14.00
73.768	32.49	1.44	46.88	4.29	7.73	33.14	70.70	4	14.00
73.912	33.33	1.41	46.95	4.20	7.72	32.41	69.00	4	14.00
73.972	32.70	1.49	48.80	4.27	7.89	33.72	69.10	4	17.00
74.075	28.31	1.76	49.77	4.29	7.90	33.89	68.10	4	19.00
74.219	26.06	1.92	50.10	4.29	7.92	33.93	67.70	4	18.00
74.279	28.31	1.88	53.09	4.42	8.12	35.90	67.60	4	15.00
74.382	31.68	1.66	52.64	4.46	8.11	36.18	68.70	4	15.50
74.526	33.40	1.55	51.82	4.49	8.16	36.62	70.70	4	14.50
74.586	33.36	1.58	52.62	4.51	8.20	37.01	70.30	4	16.50
74.689	29.01	1.91	55.35	4.52	8.29	37.49	67.70	4	19.00
74.833	27.20	2.04	55.51	4.58	8.28	37.91	68.30	4	18.00
74.893	29.12	1.94	56.63	4.65	8.38	38.91	68.70	4	16.00
74.996	31.52	1.81	56.95	4.66	8.41	39.19	68.80	4	16.00
75.140	32.34	1.76	56.92	4.65	8.45	39.29	69.00	4	16.50
75.200	31.14	1.84	57.34	4.65	8.43	39.19	68.40	4	17.50
75.303	30.45	1.88	57.18	4.67	8.43	39.41	68.90	4	17.00
75.447	30.34	1.87	56.74	4.65	8.44	39.25	69.20	4	17.00
75.507	31.07	1.83	56.84	4.66	8.42	39.24	69.00	4	16.00
75.610	32.10	1.76	56.65	4.66	8.39	39.09	69.00	4	15.50
75.754	32.49	1.76	57.34	4.72	8.48	40.06	69.90	4	17.50
75.814	30.27	1.92	58.14	4.71	8.55	40.28	69.30	4	19.00
75.917	27.91	2.10	58.63	4.71	8.51	40.06	68.30	4	19.50
76.061	27.08	2.22	60.12	4.77	8.63	41.20	68.50	4	18.00
76.121	29.71	2.10	62.34	4.81	8.79	42.33	67.90	4	16.00
76.224	32.36	1.93	62.44	4.83	8.85	42.73	68.40	4	16.50
76.368	33.55	1.89	63.42	4.86	8.96	43.54	68.60	4	16.00
76.428	33.64	1.89	63.71	4.90	9.00	44.10	69.20	4	17.50
76.531	30.01	2.22	66.74	4.93	9.14	45.07	67.50	4	20.00
76.675	27.65	2.38	65.91	4.94	9.08	44.81	68.00	4	19.00
76.735	29.43	2.29	67.36	4.97	9.23	45.81	68.00	4	17.00
76.838	31.75	2.12	67.23	4.99	9.22	45.97	68.40	4	17.00
76.982	32.55	2.03	66.19	4.98	9.09	45.24	68.30	4	17.00
77.042	32.54	2.00	65.19	4.96	9.02	44.77	68.70	4	17.00
77.145	32.25	2.00	64.40	4.92	8.97	44.15	68.60	4	16.50
77.289	32.01	1.92	61.42	4.84	8.75	42.40	69.00	4	17.00
77.349	31.82	1.90	60.44	4.81	8.66	41.69	69.00	4	16.50
77.452	31.75	1.85	58.76	4.76	8.53	40.59	69.10	4	17.00
77.596	31.82	1.76	56.08	4.65	8.31	38.65	68.90	4	16.50
77.656	31.54	1.75	55.15	4.64	8.26	38.34	69.50	4	16.00
77.759	31.46	1.69	53.16	4.57	8.11	37.07	69.70	4	15.50
77.903	30.95	1.68	52.15	4.51	7.98	35.95	68.90	4	16.50
77.963	30.77	1.68	51.56	4.52	7.95	35.95	69.70	4	16.00
78.066	30.26	1.68	50.76	4.48	7.88	35.28	69.50	4	16.50
78.210	30.74	1.62	49.66	4.45	7.84	34.86	70.20	4	16.00
78.270	30.93	1.60	49.35	4.46	7.83	34.90	70.70	4	16.00
78.373	30.09	1.64	49.43	4.43	7.79	34.53	69.90	4	17.00
78.517	30.34	1.63	49.52	4.40	7.79	34.32	69.30	4	15.00
78.577	31.01	1.58	49.14	4.38	7.76	34.02	69.20	4	16.00
78.680	31.13	1.58	49.11	4.42	7.77	34.36	70.00	4	16.00
78.824	30.85	1.61	49.82	4.43	7.76	34.34	68.90	4	18.00
78.884	29.62	1.66	49.19	4.42	7.66	33.90	68.90	4	16.00
78.987	31.15	1.57	49.03	4.44	7.69	34.13	69.60	4	15.50
79.131	31.95	1.53	48.98	4.44	7.75	34.40	70.20	4	15.50
79.191	31.61	1.55	48.91	4.45	7.75	34.50	70.50	4	17.00
79.294	29.93	1.62	48.63	4.43	7.73	34.25	70.40	4	17.00
79.438	30.92	1.58	48.81	4.38	7.73	33.83	69.30	4	16.50
79.498	30.69	1.57	48.32	4.39	7.73	33.91	70.20	4	16.00
79.601	30.64	1.56	47.65	4.36	7.69	33.51	70.30	4	15.50
79.745	31.11	1.50	46.80	4.34	7.55	32.76	70.00	4	15.50
79.805	31.10	1.48	45.96	4.33	7.51	32.55	70.80	4	14.50
79.908	31.19	1.43	44.58	4.28	7.39	31.61	70.90	4	15.50
80.052	31.15	1.40	43.56	4.23	7.28	30.81	70.70	4	15.00
80.112	31.11	1.37	42.65	4.20	7.22	30.34	71.10	4	14.50
80.215	31.20	1.34	41.70	4.17	7.16	29.83	71.50	4	15.00
80.359	30.98	1.33	41.29	4.14	7.15	29.59	71.70	4	15.00
80.419	31.03	1.32	41.00	4.14	7.12	29.48	71.90	4	14.50
80.522	30.09	1.37	41.13	4.15	7.08	29.40	71.50	4	16.50
80.666	28.26	1.45	41.01	4.14	6.99	28.98	70.70	4	15.50
80.726	29.89	1.39	41.46	4.18	6.99	29.24	70.50	4	14.50
80.829	31.78	1.31	41.58	4.24	7.06	29.96	72.10	4	14.50
80.973	33.21	1.26	41.92	4.25	7.08	30.11	71.80	4	14.00
81.033	33.71	1.24	41.64	4.23	7.07	29.91	71.80	4	13.50
81.136	34.09	1.23	41.99	4.24	7.09	30.06	71.60	4	14.00
81.280	30.86	1.57	48.55	4.44	7.57	33.65	69.30	4	19.50
81.340	27.82	1.74	48.48	4.42	7.50	33.15	68.40	4	19.50
81.443	25.32	1.91	48.43	4.42	7.54	33.31	68.80	4	20.00
81.587	23.31	2.08	48.55	4.46	7.55	33.63	69.30	4	21.00
81.647	24.83	2.12	52.62	4.64	7.84	36.39	69.10	4	18.00
81.750	30.63	1.86	57.10	4.78	8.21	39.20	68.70	4	15.50
81.894	33.88	1.69	57.19	4.82	8.28	39.93	69.80	4	15.00
81.954	34.41	1.67	57.56	4.84	8.34	40.32	70.00	4	15.00
82.057	35.04	1.65	57.81	4.84	8.39	40.60	70.20	4	15.00
82.201	34.99	1.77	62.07	5.02	8.65	43.42	70.00	4	18.00
82.261	32.95	2.13	70.12	5.26	9.12	47.93	68.40	4	21.00
82.364	28.07	2.55	71.54	5.24	9.18	48.13	67.30	4	22.00
82.508	25.47	2.83	72.10	5.26	9.20	48.40	67.10	4	23.00
82.568	25.91	2.89	74.78	5.39	9.36	50.44	67.50	4	20.50
82.671	30.84	2.59	79.94	5.54	9.72	53.82	67.30	4	18.00
82.815	33.55	2.39	80.26	5.61	9.85	55.28	68.90	4	17.50
82.875	34.14	2.34	80.02	5.60	9.84	55.12	68.90	4	17.50
82.978	33.96	2.51	85.26	5.74	10.11	58.04	68.10	4	21.00
83.123	28.60	3.10	88.69	5.81	10.25	59.51	67.10	4	23.00
83.183	27.71	3.20	88.66	5.82	10.28	59.76	67.40	4	23.00
83.287	26.71	3.31	88.42	5.85	10.25	60.01	67.90	4	22.00
83.432	31.94	2.92	93.27	6.00	10.49	62.96	67.50	4	19.00
83.492	32.92	2.84	93.41	5.99	10.51	62.95	67.40	4	18.50
83.596	32.03	3.01	96.33	6.08	10.69	65.06	67.50	4	23.00
83.741	28.37	3.38	95.94	5.98	10.72	64.15	66.90	4	22.50
83.801	30.01	3.27	98.23	6.14	10.74	65.95	67.10	4	20.00
83.905	32.10	3.06	98.31	6.23	10.76	67.06	68.20	4	20.00
84.050	31.60	3.20	100.99	6.97	10.29	71.70	71.00	4	23.00
84.110	31.33	3.27	102.57	7.20	10.24	73.70	71.90	4	25.00
84.214	29.86	3.47	103.59	7.63	9.78	74.62	72.00	4	25.50
84.359	32.17	3.24	104.35	8.35	9.00	75.11	72.00	4	25.00
84.419	32.17	3.28	105.52	8.54	9.13	77.93	73.80	4	26.00
84.523	31.05	3.43	106.41	8.93	8.79	78.51	73.80	4	27.50
84.668	29.00	3.65	105.72	9.32	8.45	78.77	74.50	4	28.50
84.728	29.26	3.64	106.60	9.34	9.09	84.90	79.60	4	26.50
84.832	31.45	3.41	107.17	9.63	8.47	81.50	76.00	4	26.50
84.976	32.06	3.38	108.25	10.03	8.28	83.06	76.70	4	28.50
85.036	30.87	3.51	108.51	10.07	8.15	82.03	75.60	4	30.00
85.140	30.18	3.60	108.76	10.20	8.19	83.60	76.90	4	28.00
85.285	30.91	3.52	108.87	10.35	8.10	83.90	77.10	4	29.50
85.345	30.46	3.58	109.14	10.47	8.00	83.73	76.70	4	30.50
85.449	30.57	3.57	109.03	10.49	7.87	82.56	75.70	4	28.50
85.594	30.29	3.62	109.58	10.56	7.99	84.39	77.00	4	30.50
85.654	29.42	3.68	108.36	10.55	7.79	82.23	75.90	4	29.50
85.758	30.88	3.52	108.84	10.57	7.83	82.75	76.00	4	27.50
85.903	31.07	3.53	109.76	10.60	7.99	84.71	77.20	4	29.00
85.963	31.36	3.52	110.41	10.54	7.95	83.77	75.90	4	29.00
86.067	31.09	3.53	109.86	10.58	8.02	84.84	77.20	4	28.50
86.212	30.33	3.66	111.09	10.66	8.02	85.48	76.90	4	28.50
86.272	30.89	3.58	110.70	10.71	7.85	84.06	75.90	4	29.00
86.376	31.59	3.46	109.35	10.66	7.93	84.53	77.30	4	28.00
86.521	30.18	3.62	109.32	10.67	7.91	84.44	77.20	4	30.50
86.581	30.05	3.65	109.65	10.67	8.01	85.44	77.90	4	29.50
86.685	30.94	3.55	109.76	10.67	7.95	84.86	77.30	4	28.00
86.830	30.83	3.56	109.64	10.68	7.97	85.13	77.60	4	29.50
86.890	30.69	3.56	109.10	10.68	7.93	84.77	77.70	4	28.50
86.994	31.38	3.38	105.97	10.57	7.81	82.56	77.90	4	27.50
87.139	31.04	2.84	88.03	9.79	7.07	69.19	78.60	4	26.00
87.199	31.05	2.75	85.36	9.62	7.02	67.54	79.10	4	26.00
87.302	30.05	2.87	86.13	9.37	7.05	66.07	76.70	4	28.00
87.446	28.59	2.82	80.68	8.93	6.95	62.06	76.90	4	27.00
87.506	28.25	2.76	78.07	8.81	6.93	61.07	78.20	4	26.50
87.609	30.76	2.63	81.06	8.67	7.20	62.46	77.10	4	23.00
87.753	33.56	2.44	81.95	8.58	7.33	62.93	76.80	4	23.00
87.813	33.82	2.43	82.26	8.59	7.29	62.61	76.10	4	22.00
87.916	32.53	2.60	84.66	8.61	7.60	65.45	77.30	4	26.00
88.060	30.54	2.83	86.42	8.60	7.70	66.28	76.70	4	25.50
88.120	31.37	2.77	86.94	8.71	7.57	65.94	75.80	4	24.00
88.223	32.88	2.63	86.46	8.71	7.57	65.96	76.30	4	24.00
88.367	32.92	2.66	87.67	8.76	7.75	67.83	77.40	4	24.00
88.427	33.05	2.67	88.25	8.76	7.80	68.30	77.40	4	24.50
88.530	31.59	2.79	88.26	8.81	7.74	68.19	77.30	4	25.50
88.674	32.09	2.79	89.67	8.96	7.66	68.66	76.60	4	24.50
88.734	32.76	2.74	89.75	8.93	7.63	68.13	75.90	4	23.50
88.837	32.28	2.80	90.53	8.91	7.83	69.73	77.00	4	26.00
88.981	30.70	2.85	87.49	9.01	7.50	67.51	77.20	4	26.00
89.041	29.98	2.77	83.05	8.76	7.32	64.10	77.20	4	25.00
89.144	32.72	2.60	85.23	8.81	7.41	65.30	76.60	4	22.50
89.288	35.36	2.25	79.57	8.54	7.22	61.68	77.50	4	22.00
89.348	35.14	2.32	81.38	8.59	7.31	62.76	77.10	4	24.00
89.451	31.40	2.71	84.96	8.70	7.42	64.62	76.10	4	27.00
89.595	29.91	2.82	84.26	8.68	7.47	64.78	76.90	4	25.00
89.655	30.70	2.73	83.76	8.59	7.43	63.84	76.20	4	25.00
89.758	30.86	2.66	81.95	8.51	7.28	61.91	75.50	4	24.50
89.902	32.24	2.54	81.97	8.44	7.43	62.67	76.40	4	23.00
89.962	32.42	2.50	81.00	8.36	7.41	61.95	76.50	4	23.00
90.065	32.73	2.42	79.30	8.27	7.38	61.04	77.00	4	22.50
90.209	32.97	2.36	77.90	8.17	7.43	60.76	78.00	4	22.00
90.269	33.47	2.30	76.82	8.11	7.32	59.32	77.20	4	21.50
90.372	32.19	2.43	78.23	8.20	7.28	59.70	76.30	4	25.50
90.516	30.41	2.54	77.20	7.99	7.42	59.27	76.80	4	23.50
90.576	31.23	2.47	77.17	8.00	7.58	60.62	78.60	4	23.50
90.679	30.93	2.50	77.48	7.93	7.52	59.58	76.90	4	22.50
90.823	32.76	2.34	76.67	7.94	7.43	58.96	76.90	4	22.50
90.883	32.57	2.37	77.07	7.93	7.58	60.07	77.90	4	24.00
90.986	31.21	2.46	76.71	7.91	7.26	57.44	74.90	4	23.50
91.130	30.45	2.51	76.46	7.88	7.18	56.61	74.00	4	23.00
91.190	31.51	2.42	76.24	7.96	7.13	56.80	74.50	4	22.50
91.293	32.34	2.38	76.99	7.79	7.91	61.66	80.10	4	23.00
91.437	29.82	2.67	79.63	7.90	7.78	61.49	77.20	4	25.50
91.497	28.84	2.75	79.27	7.92	7.44	58.93	74.30	4	25.00
91.600	30.97	2.56	79.33	8.01	7.55	60.47	76.20	4	22.50
91.744	33.39	2.35	78.37	8.03	7.40	59.42	75.80	4	22.00
91.804	33.65	2.37	79.84	8.06	7.51	60.51	75.80	4	23.50
91.907	30.31	2.72	82.45	8.15	7.58	61.82	75.00	4	26.50
92.051	31.29	2.67	83.71	8.26	7.66	63.28	75.60	4	23.00
92.111	32.22	2.60	83.90	8.22	7.82	64.29	76.60	4	22.00
92.214	33.66	2.49	83.87	8.24	7.83	64.51	76.90	4	22.00
92.358	35.00	2.38	83.36	8.37	7.75	64.81	77.70	4	23.00
92.418	33.67	2.58	86.96	8.53	7.71	65.79	75.70	4	26.00
92.521	30.04	2.90	87.03	8.56	7.58	64.86	74.50	4	26.50
92.665	30.26	2.94	88.94	8.68	7.68	66.66	74.90	4	23.50
92.725	31.83	2.78	88.48	8.71	7.75	67.52	76.30	4	24.00
92.828	31.53	2.81	88.48	8.81	7.62	67.15	75.90	4	25.00
92.972	31.51	2.71	85.49	8.76	7.56	66.17	77.40	4	25.00
93.032	31.00	2.64	81.74	8.57	7.32	62.76	76.80	4	24.00
93.135	32.67	2.57	83.82	8.68	7.24	62.83	75.00	4	21.50
93.279	35.25	2.33	82.14	8.53	7.41	63.24	77.00	4	22.00
93.339	35.14	2.44	85.79	8.63	7.65	65.97	76.90	4	24.50
93.442	32.38	3.13	101.51	9.23	8.32	76.79	75.70	4	29.50
93.587	28.07	3.68	103.36	9.43	8.12	76.60	74.10	4	29.00
93.647	28.14	3.74	105.12	9.49	8.64	82.05	78.10	4	28.50
93.751	30.89	3.48	107.36	9.79	8.24	80.67	75.10	4	26.50
93.896	32.28	3.32	107.29	10.06	8.26	83.02	77.40	4	28.50
93.956	31.00	3.51	108.72	10.12	8.15	82.46	75.80	4	30.00
94.060	28.74	3.71	106.69	10.19	7.98	81.30	76.20	4	30.50
94.205	31.44	3.47	109.08	10.33	8.15	84.26	77.20	4	27.00
94.265	31.39	3.49	109.46	10.38	8.17	84.77	77.40	4	30.00
94.369	30.06	3.64	109.39	10.46	8.10	84.72	77.50	4	28.00
94.514	32.05	3.41	109.15	10.51	8.18	85.97	78.80	4	27.50
94.574	32.32	3.38	109.34	10.48	8.20	85.90	78.60	4	29.00
94.678	29.91	3.65	109.32	10.51	8.03	84.38	77.20	4	30.00
94.823	30.91	3.56	110.05	10.65	7.98	84.97	77.20	4	28.50
94.883	31.32	3.53	110.47	10.58	8.06	85.26	77.20	4	29.00
94.987	30.75	3.60	110.82	10.67	8.06	85.94	77.60	4	29.50
95.132	31.88	3.47	110.65	10.76	7.99	86.00	77.70	4	28.50
95.192	31.26	3.56	111.21	10.73	8.06	86.50	77.80	4	30.00
95.296	30.62	3.63	111.11	10.80	7.88	85.11	76.60	4	30.00
95.441	30.91	3.59	111.07	10.70	7.99	85.57	77.00	4	29.50
95.501	30.69	3.62	111.13	10.75	7.96	85.61	77.00	4	29.50
95.605	31.12	3.54	110.29	10.71	8.01	85.81	77.80	4	28.50
95.750	30.51	3.60	109.96	10.67	8.03	85.72	78.00	4	28.50
95.810	31.06	3.54	109.97	10.70	7.87	84.23	76.60	4	29.00
95.914	30.90	3.56	110.01	10.73	7.89	84.70	77.00	4	29.50
96.059	30.66	3.58	109.62	10.70	8.02	85.79	78.30	4	28.00
96.119	31.45	3.46	108.88	10.68	7.90	84.36	77.50	4	28.50
96.223	31.89	3.39	108.03	10.63	7.94	84.38	78.10	4	27.00
96.368	32.65	3.25	106.25	10.57	7.79	82.29	77.50	4	28.50
96.428	32.26	3.32	107.08	10.56	7.80	82.38	76.90	4	28.50
96.532	32.53	3.26	106.12	10.47	7.85	82.18	77.40	4	27.50
96.677	32.17	3.30	106.22	10.38	7.86	81.64	76.90	4	29.50
96.737	31.20	3.39	105.71	10.43	7.82	81.56	77.10	4	28.00
96.841	32.15	3.32	106.69	10.46	7.79	81.52	76.40	4	27.50
96.986	32.42	3.28	106.38	10.52	7.70	80.97	76.10	4	27.00
97.046	32.37	3.29	106.63	10.54	7.71	81.19	76.10	4	29.00
97.150	32.06	3.33	106.72	10.49	7.91	82.97	77.70	4	28.00
97.295	32.16	3.23	103.99	10.37	7.94	82.28	79.10	4	27.00
97.355	32.27	3.19	102.80	10.31	7.74	79.76	77.60	4	26.50
97.459	32.12	2.98	95.68	10.03	7.36	73.78	77.10	4	26.00
97.604	31.48	2.70	85.13	9.41	7.11	66.90	78.60	4	25.00
97.664	31.61	2.62	82.87	9.21	7.24	66.71	80.50	4	25.00
97.767	33.67	2.49	83.74	8.97	7.36	66.06	78.90	4	21.50
97.911	35.33	2.36	83.56	8.88	7.34	65.24	78.10	4	24.50
97.971	33.76	2.71	91.44	9.05	7.64	69.11	75.60	4	27.50
98.074	28.79	3.28	94.32	9.17	7.91	72.52	76.90	4	30.50
98.218	27.83	3.48	96.97	9.26	7.96	73.72	76.00	4	26.50
98.278	30.57	3.24	99.07	9.35	8.39	78.45	79.20	4	24.50
98.381	33.01	2.92	96.36	9.47	8.42	79.73	82.70	4	25.00
98.525	33.38	3.03	101.23	9.74	8.28	80.67	79.70	4	27.00
98.585	32.50	3.16	102.59	9.75	8.26	80.56	78.50	4	26.50
98.689	32.42	2.98	96.50	9.71	7.65	74.28	77.00	4	26.00
98.833	31.30	2.77	86.57	9.16	7.87	72.04	83.20	4	26.00
98.893	30.93	2.65	81.90	9.05	7.41	67.09	81.90	4	25.00
98.996	31.46	2.57	80.79	8.93	7.17	63.96	79.20	4	24.50
99.140	29.75	2.38	70.79	8.33	6.82	56.77	80.20	4	24.00
99.200	29.10	2.24	65.21	8.04	6.36	51.17	78.50	4	23.00
99.303	29.46	2.15	63.26	7.71	6.44	49.60	78.40	4	23.50
99.447	34.33	1.87	64.07	7.34	6.75	49.50	77.30	4	19.00
99.507	35.50	1.82	64.53	7.25	6.79	49.20	76.20	4	18.00
99.610	35.31	1.78	62.82	7.01	6.86	48.08	76.50	4	21.00
99.754	32.17	2.01	64.66	6.84	7.16	48.99	75.80	4	20.00
99.814	33.74	1.96	66.25	6.88	7.27	49.98	75.40	4	18.00
99.917	35.12	1.93	67.65	6.84	7.45	51.01	75.40	4	20.00
100.061	36.53	1.83	66.91	6.76	7.44	50.26	75.10	4	18.00
100.121	36.50	1.90	69.34	6.89	7.54	51.94	74.90	4	20.00
100.225	33.09	2.36	78.09	7.20	8.03	57.85	74.10	4	24.50
100.370	29.79	2.63	78.24	7.37	7.87	57.94	74.10	4	23.00
100.430	31.14	2.57	80.11	7.57	7.89	59.75	74.60	4	21.00
100.534	34.47	2.33	80.45	7.77	7.72	60.01	74.60	4	21.00
100.679	35.97	2.25	80.81	7.73	7.89	61.00	75.50	4	19.50
100.739	36.40	2.10	76.29	7.77	7.58	58.88	77.20	4	20.00
100.843	36.71	2.04	74.94	7.73	7.25	56.08	74.80	4	20.00
100.988	34.88	2.70	94.07	8.44	8.42	71.08	75.60	4	26.50
101.048	32.04	3.19	102.12	8.72	8.71	75.92	74.30	4	29.50
101.152	28.92	3.57	103.15	9.03	8.55	77.23	74.90	4	28.50
101.297	32.34	3.28	106.10	9.42	8.32	78.33	73.80	4	25.00
101.357	33.18	3.18	105.39	9.54	8.12	77.45	73.50	4	25.00
101.461	32.89	3.29	108.26	9.90	8.12	80.40	74.30	4	29.00
101.606	30.94	3.57	110.45	10.14	8.39	85.12	77.10	4	27.00
101.667	31.98	3.44	110.08	10.28	8.22	84.57	76.80	4	27.00
101.771	31.46	3.52	110.78	10.44	8.21	85.72	77.40	4	30.00
101.916	31.65	3.52	111.32	10.54	8.25	87.03	78.20	4	28.00
101.977	31.91	3.51	112.01	10.65	8.10	86.26	77.00	4	27.50
102.081	31.13	3.61	112.26	10.66	8.22	87.62	78.00	4	30.00
102.226	31.42	3.55	111.51	10.83	7.92	85.75	76.90	4	30.00
102.287	30.63	3.63	111.13	10.84	7.81	84.64	76.20	4	29.00
102.391	31.36	3.54	111.00	10.86	7.86	85.42	77.00	4	28.00
102.536	30.71	3.61	110.90	10.79	8.02	86.54	78.00	4	31.00
102.597	29.74	3.69	109.63	10.85	7.63	82.81	75.50	4	30.50
102.701	31.30	3.53	110.59	10.85	7.70	83.55	75.50	4	27.50
102.846	31.17	3.55	110.63	10.99	7.67	84.22	76.10	4	29.50
102.907	30.88	3.60	111.15	10.90	8.15	88.85	79.90	4	29.50
103.011	30.89	3.58	110.51	10.99	7.59	83.43	75.50	4	28.50
103.156	31.77	3.49	111.00	10.82	8.17	88.42	79.70	4	29.50
103.217	31.29	3.57	111.58	10.90	7.82	85.21	76.40	4	28.50
103.321	31.28	3.55	110.95	10.90	7.98	87.02	78.40	4	29.00
103.466	32.11	3.44	110.63	10.99	7.60	83.48	75.50	4	29.50
103.527	31.04	3.57	110.80	10.90	7.98	87.02	78.50	4	30.50
103.631	31.01	3.58	111.00	10.84	8.05	87.27	78.60	4	28.50
103.776	30.98	3.58	110.77	10.87	8.17	88.79	80.20	4	30.50
103.837	30.40	3.64	110.66	10.91	8.05	87.88	79.40	4	30.50
103.941	31.20	3.54	110.62	11.06	7.49	82.80	74.90	4	28.50
104.086	31.21	3.58	111.59	10.94	7.79	85.24	76.40	4	31.00
104.147	30.49	3.63	110.75	11.00	7.58	83.37	75.30	4	28.50
104.251	31.77	3.47	110.25	10.85	8.00	86.85	78.80	4	28.50
104.396	29.89	3.67	109.61	10.80	8.00	86.41	78.80	4	29.50
104.457	30.93	3.57	110.43	10.93	7.71	84.23	76.30	4	27.50
104.561	32.11	3.40	109.04	10.89	7.70	83.84	76.90	4	29.50
104.706	31.13	3.53	110.01	10.98	7.73	84.81	77.10	4	29.00
104.767	31.72	3.47	110.23	10.86	8.06	87.55	79.40	4	28.50
104.871	31.83	3.49	110.94	10.90	7.83	85.35	76.90	4	30.00
105.016	30.61	3.62	110.79	10.84	8.08	87.52	79.00	4	29.50
105.077	31.40	3.53	110.75	10.95	7.60	83.19	75.10	4	28.50
105.181	31.84	3.46	110.04	10.83	8.09	87.62	79.60	4	28.50
105.326	30.32	2.86	86.59	10.05	6.80	68.30	78.90	4	26.00
105.386	29.59	2.50	73.96	9.50	6.21	58.93	79.70	4	25.50
105.490	29.19	2.10	61.19	8.51	5.82	49.59	81.00	4	24.00
105.635	29.55	1.94	57.24	7.84	5.67	44.46	77.70	4	22.50
105.695	30.91	1.88	57.99	7.62	5.89	44.87	77.40	4	20.00
105.798	33.29	1.75	58.11	7.20	6.63	47.67	82.00	4	19.00
105.943	32.91	1.76	57.93	6.86	6.79	46.60	80.40	4	20.50
106.003	32.77	1.79	58.71	6.86	6.68	45.81	78.00	4	20.50
106.107	32.20	1.80	57.91	6.74	6.76	45.52	78.60	4	20.50
106.252	33.04	1.74	57.65	6.51	6.91	45.02	78.10	4	19.50
106.312	32.20	1.80	57.83	6.41	7.01	44.90	77.60	4	19.50
106.416	32.78	1.79	58.62	6.32	7.04	44.55	76.00	4	18.50
106.561	31.72	1.80	57.06	6.26	6.95	43.53	76.30	4	19.00
106.621	32.67	1.77	57.71	6.27	6.92	43.40	75.20	4	18.00
106.725	32.97	1.74	57.31	6.15	7.19	44.22	77.20	4	19.00
106.870	33.42	1.75	58.53	6.26	6.95	43.50	74.30	4	20.00
106.930	32.49	1.80	58.44	6.12	7.32	44.81	76.70	4	18.50
107.034	32.51	1.80	58.46	6.19	7.19	44.48	76.10	4	19.50
107.179	33.93	1.68	57.02	6.29	7.03	44.20	77.50	4	17.50
107.239	33.76	1.70	57.25	6.27	6.86	43.00	75.10	4	17.50
107.343	33.74	1.70	57.34	6.26	6.83	42.72	74.50	4	18.50
107.488	32.95	1.73	57.10	6.23	6.83	42.58	74.60	4	18.00
107.548	33.79	1.69	57.07	6.18	6.93	42.79	75.00	4	17.00
107.652	33.99	1.64	55.73	6.11	7.00	42.75	76.70	4	19.00
107.796	33.31	1.73	57.50	6.18	7.24	44.75	77.80	4	18.00
107.856	33.66	1.72	57.81	6.29	6.93	43.64	75.50	4	19.50
107.960	32.35	1.79	57.90	6.24	7.12	44.42	76.70	4	18.00
108.105	31.58	1.82	57.37	6.16	7.00	43.12	75.20	4	20.00
108.165	32.41	1.80	58.31	6.28	7.05	44.26	75.90	4	18.50
108.269	34.26	1.67	57.18	6.24	6.91	43.12	75.40	4	17.50
108.414	33.65	1.73	58.11	6.32	7.14	45.07	77.60	4	19.00
108.474	33.48	1.73	58.00	6.30	6.88	43.34	74.70	4	18.00
108.578	34.21	1.68	57.60	6.30	6.91	43.53	75.60	4	19.50
108.723	32.06	1.81	58.05	6.30	6.94	43.72	75.30	4	19.00
108.783	32.58	1.79	58.34	6.28	7.21	45.28	77.60	4	18.00
108.887	33.59	1.71	57.51	6.27	7.23	45.34	78.80	4	20.00
109.032	31.18	1.83	57.16	6.17	6.86	42.33	74.10	4	20.50
109.092	30.98	1.85	57.27	6.17	7.02	43.34	75.70	4	18.50
109.196	33.30	1.74	57.78	6.16	7.08	43.60	75.40	4	17.00
109.341	32.60	1.80	58.59	6.17	7.31	45.05	76.90	4	19.00
109.401	32.15	1.80	57.77	6.24	7.10	44.32	76.70	4	19.50
109.505	33.08	1.78	58.90	6.27	7.19	45.08	76.50	4	17.50
109.650	33.48	1.75	58.71	6.32	7.07	44.65	76.00	4	17.50
109.710	33.51	1.75	58.78	6.26	7.13	44.65	76.00	4	20.00
109.814	32.98	1.77	58.25	6.32	7.06	44.65	76.70	4	19.00
109.959	30.91	1.87	57.76	6.22	7.18	44.66	77.30	4	19.50
110.019	31.96	1.82	58.16	6.30	7.08	44.65	76.80	4	19.50
110.123	33.36	1.75	58.41	6.26	6.99	43.75	74.90	4	18.50
110.268	32.73	1.78	58.41	6.35	6.83	43.34	74.20	4	18.50
110.328	33.35	1.76	58.62	6.35	6.94	44.07	75.20	4	18.00
110.432	32.75	1.80	58.87	6.34	7.19	45.58	77.40	4	20.00
110.577	33.18	1.78	58.94	6.44	6.90	44.46	75.40	4	18.00
110.637	34.74	1.71	59.38	6.43	6.96	44.76	75.40	4	17.00
110.741	36.56	1.63	59.57	6.38	7.14	45.54	76.50	4	17.50
110.886	36.82	1.87	68.68	6.75	7.61	51.36	74.80	4	19.00
110.946	36.47	2.05	74.62	7.02	7.96	55.91	74.90	4	21.50
111.050	34.20	2.86	97.82	8.15	9.03	73.60	75.20	4	27.00
111.195	27.97	3.00	83.82	8.04	7.86	63.18	75.40	4	25.00
111.255	26.68	2.54	67.80	7.57	6.73	50.93	75.10	4	23.00
111.359	27.62	2.11	58.22	7.09	6.18	43.85	75.30	4	23.00
111.504	27.74	1.96	54.44	6.76	6.23	42.07	77.30	4	21.00
111.564	29.95	1.87	56.00	6.69	6.32	42.25	75.50	4	18.00
111.668	33.75	1.62	54.76	6.50	6.50	42.22	77.10	4	17.50
111.813	31.87	1.75	55.90	6.35	6.89	43.70	78.20	4	20.50
111.873	31.21	1.81	56.58	6.28	6.99	43.87	77.50	4	20.00
111.977	33.02	1.76	58.13	6.27	7.09	44.46	76.50	4	18.00
112.122	32.08	1.78	56.96	6.32	6.90	43.63	76.60	4	20.50
112.182	32.06	1.78	57.15	6.29	6.69	42.08	73.60	4	17.50
112.286	32.89	1.73	57.05	6.31	6.74	42.52	74.50	4	20.00
112.431	26.10	0.98	25.63	4.26	4.92	20.93	81.70	4	12.50
112.491	25.54	0.75	19.24	3.56	4.26	15.17	78.90	4	11.50
112.595	25.72	0.59	15.10	3.04	3.94	11.99	79.40	4	12.50
112.740	26.67	0.51	13.63	2.93	3.73	10.96	80.40	4	10.50
112.800	30.50	0.47	14.39	3.12	3.82	11.89	82.60	4	10.00
112.903	33.56	0.45	15.00	3.29	3.91	12.87	85.80	4	10.00
113.047	33.34	0.44	14.82	3.36	3.86	12.96	87.50	4	10.00
113.107	33.51	0.43	14.56	3.38	3.85	13.00	89.30	4	11.00
113.211	31.12	0.48	14.94	3.41	3.84	13.07	87.50	4	12.50
113.356	31.11	0.48	14.97	3.40	3.74	12.73	85.00	4	10.50
113.416	31.59	0.46	14.56	3.42	3.73	12.75	87.60	4	11.50
113.520	31.05	0.47	14.68	3.41	3.66	12.47	85.00	4	10.50
113.665	31.93	0.45	14.47	3.42	3.64	12.45	86.00	4	10.50
113.725	32.77	0.43	14.15	3.43	3.64	12.50	88.30	4	10.50
113.829	34.05	0.41	14.04	3.47	3.62	12.56	89.50	4	10.00
113.973	33.92	0.41	14.04	3.47	3.60	12.49	89.00	4	10.00
114.033	33.71	0.40	13.63	3.42	3.59	12.30	90.30	4	10.00
114.137	33.82	0.39	13.22	3.38	3.57	12.09	91.40	4	10.00
114.282	34.31	0.37	12.79	3.39	3.48	11.81	92.30	4	10.50
114.342	33.79	0.37	12.39	3.36	3.44	11.58	93.40	4	10.00
114.446	33.63	0.36	12.13	3.34	3.43	11.46	94.40	4	10.00
114.591	33.15	0.34	11.31	3.22	3.31	10.67	94.30	4	10.00
114.651	33.48	0.34	11.48	3.28	3.30	10.85	94.50	4	10.00
114.755	34.25	0.35	12.09	3.32	3.34	11.09	91.80	4	10.00
114.900	32.59	0.31	10.18	3.18	3.17	10.06	98.80	4	10.00
114.960	31.81	0.30	9.57	3.10	2.99	9.26	96.80	4	10.00
115.063	31.21	0.28	8.71	3.05	2.87	8.75	100.40	4	10.00
115.207	30.77	0.27	8.30	3.03	2.80	8.46	101.90	4	10.00
115.267	30.56	0.27	8.14	3.00	2.80	8.41	103.30	4	10.50
115.370	29.92	0.27	8.18	2.98	2.73	8.14	99.50	4	10.00
115.514	29.38	0.28	8.36	2.98	2.74	8.18	97.90	4	10.50
115.574	29.51	0.27	8.11	2.98	2.70	8.05	99.20	4	10.00
115.677	30.19	0.26	7.98	3.02	2.73	8.24	103.30	4	10.00
115.821	30.35	0.26	8.03	2.98	2.73	8.13	101.30	4	10.00
115.881	30.15	0.27	8.16	3.00	2.74	8.23	100.90	4	11.00
115.984	29.84	0.28	8.29	2.99	2.76	8.27	99.80	4	10.00
116.128	31.74	0.29	9.33	3.10	2.93	9.09	97.50	4	10.00
116.188	31.51	0.29	9.12	3.11	2.92	9.07	99.50	4	10.00
116.291	31.81	0.29	9.17	3.14	2.95	9.26	101.00	4	10.00
116.435	32.03	0.30	9.69	3.17	2.99	9.47	97.80	4	10.00
116.495	32.37	0.31	10.02	3.19	3.00	9.57	95.60	4	10.50
116.598	32.72	0.32	10.39	3.20	3.07	9.81	94.40	4	10.00
116.742	33.41	0.34	11.52	3.33	3.26	10.83	94.00	4	11.50
116.802	32.16	0.35	11.32	3.28	3.20	10.50	92.70	4	10.50
116.906	33.91	0.36	12.09	3.40	3.34	11.36	94.00	4	10.00
117.051	34.86	0.37	12.85	3.46	3.53	12.23	95.20	4	11.00
117.111	33.62	0.38	12.77	3.38	3.48	11.76	92.10	4	10.50
117.215	33.49	0.39	12.90	3.37	3.49	11.77	91.20	4	10.00
117.360	35.21	0.39	13.85	3.43	3.63	12.46	90.00	4	10.00
117.420	35.75	0.39	14.09	3.50	3.70	12.94	91.80	4	10.00
117.524	36.85	0.42	15.35	3.59	3.81	13.67	89.10	4	10.00
117.669	37.71	0.44	16.43	3.64	4.01	14.59	88.80	4	10.00
117.729	36.69	0.48	17.60	3.78	4.17	15.76	89.50	4	13.00
117.833	30.26	0.61	18.36	3.71	4.09	15.19	82.70	4	14.00
117.978	27.16	0.68	18.50	3.70	4.05	14.98	81.00	4	14.50
118.038	26.52	0.70	18.49	3.69	4.06	14.97	81.00	4	15.00
118.142	25.50	0.74	18.97	3.70	4.09	15.13	79.80	4	14.50
118.287	34.34	0.62	21.15	3.95	4.34	17.14	81.00	4	11.00
118.347	36.11	0.59	21.15	3.97	4.41	17.53	82.90	4	11.00
118.451	37.38	0.56	21.10	3.97	4.46	17.73	84.00	4	11.00
118.596	38.16	0.54	20.69	3.94	4.41	17.37	84.00	4	10.50
118.656	38.23	0.53	20.15	3.93	4.40	17.27	85.70	4	11.50
118.760	32.87	0.72	23.56	4.08	4.66	19.01	80.70	4	15.00
118.905	28.96	0.82	23.70	4.07	4.58	18.64	78.60	4	15.00
118.965	28.42	0.84	23.74	4.08	4.59	18.72	78.90	4	15.00
119.069	28.01	0.85	23.94	4.08	4.61	18.82	78.60	4	13.50
119.214	35.13	0.71	24.92	4.21	4.81	20.23	81.20	4	12.00
119.274	36.12	0.70	25.13	4.25	4.90	20.84	82.90	4	12.00
119.378	36.89	0.68	24.99	4.22	4.90	20.67	82.70	4	11.50
119.523	36.91	0.68	25.05	4.18	4.92	20.53	81.90	4	11.00
119.583	37.25	0.66	24.44	4.11	4.88	20.06	82.10	4	11.50
119.687	37.67	0.63	23.80	4.06	4.82	19.55	82.10	4	12.00
119.832	31.81	0.77	24.60	4.06	4.91	19.90	80.90	4	14.50
119.892	30.28	0.81	24.67	4.02	4.86	19.56	79.30	4	15.00
119.996	28.12	0.88	24.84	4.02	4.85	19.50	78.50	4	16.50
120.141	26.25	0.96	25.25	4.02	4.83	19.39	76.80	4	16.00
120.201	26.03	0.97	25.18	4.03	4.84	19.52	77.50	4	16.00
120.305	29.14	0.95	27.55	4.19	5.06	21.20	77.00	4	12.50
120.450	35.75	0.80	28.42	4.31	5.27	22.69	79.80	4	12.00
120.510	36.54	0.77	28.29	4.31	5.27	22.69	80.20	4	12.50
120.614	35.13	0.83	29.08	4.36	5.34	23.27	80.00	4	15.00
120.759	33.02	0.88	29.21	4.34	5.21	22.59	77.30	4	13.00
120.819	33.47	0.86	28.95	4.34	5.21	22.64	78.20	4	12.50
120.923	35.84	0.80	28.82	4.35	5.23	22.74	78.90	4	12.00
121.068	34.24	0.84	28.70	4.28	5.27	22.53	78.50	4	14.00
121.128	33.43	0.86	28.58	4.30	5.26	22.61	79.10	4	14.00
121.232	33.80	0.85	28.68	4.29	5.26	22.53	78.60	4	12.50
121.377	36.41	0.79	28.88	4.32	5.38	23.23	80.50	4	12.00
121.437	36.80	0.79	29.01	4.33	5.41	23.41	80.70	4	13.00
121.541	34.77	0.84	29.25	4.30	5.32	22.89	78.30	4	12.00
121.686	35.68	0.80	28.60	4.28	5.33	22.86	79.90	4	13.00
121.746	35.85	0.79	28.34	4.29	5.30	22.71	80.20	4	12.50
121.850	36.02	0.78	28.11	4.27	5.27	22.51	80.10	4	12.50
121.995	36.00	0.77	27.72	4.24	5.21	22.10	79.70	4	11.50
122.055	36.21	0.75	27.15	4.21	5.18	21.85	80.50	4	12.50
122.159	36.57	0.73	26.76	4.20	5.16	21.70	81.10	4	12.00
122.304	34.96	0.77	26.83	4.15	5.16	21.38	79.70	4	12.00
122.364	36.10	0.74	26.77	4.16	5.15	21.40	79.90	4	12.00
122.468	37.01	0.71	26.46	4.19	5.12	21.45	81.10	4	12.00
122.613	37.38	0.70	26.21	4.16	5.14	21.41	81.70	4	11.50
122.673	36.78	0.71	26.28	4.20	5.16	21.66	82.40	4	13.00
122.777	35.45	0.74	26.15	4.19	5.12	21.45	82.00	4	12.50
122.922	35.37	0.71	24.93	4.13	5.01	20.68	83.00	4	11.50
122.982	35.49	0.68	24.29	4.07	4.93	20.09	82.70	4	12.50
123.086	35.49	0.63	22.50	3.98	4.73	18.81	83.60	4	11.50
123.231	34.93	0.50	17.32	3.66	4.17	15.26	88.10	4	10.00
123.291	34.71	0.45	15.49	3.50	3.95	13.83	89.30	4	10.00
123.395	34.36	0.40	13.61	3.36	3.76	12.65	93.00	4	10.00
123.540	33.62	0.38	12.69	3.30	3.62	11.95	94.20	4	10.50
123.600	33.40	0.36	11.98	3.29	3.55	11.70	97.70	4	10.50
123.704	33.80	0.35	11.94	3.30	3.51	11.56	96.90	4	10.00
123.849	33.73	0.36	12.00	3.24	3.47	11.23	93.60	4	10.00
123.909	33.78	0.35	11.95	3.25	3.44	11.18	93.60	4	10.00
124.013	34.10	0.35	11.86	3.28	3.47	11.39	96.00	4	10.00
124.157	33.85	0.35	11.77	3.33	3.44	11.45	97.30	4	10.50
124.217	33.81	0.35	11.84	3.31	3.42	11.34	95.80	4	10.00
124.321	34.09	0.35	12.08	3.33	3.45	11.50	95.20	4	10.00
124.466	32.60	0.35	11.47	3.28	3.36	11.02	96.10	4	10.50
124.526	32.42	0.35	11.26	3.29	3.38	11.12	98.80	4	10.50
124.630	33.38	0.34	11.49	3.30	3.38	11.14	96.90	4	10.00
124.775	33.57	0.34	11.36	3.30	3.38	11.13	98.00	4	10.00
124.835	33.94	0.34	11.66	3.31	3.36	11.11	95.20	4	10.00
124.939	33.17	0.34	11.21	3.31	3.31	10.97	97.90	4	10.50
125.084	32.45	0.34	11.19	3.25	3.28	10.64	95.10	4	11.00
125.144	32.35	0.34	10.86	3.25	3.23	10.49	96.60	4	10.50
125.248	32.27	0.34	11.04	3.27	3.30	10.78	97.60	4	10.50
125.393	33.71	0.35	11.83	3.30	3.35	11.08	93.60	4	10.50
125.453	33.66	0.35	11.62	3.28	3.36	11.00	94.60	4	10.50
125.557	33.74	0.34	11.36	3.31	3.41	11.27	99.20	4	10.00
125.702	33.43	0.34	11.33	3.29	3.37	11.11	98.10	4	10.50
125.762	33.06	0.34	11.19	3.27	3.33	10.89	97.40	4	10.00
125.865	33.97	0.35	11.79	3.34	3.35	11.20	94.90	4	10.50
126.010	33.89	0.34	11.46	3.32	3.31	11.02	96.10	4	10.00
126.070	34.12	0.34	11.51	3.34	3.34	11.17	97.10	4	10.50
126.174	34.03	0.35	11.84	3.33	3.33	11.10	93.70	4	10.00
126.319	32.99	0.34	11.11	3.34	3.30	11.03	99.30	4	10.50
126.379	32.70	0.33	10.85	3.31	3.29	10.90	100.50	4	10.50
126.483	32.77	0.34	11.16	3.31	3.27	10.84	97.10	4	10.00
126.628	33.33	0.36	11.83	3.35	3.32	11.13	94.10	4	10.00
126.688	33.44	0.35	11.56	3.36	3.34	11.22	97.10	4	10.00
126.792	33.21	0.34	11.35	3.32	3.33	11.05	97.40	4	10.50
126.937	33.11	0.35	11.57	3.35	3.37	11.26	97.30	4	11.00
126.997	32.72	0.35	11.30	3.30	3.28	10.84	95.90	4	10.00
127.101	34.13	0.35	12.03	3.35	3.37	11.29	93.80	4	10.00
127.246	35.30	0.36	12.62	3.46	3.50	12.12	96.00	4	10.00
127.306	35.99	0.37	13.40	3.51	3.61	12.68	94.60	4	10.00
127.410	37.09	0.39	14.52	3.60	3.72	13.39	92.20	4	10.00
127.555	38.53	0.42	16.10	3.76	3.91	14.72	91.40	4	10.00
127.615	38.85	0.42	16.48	3.79	3.96	15.00	91.00	4	10.00
127.718	38.98	0.45	17.40	3.87	4.07	15.76	90.60	4	10.00
127.863	38.90	0.58	22.51	4.14	4.54	18.83	83.60	4	13.50
127.923	38.17	0.90	34.40	4.72	5.53	26.12	75.90	4	16.50
128.027	31.31	1.72	53.86	5.01	7.26	36.37	67.50	4	22.00
128.172	25.65	2.08	53.43	4.87	7.60	37.01	69.30	4	20.00
128.232	27.72	2.10	58.26	5.02	8.08	40.57	69.60	4	17.00
128.336	32.67	1.84	60.01	5.04	8.32	41.94	69.90	4	15.50
128.481	34.86	1.74	60.53	5.08	8.45	42.91	70.90	4	15.50
128.541	34.95	1.75	61.07	5.10	8.52	43.42	71.10	4	17.00
128.644	31.69	1.58	50.08	4.69	7.80	36.57	73.00	4	14.00
128.789	30.73	0.84	25.67	3.69	5.27	19.43	75.70	4	11.50
128.849	30.33	0.64	19.30	3.44	4.46	15.37	79.60	4	10.50
128.953	30.23	0.48	14.46	3.26	3.76	12.26	84.80	4	11.50
129.098	30.39	0.41	12.47	3.26	3.44	11.24	90.10	4	10.50
129.158	32.22	0.40	12.88	3.31	3.46	11.45	88.90	4	10.00
129.262	33.51	0.38	12.77	3.36	3.53	11.86	92.90	4	10.00
129.407	34.23	0.36	12.48	3.36	3.49	11.72	93.90	4	10.00
129.467	34.63	0.37	12.71	3.38	3.51	11.90	93.60	4	10.00
129.571	34.82	0.36	12.62	3.38	3.51	11.87	94.00	4	10.00
129.715	34.77	0.37	12.84	3.45	3.45	11.91	92.70	4	10.00
129.775	34.87	0.37	12.91	3.48	3.45	12.02	93.10	4	10.50
129.879	34.11	0.38	12.81	3.48	3.45	12.02	93.80	4	11.00
130.024	35.07	0.36	12.56	3.49	3.44	12.00	95.50	4	10.50
130.084	35.25	0.37	12.94	3.49	3.42	11.93	92.20	4	10.00
130.187	35.56	0.36	12.85	3.51	3.41	11.96	93.10	4	10.00
130.332	34.98	0.37	12.79	3.50	3.40	11.92	93.20	4	10.00
130.392	34.77	0.36	12.68	3.50	3.35	11.73	92.50	4	10.00
130.496	35.37	0.36	12.57	3.55	3.36	11.93	94.90	4	10.50
130.641	34.22	0.37	12.71	3.53	3.33	11.77	92.60	4	10.50
130.701	34.10	0.37	12.60	3.54	3.35	11.85	94.10	4	10.50
130.805	33.59	0.37	12.59	3.52	3.29	11.58	91.90	4	10.00
130.950	35.46	0.36	12.60	3.62	3.28	11.87	94.20	4	10.00
131.010	35.62	0.35	12.59	3.62	3.31	12.00	95.30	4	11.00
131.114	35.81	0.34	12.28	3.61	3.28	11.84	96.40	4	10.50
131.259	34.68	0.36	12.46	3.61	3.36	12.11	97.20	4	11.00
131.319	34.09	0.35	11.92	3.59	3.33	11.93	100.00	4	10.50
131.423	35.20	0.35	12.16	3.60	3.29	11.85	97.40	4	10.00
131.568	34.70	0.37	12.69	3.59	3.27	11.73	92.50	4	10.50
131.628	35.14	0.36	12.54	3.60	3.33	11.98	95.50	4	11.00
131.732	35.03	0.35	12.25	3.56	3.30	11.75	95.90	4	10.00
131.877	35.43	0.35	12.27	3.63	3.34	12.14	98.90	4	11.00
131.937	34.24	0.37	12.56	3.58	3.34	11.95	95.10	4	11.50
132.041	34.37	0.37	12.63	3.56	3.26	11.62	92.00	4	10.00
132.186	35.97	0.36	12.80	3.64	3.34	12.17	95.10	4	10.00
132.246	36.20	0.35	12.78	3.65	3.36	12.27	96.00	4	10.50
132.350	34.23	0.37	12.70	3.60	3.31	11.94	94.00	4	10.50
132.495	35.95	0.37	13.41	3.64	3.42	12.44	92.80	4	10.00
132.555	36.30	0.37	13.39	3.64	3.45	12.54	93.70	4	10.00
132.659	36.55	0.36	13.18	3.63	3.51	12.73	96.60	4	10.00
132.803	36.07	0.38	13.72	3.66	3.56	13.03	95.00	4	11.00
132.863	35.04	0.38	13.48	3.62	3.49	12.64	93.80	4	10.00
132.967	36.02	0.37	13.46	3.60	3.49	12.56	93.30	4	10.00
133.112	34.01	0.39	13.41	3.57	3.49	12.46	92.90	4	10.00
133.172	35.24	0.38	13.38	3.62	3.52	12.75	95.30	4	10.00
133.276	36.15	0.37	13.51	3.65	3.54	12.93	95.70	4	10.00
133.421	37.09	0.37	13.80	3.67	3.57	13.10	95.00	4	10.50
133.481	35.42	0.40	14.18	3.65	3.58	13.08	92.30	4	11.50
133.585	33.88	0.42	14.08	3.63	3.55	12.91	91.60	4	10.50
133.730	36.55	0.40	14.74	3.71	3.64	13.50	91.60	4	10.50
133.790	36.51	0.40	14.75	3.72	3.67	13.65	92.50	4	10.50
133.894	36.53	0.40	14.45	3.69	3.69	13.62	94.30	4	10.50
134.039	36.21	0.40	14.57	3.67	3.66	13.42	92.10	4	11.00
134.099	35.76	0.40	14.24	3.65	3.59	13.12	92.20	4	10.50
134.203	35.34	0.40	13.99	3.61	3.62	13.06	93.40	4	10.50
134.348	35.73	0.39	14.03	3.62	3.64	13.16	93.80	4	10.50
134.408	35.45	0.39	13.86	3.59	3.59	12.86	92.80	4	10.00
134.512	35.44	0.39	13.89	3.61	3.59	12.98	93.40	4	11.00
134.657	35.25	0.39	13.82	3.59	3.53	12.65	91.50	4	10.00
134.717	35.84	0.38	13.72	3.62	3.56	12.88	93.90	4	10.00
134.821	35.54	0.39	13.72	3.64	3.57	13.01	94.80	4	11.00
134.966	33.50	0.40	13.46	3.61	3.48	12.56	93.30	4	11.00
135.026	33.84	0.40	13.61	3.61	3.48	12.56	92.30	4	10.00
135.130	35.64	0.39	13.75	3.62	3.55	12.88	93.70	4	10.50
135.275	35.06	0.39	13.84	3.63	3.52	12.76	92.30	4	11.00
135.335	35.41	0.38	13.51	3.61	3.46	12.50	92.50	4	10.00
135.439	35.40	0.38	13.35	3.63	3.47	12.61	94.50	4	11.00
135.584	34.75	0.37	12.98	3.58	3.45	12.35	95.10	4	10.50
135.644	34.04	0.37	12.71	3.57	3.38	12.08	95.00	4	10.50
135.748	33.51	0.37	12.51	3.54	3.35	11.85	94.70	4	10.00
135.893	35.02	0.38	13.16	3.63	3.46	12.55	95.40	4	11.00
135.953	34.69	0.38	13.02	3.62	3.42	12.40	95.20	4	10.50
136.057	36.09	0.38	13.76	3.61	3.46	12.50	90.90	4	10.00
136.201	35.61	0.38	13.64	3.60	3.48	12.51	91.70	4	11.50
136.261	34.38	0.39	13.46	3.57	3.44	12.31	91.40	4	10.50
136.365	34.43	0.39	13.29	3.60	3.44	12.36	93.10	4	10.50
136.510	34.74	0.38	13.21	3.54	3.41	12.07	91.40	4	10.00
136.570	34.82	0.37	12.78	3.52	3.45	12.15	95.00	4	10.00
136.674	35.18	0.36	12.64	3.50	3.47	12.14	96.00	4	10.00
136.819	34.91	0.36	12.52	3.50	3.45	12.07	96.40	4	10.00
136.879	35.09	0.36	12.58	3.48	3.44	11.97	95.20	4	10.00
136.983	34.31	0.36	12.22	3.47	3.39	11.77	96.30	4	10.00
137.128	34.60	0.36	12.46	3.47	3.44	11.92	95.60	4	11.00
137.188	33.67	0.37	12.35	3.43	3.35	11.47	92.80	4	10.00
137.292	35.04	0.36	12.66	3.48	3.43	11.92	94.20	4	10.00
137.437	35.75	0.37	13.32	3.52	3.45	12.14	91.20	4	10.00
137.497	35.57	0.36	12.91	3.55	3.46	12.29	95.20	4	10.50
137.601	35.77	0.37	13.23	3.56	3.46	12.31	93.10	4	10.00
137.746	36.08	0.37	13.19	3.55	3.50	12.42	94.20	4	10.00
137.806	36.09	0.36	13.10	3.54	3.48	12.31	94.00	4	10.50
137.910	36.15	0.37	13.36	3.56	3.50	12.47	93.40	4	10.00
138.055	36.40	0.37	13.61	3.57	3.49	12.45	91.50	4	10.00
138.115	36.42	0.37	13.55	3.58	3.50	12.54	92.60	4	10.00
138.219	36.07	0.36	13.14	3.58	3.47	12.41	94.40	4	10.00
138.364	35.52	0.37	13.13	3.55	3.45	12.26	93.40	4	10.50
138.424	34.78	0.38	13.08	3.52	3.41	12.00	91.70	4	10.00
138.528	35.94	0.37	13.42	3.57	3.49	12.46	92.80	4	10.00
138.673	35.76	0.37	13.25	3.56	3.51	12.48	94.20	4	10.00
138.733	36.24	0.37	13.56	3.59	3.54	12.69	93.60	4	10.00
138.837	36.47	0.37	13.53	3.59	3.57	12.80	94.60	4	10.00
138.982	35.64	0.38	13.64	3.61	3.55	12.80	93.90	4	11.50
139.042	34.38	0.39	13.58	3.59	3.49	12.53	92.30	4	10.50
139.146	36.77	0.40	14.55	3.69	3.63	13.41	92.20	4	10.00
139.291	38.64	0.43	16.50	3.86	3.81	14.73	89.20	4	10.00
139.351	38.83	0.43	16.51	3.87	3.83	14.84	89.90	4	10.50
139.455	38.97	0.44	17.05	3.91	3.93	15.38	90.20	4	10.50
139.600	38.39	0.75	28.76	4.38	5.15	22.55	78.40	4	15.00
139.660	36.78	1.24	45.61	4.78	6.67	31.88	69.90	4	18.00
139.764	29.44	1.76	51.76	4.75	7.37	34.97	67.60	4	20.00
139.909	26.77	1.98	53.03	4.81	7.65	36.80	69.40	4	18.00
139.969	30.46	1.89	57.50	5.07	7.92	40.14	69.80	4	15.00
140.073	34.37	1.66	56.89	5.16	7.84	40.48	71.20	4	15.50
140.218	36.15	1.55	56.22	5.21	7.81	40.74	72.50	4	15.00
140.278	36.36	1.53	55.67	5.23	7.77	40.63	73.00	4	15.50
140.382	36.54	1.53	55.81	5.23	7.73	40.42	72.40	4	15.00
140.526	31.68	1.87	59.26	4.99	8.25	41.19	69.50	4	18.50
140.586	30.39	1.94	58.92	4.91	8.32	40.84	69.30	4	18.00
140.690	31.40	1.95	61.33	5.10	8.38	42.71	69.60	4	15.50
140.835	34.52	1.78	61.50	4.95	8.67	42.96	69.80	4	15.00
140.895	35.07	1.75	61.44	4.82	8.78	42.31	68.90	4	15.00
140.999	35.55	1.72	60.99	4.71	8.90	41.89	68.70	4	14.50
141.144	33.17	1.86	61.57	4.69	8.97	42.02	68.20	4	17.50
141.204	31.80	1.93	61.32	4.65	8.92	41.50	67.70	4	17.50
141.308	32.77	1.91	62.70	4.74	9.04	42.81	68.30	4	15.00
141.453	30.44	1.24	37.83	3.75	6.98	26.14	69.10	4	10.50
141.513	30.65	0.95	29.25	3.40	6.05	20.57	70.30	4	11.50
141.617	29.74	0.64	19.08	2.88	4.92	14.15	74.10	4	10.00
141.762	29.05	0.49	14.30	2.63	4.32	11.36	79.40	4	10.00
141.822	28.79	0.47	13.59	2.58	4.22	10.91	80.30	4	10.00
141.926	28.43	0.45	12.88	2.51	4.15	10.42	80.90	4	10.00
142.071	27.98	0.45	12.53	2.48	4.08	10.12	80.80	4	10.00
142.131	27.86	0.44	12.38	2.48	4.08	10.12	81.70	4	10.00
142.235	28.32	0.46	12.89	2.48	4.15	10.30	79.90	4	10.00
142.380	29.69	0.48	14.39	2.60	4.39	11.43	79.40	4	10.00
142.440	30.08	0.50	14.96	2.66	4.44	11.78	78.70	4	10.00
142.544	31.55	0.54	17.17	2.80	4.69	13.14	76.50	4	10.00
142.689	37.12	0.69	25.70	3.27	5.92	19.35	75.30	4	10.00
142.749	37.80	0.71	26.77	3.33	6.08	20.25	75.60	4	10.00
142.853	38.30	0.73	27.85	3.37	6.22	20.95	75.20	4	10.00
142.997	38.50	0.75	28.86	3.43	6.30	21.58	74.80	4	11.00
143.057	38.11	0.94	35.71	3.77	6.90	26.00	72.80	4	14.00
143.161	34.50	1.61	55.69	4.50	8.26	37.20	66.80	4	19.00
143.306	27.20	2.12	57.62	4.54	8.43	38.26	66.40	4	20.50
143.366	26.26	2.18	57.15	4.55	8.43	38.32	67.10	4	20.00
143.470	27.72	2.19	60.74	4.70	8.67	40.79	67.20	4	16.50
143.615	34.91	1.79	62.66	4.83	8.87	42.86	68.40	4	14.50
143.675	36.13	1.75	63.18	4.88	8.96	43.72	69.20	4	14.50
143.779	37.24	1.67	62.36	4.88	8.87	43.26	69.40	4	14.50
143.924	37.66	1.59	60.06	4.80	8.79	42.15	70.20	4	14.00
143.984	37.69	1.56	58.95	4.78	8.65	41.33	70.10	4	14.00
144.088	36.96	1.89	69.71	5.25	9.30	48.84	70.10	4	18.50
144.233	33.44	3.07	102.67	6.79	10.37	70.39	68.60	4	25.50
144.294	30.65	3.56	109.08	7.27	10.29	74.74	68.50	4	28.50
144.398	27.60	3.96	109.30	8.16	9.52	77.68	71.10	4	30.00
144.543	30.10	3.76	113.04	9.03	9.34	84.38	74.60	4	25.50
144.603	31.73	3.51	111.53	9.42	9.25	87.10	78.10	4	26.50
144.707	33.15	3.37	111.73	10.02	8.71	87.29	78.10	4	27.50
144.852	30.04	3.85	115.68	10.60	8.41	89.16	77.10	4	32.00
144.913	28.81	3.97	114.34	10.89	7.80	84.90	74.30	4	31.50
145.017	30.68	3.77	115.72	11.28	7.80	88.03	76.10	4	29.00
145.162	31.74	3.68	116.86	11.56	7.91	91.45	78.30	4	31.00
145.223	30.53	3.85	117.45	11.59	7.87	91.16	77.60	4	32.00
145.327	29.55	3.96	117.05	11.72	7.80	91.35	78.00	4	32.50
145.472	31.27	3.76	117.65	11.79	7.82	92.14	78.30	4	30.00
145.533	31.46	3.73	117.42	11.88	7.61	90.42	77.00	4	30.50
145.637	31.50	3.74	117.80	11.94	7.78	92.92	78.90	4	32.00
145.782	31.20	3.78	117.82	12.01	7.78	93.49	79.30	4	31.50
145.843	30.39	3.88	118.01	11.96	7.76	92.81	78.60	4	32.00
145.947	31.04	3.82	118.58	12.03	7.71	92.77	78.20	4	32.00
146.092	31.63	3.74	118.42	11.97	7.71	92.34	78.00	4	29.50
146.153	31.86	3.71	118.36	11.95	7.70	91.93	77.70	4	31.00
146.257	30.28	3.91	118.46	11.96	7.80	93.27	78.70	4	32.50
146.402	30.60	3.87	118.48	12.02	7.78	93.50	78.90	4	30.50
146.463	31.04	3.80	117.84	11.98	7.75	92.80	78.80	4	30.50
146.567	30.64	3.85	117.93	12.01	7.67	92.16	78.10	4	32.50
146.712	30.88	3.81	117.58	11.93	7.74	92.30	78.50	4	29.50
146.773	31.66	3.71	117.32	11.88	7.69	91.37	77.90	4	29.50
146.877	31.26	3.76	117.42	11.86	7.61	90.27	76.90	4	32.00
147.022	29.99	3.92	117.45	11.73	7.79	91.44	77.90	4	30.50
147.083	31.07	3.78	117.33	11.80	7.59	89.55	76.30	4	30.00
147.187	31.15	3.78	117.79	11.72	7.78	91.14	77.40	4	31.50
147.332	30.46	3.89	118.47	11.77	7.88	92.75	78.30	4	30.00
147.393	30.89	3.82	118.14	11.69	7.99	93.42	79.10	4	30.00
147.497	30.72	3.86	118.51	11.74	7.76	91.07	76.80	4	32.00
147.642	29.60	3.97	117.64	11.71	7.82	91.62	77.90	4	31.00
147.703	30.37	3.88	117.81	11.73	7.74	90.72	77.00	4	30.50
147.807	30.18	3.91	118.07	11.66	7.84	91.35	77.40	4	32.50
147.952	30.89	3.84	118.59	11.60	7.97	92.43	77.90	4	30.50
148.013	31.25	3.80	118.71	11.59	7.99	92.56	78.00	4	30.00
148.117	31.84	3.66	116.58	11.58	7.79	90.17	77.30	4	28.50
148.262	31.30	3.76	117.75	11.61	7.86	91.24	77.50	4	32.50
148.323	30.00	3.90	116.94	11.45	7.77	88.97	76.10	4	31.50
148.427	30.36	3.89	118.20	11.45	7.92	90.63	76.70	4	30.00
148.572	30.87	3.87	119.34	11.50	8.03	92.34	77.40	4	29.50
148.633	31.67	3.72	117.94	11.51	8.03	92.44	78.40	4	30.00
148.737	31.51	3.75	118.17	11.54	8.02	92.49	78.30	4	30.50
148.882	30.37	3.91	118.61	11.48	8.03	92.18	77.70	4	31.50
148.943	30.28	3.91	118.49	11.44	8.06	92.19	77.80	4	30.00
149.047	30.67	3.85	118.06	11.41	8.14	92.89	78.70	4	30.50
149.192	31.29	3.78	118.28	11.36	8.12	92.31	78.00	4	30.00
149.253	30.62	3.86	118.31	11.38	8.08	91.98	77.70	4	31.00
149.357	30.82	3.85	118.77	11.36	8.16	92.68	78.00	4	31.00
149.502	31.21	3.80	118.74	11.38	8.05	91.64	77.20	4	29.50
149.563	31.04	3.82	118.56	11.38	8.07	91.82	77.40	4	30.00
149.667	31.19	3.77	117.64	11.41	8.13	92.72	78.80	4	30.50
149.812	30.32	3.88	117.63	11.39	8.06	91.81	78.00	4	30.50
149.873	30.27	3.88	117.32	11.37	8.02	91.19	77.70	4	30.50
149.977	30.01	3.92	117.68	11.28	8.17	92.12	78.30	4	29.00
150.122	31.74	3.69	117.16	11.21	8.26	92.61	79.00	4	30.50
150.183	30.54	3.84	117.14	11.23	7.98	89.59	76.50	4	31.50
150.287	30.39	3.88	118.02	11.29	8.04	90.83	77.00	4	29.00
150.432	30.40	3.88	117.92	11.15	8.30	92.56	78.50	4	31.00
150.493	30.36	3.90	118.42	11.24	7.82	87.96	74.30	4	29.50
150.597	31.30	3.77	117.91	11.28	8.01	90.39	76.70	4	29.00
150.742	30.02	3.91	117.24	11.10	8.19	90.92	77.50	4	30.50
150.803	30.64	3.84	117.65	11.23	7.88	88.56	75.30	4	30.00
150.907	30.64	3.87	118.44	11.24	8.06	90.64	76.50	4	31.50
151.052	30.96	3.81	118.10	11.19	7.97	89.17	75.50	4	29.50
151.113	30.92	3.81	117.68	11.19	8.28	92.59	78.70	4	29.00
151.217	31.58	3.71	117.17	11.15	8.33	92.87	79.30	4	30.50
151.362	30.78	3.84	118.17	11.25	8.03	90.29	76.40	4	30.00
151.423	30.50	3.87	117.97	11.10	8.38	93.01	78.80	4	30.50
151.527	30.03	3.92	117.63	11.14	8.24	91.82	78.10	4	30.50
151.672	30.59	3.84	117.38	11.09	8.41	93.27	79.50	4	30.00
151.733	31.00	3.80	117.71	11.23	7.94	89.15	75.70	4	29.00
151.837	30.27	3.90	118.03	11.19	8.06	90.21	76.40	4	31.50
151.982	30.50	3.88	118.28	11.18	7.96	89.00	75.20	4	30.00
152.043	31.00	3.81	118.16	11.18	8.21	91.84	77.70	4	30.50
152.147	30.66	3.86	118.25	11.15	8.24	91.84	77.70	4	29.50
152.292	31.51	3.74	117.82	11.15	8.34	93.02	78.90	4	29.00
152.353	31.46	3.76	118.21	11.23	8.07	90.59	76.60	4	30.00
152.457	30.69	3.86	118.60	11.16	8.07	90.11	76.00	4	30.50
152.602	30.58	3.89	118.82	11.19	8.20	91.78	77.20	4	29.50
152.663	31.16	3.79	118.04	11.21	8.01	89.81	76.10	4	29.50
152.767	30.29	3.88	117.54	11.16	8.03	89.54	76.20	4	31.00
152.912	29.99	3.93	117.91	11.15	7.92	88.35	74.90	4	29.00
152.973	30.87	3.83	118.31	11.09	8.32	92.30	78.00	4	28.50
153.077	30.87	3.82	117.89	11.02	8.35	92.05	78.10	4	31.00
153.222	29.70	3.97	117.80	11.13	8.14	90.53	76.90	4	30.00
153.283	30.73	3.85	118.33	11.08	8.21	90.95	76.90	4	28.50
153.387	32.16	3.61	116.20	11.10	7.87	87.41	75.20	4	28.50
153.532	30.18	3.88	117.07	11.14	7.99	89.03	76.00	4	31.50
153.593	30.04	3.92	117.73	11.08	8.31	92.12	78.20	4	31.00
153.697	30.52	3.88	118.47	11.15	8.04	89.64	75.70	4	28.50
153.842	30.99	3.82	118.35	11.11	8.31	92.37	78.10	4	31.00
153.903	30.18	3.92	118.26	11.09	8.21	91.02	77.00	4	31.00
154.007	29.67	3.99	118.29	11.10	8.15	90.45	76.50	4	31.00
