422.545	38.72	0.61	23.59	2.65	3.53	9.35	39.60	2	14.50
422.689	34.76	2.21	76.91	5.27	8.33	43.94	57.10	2	22.00
422.749	32.54	2.68	87.11	6.17	8.67	53.48	61.40	2	25.00
422.853	26.36	3.15	83.10	6.70	8.14	54.59	65.70	2	30.00
422.998	18.50	3.52	65.19	6.90	6.43	44.39	68.10	2	37.50
423.058	16.18	3.89	62.97	6.79	6.36	43.17	68.60	2	40.50
423.162	12.82	4.32	55.38	6.74	5.60	37.73	68.10	2	45.50
423.307	8.55	4.59	39.22	5.90	4.20	24.79	63.20	2	53.00
423.367	6.92	4.61	31.91	5.25	3.89	20.43	64.00	2	56.00
423.470	4.66	4.65	21.69	3.98	3.13	12.44	57.40	2	61.00
423.614	2.68	4.68	12.53	2.59	2.20	5.68	45.30	2	68.00
423.674	2.22	4.69	10.43	2.31	1.85	4.29	41.10	2	71.00
423.777	1.54	4.69	7.22	1.93	1.31	2.53	35.10	2	76.50
423.921	1.04	4.70	4.90	1.59	0.73	1.16	23.60	2	83.50
423.981	0.92	4.71	4.32	1.46	0.52	0.76	17.60	2	86.50
424.084	0.69	4.71	3.25	1.18	0.20	0.24	7.30	2	91.50
424.228	9.86	4.11	40.49	3.06	3.88	11.90	29.40	2	26.50
424.288	14.76	3.78	55.74	4.17	6.03	25.15	45.10	2	26.20
424.392	19.30	3.55	68.46	5.15	7.73	39.82	58.20	2	24.00
424.537	22.80	3.40	77.49	6.21	8.20	50.98	65.80	2	28.90
424.597	21.99	3.42	75.11	6.46	7.99	51.57	68.70	2	26.50
424.701	25.41	3.37	85.73	7.44	8.10	60.30	70.30	2	26.50
424.846	29.32	3.22	94.54	8.60	7.86	67.55	71.50	2	25.10
424.906	30.80	3.10	95.34	8.97	7.57	67.97	71.30	2	25.10
425.010	33.11	2.78	91.97	9.32	7.31	68.10	74.00	2	24.30
425.155	33.95	2.66	90.25	9.48	7.04	66.75	74.00	2	24.40
425.215	35.98	1.76	63.24	7.94	4.86	38.64	61.10	2	11.30
425.319	35.37	1.72	60.88	7.06	5.03	35.49	58.30	2	25.10
425.464	32.22	2.79	89.86	8.53	7.24	61.76	68.70	2	25.90
425.524	31.08	2.90	90.21	8.87	7.08	62.82	69.60	2	36.70
425.628	20.99	3.35	70.34	8.25	5.77	47.57	67.60	2	38.90
425.773	13.49	4.08	55.08	7.31	4.77	34.91	63.40	2	52.70
425.833	10.47	4.36	45.61	6.75	4.05	27.36	60.00	2	52.70
425.937	25.47	3.30	84.12	7.83	6.48	50.69	60.30	2	23.20
426.082	24.95	3.45	85.98	8.56	6.73	57.65	67.00	2	60.90
426.142	15.40	4.02	61.96	7.21	4.57	32.95	53.20	2	60.90
426.246	24.48	2.38	58.37	5.45	2.92	15.93	27.30	2	10.00
426.391	29.41	2.71	79.63	6.73	6.68	44.96	56.50	2	25.10
426.451	29.93	2.91	87.23	7.58	7.40	56.08	64.30	2	24.10
426.555	32.92	2.67	87.81	8.30	7.32	60.72	69.20	2	22.60
426.700	34.73	2.41	83.82	9.00	6.90	62.08	74.10	2	24.10
426.760	34.86	2.43	84.55	9.18	7.01	64.29	76.00	2	24.10
426.863	33.06	2.77	91.66	9.48	7.31	69.27	75.60	2	28.10
427.008	28.81	3.21	92.42	9.73	7.00	68.13	73.70	2	29.10
427.068	28.56	3.25	92.66	9.74	6.99	68.11	73.50	2	27.60
427.172	31.70	2.96	93.76	9.81	7.03	69.00	73.60	2	25.10
427.317	31.83	3.01	95.86	9.99	7.06	70.52	73.60	2	29.10
427.377	30.21	3.15	95.06	9.90	7.11	70.37	74.00	2	29.10
427.481	29.36	3.23	94.88	9.93	7.14	70.93	74.80	2	27.60
427.626	32.46	2.92	94.70	9.84	7.21	70.98	75.00	2	25.60
427.686	32.86	2.85	93.68	9.86	7.19	70.90	75.70	2	26.60
427.790	30.57	3.11	95.01	9.98	7.10	70.83	74.60	2	29.60
427.935	32.21	2.94	94.73	10.02	7.12	71.41	75.40	2	26.10
427.995	31.70	3.02	95.84	9.98	7.15	71.32	74.40	2	28.60
428.099	29.46	3.21	94.72	9.96	7.04	70.09	74.00	2	28.10
428.244	31.80	3.00	95.44	9.94	7.01	69.64	73.00	2	26.60
428.304	32.41	2.90	93.95	9.91	7.13	70.71	75.30	2	25.60
428.408	31.83	3.01	95.71	9.95	7.08	70.49	73.60	2	28.60
428.553	29.33	3.24	95.16	9.90	7.05	69.76	73.30	2	28.60
428.613	30.04	3.20	96.06	9.97	6.97	69.54	72.40	2	26.10
428.717	32.41	2.93	94.95	9.92	7.03	69.80	73.50	2	25.60
428.862	31.44	3.04	95.55	9.92	7.06	70.01	73.30	2	29.10
428.922	30.26	3.16	95.62	9.89	7.09	70.14	73.40	2	27.60
429.026	31.97	3.00	96.01	9.93	7.07	70.27	73.20	2	25.10
429.171	33.95	2.75	93.19	9.86	6.78	66.80	71.70	2	23.60
429.231	34.01	2.69	91.47	9.81	6.89	67.53	73.80	2	26.60
429.335	30.53	3.08	94.13	9.77	7.08	69.24	73.60	2	29.10
429.480	28.52	3.29	93.72	9.80	6.98	68.43	73.00	2	29.60
429.540	28.89	3.28	94.75	9.82	7.17	70.34	74.20	2	27.10
429.644	31.57	3.03	95.71	9.82	7.20	70.74	73.90	2	25.60
429.789	33.02	2.92	96.26	9.90	7.04	69.67	72.40	2	26.60
429.849	31.93	3.03	96.83	9.87	7.24	71.47	73.80	2	28.60
429.953	31.25	3.10	96.94	10.02	7.04	70.60	72.80	2	27.10
430.098	31.56	3.08	97.23	10.01	7.08	70.86	72.90	2	26.10
430.158	32.11	2.99	95.87	9.97	7.13	71.07	74.10	2	26.10
430.262	32.80	2.93	95.98	10.00	7.03	70.25	73.20	2	26.60
430.407	31.63	3.08	97.48	10.04	7.11	71.44	73.30	2	26.60
430.467	31.51	3.09	97.37	10.11	7.04	71.19	73.10	2	27.10
430.571	31.42	3.09	96.99	10.18	6.98	71.04	73.20	2	27.10
430.716	31.51	3.10	97.67	10.17	6.93	70.53	72.20	2	26.10
430.776	32.09	3.03	97.31	10.04	7.14	71.67	73.70	2	25.60
430.880	31.36	3.10	97.08	9.99	7.12	71.20	73.30	2	27.10
431.025	32.01	3.03	97.00	9.92	7.15	70.94	73.10	2	29.10
431.085	30.41	3.16	96.05	9.91	7.01	69.45	72.30	2	28.60
431.188	30.95	3.11	96.30	9.98	7.05	70.33	73.00	2	26.60
431.333	31.68	3.06	97.01	9.92	7.21	71.59	73.80	2	26.60
431.393	32.23	3.00	96.79	9.91	7.19	71.29	73.70	2	26.60
431.497	31.36	3.10	97.11	9.88	7.33	72.46	74.60	2	28.10
431.642	31.35	3.13	97.97	9.92	7.36	73.08	74.60	2	27.10
431.702	31.24	3.12	97.51	10.03	7.09	71.06	72.90	2	27.10
431.806	31.58	3.08	97.36	10.11	6.93	70.10	72.00	2	26.60
431.951	31.32	3.09	96.91	9.98	7.08	70.71	73.00	2	28.10
432.011	30.73	3.17	97.29	9.95	7.31	72.71	74.70	2	27.60
432.115	31.42	3.10	97.41	9.95	7.19	71.57	73.50	2	26.60
432.260	32.34	2.97	96.15	9.86	7.25	71.50	74.40	2	25.60
432.320	32.42	2.96	95.81	9.93	7.09	70.39	73.50	2	28.10
432.424	30.70	3.14	96.35	10.01	7.01	70.16	72.80	2	28.10
432.569	30.53	3.15	96.19	10.01	7.12	71.26	74.10	2	27.10
432.629	30.83	3.14	96.69	10.08	7.04	70.97	73.40	2	27.10
432.733	32.52	2.92	95.10	10.08	6.92	69.77	73.40	2	26.10
432.878	33.10	2.87	94.85	9.87	7.23	71.35	75.20	2	25.60
432.938	32.92	2.89	95.25	9.89	7.21	71.30	74.90	2	27.60
433.042	30.64	3.14	96.08	10.02	7.16	71.78	74.70	2	29.60
433.187	30.27	3.18	96.27	9.96	7.12	70.89	73.60	2	26.10
433.247	31.31	3.08	96.45	10.00	7.09	70.93	73.50	2	26.60
433.351	32.33	2.97	96.16	10.04	6.99	70.18	73.00	2	27.10
433.496	31.91	3.05	97.35	9.92	7.33	72.75	74.70	2	26.10
433.556	32.23	3.01	97.09	9.92	7.25	71.95	74.10	2	27.10
433.660	31.89	3.06	97.73	10.06	7.15	71.97	73.60	2	26.60
433.805	31.52	3.09	97.43	10.04	7.21	72.38	74.30	2	27.10
433.865	31.61	3.08	97.30	10.04	7.18	72.08	74.10	2	26.60
433.969	31.93	3.03	96.85	10.04	7.18	72.04	74.40	2	26.60
434.114	32.58	2.97	96.64	10.08	7.03	70.88	73.30	2	27.10
434.174	31.35	3.09	96.99	10.11	7.04	71.20	73.40	2	28.60
434.278	30.82	3.13	96.57	9.99	7.12	71.15	73.70	2	28.10
434.423	32.13	3.00	96.41	10.01	7.05	70.58	73.20	2	25.60
434.483	32.63	2.93	95.50	10.00	7.06	70.54	73.90	2	26.10
434.587	31.20	3.09	96.41	10.06	7.07	71.06	73.70	2	28.10
434.732	32.28	2.98	96.31	10.01	7.13	71.43	74.20	2	26.10
434.792	32.97	2.91	95.96	9.89	7.18	70.97	74.00	2	26.10
434.896	31.11	3.11	96.70	9.94	7.13	70.93	73.30	2	28.10
435.041	31.77	3.05	96.81	10.02	7.24	72.58	75.00	2	26.60
435.101	32.17	3.00	96.56	10.00	7.13	71.32	73.90	2	27.60
435.205	30.67	3.16	97.04	10.00	7.10	70.94	73.10	2	28.10
435.350	31.63	3.07	97.25	10.08	7.01	70.68	72.70	2	26.60
435.410	32.30	2.99	96.56	10.06	7.00	70.43	72.90	2	26.60
435.514	32.50	2.98	96.94	10.11	7.11	71.81	74.10	2	27.10
435.659	31.69	3.10	98.35	10.09	7.16	72.22	73.40	2	26.10
435.719	31.96	3.06	97.91	10.06	7.24	72.81	74.40	2	27.60
435.823	31.76	3.07	97.58	10.18	7.00	71.26	73.00	2	26.60
435.968	32.61	2.95	96.24	9.99	7.10	70.99	73.80	2	26.10
436.028	32.08	3.00	96.19	10.07	7.03	70.85	73.70	2	28.10
436.132	30.47	3.17	96.45	9.94	7.18	71.43	74.10	2	27.60
436.277	32.22	3.00	96.65	10.05	7.21	72.49	75.00	2	26.60
436.337	31.46	3.07	96.54	10.05	7.09	71.27	73.80	2	27.60
436.441	31.41	3.09	96.98	10.04	7.19	72.25	74.50	2	27.60
436.586	31.36	3.09	96.99	10.08	7.14	71.91	74.10	2	26.60
436.646	31.57	3.09	97.42	10.09	7.12	71.76	73.70	2	27.10
436.750	32.38	2.98	96.48	10.04	7.13	71.61	74.20	2	26.10
436.895	30.48	3.16	96.27	10.09	7.18	72.46	75.30	2	28.10
436.955	30.32	3.18	96.50	10.09	7.04	71.03	73.60	2	27.10
437.059	32.18	2.98	95.83	10.10	7.13	71.99	75.10	2	26.60
437.204	30.92	3.11	96.27	10.00	7.15	71.50	74.30	2	28.60
437.264	30.57	3.16	96.58	10.09	6.97	70.30	72.80	2	26.60
437.368	31.72	3.04	96.50	10.10	7.09	71.63	74.20	2	28.10
437.513	31.81	3.05	96.96	10.03	7.11	71.34	73.60	2	26.60
437.573	31.64	3.07	97.00	10.18	6.84	69.64	71.80	2	28.60
437.677	31.88	3.05	97.09	10.01	7.20	72.11	74.30	2	26.10
437.822	31.52	3.09	97.41	10.05	7.14	71.79	73.70	2	26.60
437.882	31.77	3.06	97.11	10.04	7.18	72.14	74.30	2	28.10
437.986	30.63	3.16	96.92	10.10	7.02	70.96	73.20	2	26.60
438.131	32.46	2.99	96.88	10.17	6.90	70.10	72.40	2	26.60
438.191	32.70	2.97	96.97	10.05	7.06	70.99	73.20	2	26.10
438.295	31.72	3.07	97.41	10.10	7.06	71.29	73.20	2	28.10
438.440	31.01	3.14	97.45	10.07	7.23	72.85	74.80	2	27.60
438.500	30.86	3.15	97.20	10.14	6.99	70.87	72.90	2	27.10
438.604	32.19	3.01	96.79	10.08	7.11	71.74	74.10	2	25.60
438.749	31.62	3.06	96.84	10.11	7.11	71.91	74.30	2	25.60
438.809	32.32	2.98	96.45	10.16	7.14	72.57	75.20	2	27.60
438.913	31.88	3.04	96.80	10.12	7.13	72.13	74.50	2	27.10
439.058	31.46	3.11	97.80	10.05	7.27	73.05	74.70	2	26.60
439.118	31.16	3.13	97.55	10.14	7.10	72.01	73.80	2	27.60
439.222	31.62	3.06	96.83	10.10	7.17	72.38	74.80	2	27.10
439.367	32.50	2.98	96.78	10.16	7.09	72.04	74.40	2	27.60
439.427	31.82	3.05	97.11	10.14	7.12	72.16	74.30	2	26.10
439.531	32.07	3.02	96.79	10.11	7.15	72.32	74.70	2	28.10
439.676	31.35	3.12	97.83	10.12	7.11	71.94	73.50	2	27.10
439.736	31.47	3.11	97.75	10.05	7.26	72.97	74.70	2	26.60
439.840	31.75	3.07	97.37	10.07	7.19	72.39	74.30	2	27.60
439.985	30.92	3.15	97.40	10.19	7.07	72.02	73.90	2	27.10
440.045	31.35	3.11	97.48	10.16	7.07	71.83	73.70	2	27.60
440.149	31.94	3.01	96.15	10.19	7.06	71.94	74.80	2	27.10
440.294	31.64	3.07	97.03	10.12	7.19	72.76	75.00	2	28.10
440.354	31.36	3.10	97.10	10.16	7.00	71.17	73.30	2	28.10
440.458	31.72	3.05	96.82	10.10	7.04	71.15	73.50	2	26.10
440.603	31.08	3.12	97.09	10.10	7.09	71.61	73.80	2	28.60
440.663	30.50	3.17	96.72	10.09	7.20	72.68	75.10	2	28.10
440.767	31.27	3.11	97.26	10.09	7.10	71.63	73.60	2	26.60
440.912	32.60	2.92	95.03	9.99	7.13	71.20	74.90	2	26.10
440.972	32.94	2.89	95.03	9.94	7.16	71.10	74.80	2	27.10
441.076	30.93	3.11	96.13	9.99	7.24	72.32	75.20	2	29.10
441.221	31.92	3.03	96.63	10.01	7.03	70.33	72.80	2	26.10
441.281	31.58	3.06	96.76	10.01	7.14	71.48	73.90	2	29.10
441.385	30.01	3.20	96.10	10.08	7.04	71.02	73.90	2	27.60
441.530	32.31	2.98	96.19	10.18	6.96	70.89	73.70	2	26.10
441.590	32.18	3.00	96.60	10.11	6.99	70.68	73.20	2	27.10
441.694	31.45	3.10	97.39	10.07	7.21	72.53	74.50	2	28.10
441.839	31.67	3.10	98.17	10.14	7.19	72.96	74.30	2	26.60
441.899	32.00	3.06	97.99	10.13	7.09	71.80	73.30	2	27.60
442.003	31.32	3.12	97.84	10.15	7.15	72.52	74.10	2	28.10
442.148	31.18	3.14	97.96	10.17	7.13	72.50	74.00	2	28.10
442.208	31.82	3.07	97.57	10.16	7.07	71.87	73.70	2	27.10
442.312	30.55	3.18	97.01	10.13	7.01	71.08	73.30	2	28.60
442.457	31.50	3.09	97.38	10.16	6.96	70.68	72.60	2	26.60
442.517	31.41	3.10	97.51	10.14	7.09	71.84	73.70	2	28.60
442.621	30.39	3.20	97.13	10.10	7.10	71.67	73.80	2	28.10
442.766	31.84	3.07	97.67	10.16	7.09	72.00	73.70	2	26.60
442.826	32.15	3.04	97.63	10.12	7.15	72.31	74.10	2	26.60
442.930	31.78	3.05	97.03	10.14	7.06	71.56	73.70	2	27.10
443.075	32.32	3.02	97.72	10.16	7.15	72.61	74.30	2	26.60
443.135	31.82	3.07	97.66	10.13	7.17	72.62	74.40	2	28.10
443.239	31.92	3.06	97.75	10.20	6.99	71.28	72.90	2	26.10
443.384	32.49	3.00	97.33	10.09	7.17	72.37	74.40	2	27.60
443.444	31.19	3.10	96.82	10.10	7.07	71.41	73.80	2	28.10
443.548	31.42	3.12	97.88	10.12	7.18	72.65	74.20	2	27.60
443.693	31.77	3.09	98.04	10.20	7.09	72.30	73.70	2	28.10
443.753	31.35	3.13	98.14	10.21	7.23	73.78	75.20	2	27.60
443.857	31.62	3.09	97.56	10.16	7.15	72.63	74.40	2	27.60
444.002	32.35	3.03	97.93	10.16	7.07	71.82	73.30	2	26.60
444.062	31.88	3.07	97.89	10.12	7.12	72.03	73.60	2	27.60
444.166	31.27	3.14	98.29	10.16	7.08	71.90	73.10	2	27.60
444.311	32.09	3.03	97.35	10.14	7.06	71.64	73.60	2	26.60
444.371	32.08	3.05	97.72	10.16	7.14	72.57	74.30	2	26.10
444.475	32.11	3.05	97.87	10.15	7.10	72.08	73.60	2	27.60
444.620	31.53	3.11	98.08	10.08	7.20	72.60	74.00	2	26.60
444.680	32.07	3.05	97.87	10.15	7.22	73.26	74.90	2	26.60
444.784	31.14	3.14	97.79	10.18	7.09	72.17	73.80	2	28.10
444.929	31.90	3.08	98.17	10.23	7.10	72.61	74.00	2	27.60
444.989	31.47	3.14	98.68	10.22	7.16	73.12	74.10	2	28.10
445.093	30.94	3.16	97.86	10.20	7.10	72.40	74.00	2	28.10
445.238	31.14	3.16	98.26	10.13	7.21	73.05	74.30	2	26.10
445.298	31.57	3.08	97.35	10.23	6.91	70.71	72.60	2	26.60
445.402	32.22	3.03	97.59	10.13	7.15	72.38	74.20	2	27.60
445.547	31.77	3.06	97.28	10.18	7.02	71.49	73.50	2	27.10
445.607	31.63	3.09	97.60	10.18	7.09	72.21	74.00	2	26.60
445.711	32.18	3.03	97.51	10.14	7.23	73.31	75.20	2	28.10
445.856	30.88	3.18	98.08	10.24	6.94	71.05	72.40	2	28.10
445.916	31.30	3.12	97.77	10.15	7.05	71.51	73.10	2	26.60
446.020	32.42	3.00	97.32	10.13	7.08	71.71	73.70	2	27.10
446.165	30.85	3.15	97.28	10.10	7.11	71.89	73.90	2	29.10
446.225	30.89	3.15	97.34	10.07	7.19	72.45	74.40	2	26.10
446.329	31.76	3.07	97.62	10.12	7.11	71.97	73.70	2	27.60
446.474	31.45	3.12	98.21	10.17	7.26	73.87	75.20	2	28.60
446.534	30.83	3.18	97.91	10.18	7.00	71.22	72.70	2	27.60
446.638	30.91	3.16	97.77	10.18	7.09	72.22	73.90	2	28.60
446.783	30.90	3.17	97.89	10.18	7.14	72.61	74.20	2	28.10
446.843	31.65	3.08	97.60	10.23	6.99	71.58	73.30	2	27.10
446.947	32.16	3.03	97.37	10.10	7.20	72.73	74.70	2	27.60
447.092	30.94	3.15	97.40	10.15	6.96	70.64	72.50	2	27.10
447.152	31.69	3.07	97.40	10.12	7.07	71.51	73.40	2	27.60
447.256	32.21	3.03	97.65	10.12	7.18	72.68	74.40	2	25.60
447.401	31.48	3.08	96.92	10.08	7.20	72.52	74.80	2	28.60
447.461	30.83	3.15	97.07	10.08	7.17	72.21	74.40	2	27.60
447.565	31.77	3.06	97.27	10.14	7.11	72.13	74.10	2	27.10
447.710	32.67	2.97	96.92	10.12	7.09	71.81	74.10	2	26.10
447.770	33.19	2.89	95.99	10.13	7.07	71.62	74.60	2	26.60
447.874	31.84	3.06	97.51	10.15	7.12	72.32	74.20	2	27.10
448.019	30.83	3.18	97.96	10.19	7.03	71.64	73.10	2	28.10
448.079	31.07	3.14	97.64	10.15	7.10	72.03	73.80	2	27.10
448.183	31.31	3.11	97.24	10.16	7.13	72.39	74.40	2	28.10
448.328	30.61	3.18	97.48	10.16	7.20	73.12	75.00	2	27.10
448.388	31.31	3.10	96.97	10.17	6.97	70.90	73.10	2	28.10
448.492	30.54	3.19	97.29	10.14	7.18	72.77	74.80	2	28.10
448.637	31.40	3.09	97.10	10.12	7.14	72.26	74.40	2	27.10
448.697	32.29	3.02	97.58	10.15	7.06	71.62	73.40	2	26.10
448.801	32.14	3.03	97.35	10.15	7.21	73.14	75.10	2	27.10
448.946	31.69	3.08	97.60	10.22	6.94	70.89	72.60	2	26.60
449.006	32.07	3.03	97.31	10.21	6.98	71.28	73.20	2	26.60
449.110	31.87	3.06	97.62	10.16	7.11	72.18	73.90	2	28.10
449.255	31.83	3.08	98.20	10.16	7.24	73.56	74.90	2	27.60
449.315	31.64	3.11	98.56	10.19	7.13	72.59	73.70	2	28.10
449.419	31.44	3.12	98.12	10.21	7.00	71.50	72.90	2	27.60
449.564	31.66	3.11	98.33	10.24	7.14	73.14	74.40	2	27.10
449.624	31.86	3.09	98.36	10.18	7.25	73.84	75.10	2	27.10
449.728	31.55	3.10	97.93	10.15	7.19	72.97	74.50	2	27.60
449.873	31.75	3.09	98.10	10.19	7.14	72.69	74.10	2	26.10
449.933	31.92	3.07	98.15	10.19	7.15	72.90	74.30	2	28.10
450.037	31.85	3.09	98.43	10.13	7.19	72.80	74.00	2	27.60
450.182	31.27	3.13	97.82	10.23	7.10	72.70	74.30	2	27.60
450.242	31.44	3.10	97.50	10.20	7.04	71.78	73.60	2	27.60
450.346	31.60	3.10	98.02	10.18	7.14	72.67	74.10	2	27.10
450.491	31.87	3.06	97.52	10.14	7.26	73.60	75.50	2	27.60
450.551	31.08	3.13	97.40	10.20	7.26	74.00	76.00	2	28.10
450.655	32.05	3.03	97.20	10.18	7.09	72.13	74.20	2	26.60
450.800	30.55	3.18	97.11	10.20	6.97	71.09	73.20	2	29.10
450.860	30.70	3.17	97.44	10.12	7.14	72.22	74.10	2	26.10
450.964	32.33	2.95	95.32	10.04	7.07	71.03	74.50	2	25.60
451.109	33.00	2.91	95.87	10.02	7.14	71.55	74.60	2	27.10
451.169	32.46	3.00	97.38	10.11	6.93	70.07	72.00	2	28.10
451.273	30.47	3.19	97.09	10.07	7.09	71.41	73.60	2	28.10
451.418	30.88	3.16	97.67	10.19	7.09	72.23	74.00	2	27.10
451.478	31.58	3.09	97.65	10.22	7.13	72.91	74.70	2	27.10
451.582	32.66	2.94	96.17	10.16	7.16	72.79	75.70	2	26.10
451.727	31.12	3.12	97.14	10.17	7.08	71.98	74.10	2	29.60
451.787	30.31	3.19	96.60	10.15	7.02	71.25	73.80	2	27.60
451.891	31.49	3.08	96.84	10.13	7.07	71.60	73.90	2	26.10
452.036	31.85	3.05	97.08	10.19	7.13	72.66	74.80	2	26.60
452.096	31.81	3.04	96.83	10.19	7.05	71.88	74.20	2	28.10
452.200	30.07	3.21	96.52	10.11	7.09	71.72	74.30	2	28.60
452.345	31.20	3.12	97.21	10.26	6.94	71.26	73.30	2	27.10
452.405	31.83	3.07	97.70	10.14	7.14	72.34	74.10	2	27.60
452.509	31.18	3.12	97.16	10.20	7.05	71.97	74.10	2	28.10
452.654	31.44	3.10	97.61	10.18	7.07	72.02	73.80	2	28.60
452.714	30.78	3.16	97.30	10.19	7.04	71.82	73.80	2	28.10
452.818	31.58	3.08	97.14	10.15	6.99	71.01	73.10	2	27.10
452.963	31.57	3.08	97.14	10.11	7.17	72.47	74.60	2	27.60
453.023	31.46	3.11	97.71	10.13	7.20	72.94	74.70	2	27.10
453.127	30.60	3.16	96.81	10.12	6.98	70.65	73.00	2	28.60
453.272	32.23	2.98	95.94	10.08	7.15	72.15	75.20	2	26.10
453.332	32.24	2.98	95.91	10.08	7.01	70.70	73.70	2	28.10
453.436	29.71	3.20	95.01	10.01	7.01	70.11	73.80	2	29.60
453.581	31.28	3.09	96.71	9.98	7.29	72.74	75.20	2	25.60
453.641	32.17	2.99	96.27	9.98	7.25	72.38	75.20	2	25.60
453.745	31.20	3.10	96.63	10.11	7.05	71.29	73.80	2	27.60
453.890	30.95	3.16	97.77	10.08	7.15	72.09	73.70	2	28.10
453.950	31.44	3.12	98.07	10.16	7.21	73.32	74.80	2	28.10
454.054	31.79	3.07	97.63	10.19	6.98	71.18	72.90	2	27.10
454.199	32.03	3.05	97.85	10.15	7.21	73.18	74.80	2	26.60
454.259	32.32	3.03	98.02	10.10	7.23	72.96	74.40	2	26.60
454.363	31.45	3.12	98.01	10.14	7.14	72.33	73.80	2	28.60
454.508	30.77	3.16	97.30	10.18	7.03	71.59	73.60	2	28.10
454.568	31.23	3.13	97.88	10.25	6.95	71.27	72.80	2	27.10
454.672	31.80	3.08	97.96	10.21	7.04	71.90	73.40	2	27.10
454.817	32.60	2.99	97.44	10.17	7.14	72.64	74.50	2	26.10
454.877	32.81	2.93	96.08	10.14	7.03	71.30	74.20	2	26.10
454.981	31.38	3.10	97.13	10.17	7.01	71.33	73.40	2	29.60
455.126	31.98	3.04	97.29	10.09	7.02	70.81	72.80	2	25.60
455.186	32.53	2.96	96.40	10.03	7.11	71.37	74.00	2	27.10
455.290	31.07	3.13	97.24	10.05	7.18	72.21	74.30	2	28.10
455.435	32.15	3.02	97.07	10.13	7.18	72.72	74.90	2	28.10
455.495	30.86	3.15	97.16	10.12	6.97	70.56	72.60	2	27.60
455.599	31.61	3.07	97.17	10.14	7.06	71.55	73.60	2	27.10
455.744	31.88	3.07	97.76	10.17	7.17	72.95	74.60	2	26.60
455.804	31.89	3.07	97.95	10.19	7.25	73.89	75.40	2	26.60
455.908	32.17	3.05	98.28	10.18	7.07	71.96	73.20	2	27.10
456.053	31.93	3.09	98.56	10.26	7.05	72.29	73.30	2	26.60
456.113	31.81	3.10	98.55	10.17	7.20	73.19	74.30	2	27.60
456.217	32.60	2.99	97.55	10.18	7.17	73.02	74.90	2	26.60
456.362	31.06	3.15	97.94	10.19	7.09	72.30	73.80	2	28.10
456.422	31.43	3.11	97.64	10.28	6.92	71.10	72.80	2	27.60
456.526	31.55	3.10	97.94	10.30	6.86	70.66	72.10	2	27.10
456.671	32.14	3.05	98.16	10.25	7.14	73.13	74.50	2	27.10
456.731	31.81	3.09	98.33	10.18	7.20	73.28	74.50	2	27.10
456.835	32.44	3.00	97.27	10.13	7.11	71.97	74.00	2	27.10
456.980	31.55	3.10	97.80	10.12	7.08	71.67	73.30	2	25.60
457.040	31.85	3.06	97.59	10.21	6.89	70.38	72.10	2	28.60
457.144	31.98	3.03	96.99	10.17	7.05	71.74	74.00	2	27.10
457.289	30.89	3.17	97.83	10.22	7.00	71.55	73.10	2	27.60
457.349	31.21	3.15	98.21	10.15	7.13	72.41	73.70	2	27.10
457.453	31.90	3.06	97.74	10.17	7.04	71.52	73.20	2	26.60
457.598	32.06	3.03	97.17	10.20	7.03	71.71	73.80	2	26.60
457.658	32.36	3.01	97.25	10.19	7.09	72.26	74.30	2	26.10
457.762	32.63	2.99	97.46	10.16	7.15	72.71	74.60	2	27.10
457.907	31.77	3.10	98.35	10.20	7.02	71.64	72.80	2	27.60
457.967	31.82	3.09	98.28	10.16	7.09	72.07	73.30	2	26.60
458.071	31.59	3.08	97.39	10.21	7.00	71.47	73.40	2	28.10
458.216	31.52	3.09	97.54	10.17	7.01	71.35	73.20	2	27.10
458.276	31.85	3.06	97.59	10.15	7.08	71.90	73.70	2	26.60
458.380	32.58	2.99	97.56	10.15	7.16	72.73	74.60	2	27.10
458.525	31.30	3.12	97.81	10.15	7.18	72.87	74.50	2	28.10
458.585	31.22	3.14	97.93	10.18	7.13	72.57	74.10	2	28.10
458.689	30.95	3.15	97.61	10.15	7.09	71.96	73.70	2	28.60
458.834	31.64	3.09	97.63	10.20	7.05	71.88	73.60	2	26.60
458.894	32.18	3.03	97.47	10.17	7.12	72.41	74.30	2	27.10
458.998	31.13	3.14	97.90	10.21	7.11	72.60	74.20	2	27.60
459.143	32.02	3.05	97.76	10.18	7.05	71.76	73.40	2	26.60
459.203	31.85	3.06	97.42	10.14	7.01	71.14	73.00	2	28.60
459.307	31.45	3.10	97.48	10.15	7.02	71.29	73.10	2	25.60
459.452	31.58	3.07	96.81	10.10	7.12	71.93	74.30	2	27.60
459.512	31.75	3.05	96.88	10.16	7.11	72.21	74.50	2	26.60
459.616	31.10	3.13	97.33	10.15	7.16	72.66	74.70	2	29.10
459.761	30.71	3.16	97.09	10.15	7.01	71.16	73.30	2	29.10
459.821	30.77	3.15	97.01	10.08	7.21	72.62	74.90	2	26.10
459.925	32.13	3.02	97.10	10.06	7.16	72.07	74.20	2	27.10
460.070	31.88	3.07	97.73	10.13	7.15	72.40	74.10	2	27.10
460.130	31.38	3.12	97.95	10.13	7.23	73.20	74.70	2	28.60
460.234	31.37	3.11	97.65	10.18	7.10	72.28	74.00	2	27.60
460.379	31.27	3.13	97.93	10.18	7.01	71.34	72.80	2	27.60
460.439	31.26	3.14	98.01	10.17	7.08	71.95	73.40	2	26.60
460.543	31.18	3.11	97.05	10.20	7.03	71.67	73.90	2	27.10
460.688	30.42	3.19	97.17	10.19	7.04	71.69	73.80	2	28.10
460.748	31.45	3.08	96.99	10.27	6.85	70.34	72.50	2	27.10
460.852	31.89	3.06	97.44	10.23	7.03	71.90	73.80	2	26.60
460.997	31.67	3.08	97.42	10.18	7.11	72.35	74.30	2	28.60
461.057	30.87	3.14	96.80	10.20	7.06	71.99	74.40	2	27.60
461.161	31.91	3.05	97.44	10.14	7.08	71.77	73.70	2	27.60
461.306	31.30	3.12	97.57	10.19	7.06	71.97	73.80	2	27.10
461.366	31.94	3.04	97.14	10.18	7.00	71.23	73.30	2	26.60
461.470	31.94	3.07	97.96	10.19	7.13	72.68	74.20	2	27.10
461.615	30.88	3.16	97.61	10.19	7.13	72.69	74.50	2	27.60
461.675	31.47	3.11	97.82	10.18	7.11	72.38	74.00	2	27.60
461.779	30.60	3.17	97.11	10.16	7.06	71.67	73.80	2	28.60
461.924	31.74	3.08	97.74	10.23	6.88	70.34	72.00	2	27.60
461.984	32.05	3.04	97.39	10.16	7.07	71.79	73.70	2	27.10
462.088	32.43	3.01	97.57	10.17	7.18	73.05	74.90	2	26.60
462.233	31.59	3.10	98.01	10.19	7.18	73.14	74.60	2	26.60
462.293	31.33	3.12	97.80	10.24	7.05	72.19	73.80	2	29.10
462.397	31.14	3.11	96.70	10.16	7.07	71.85	74.30	2	26.60
462.542	30.51	3.17	96.81	10.15	6.99	70.96	73.30	2	28.60
462.602	30.50	3.18	97.14	10.14	7.12	72.19	74.30	2	26.60
462.706	31.22	3.12	97.29	10.13	7.08	71.78	73.80	2	28.10
462.851	31.32	3.12	97.72	10.13	7.14	72.31	74.00	2	27.60
462.911	31.03	3.16	98.01	10.15	7.10	72.07	73.50	2	28.10
463.015	31.80	3.05	97.15	10.14	7.06	71.59	73.70	2	26.60
463.160	32.74	2.96	96.77	10.15	7.00	71.07	73.40	2	27.10
463.220	32.33	2.99	96.82	10.12	7.06	71.51	73.90	2	26.60
463.324	30.86	3.14	96.99	10.09	7.07	71.32	73.50	2	28.10
463.469	31.75	3.06	97.27	10.19	6.97	71.02	73.00	2	27.60
463.529	31.37	3.11	97.59	10.20	7.08	72.17	74.00	2	28.10
463.633	31.07	3.14	97.48	10.15	7.15	72.57	74.40	2	27.60
463.778	31.18	3.15	98.10	10.19	7.19	73.21	74.60	2	27.10
463.838	31.54	3.12	98.29	10.18	7.24	73.74	75.00	2	27.60
463.942	31.69	3.10	98.08	10.17	7.26	73.81	75.30	2	26.10
464.087	31.89	3.06	97.45	10.11	7.27	73.50	75.40	2	28.10
464.147	30.92	3.15	97.47	10.13	7.17	72.67	74.60	2	28.60
464.251	31.04	3.16	97.93	10.14	7.17	72.70	74.20	2	27.10
464.396	31.51	3.10	97.73	10.15	7.13	72.32	74.00	2	27.60
464.456	31.07	3.13	97.20	10.11	7.14	72.16	74.20	2	28.10
464.560	30.78	3.17	97.43	10.18	6.96	70.83	72.70	2	27.10
464.705	32.38	2.97	96.31	10.08	7.16	72.21	75.00	2	25.10
464.765	32.95	2.86	94.39	10.10	6.84	69.08	73.20	2	26.10
464.869	30.95	3.10	95.91	10.09	7.00	70.62	73.60	2	28.60
465.014	32.20	2.99	96.15	10.04	7.12	71.50	74.40	2	26.10
465.074	32.32	2.98	96.33	10.08	7.13	71.87	74.60	2	28.10
465.178	31.84	3.05	97.26	10.13	7.02	71.16	73.20	2	27.10
465.323	32.07	3.03	97.30	10.18	7.14	72.71	74.70	2	26.60
465.383	32.32	3.01	97.33	10.10	7.25	73.22	75.20	2	27.10
465.487	31.13	3.14	97.84	10.13	7.18	72.72	74.30	2	28.10
465.632	30.80	3.17	97.57	10.13	7.22	73.14	75.00	2	26.60
465.692	31.81	3.06	97.27	10.15	7.15	72.63	74.70	2	25.60
465.796	32.49	2.96	96.17	10.05	7.20	72.35	75.20	2	27.60
465.941	30.28	3.19	96.69	10.15	7.03	71.34	73.80	2	28.60
466.001	29.50	3.25	95.91	10.08	7.04	71.01	74.00	2	29.10
466.105	29.63	3.26	96.49	10.08	7.01	70.64	73.20	2	26.60
466.250	31.99	3.03	97.08	10.12	7.12	71.98	74.10	2	27.60
466.310	30.75	3.17	97.37	10.10	7.19	72.61	74.60	2	29.60
466.414	31.19	3.10	96.53	10.14	7.13	72.27	74.90	2	26.60
466.559	32.11	3.00	96.40	10.17	6.96	70.75	73.40	2	26.10
466.619	32.65	2.95	96.16	10.11	7.08	71.53	74.40	2	27.10
466.723	31.12	3.12	97.14	10.12	7.06	71.50	73.60	2	28.60
466.868	31.13	3.13	97.35	10.15	7.10	72.02	74.00	2	28.10
466.928	31.56	3.08	97.23	10.20	7.09	72.31	74.40	2	27.10
467.032	31.91	3.03	96.77	10.23	6.96	71.16	73.50	2	27.60
467.177	31.94	3.04	97.14	10.29	6.85	70.53	72.60	2	27.10
467.237	31.48	3.08	97.05	10.20	7.05	71.88	74.10	2	27.60
467.341	31.84	3.05	97.07	10.17	7.15	72.68	74.90	2	27.10
467.486	31.85	3.05	97.27	10.24	7.13	73.00	75.00	2	27.60
467.546	31.44	3.09	97.14	10.21	7.16	73.15	75.30	2	26.60
467.650	30.85	3.15	97.12	10.21	7.20	73.53	75.70	2	27.60
467.795	32.17	3.01	96.73	10.16	7.17	72.83	75.30	2	27.10
467.855	32.10	3.03	97.21	10.19	7.20	73.32	75.40	2	28.10
467.959	30.37	3.19	96.96	10.14	7.18	72.85	75.10	2	28.60
468.104	31.51	3.11	97.98	10.21	7.14	72.96	74.50	2	27.60
468.164	31.38	3.11	97.53	10.22	7.01	71.68	73.50	2	27.10
468.268	31.94	3.06	97.63	10.24	7.05	72.17	73.90	2	26.60
468.413	31.73	3.08	97.62	10.16	7.11	72.22	74.00	2	28.10
468.473	31.20	3.13	97.76	10.18	7.07	71.99	73.60	2	27.10
468.577	31.65	3.09	97.76	10.13	7.23	73.26	74.90	2	26.10
468.722	33.02	2.92	96.45	10.08	7.15	72.03	74.70	2	25.60
468.782	32.99	2.93	96.76	10.05	7.14	71.70	74.10	2	27.60
468.886	30.96	3.14	97.10	10.09	7.06	71.26	73.40	2	28.10
469.031	30.85	3.16	97.51	10.12	7.08	71.62	73.40	2	28.10
469.091	30.28	3.22	97.50	10.09	7.12	71.85	73.70	2	27.60
469.195	31.22	3.14	97.98	10.08	7.15	72.14	73.60	2	27.10
469.340	32.24	3.03	97.73	10.10	7.16	72.36	74.00	2	27.10
469.400	32.21	3.04	97.97	10.09	7.03	70.92	72.40	2	28.10
469.504	31.07	3.16	98.13	10.12	7.05	71.40	72.80	2	27.60
469.649	31.17	3.15	98.20	10.14	7.06	71.61	72.90	2	27.60
469.709	31.58	3.12	98.55	10.12	7.11	71.93	73.00	2	26.60
469.813	31.94	3.07	98.06	10.11	7.20	72.83	74.30	2	26.60
469.958	31.05	3.15	97.91	10.11	7.25	73.35	74.90	2	27.10
470.018	30.87	3.17	97.94	10.12	7.23	73.21	74.70	2	27.10
470.122	31.13	3.15	97.94	10.16	7.18	72.96	74.50	2	27.10
470.267	32.07	3.05	97.72	10.17	7.16	72.76	74.50	2	26.10
470.327	31.86	3.06	97.56	10.20	7.09	72.33	74.10	2	27.60
470.431	31.19	3.14	98.03	10.20	7.10	72.40	73.90	2	27.10
470.576	31.79	3.08	98.02	10.20	7.19	73.30	74.80	2	26.60
470.636	31.70	3.11	98.52	10.19	7.19	73.26	74.40	2	28.60
470.740	31.54	3.10	97.87	10.19	7.00	71.33	72.90	2	26.10
470.885	31.67	3.10	98.26	10.20	7.13	72.70	74.00	2	28.60
470.945	30.46	3.19	97.23	10.13	7.02	71.05	73.10	2	28.60
471.049	31.60	3.09	97.54	10.16	6.93	70.41	72.20	2	26.10
471.194	31.27	3.12	97.51	10.12	7.17	72.62	74.50	2	28.60
471.254	30.77	3.18	97.73	10.16	7.04	71.57	73.20	2	28.10
471.358	32.17	3.05	97.99	10.14	7.10	72.03	73.50	2	27.10
