566.667	15.40	4.14	63.69	8.23	4.58	37.69	59.20	1	55.00
566.727	11.80	4.38	51.68	7.57	4.03	30.54	59.10	1	45.00
566.831	12.80	4.35	55.69	7.26	5.05	36.68	65.90	1	35.00
566.975	27.79	3.03	84.24	8.21	6.54	53.66	63.70	1	15.00
567.035	33.20	1.74	57.82	6.56	4.29	28.12	48.60	1	10.00
567.139	33.80	1.98	67.03	6.82	5.59	38.13	56.90	1	25.00
567.283	34.37	2.36	81.15	8.10	6.86	55.57	68.50	1	28.50
567.343	30.73	2.85	87.57	8.59	6.99	60.03	68.60	1	29.00
567.447	24.53	3.25	79.69	8.61	5.98	51.54	64.70	1	29.00
567.592	26.59	3.34	88.89	9.31	6.59	61.40	69.10	1	29.10
567.652	27.14	3.34	90.78	9.43	7.04	66.35	73.10	1	29.10
567.756	27.30	3.35	91.47	9.66	6.90	66.73	73.00	1	29.50
567.901	27.69	3.36	93.09	9.86	6.92	68.23	73.30	1	29.80
567.961	27.71	3.36	93.08	9.87	7.04	69.43	74.60	1	29.60
568.065	27.85	3.36	93.48	9.79	7.07	69.25	74.10	1	29.50
568.210	28.29	3.35	94.65	9.96	6.99	69.60	73.50	1	29.10
568.270	28.62	3.34	95.66	9.99	7.13	71.28	74.50	1	29.00
568.374	29.11	3.31	96.28	10.08	7.08	71.33	74.10	1	28.70
568.519	29.76	3.28	97.49	10.18	7.00	71.28	73.10	1	28.40
568.579	29.84	3.27	97.52	10.18	6.90	70.31	72.10	1	28.20
568.683	30.25	3.25	98.19	10.20	7.10	72.38	73.70	1	28.20
568.828	30.61	3.21	98.28	10.29	6.95	71.50	72.80	1	28.10
568.888	30.79	3.20	98.55	10.29	7.02	72.19	73.30	1	27.90
568.992	30.86	3.20	98.66	10.26	7.16	73.47	74.50	1	27.60
569.137	31.52	3.15	99.33	10.29	7.03	72.33	72.80	1	27.50
569.197	31.57	3.13	98.90	10.27	7.06	72.48	73.30	1	27.60
569.301	31.37	3.16	99.17	10.28	7.01	72.05	72.70	1	27.80
569.446	31.34	3.15	98.88	10.35	6.94	71.85	72.70	1	27.80
569.506	31.30	3.16	98.96	10.32	7.05	72.74	73.50	1	27.60
569.610	31.28	3.16	98.85	10.23	7.10	72.62	73.50	1	27.60
569.755	31.09	3.17	98.55	10.25	7.15	73.28	74.40	1	27.60
569.815	31.10	3.17	98.49	10.31	7.19	74.08	75.20	1	27.80
569.919	31.17	3.16	98.36	10.26	7.16	73.50	74.70	1	27.60
570.064	31.47	3.15	99.11	10.31	7.08	73.01	73.70	1	27.60
570.124	31.48	3.15	99.14	10.28	7.13	73.29	73.90	1	27.80
570.228	31.33	3.15	98.81	10.26	7.13	73.12	74.00	1	27.60
570.373	31.29	3.16	98.78	10.25	7.25	74.36	75.30	1	27.60
570.433	31.49	3.14	98.82	10.25	7.21	73.90	74.80	1	27.50
570.537	31.73	3.12	98.98	10.20	7.20	73.47	74.20	1	27.30
570.682	31.64	3.11	98.53	10.24	7.14	73.10	74.20	1	27.50
570.742	31.67	3.14	99.31	10.25	7.15	73.24	73.80	1	27.60
570.846	31.45	3.14	98.64	10.26	7.04	72.19	73.20	1	27.50
570.991	31.33	3.13	98.17	10.21	7.26	74.12	75.50	1	27.60
571.051	31.42	3.14	98.54	10.22	7.24	73.96	75.10	1	27.50
571.155	31.71	3.12	99.03	10.18	7.33	74.68	75.40	1	27.30
571.300	32.01	3.12	99.88	10.22	7.11	72.70	72.80	1	27.50
571.360	31.84	3.11	99.14	10.21	7.23	73.81	74.50	1	27.50
571.464	31.83	3.11	99.05	10.19	7.17	73.02	73.70	1	27.30
571.609	31.50	3.13	98.65	10.19	7.23	73.69	74.70	1	27.50
571.669	31.45	3.15	98.97	10.22	7.12	72.72	73.50	1	27.50
571.773	31.42	3.15	98.82	10.25	7.02	72.00	72.90	1	27.60
571.918	31.57	3.12	98.51	10.27	7.05	72.39	73.50	1	27.50
571.978	31.19	3.15	98.19	10.23	7.21	73.74	75.10	1	27.60
572.082	31.25	3.16	98.65	10.25	7.19	73.65	74.70	1	27.60
572.227	31.25	3.17	98.96	10.28	7.05	72.40	73.20	1	27.80
572.287	31.02	3.17	98.28	10.19	7.13	72.66	73.90	1	27.60
572.391	31.18	3.17	98.68	10.26	7.13	73.19	74.20	1	27.80
572.536	31.22	3.17	98.88	10.26	7.23	74.19	75.00	1	27.90
572.596	31.16	3.18	99.01	10.26	7.14	73.23	74.00	1	27.90
572.700	31.05	3.19	99.05	10.27	7.16	73.53	74.20	1	27.90
572.845	30.99	3.20	99.20	10.24	7.13	73.04	73.60	1	27.90
572.905	30.73	3.20	98.39	10.27	7.16	73.56	74.80	1	27.90
573.009	31.15	3.18	99.08	10.29	7.09	72.95	73.60	1	27.60
573.154	31.40	3.14	98.74	10.26	7.12	73.04	74.00	1	27.60
573.214	31.37	3.15	98.70	10.26	7.16	73.44	74.40	1	27.60
573.318	31.52	3.14	98.86	10.31	7.13	73.42	74.30	1	27.60
573.463	31.43	3.17	99.65	10.21	7.24	73.92	74.20	1	27.80
573.523	31.25	3.18	99.45	10.26	7.10	72.88	73.30	1	27.90
573.627	31.04	3.18	98.86	10.26	7.19	73.84	74.70	1	27.90
573.772	31.04	3.19	98.96	10.20	7.08	72.15	72.90	1	27.90
573.832	30.97	3.20	99.13	10.20	7.23	73.71	74.40	1	28.10
573.936	30.79	3.21	98.68	10.22	7.18	73.41	74.40	1	27.90
574.081	31.01	3.20	99.18	10.24	7.24	74.20	74.80	1	27.80
574.141	30.94	3.18	98.36	10.23	7.23	73.97	75.20	1	27.80
574.245	30.84	3.20	98.54	10.19	7.23	73.63	74.70	1	27.90
574.390	30.78	3.20	98.53	10.27	7.06	72.52	73.60	1	27.90
574.450	30.80	3.20	98.55	10.24	7.13	72.99	74.10	1	27.90
574.554	30.90	3.21	99.15	10.28	7.07	72.61	73.20	1	27.80
574.699	30.98	3.19	98.92	10.25	7.12	73.01	73.80	1	27.90
574.759	30.74	3.21	98.58	10.22	7.22	73.81	74.90	1	27.90
574.863	30.78	3.21	98.81	10.23	7.19	73.56	74.40	1	27.90
575.008	31.05	3.20	99.26	10.27	7.19	73.80	74.40	1	28.10
575.068	30.69	3.21	98.65	10.24	7.16	73.37	74.40	1	28.10
575.172	30.88	3.20	98.71	10.24	7.23	74.03	75.00	1	27.90
575.317	30.94	3.18	98.33	10.31	7.11	73.28	74.50	1	27.90
575.377	30.79	3.19	98.19	10.30	7.02	72.29	73.60	1	27.90
575.481	30.93	3.19	98.53	10.27	7.12	73.13	74.20	1	27.90
575.626	31.06	3.17	98.51	10.29	7.12	73.28	74.40	1	27.80
575.686	31.03	3.17	98.45	10.23	7.25	74.13	75.30	1	27.80
575.790	30.88	3.20	98.71	10.27	7.02	72.14	73.10	1	28.10
575.935	30.79	3.20	98.63	10.16	7.35	74.69	75.70	1	27.90
575.995	30.83	3.19	98.47	10.21	7.24	73.92	75.10	1	27.90
576.099	30.98	3.19	98.80	10.29	7.10	73.04	73.90	1	27.90
576.244	30.86	3.19	98.59	10.28	7.09	72.92	74.00	1	27.90
576.304	31.01	3.19	99.06	10.29	7.12	73.21	73.90	1	27.90
576.408	30.96	3.20	99.05	10.26	7.21	74.00	74.70	1	28.10
576.553	30.87	3.20	98.65	10.25	7.07	72.46	73.40	1	27.80
576.613	31.08	3.19	99.00	10.26	7.13	73.21	74.00	1	27.80
576.717	31.24	3.16	98.83	10.26	7.12	73.06	73.90	1	27.60
576.862	31.20	3.18	99.10	10.25	7.13	73.02	73.70	1	27.90
576.922	30.94	3.20	98.92	10.25	7.26	74.42	75.20	1	28.10
577.026	30.92	3.20	99.03	10.24	7.15	73.21	73.90	1	27.90
577.171	30.99	3.19	98.75	10.25	7.20	73.79	74.70	1	27.80
577.231	30.90	3.21	99.25	10.24	7.26	74.37	74.90	1	27.90
577.335	30.83	3.21	98.87	10.21	7.15	73.02	73.80	1	27.90
577.480	31.09	3.21	99.67	10.21	7.24	73.94	74.20	1	27.80
577.540	31.12	3.19	99.34	10.21	7.22	73.76	74.20	1	27.60
577.644	31.14	3.18	99.14	10.23	7.20	73.64	74.30	1	27.80
577.789	31.30	3.17	99.34	10.20	7.09	72.34	72.80	1	27.50
577.849	31.53	3.14	99.00	10.28	7.02	72.14	72.90	1	27.50
577.953	31.40	3.15	98.77	10.25	7.16	73.38	74.30	1	27.60
578.098	31.57	3.14	99.15	10.24	7.15	73.24	73.90	1	27.30
578.158	31.52	3.13	98.76	10.19	7.30	74.36	75.30	1	27.30
578.262	31.69	3.12	98.75	10.21	7.19	73.40	74.30	1	27.30
578.407	31.63	3.12	98.81	10.25	7.23	74.08	75.00	1	27.60
578.467	31.59	3.13	99.03	10.23	7.07	72.33	73.00	1	27.50
578.571	31.47	3.13	98.53	10.21	7.17	73.15	74.20	1	27.50
578.716	31.43	3.15	98.93	10.26	7.09	72.73	73.50	1	27.80
578.776	31.38	3.16	99.15	10.27	7.16	73.49	74.10	1	27.80
578.880	30.96	3.18	98.56	10.30	7.06	72.67	73.70	1	27.80
579.025	31.01	3.18	98.73	10.23	7.14	72.96	73.90	1	27.80
579.085	31.28	3.16	98.87	10.29	7.10	73.01	73.90	1	27.80
579.189	30.96	3.18	98.50	10.22	7.17	73.27	74.40	1	27.90
579.334	30.98	3.19	98.95	10.25	7.11	72.88	73.70	1	27.90
579.394	30.88	3.20	98.72	10.28	7.14	73.39	74.30	1	27.90
579.498	30.72	3.20	98.39	10.20	7.19	73.35	74.50	1	27.80
579.643	31.38	3.17	99.40	10.22	7.21	73.77	74.20	1	27.50
579.703	31.62	3.13	99.11	10.30	7.17	73.86	74.50	1	27.50
579.807	31.67	3.12	98.92	10.27	7.13	73.15	74.00	1	27.50
579.952	31.43	3.14	98.80	10.32	7.08	73.10	74.00	1	27.60
580.012	31.49	3.15	99.07	10.30	7.19	74.12	74.80	1	27.60
580.116	31.36	3.16	99.17	10.27	7.13	73.23	73.80	1	27.80
580.261	31.44	3.15	99.20	10.27	7.24	74.31	74.90	1	27.60
580.321	31.44	3.15	99.02	10.28	7.28	74.82	75.60	1	27.60
580.425	31.42	3.14	98.79	10.28	7.22	74.22	75.10	1	27.60
580.570	31.64	3.13	99.16	10.27	7.31	75.03	75.70	1	27.60
580.630	31.61	3.13	99.06	10.28	7.14	73.40	74.10	1	27.80
580.734	31.30	3.16	98.89	10.27	7.20	73.94	74.80	1	27.60
580.879	31.17	3.16	98.36	10.33	6.96	71.90	73.10	1	27.80
580.939	31.35	3.15	98.78	10.32	7.04	72.64	73.50	1	27.80
581.043	31.04	3.17	98.40	10.32	7.06	72.87	74.10	1	27.80
581.188	30.95	3.19	98.62	10.26	7.09	72.74	73.80	1	28.10
581.248	30.71	3.20	98.39	10.23	7.21	73.73	74.90	1	28.20
581.352	30.72	3.21	98.51	10.26	7.02	72.05	73.10	1	28.10
581.497	30.94	3.19	98.77	10.28	7.13	73.29	74.20	1	27.80
581.557	30.92	3.19	98.76	10.27	7.22	74.17	75.10	1	27.90
581.661	30.95	3.18	98.35	10.26	7.08	72.64	73.90	1	27.80
581.806	31.32	3.17	99.27	10.27	7.20	73.95	74.50	1	27.50
581.866	31.42	3.16	99.33	10.28	7.10	73.02	73.50	1	27.50
581.970	31.69	3.13	99.32	10.25	7.21	73.91	74.40	1	27.50
582.115	31.70	3.12	99.02	10.30	7.15	73.67	74.40	1	27.50
582.175	31.74	3.11	98.78	10.35	6.98	72.26	73.10	1	27.50
582.279	31.60	3.12	98.54	10.31	6.99	72.10	73.20	1	27.50
582.424	31.86	3.10	98.70	10.32	7.09	73.18	74.10	1	27.20
582.484	31.99	3.09	98.91	10.32	7.12	73.53	74.30	1	27.30
582.588	31.87	3.08	98.04	10.26	7.03	72.09	73.50	1	27.20
582.733	32.06	3.08	98.75	10.26	7.13	73.20	74.10	1	27.00
582.793	32.17	3.06	98.50	10.32	7.14	73.72	74.80	1	27.20
582.897	32.11	3.06	98.42	10.28	7.09	72.91	74.10	1	27.30
583.042	31.79	3.11	98.84	10.27	7.13	73.19	74.10	1	27.50
583.102	31.79	3.11	98.73	10.31	7.12	73.42	74.40	1	27.30
583.206	31.83	3.09	98.46	10.31	7.14	73.55	74.70	1	27.50
583.351	31.65	3.14	99.36	10.30	7.10	73.16	73.60	1	27.60
583.411	31.66	3.13	99.10	10.27	7.08	72.72	73.40	1	27.80
583.515	31.38	3.15	98.76	10.25	7.13	73.11	74.00	1	27.60
583.660	31.34	3.15	98.78	10.25	7.16	73.31	74.20	1	27.60
583.720	31.46	3.13	98.47	10.31	7.11	73.32	74.50	1	27.50
583.824	31.57	3.12	98.55	10.22	7.32	74.79	75.90	1	27.30
583.969	31.82	3.12	99.19	10.23	7.18	73.48	74.10	1	27.20
584.029	32.05	3.09	99.01	10.27	7.21	74.03	74.80	1	27.20
584.133	32.02	3.07	98.34	10.23	7.30	74.73	76.00	1	27.20
584.278	32.00	3.06	98.08	10.23	7.17	73.38	74.80	1	26.90
584.338	32.17	3.03	97.46	10.26	7.11	72.99	74.90	1	27.00
584.442	32.13	3.05	98.14	10.26	7.13	73.20	74.60	1	27.00
584.587	32.17	3.07	98.87	10.30	7.06	72.73	73.60	1	27.20
584.647	32.09	3.09	99.13	10.29	7.15	73.61	74.30	1	27.30
584.751	31.81	3.12	99.24	10.26	7.02	72.09	72.60	1	27.50
584.896	31.50	3.14	99.03	10.21	7.23	73.85	74.60	1	27.50
584.956	31.47	3.15	99.13	10.22	7.27	74.29	74.90	1	27.50
585.060	31.71	3.13	99.35	10.24	7.25	74.30	74.80	1	27.50
585.205	31.67	3.14	99.39	10.37	7.07	73.34	73.80	1	27.60
585.265	31.60	3.15	99.67	10.29	7.05	72.52	72.80	1	27.80
585.369	31.09	3.18	98.85	10.29	7.22	74.23	75.10	1	27.80
585.514	31.12	3.18	99.06	10.35	7.09	73.35	74.00	1	28.10
585.574	30.94	3.20	98.96	10.27	7.06	72.50	73.30	1	28.10
585.678	30.80	3.21	98.85	10.25	7.23	74.12	75.00	1	28.10
585.823	31.05	3.20	99.24	10.34	7.06	73.02	73.60	1	27.80
585.883	31.04	3.19	98.99	10.28	7.03	72.20	72.90	1	27.60
585.987	31.28	3.16	98.78	10.24	7.26	74.33	75.30	1	27.60
586.132	31.28	3.17	99.09	10.29	7.12	73.28	73.90	1	27.80
586.192	31.00	3.18	98.48	10.26	7.11	73.00	74.10	1	27.90
586.296	31.01	3.18	98.57	10.28	7.04	72.41	73.50	1	27.80
586.441	31.15	3.15	98.25	10.33	7.07	73.05	74.40	1	27.90
586.501	31.00	3.17	98.32	10.28	7.01	72.03	73.30	1	27.90
586.605	30.97	3.19	98.76	10.28	7.06	72.62	73.50	1	28.10
586.750	30.60	3.23	98.90	10.27	7.09	72.77	73.60	1	28.40
586.810	30.40	3.24	98.65	10.23	7.08	72.43	73.40	1	28.40
586.914	30.29	3.23	97.88	10.29	7.07	72.73	74.30	1	28.40
587.059	30.32	3.24	98.30	10.34	7.11	73.56	74.80	1	28.40
587.119	29.99	3.26	97.89	10.19	7.15	72.89	74.50	1	28.20
587.223	30.25	3.24	98.00	10.25	7.04	72.19	73.70	1	28.40
587.368	29.99	3.26	97.72	10.26	6.98	71.61	73.30	1	28.40
587.428	30.16	3.24	97.79	10.30	6.97	71.81	73.40	1	28.20
587.532	30.26	3.24	98.14	10.22	7.15	73.12	74.50	1	28.20
587.677	30.54	3.23	98.55	10.27	7.01	71.97	73.00	1	27.90
587.737	30.59	3.21	98.05	10.25	7.12	73.01	74.50	1	27.90
587.841	30.54	3.22	98.41	10.27	6.98	71.66	72.80	1	28.10
587.986	30.59	3.23	98.76	10.21	7.26	74.18	75.10	1	28.20
588.046	30.44	3.23	98.46	10.22	7.10	72.54	73.70	1	28.40
588.150	30.44	3.24	98.47	10.25	7.19	73.69	74.80	1	28.20
588.295	30.27	3.24	98.13	10.25	7.08	72.56	73.90	1	28.40
588.355	30.26	3.24	98.15	10.19	7.15	72.88	74.30	1	28.20
588.459	29.99	3.24	97.22	10.17	7.25	73.75	75.90	1	28.40
588.604	30.12	3.25	97.96	10.15	7.21	73.20	74.70	1	28.50
588.664	29.83	3.28	97.72	10.13	7.17	72.58	74.30	1	28.40
588.768	30.13	3.26	98.16	10.23	7.06	72.19	73.50	1	28.20
588.913	30.31	3.24	98.20	10.19	7.08	72.14	73.50	1	28.10
588.973	30.61	3.22	98.59	10.22	7.11	72.67	73.70	1	27.90
589.077	31.00	3.18	98.50	10.29	7.12	73.24	74.40	1	27.90
589.222	30.80	3.20	98.70	10.22	7.10	72.62	73.60	1	28.10
589.282	30.71	3.22	98.75	10.21	7.21	73.63	74.60	1	28.10
589.386	30.60	3.21	98.32	10.25	7.02	71.94	73.20	1	27.90
589.531	31.28	3.18	99.47	10.24	7.13	73.07	73.50	1	27.60
589.591	31.40	3.17	99.62	10.24	7.18	73.55	73.80	1	27.50
589.695	31.47	3.14	98.98	10.26	7.09	72.78	73.50	1	27.60
589.840	31.24	3.18	99.24	10.20	7.20	73.42	74.00	1	27.80
589.900	31.13	3.19	99.32	10.20	7.15	72.89	73.40	1	27.80
590.004	31.11	3.20	99.64	10.20	7.23	73.78	74.00	1	27.90
590.149	31.12	3.18	99.06	10.24	7.08	72.50	73.20	1	27.80
590.209	31.15	3.18	99.02	10.26	7.18	73.71	74.40	1	27.80
590.313	31.08	3.18	98.70	10.20	7.15	72.93	73.90	1	27.80
590.458	31.08	3.17	98.50	10.32	7.11	73.34	74.50	1	27.90
590.518	30.86	3.19	98.37	10.26	6.99	71.73	72.90	1	27.90
590.622	30.86	3.20	98.68	10.30	7.02	72.33	73.30	1	28.10
590.767	30.79	3.21	98.79	10.27	7.15	73.46	74.40	1	28.10
590.827	30.47	3.22	98.17	10.21	7.22	73.73	75.10	1	27.90
590.931	30.92	3.19	98.61	10.27	7.13	73.20	74.20	1	27.80
591.076	31.08	3.18	98.81	10.24	7.17	73.43	74.30	1	27.80
591.136	31.06	3.18	98.69	10.22	7.22	73.83	74.80	1	27.80
591.240	31.24	3.18	99.20	10.26	7.14	73.24	73.80	1	27.80
591.385	30.76	3.20	98.32	10.23	7.08	72.43	73.70	1	27.90
591.445	31.02	3.19	99.06	10.23	7.09	72.52	73.20	1	27.80
591.549	31.22	3.16	98.76	10.28	7.13	73.34	74.30	1	27.80
591.694	31.07	3.18	98.92	10.25	7.08	72.57	73.40	1	27.90
591.754	31.03	3.19	98.93	10.24	7.05	72.25	73.00	1	27.90
591.858	30.86	3.19	98.58	10.25	7.09	72.68	73.70	1	27.90
592.003	30.96	3.20	99.11	10.27	7.12	73.20	73.90	1	27.90
592.063	30.84	3.22	99.30	10.26	7.22	74.11	74.60	1	28.10
592.167	30.59	3.24	99.06	10.26	7.17	73.50	74.20	1	28.10
592.312	30.60	3.24	98.99	10.30	7.13	73.41	74.20	1	28.20
592.372	30.34	3.25	98.57	10.21	7.18	73.26	74.30	1	28.20
592.476	30.56	3.23	98.80	10.25	7.24	74.14	75.00	1	28.10
592.621	30.70	3.21	98.62	10.30	7.10	73.10	74.10	1	28.10
592.681	30.64	3.21	98.45	10.22	7.22	73.80	75.00	1	28.10
592.785	30.63	3.22	98.62	10.23	7.28	74.46	75.50	1	28.10
592.930	31.25	3.19	99.78	10.30	7.17	73.86	74.00	1	27.60
592.990	31.24	3.18	99.35	10.28	7.08	72.80	73.30	1	27.60
593.094	31.36	3.17	99.42	10.34	7.06	72.98	73.40	1	27.60
593.239	31.26	3.16	98.83	10.31	7.18	74.06	74.90	1	27.60
593.299	31.07	3.17	98.49	10.26	7.23	74.13	75.30	1	27.80
593.403	31.17	3.17	98.80	10.31	7.13	73.44	74.30	1	27.80
593.548	30.90	3.18	98.22	10.35	7.16	74.09	75.40	1	28.10
593.608	30.94	3.19	98.80	10.36	6.98	72.24	73.10	1	27.90
593.712	31.30	3.17	99.24	10.35	7.07	73.24	73.80	1	27.60
593.857	31.22	3.18	99.28	10.34	7.05	72.93	73.50	1	27.80
593.917	31.15	3.19	99.43	10.34	7.02	72.58	73.00	1	27.90
594.021	31.29	3.17	99.25	10.33	7.14	73.70	74.30	1	27.80
594.166	31.30	3.18	99.55	10.27	7.19	73.87	74.20	1	27.90
594.226	31.04	3.19	98.94	10.30	7.14	73.48	74.30	1	28.10
594.330	31.04	3.18	98.82	10.35	7.11	73.64	74.50	1	27.90
594.475	30.89	3.21	99.29	10.27	7.23	74.29	74.80	1	27.80
594.535	30.94	3.20	99.00	10.26	7.08	72.62	73.40	1	27.80
594.639	31.06	3.18	98.79	10.33	7.09	73.17	74.10	1	27.80
594.784	31.33	3.17	99.31	10.31	7.07	72.93	73.40	1	27.50
594.844	31.57	3.15	99.31	10.27	7.13	73.19	73.70	1	27.30
594.948	31.78	3.11	98.89	10.31	7.10	73.20	74.00	1	27.30
595.093	31.72	3.12	99.12	10.25	7.08	72.60	73.20	1	27.50
595.153	31.79	3.13	99.44	10.27	7.20	73.97	74.40	1	27.50
595.257	31.66	3.14	99.57	10.32	7.15	73.78	74.10	1	27.60
595.402	31.50	3.16	99.48	10.28	7.21	74.13	74.50	1	27.60
595.462	31.41	3.16	99.33	10.29	7.13	73.33	73.80	1	27.80
595.566	31.20	3.17	99.01	10.27	7.10	72.89	73.60	1	27.60
595.711	31.44	3.15	99.08	10.31	6.96	71.72	72.40	1	27.50
595.771	31.52	3.15	99.18	10.25	7.15	73.27	73.90	1	27.50
595.875	31.56	3.15	99.32	10.22	7.17	73.27	73.80	1	27.50
596.020	31.90	3.11	99.37	10.35	7.06	73.03	73.50	1	27.30
596.080	31.81	3.11	99.06	10.29	7.05	72.54	73.20	1	27.50
596.184	31.76	3.12	99.24	10.34	7.04	72.78	73.30	1	27.50
596.329	31.77	3.13	99.38	10.31	7.25	74.70	75.20	1	27.50
596.389	31.56	3.14	99.23	10.25	7.28	74.63	75.20	1	27.50
596.493	31.67	3.14	99.58	10.28	7.20	74.06	74.40	1	27.60
596.638	31.40	3.15	99.05	10.29	7.12	73.28	74.00	1	27.80
596.698	31.28	3.15	98.68	10.27	7.04	72.32	73.30	1	27.80
596.802	31.35	3.15	98.74	10.29	7.14	73.40	74.30	1	27.60
596.947	31.42	3.14	98.72	10.26	7.20	73.86	74.80	1	27.50
597.007	31.66	3.15	99.58	10.30	7.14	73.53	73.80	1	27.60
597.111	31.51	3.16	99.48	10.27	7.24	74.34	74.70	1	27.80
597.256	31.26	3.17	99.23	10.30	7.08	72.94	73.50	1	27.80
597.316	31.21	3.18	99.31	10.22	7.21	73.67	74.20	1	27.80
597.420	31.30	3.18	99.61	10.27	7.14	73.32	73.60	1	27.90
597.565	31.06	3.21	99.59	10.26	7.25	74.39	74.70	1	27.80
597.625	31.21	3.19	99.65	10.28	7.18	73.81	74.10	1	27.60
597.729	31.51	3.16	99.66	10.27	7.19	73.90	74.20	1	27.60
597.874	31.43	3.16	99.47	10.26	7.26	74.49	74.90	1	27.60
597.934	31.38	3.17	99.48	10.28	7.19	73.98	74.40	1	27.50
598.038	31.49	3.15	99.19	10.26	7.20	73.90	74.50	1	27.60
598.183	31.49	3.15	99.09	10.29	7.06	72.65	73.30	1	27.30
598.243	31.49	3.12	98.27	10.32	6.99	72.11	73.40	1	27.30
598.347	31.49	3.12	98.36	10.26	7.18	73.71	74.90	1	27.60
598.492	31.60	3.15	99.41	10.35	7.04	72.87	73.30	1	27.80
598.552	31.31	3.18	99.40	10.26	7.25	74.35	74.80	1	27.90
598.656	31.09	3.17	98.61	10.26	7.07	72.53	73.60	1	27.80
598.801	31.10	3.17	98.66	10.31	7.17	73.96	75.00	1	27.80
598.861	31.15	3.17	98.66	10.26	7.27	74.59	75.60	1	27.60
598.965	31.38	3.15	98.94	10.27	7.26	74.59	75.40	1	27.60
599.110	31.24	3.16	98.65	10.34	7.15	73.91	74.90	1	27.90
599.170	30.98	3.17	98.19	10.29	7.02	72.22	73.50	1	27.80
599.274	31.23	3.17	98.96	10.31	7.12	73.40	74.20	1	27.60
599.419	31.44	3.14	98.80	10.35	7.19	74.37	75.30	1	27.60
599.479	31.31	3.15	98.69	10.28	7.27	74.73	75.70	1	27.60
599.583	31.24	3.16	98.84	10.27	7.15	73.49	74.40	1	27.80
599.728	31.07	3.18	98.92	10.21	7.27	74.26	75.10	1	27.90
599.788	31.08	3.18	98.77	10.29	7.14	73.40	74.30	1	27.90
599.892	30.96	3.18	98.43	10.29	7.10	73.10	74.30	1	27.80
600.037	31.29	3.16	98.89	10.24	7.25	74.26	75.10	1	27.50
600.097	31.42	3.14	98.81	10.29	7.13	73.43	74.30	1	27.50
600.201	31.56	3.12	98.55	10.28	7.08	72.79	73.90	1	27.30
600.346	31.33	3.15	98.61	10.23	7.18	73.49	74.50	1	27.50
600.406	31.52	3.14	99.05	10.25	7.11	72.92	73.60	1	27.50
600.510	31.67	3.12	98.96	10.28	7.12	73.22	74.00	1	27.30
600.655	31.75	3.13	99.22	10.30	7.18	73.93	74.50	1	27.50
600.715	31.64	3.13	99.02	10.29	7.15	73.63	74.40	1	27.60
600.819	31.39	3.16	99.16	10.27	7.17	73.66	74.30	1	27.80
600.964	31.27	3.17	99.03	10.28	7.25	74.49	75.20	1	27.60
601.024	31.32	3.16	98.82	10.29	7.21	74.18	75.10	1	27.60
601.128	31.38	3.15	98.94	10.28	7.15	73.52	74.30	1	27.60
601.273	31.33	3.16	98.95	10.24	7.25	74.20	75.00	1	27.60
601.333	31.48	3.15	99.14	10.33	7.10	73.31	73.90	1	27.60
601.437	31.56	3.14	98.95	10.30	7.16	73.76	74.50	1	27.50
601.582	31.43	3.15	98.90	10.33	7.11	73.50	74.30	1	27.50
601.642	31.45	3.13	98.58	10.29	7.22	74.27	75.30	1	27.60
601.746	31.51	3.14	98.99	10.29	7.17	73.80	74.50	1	27.60
601.891	31.36	3.16	99.01	10.35	7.09	73.35	74.10	1	27.80
601.951	31.20	3.17	98.88	10.27	7.21	74.02	74.90	1	27.80
602.055	31.23	3.18	99.25	10.32	7.11	73.41	74.00	1	27.80
602.200	31.08	3.18	98.87	10.27	7.13	73.22	74.10	1	27.80
602.260	31.04	3.17	98.54	10.30	7.09	73.05	74.10	1	27.60
602.364	31.21	3.17	98.92	10.28	7.19	73.93	74.70	1	27.80
602.509	30.98	3.20	99.10	10.24	7.13	73.01	73.70	1	27.90
602.569	30.88	3.19	98.65	10.29	7.19	73.97	75.00	1	28.10
602.673	30.67	3.21	98.46	10.24	7.18	73.55	74.70	1	27.90
602.818	31.13	3.18	99.14	10.23	7.16	73.27	73.90	1	27.60
602.878	31.13	3.19	99.17	10.20	7.18	73.26	73.90	1	27.60
602.982	30.97	3.18	98.50	10.23	7.15	73.16	74.30	1	27.80
603.127	31.07	3.18	98.80	10.24	7.24	74.15	75.00	1	27.80
603.187	31.14	3.17	98.81	10.25	7.05	72.25	73.10	1	27.80
603.291	31.16	3.18	99.01	10.25	7.13	73.05	73.80	1	27.80
603.436	31.07	3.18	98.85	10.27	7.09	72.80	73.60	1	27.80
603.496	31.00	3.19	98.89	10.26	7.17	73.51	74.30	1	27.80
603.600	31.18	3.18	99.13	10.27	7.13	73.26	73.90	1	27.80
603.745	31.20	3.18	99.27	10.26	7.22	74.09	74.60	1	27.80
603.805	31.29	3.17	99.18	10.30	7.15	73.58	74.20	1	27.60
603.909	31.28	3.16	98.88	10.33	7.15	73.86	74.70	1	27.60
604.054	31.35	3.16	99.14	10.31	7.07	72.95	73.60	1	27.60
604.114	31.39	3.15	99.01	10.26	7.23	74.16	74.90	1	27.50
604.218	31.38	3.14	98.58	10.23	7.17	73.41	74.50	1	27.60
604.363	31.36	3.16	99.21	10.30	7.23	74.48	75.10	1	27.80
604.423	31.24	3.18	99.35	10.23	7.25	74.18	74.70	1	27.90
604.527	31.08	3.18	98.99	10.24	7.23	74.05	74.80	1	27.90
604.672	31.22	3.19	99.72	10.22	7.20	73.56	73.80	1	27.80
604.732	31.40	3.18	99.77	10.28	7.12	73.19	73.40	1	27.60
604.836	31.37	3.17	99.41	10.26	7.18	73.63	74.10	1	27.80
604.981	31.21	3.18	99.11	10.26	7.14	73.30	74.00	1	27.50
605.041	31.49	3.16	99.38	10.26	7.18	73.71	74.20	1	27.30
605.145	31.83	3.12	99.41	10.24	7.25	74.22	74.70	1	27.30
605.290	31.69	3.14	99.45	10.25	7.16	73.35	73.80	1	27.50
605.350	31.59	3.15	99.41	10.24	7.20	73.69	74.10	1	27.60
605.454	31.42	3.16	99.17	10.31	7.14	73.56	74.20	1	27.60
605.599	31.83	3.13	99.77	10.30	7.13	73.45	73.60	1	27.20
605.659	31.79	3.13	99.56	10.29	7.08	72.86	73.20	1	27.20
605.763	32.06	3.10	99.30	10.32	7.11	73.44	74.00	1	27.20
605.908	31.92	3.09	98.51	10.24	7.22	73.94	75.10	1	27.20
605.968	31.95	3.10	98.90	10.28	7.18	73.79	74.60	1	27.30
606.072	31.86	3.11	99.02	10.33	7.15	73.82	74.60	1	27.50
606.217	31.76	3.13	99.28	10.32	7.08	73.11	73.60	1	27.50
606.277	31.78	3.14	99.75	10.29	7.17	73.77	74.00	1	27.50
606.381	31.52	3.16	99.48	10.23	7.23	74.02	74.40	1	27.50
606.526	31.33	3.16	98.97	10.26	7.22	74.08	74.80	1	27.60
606.586	31.37	3.15	98.87	10.31	7.06	72.77	73.60	1	27.50
606.690	31.58	3.14	99.04	10.23	7.11	72.73	73.40	1	27.30
606.835	31.60	3.15	99.54	10.25	7.25	74.31	74.70	1	27.60
606.895	31.37	3.17	99.30	10.29	7.20	74.12	74.60	1	27.80
606.999	31.25	3.17	99.08	10.28	7.15	73.50	74.20	1	27.80
607.144	30.98	3.20	99.07	10.21	7.07	72.14	72.80	1	27.80
607.204	31.05	3.19	99.13	10.19	7.15	72.83	73.50	1	27.80
607.308	30.99	3.18	98.64	10.18	7.25	73.78	74.80	1	27.90
607.453	31.11	3.20	99.65	10.24	7.12	72.87	73.10	1	27.80
607.513	30.95	3.20	99.13	10.19	7.31	74.47	75.10	1	27.80
607.617	31.06	3.19	99.04	10.21	7.21	73.64	74.40	1	27.90
607.762	30.96	3.21	99.48	10.25	7.17	73.53	73.90	1	28.10
607.822	30.77	3.22	99.09	10.22	7.22	73.79	74.50	1	28.10
607.926	30.83	3.20	98.73	10.26	7.14	73.28	74.20	1	27.90
608.071	30.76	3.23	99.37	10.25	7.18	73.59	74.10	1	28.20
608.131	30.61	3.23	98.80	10.25	7.14	73.12	74.00	1	28.20
608.235	30.59	3.22	98.63	10.22	7.26	74.16	75.20	1	28.10
608.380	30.50	3.23	98.58	10.23	7.12	72.84	73.90	1	28.10
608.440	30.65	3.21	98.45	10.25	7.18	73.60	74.80	1	27.90
608.544	30.46	3.22	98.11	10.17	7.22	73.43	74.80	1	28.20
608.689	30.29	3.24	98.05	10.15	7.14	72.48	73.90	1	28.10
608.749	30.34	3.24	98.22	10.15	7.23	73.35	74.70	1	27.90
608.853	30.47	3.23	98.35	10.20	7.23	73.71	74.90	1	27.90
608.998	30.86	3.20	98.82	10.21	7.18	73.37	74.20	1	27.80
609.058	30.94	3.20	98.94	10.23	7.21	73.81	74.60	1	27.60
609.162	31.18	3.18	99.00	10.23	7.12	72.89	73.60	1	27.50
609.307	31.59	3.13	99.02	10.24	7.19	73.59	74.30	1	27.50
609.367	31.52	3.14	99.10	10.22	7.14	72.95	73.60	1	27.50
609.471	31.63	3.14	99.16	10.25	7.21	73.86	74.50	1	27.50
609.616	31.36	3.15	98.88	10.22	7.25	74.09	74.90	1	27.60
609.676	31.39	3.16	99.16	10.22	7.13	72.89	73.50	1	27.50
609.780	31.46	3.14	98.67	10.22	7.28	74.41	75.40	1	27.50
609.925	31.35	3.14	98.52	10.30	7.19	74.08	75.20	1	27.60
609.985	31.17	3.16	98.51	10.28	7.09	72.94	74.00	1	27.60
610.089	31.26	3.16	98.79	10.31	7.11	73.29	74.20	1	27.80
610.234	31.29	3.18	99.56	10.29	7.19	73.93	74.30	1	27.90
610.294	31.06	3.19	99.16	10.33	7.12	73.55	74.20	1	27.80
610.398	31.15	3.18	99.19	10.25	7.23	74.03	74.60	1	27.80
610.543	31.05	3.19	99.04	10.29	7.13	73.32	74.00	1	27.80
610.603	30.96	3.19	98.74	10.24	7.28	74.53	75.50	1	27.90
610.707	31.15	3.18	99.04	10.28	7.19	73.92	74.60	1	27.60
610.852	31.12	3.19	99.14	10.22	7.27	74.30	74.90	1	27.90
610.912	30.93	3.20	98.93	10.23	7.11	72.79	73.60	1	27.90
611.016	30.98	3.19	98.80	10.25	7.17	73.46	74.40	1	27.90
611.161	30.87	3.21	99.14	10.26	7.18	73.70	74.30	1	27.90
611.221	30.69	3.22	98.69	10.20	7.26	74.06	75.00	1	28.10
611.325	30.74	3.21	98.81	10.28	7.16	73.57	74.50	1	27.90
611.470	31.09	3.19	99.26	10.28	7.22	74.24	74.80	1	27.60
611.530	31.47	3.15	99.27	10.34	7.07	73.04	73.60	1	27.50
611.634	31.51	3.15	99.30	10.25	7.24	74.18	74.70	1	27.60
611.779	31.34	3.16	99.11	10.23	7.12	72.87	73.50	1	27.80
611.839	31.30	3.19	99.79	10.22	7.24	74.02	74.20	1	27.90
611.943	31.07	3.20	99.39	10.28	7.15	73.50	73.90	1	27.80
612.088	30.90	3.19	98.61	10.26	7.23	74.20	75.20	1	27.90
612.148	30.97	3.19	98.73	10.30	7.08	72.97	73.90	1	27.80
612.252	31.06	3.17	98.52	10.26	7.13	73.18	74.30	1	27.80
612.397	31.06	3.19	99.00	10.30	7.09	73.04	73.80	1	27.80
612.457	31.06	3.19	98.98	10.25	7.17	73.50	74.30	1	27.80
612.561	31.22	3.18	99.37	10.27	7.19	73.81	74.30	1	27.60
612.706	31.58	3.15	99.52	10.25	7.25	74.32	74.70	1	27.50
612.766	31.69	3.14	99.65	10.28	7.14	73.36	73.60	1	27.30
612.870	31.69	3.14	99.48	10.25	7.21	73.91	74.30	1	27.50
613.015	31.80	3.11	98.85	10.24	7.17	73.38	74.20	1	27.30
613.075	31.64	3.14	99.35	10.22	7.22	73.86	74.30	1	27.50
613.179	31.43	3.16	99.46	10.26	7.24	74.22	74.60	1	27.50
613.324	31.60	3.15	99.54	10.26	7.15	73.40	73.70	1	27.50
613.384	31.58	3.15	99.38	10.23	7.06	72.23	72.70	1	27.30
613.488	31.56	3.15	99.30	10.21	7.20	73.46	74.00	1	27.50
613.633	31.54	3.15	99.38	10.20	7.28	74.24	74.70	1	27.50
613.693	31.66	3.13	99.01	10.26	7.18	73.64	74.40	1	27.30
613.797	31.65	3.12	98.83	10.28	7.09	72.87	73.70	1	27.50
613.942	31.46	3.16	99.55	10.21	7.22	73.74	74.10	1	27.80
614.002	31.20	3.18	99.19	10.21	7.25	74.05	74.70	1	27.60
614.106	31.11	3.17	98.74	10.24	7.09	72.62	73.50	1	27.80
614.251	31.14	3.20	99.54	10.30	7.08	72.88	73.20	1	27.80
614.311	31.02	3.20	99.18	10.21	7.19	73.41	74.00	1	27.90
614.415	30.90	3.21	99.16	10.28	7.18	73.77	74.40	1	27.90
614.560	31.04	3.21	99.61	10.24	7.28	74.54	74.80	1	27.60
614.620	31.02	3.18	98.73	10.26	7.21	73.98	74.90	1	27.60
614.724	31.13	3.18	99.06	10.27	7.25	74.45	75.20	1	27.80
614.869	30.90	3.21	99.12	10.18	7.31	74.41	75.10	1	28.10
614.929	30.82	3.20	98.73	10.23	7.20	73.61	74.60	1	27.90
615.033	30.73	3.21	98.75	10.22	7.11	72.71	73.60	1	27.90
615.178	30.89	3.22	99.33	10.16	7.28	73.96	74.50	1	27.90
615.238	30.88	3.20	98.91	10.21	7.17	73.15	74.00	1	27.80
615.342	30.79	3.21	98.81	10.20	7.13	72.65	73.50	1	27.90
615.487	31.06	3.20	99.37	10.21	7.23	73.76	74.20	1	27.60
615.547	31.12	3.18	98.86	10.25	7.08	72.59	73.40	1	27.80
615.651	31.00	3.20	99.14	10.24	7.11	72.79	73.40	1	27.90
615.796	30.93	3.19	98.66	10.30	7.23	74.46	75.50	1	27.80
615.856	31.06	3.18	98.82	10.32	7.23	74.60	75.50	1	27.90
615.960	30.81	3.21	99.02	10.28	7.07	72.67	73.40	1	28.20
616.105	30.41	3.25	98.94	10.21	7.10	72.54	73.30	1	28.20
616.165	30.44	3.24	98.76	10.22	7.21	73.70	74.60	1	28.20
616.269	30.29	3.26	98.61	10.22	7.17	73.32	74.40	1	28.20
616.414	30.21	3.23	97.70	10.19	7.26	74.05	75.80	1	28.20
616.474	30.28	3.24	98.02	10.23	7.15	73.13	74.60	1	28.10
616.578	30.78	3.22	98.98	10.26	7.22	74.02	74.80	1	27.90
616.723	31.19	3.19	99.45	10.25	7.15	73.27	73.70	1	27.60
616.783	31.05	3.19	99.17	10.24	7.15	73.25	73.90	1	27.80
616.887	31.05	3.19	98.89	10.26	7.15	73.33	74.20	1	27.60
617.032	31.18	3.19	99.30	10.30	7.07	72.86	73.40	1	27.90
617.092	30.93	3.19	98.79	10.21	7.17	73.23	74.10	1	27.80
617.196	30.93	3.18	98.45	10.21	7.15	73.01	74.20	1	27.80
617.341	30.74	3.20	98.43	10.22	7.24	73.94	75.10	1	27.90
617.401	30.80	3.21	98.78	10.26	7.12	73.05	73.90	1	27.90
617.505	30.74	3.22	98.94	10.18	7.25	73.80	74.60	1	28.20
617.650	30.52	3.24	98.92	10.18	7.17	73.00	73.80	1	27.90
617.710	30.77	3.21	98.78	10.20	7.25	73.95	74.90	1	27.90
617.814	30.81	3.20	98.70	10.20	7.26	74.00	75.00	1	28.10
617.959	30.76	3.20	98.57	10.25	7.07	72.43	73.50	1	27.80
618.019	30.85	3.21	98.87	10.26	7.21	74.02	74.90	1	27.80
618.123	31.14	3.18	99.02	10.28	7.12	73.17	73.90	1	27.60
618.268	31.73	3.13	99.17	10.29	7.15	73.63	74.20	1	27.30
618.328	31.79	3.12	99.25	10.30	7.07	72.78	73.30	1	27.30
618.432	31.91	3.10	98.87	10.33	7.09	73.23	74.10	1	27.30
618.577	31.72	3.12	99.07	10.31	7.17	73.99	74.70	1	27.50
618.637	31.78	3.13	99.62	10.33	7.13	73.64	73.90	1	27.60
618.741	31.45	3.15	99.20	10.31	7.18	73.96	74.60	1	27.80
618.886	31.32	3.17	99.31	10.26	7.27	74.60	75.10	1	27.60
618.946	31.36	3.16	99.18	10.25	7.21	73.90	74.50	1	27.60
619.050	31.44	3.15	99.10	10.24	7.25	74.24	74.90	1	27.80
619.195	31.18	3.18	99.13	10.25	7.26	74.43	75.10	1	27.80
619.255	31.17	3.18	99.16	10.29	7.09	72.94	73.60	1	27.60
619.359	31.49	3.16	99.62	10.25	7.12	72.97	73.20	1	27.50
619.504	31.60	3.16	99.91	10.21	7.29	74.48	74.50	1	27.50
619.564	31.69	3.15	99.70	10.29	7.18	73.80	74.00	1	27.50
619.668	31.59	3.13	98.86	10.27	7.13	73.20	74.00	1	27.50
619.813	31.40	3.16	99.13	10.24	7.26	74.37	75.00	1	27.80
619.873	31.22	3.18	99.21	10.23	7.14	73.08	73.70	1	27.80
619.977	31.09	3.19	99.16	10.25	7.07	72.50	73.10	1	27.60
620.122	31.32	3.17	99.27	10.26	7.30	74.86	75.40	1	27.60
620.182	31.24	3.17	99.11	10.27	7.16	73.49	74.20	1	27.50
620.286	31.49	3.14	98.98	10.32	7.15	73.71	74.50	1	27.60
620.431	31.43	3.14	98.59	10.26	7.27	74.63	75.70	1	27.50
620.491	31.49	3.14	98.73	10.30	7.16	73.78	74.70	1	27.50
620.595	31.77	3.13	99.29	10.23	7.14	73.07	73.60	1	27.30
620.740	32.10	3.10	99.43	10.25	7.15	73.32	73.70	1	27.20
620.800	31.91	3.10	99.00	10.22	7.32	74.84	75.60	1	27.30
620.904	31.91	3.09	98.72	10.29	7.04	72.48	73.40	1	27.20
621.049	32.01	3.10	99.29	10.32	7.12	73.47	74.00	1	27.30
621.109	31.89	3.12	99.36	10.27	7.14	73.27	73.70	1	27.50
621.213	31.85	3.11	99.04	10.31	7.14	73.58	74.30	1	27.30
621.358	31.68	3.13	99.10	10.27	7.25	74.44	75.10	1	27.50
621.418	31.81	3.12	99.27	10.32	7.06	72.84	73.40	1	27.60
621.522	31.50	3.15	99.30	10.24	7.25	74.22	74.70	1	27.60
621.667	31.59	3.14	99.20	10.21	7.16	73.15	73.70	1	27.50
621.727	31.52	3.13	98.59	10.24	7.21	73.88	74.90	1	27.50
621.831	31.39	3.14	98.66	10.21	7.34	74.94	76.00	1	27.60
621.976	31.51	3.13	98.68	10.26	7.08	72.70	73.70	1	27.50
622.036	31.47	3.14	98.86	10.24	7.24	74.13	75.00	1	27.50
622.140	31.51	3.14	98.94	10.22	7.32	74.78	75.60	1	27.50
622.285	31.33	3.16	98.89	10.29	7.22	74.32	75.10	1	27.60
622.345	31.33	3.15	98.72	10.32	7.13	73.58	74.50	1	27.60
622.449	30.99	3.17	98.35	10.27	7.18	73.73	75.00	1	27.80
622.594	31.41	3.16	99.12	10.25	7.24	74.20	74.90	1	27.50
622.654	31.69	3.11	98.71	10.31	7.18	74.03	75.00	1	27.30
622.758	31.70	3.12	98.83	10.30	7.08	72.90	73.80	1	27.50
622.903	31.51	3.15	99.36	10.29	7.12	73.31	73.80	1	27.60
622.963	31.46	3.15	99.11	10.31	7.15	73.75	74.40	1	27.50
623.067	31.65	3.13	98.93	10.32	7.12	73.50	74.30	1	27.50
623.212	31.65	3.14	99.25	10.28	7.14	73.38	73.90	1	27.50
623.272	31.76	3.13	99.52	10.28	7.22	74.17	74.50	1	27.30
623.376	31.73	3.12	98.89	10.28	7.19	73.88	74.70	1	27.30
623.521	31.61	3.15	99.72	10.34	7.00	72.37	72.60	1	27.80
623.581	31.52	3.16	99.54	10.28	7.14	73.39	73.70	1	27.80
623.685	31.31	3.16	98.81	10.30	7.11	73.21	74.10	1	27.60
623.830	31.65	3.17	100.20	10.33	7.09	73.20	73.10	1	27.50
623.891	31.66	3.14	99.50	10.31	7.08	73.02	73.40	1	27.30
623.995	31.80	3.11	99.04	10.32	7.04	72.66	73.40	1	27.50
624.140	31.67	3.12	98.67	10.34	7.11	73.51	74.50	1	27.50
624.200	31.79	3.11	98.91	10.34	7.03	72.74	73.50	1	27.50
624.304	31.71	3.13	99.25	10.36	7.10	73.60	74.20	1	27.80
624.449	31.26	3.17	99.15	10.30	7.02	72.31	72.90	1	27.80
624.509	31.36	3.16	99.13	10.33	7.12	73.62	74.30	1	27.60
624.613	31.16	3.16	98.56	10.25	7.20	73.82	74.90	1	27.80
624.758	31.12	3.18	99.02	10.24	7.16	73.34	74.10	1	27.90
624.818	30.92	3.20	99.04	10.22	7.28	74.35	75.10	1	27.90
624.922	30.89	3.21	99.15	10.24	7.23	74.01	74.60	1	27.90
625.067	31.03	3.21	99.56	10.25	7.10	72.71	73.00	1	28.10
625.127	30.82	3.23	99.49	10.20	7.30	74.44	74.80	1	28.10
625.231	30.69	3.22	98.87	10.23	7.21	73.79	74.60	1	27.90
625.376	31.00	3.21	99.56	10.30	7.08	72.91	73.20	1	27.90
625.436	31.11	3.20	99.65	10.31	7.14	73.62	73.90	1	27.80
625.540	30.92	3.20	98.79	10.26	7.14	73.29	74.20	1	27.90
625.685	30.95	3.19	98.84	10.28	7.13	73.30	74.20	1	27.80
625.745	31.18	3.16	98.63	10.29	7.13	73.41	74.40	1	27.60
625.849	31.46	3.15	99.11	10.28	7.00	71.88	72.50	1	27.50
625.994	31.39	3.16	99.06	10.28	7.14	73.39	74.10	1	27.60
626.054	31.41	3.16	99.26	10.25	7.21	73.93	74.50	1	27.80
626.158	31.52	3.14	99.06	10.32	7.15	73.78	74.50	1	27.60
626.303	31.32	3.16	98.95	10.35	7.00	72.51	73.30	1	27.60
626.363	31.44	3.15	98.98	10.33	7.13	73.59	74.30	1	27.50
626.467	31.59	3.12	98.62	10.31	7.15	73.77	74.80	1	27.50
626.612	31.75	3.13	99.40	10.33	7.04	72.75	73.20	1	27.30
626.672	31.89	3.12	99.36	10.30	7.10	73.09	73.60	1	27.30
626.776	32.06	3.10	99.26	10.30	7.09	73.01	73.60	1	27.20
626.921	32.05	3.08	98.65	10.34	7.03	72.74	73.70	1	27.30
626.981	31.92	3.09	98.65	10.32	6.99	72.14	73.10	1	27.20
627.085	32.16	3.08	99.07	10.35	6.97	72.12	72.80	1	27.20
627.230	32.36	3.05	98.64	10.29	7.14	73.43	74.40	1	27.20
627.290	32.27	3.07	99.13	10.24	7.17	73.43	74.10	1	27.20
627.394	32.18	3.08	99.02	10.35	7.11	73.58	74.30	1	27.30
627.539	32.22	3.07	99.06	10.26	7.19	73.83	74.50	1	27.00
627.599	32.39	3.05	98.68	10.32	7.01	72.32	73.30	1	27.00
627.703	32.25	3.05	98.23	10.34	7.19	74.36	75.70	1	27.20
627.848	32.35	3.05	98.56	10.32	7.05	72.70	73.80	1	27.00
627.908	32.41	3.04	98.47	10.36	7.04	72.91	74.00	1	27.00
628.012	32.48	3.04	98.62	10.29	7.06	72.66	73.70	1	26.90
628.157	32.27	3.05	98.30	10.27	7.12	73.13	74.40	1	27.00
628.217	32.31	3.05	98.43	10.30	7.10	73.18	74.30	1	27.20
628.321	32.08	3.08	98.66	10.29	7.18	73.86	74.90	1	27.20
628.466	32.23	3.04	98.10	10.31	7.11	73.33	74.70	1	27.00
628.526	32.22	3.05	98.29	10.31	7.20	74.24	75.50	1	27.00
628.630	32.23	3.06	98.49	10.30	7.22	74.35	75.50	1	27.30
628.775	32.13	3.08	99.01	10.35	7.14	73.95	74.70	1	27.60
628.835	31.71	3.12	99.06	10.33	7.19	74.27	75.00	1	27.60
628.939	31.66	3.13	98.96	10.31	7.17	73.93	74.70	1	27.60
629.084	31.48	3.15	99.09	10.33	7.23	74.73	75.40	1	27.80
629.144	31.42	3.14	98.63	10.36	7.16	74.18	75.20	1	27.60
629.248	31.47	3.15	99.15	10.34	7.14	73.79	74.40	1	27.60
629.393	31.54	3.15	99.25	10.34	7.16	74.03	74.60	1	27.60
629.453	31.46	3.15	99.23	10.34	7.16	74.03	74.60	1	27.80
629.557	31.46	3.15	99.21	10.36	7.04	72.95	73.50	1	27.80
629.702	31.21	3.18	99.14	10.33	7.21	74.51	75.20	1	27.80
629.762	31.19	3.19	99.37	10.34	7.11	73.47	73.90	1	27.80
629.866	31.11	3.18	99.07	10.31	7.07	72.84	73.50	1	27.80
630.011	31.36	3.18	99.80	10.29	7.21	74.23	74.40	1	27.60
630.071	31.52	3.16	99.60	10.33	7.10	73.26	73.60	1	27.60
630.175	31.39	3.16	99.30	10.29	7.14	73.54	74.10	1	27.60
630.320	31.44	3.14	98.68	10.36	7.09	73.40	74.40	1	27.80
630.380	31.33	3.15	98.62	10.31	7.09	73.13	74.20	1	27.60
630.484	31.52	3.13	98.63	10.35	7.11	73.56	74.60	1	27.60
630.629	31.60	3.14	99.10	10.36	7.18	74.35	75.00	1	27.60
630.689	31.64	3.12	98.83	10.41	7.01	72.94	73.80	1	27.50
630.793	31.86	3.12	99.35	10.35	7.13	73.81	74.30	1	27.30
630.938	32.10	3.09	99.29	10.32	7.07	72.93	73.50	1	27.20
630.998	32.19	3.07	98.95	10.32	7.09	73.21	74.00	1	27.20
631.102	32.02	3.09	98.87	10.27	7.17	73.59	74.40	1	27.30
631.247	31.97	3.10	99.26	10.29	7.07	72.80	73.30	1	27.30
631.307	31.91	3.11	99.13	10.31	7.18	74.03	74.70	1	27.50
631.411	31.75	3.12	99.19	10.26	7.19	73.79	74.40	1	27.50
631.556	31.75	3.13	99.24	10.28	7.15	73.52	74.10	1	27.50
631.616	31.70	3.12	98.98	10.32	7.14	73.64	74.40	1	27.50
631.720	31.84	3.13	99.72	10.27	7.27	74.72	74.90	1	27.20
631.865	32.21	3.08	99.24	10.29	7.28	74.93	75.50	1	27.00
631.925	32.25	3.06	98.72	10.30	7.13	73.47	74.40	1	27.20
632.029	32.10	3.09	99.06	10.28	7.21	74.16	74.90	1	27.30
632.174	31.88	3.12	99.50	10.31	7.25	74.67	75.00	1	27.50
632.234	31.77	3.12	99.06	10.32	7.21	74.37	75.10	1	27.50
632.338	31.72	3.15	99.86	10.34	7.19	74.32	74.40	1	27.60
632.483	31.55	3.16	99.58	10.31	7.28	75.10	75.40	1	27.50
632.543	31.57	3.16	99.66	10.31	7.17	73.86	74.10	1	27.50
632.647	31.53	3.15	99.15	10.32	7.23	74.67	75.30	1	27.60
632.792	31.44	3.16	99.23	10.30	7.22	74.35	74.90	1	27.50
632.852	31.58	3.14	99.12	10.33	7.12	73.57	74.20	1	27.50
632.956	31.67	3.13	99.21	10.32	7.10	73.26	73.80	1	27.50
633.101	31.76	3.11	98.85	10.39	7.20	74.84	75.70	1	27.50
633.161	31.58	3.13	98.98	10.34	7.15	73.88	74.60	1	27.60
633.265	31.47	3.16	99.41	10.37	7.09	73.53	74.00	1	27.90
633.410	31.35	3.17	99.44	10.35	7.24	74.96	75.40	1	27.60
633.470	31.25	3.17	99.13	10.34	7.11	73.56	74.20	1	27.60
633.574	31.25	3.16	98.63	10.40	7.03	73.10	74.10	1	27.80
633.719	30.97	3.19	98.75	10.34	7.15	74.01	74.90	1	27.90
633.779	31.09	3.18	98.71	10.41	7.03	73.20	74.20	1	27.80
633.883	31.40	3.17	99.42	10.33	7.08	73.21	73.60	1	27.50
634.028	31.44	3.16	99.24	10.31	7.17	73.93	74.50	1	27.80
634.088	31.41	3.14	98.71	10.37	7.03	72.98	73.90	1	27.60
634.192	31.43	3.15	99.09	10.36	7.02	72.72	73.40	1	27.60
634.337	31.41	3.15	98.82	10.30	7.18	73.95	74.80	1	27.60
634.397	31.42	3.15	99.09	10.33	7.03	72.58	73.20	1	27.60
634.501	31.46	3.15	99.02	10.34	7.05	72.94	73.70	1	27.60
634.646	31.44	3.18	99.86	10.32	7.14	73.68	73.80	1	27.90
634.706	31.38	3.18	99.67	10.32	7.01	72.36	72.60	1	27.90
634.810	31.16	3.18	99.07	10.30	7.06	72.78	73.50	1	27.80
634.955	31.08	3.18	98.84	10.32	7.14	73.69	74.60	1	27.80
635.015	31.19	3.17	98.87	10.32	7.22	74.46	75.30	1	27.90
635.119	30.98	3.19	98.74	10.30	7.12	73.32	74.30	1	28.10
635.264	30.81	3.20	98.49	10.29	7.19	74.01	75.10	1	27.90
635.324	30.78	3.19	98.29	10.31	7.10	73.13	74.40	1	28.10
635.428	30.66	3.21	98.54	10.31	7.12	73.36	74.40	1	28.10
635.573	30.84	3.22	99.22	10.24	7.18	73.59	74.20	1	27.80
635.633	31.11	3.20	99.50	10.32	7.07	72.97	73.30	1	27.60
635.737	31.43	3.17	99.60	10.29	7.10	73.03	73.30	1	27.60
635.882	31.52	3.16	99.66	10.31	7.11	73.34	73.60	1	27.60
635.942	31.59	3.16	99.76	10.27	7.10	72.92	73.10	1	27.50
636.046	31.61	3.15	99.48	10.29	7.16	73.67	74.10	1	27.50
636.191	31.44	3.15	98.98	10.26	7.14	73.26	74.00	1	27.80
636.251	31.40	3.15	98.94	10.32	7.12	73.42	74.20	1	27.80
636.355	31.16	3.18	98.96	10.29	7.17	73.79	74.60	1	27.80
636.500	31.04	3.21	99.72	10.31	7.12	73.37	73.60	1	28.10
636.560	31.03	3.21	99.65	10.29	7.25	74.60	74.90	1	28.10
636.664	30.75	3.22	98.89	10.28	7.03	72.24	73.00	1	27.90
636.809	30.85	3.22	99.25	10.30	7.03	72.42	73.00	1	27.90
636.869	30.90	3.20	98.82	10.28	7.16	73.67	74.50	1	27.80
636.973	30.97	3.19	98.89	10.28	7.14	73.37	74.20	1	27.80
637.118	31.15	3.18	99.08	10.24	7.16	73.31	74.00	1	27.80
637.178	31.20	3.18	99.10	10.29	7.16	73.68	74.40	1	27.90
637.282	31.01	3.19	98.79	10.28	7.16	73.65	74.60	1	27.80
637.427	30.80	3.21	98.97	10.23	7.23	73.96	74.70	1	27.90
637.487	30.84	3.21	98.94	10.30	7.08	72.98	73.80	1	28.10
637.591	30.75	3.21	98.79	10.23	7.27	74.37	75.30	1	27.90
637.736	30.92	3.20	99.09	10.28	7.19	73.86	74.50	1	27.80
637.796	31.08	3.19	99.05	10.29	7.12	73.30	74.00	1	27.80
637.900	31.03	3.18	98.71	10.28	7.15	73.49	74.50	1	27.80
638.045	30.97	3.22	99.69	10.18	7.29	74.17	74.40	1	28.10
638.105	30.76	3.24	99.55	10.22	7.11	72.73	73.10	1	28.20
638.209	30.47	3.23	98.36	10.23	7.16	73.22	74.40	1	28.10
638.354	30.44	3.24	98.71	10.23	7.08	72.43	73.40	1	28.40
638.414	30.24	3.26	98.70	10.18	7.18	73.07	74.00	1	28.40
638.518	30.20	3.26	98.56	10.20	7.20	73.45	74.50	1	28.40
638.663	30.17	3.24	97.87	10.27	7.19	73.85	75.50	1	28.40
638.723	30.00	3.27	97.96	10.22	7.16	73.16	74.70	1	28.50
638.827	30.08	3.27	98.29	10.19	7.22	73.55	74.80	1	28.40
638.972	30.43	3.26	99.06	10.23	7.25	74.19	74.90	1	28.20
639.032	30.61	3.25	99.47	10.23	7.20	73.64	74.00	1	28.10
639.136	30.81	3.22	99.15	10.29	7.16	73.70	74.30	1	28.10
639.281	30.44	3.24	98.75	10.20	7.19	73.33	74.30	1	28.10
639.341	30.60	3.22	98.63	10.24	7.19	73.63	74.70	1	28.20
639.445	30.41	3.25	98.70	10.18	7.24	73.71	74.70	1	28.20
639.590	30.76	3.23	99.35	10.25	7.25	74.33	74.80	1	27.90
639.650	30.92	3.22	99.51	10.29	7.22	74.35	74.70	1	27.80
639.754	30.86	3.21	98.98	10.22	7.17	73.32	74.10	1	27.90
639.899	31.02	3.21	99.45	10.25	7.16	73.39	73.80	1	28.20
639.959	30.65	3.24	99.16	10.24	7.17	73.38	74.00	1	28.20
640.063	30.74	3.23	99.28	10.31	7.05	72.73	73.30	1	28.10
640.208	30.53	3.24	98.98	10.26	7.17	73.52	74.30	1	28.20
640.268	30.42	3.23	98.36	10.26	7.29	74.79	76.00	1	28.20
640.372	30.50	3.23	98.58	10.28	7.09	72.97	74.00	1	28.10
640.517	30.71	3.21	98.51	10.29	7.09	72.96	74.10	1	27.90
640.577	30.95	3.21	99.22	10.29	7.13	73.31	73.90	1	27.90
640.681	30.83	3.21	99.02	10.24	7.22	73.96	74.70	1	27.90
640.826	30.93	3.21	99.36	10.31	7.07	72.87	73.30	1	28.10
640.886	30.92	3.22	99.47	10.29	7.23	74.35	74.70	1	28.20
640.990	30.69	3.24	99.31	10.26	7.21	73.99	74.50	1	28.10
641.135	30.31	3.24	98.33	10.24	7.09	72.65	73.90	1	28.40
641.195	30.48	3.24	98.84	10.25	7.13	73.10	74.00	1	28.20
641.299	30.59	3.22	98.58	10.22	7.21	73.72	74.80	1	28.20
641.444	30.37	3.25	98.64	10.29	7.15	73.60	74.60	1	28.20
641.504	30.26	3.26	98.54	10.27	7.08	72.73	73.80	1	28.20
641.608	30.37	3.25	98.84	10.27	7.13	73.18	74.00	1	28.10
641.753	30.64	3.24	99.25	10.27	7.09	72.79	73.30	1	28.10
641.813	30.73	3.23	99.16	10.25	7.15	73.25	73.90	1	27.90
641.917	30.88	3.21	99.13	10.27	7.19	73.90	74.50	1	27.90
642.062	30.81	3.22	99.18	10.28	7.12	73.20	73.80	1	27.90
642.122	30.83	3.22	99.22	10.21	7.29	74.43	75.00	1	27.90
642.226	30.83	3.22	99.17	10.27	7.14	73.28	73.90	1	27.90
642.371	30.89	3.21	99.10	10.29	7.15	73.62	74.30	1	28.10
642.431	30.66	3.23	99.17	10.23	7.29	74.54	75.20	1	28.10
642.535	30.64	3.24	99.18	10.26	7.13	73.15	73.80	1	28.10
642.680	30.59	3.24	99.07	10.25	7.20	73.83	74.50	1	28.10
642.740	30.67	3.23	98.95	10.26	7.23	74.18	75.00	1	27.90
642.844	30.62	3.23	98.95	10.28	7.12	73.18	73.90	1	28.20
642.989	30.50	3.25	99.00	10.24	7.13	73.06	73.80	1	28.20
643.049	30.52	3.25	99.08	10.23	7.22	73.80	74.50	1	28.40
643.153	30.29	3.26	98.87	10.23	7.24	74.12	75.00	1	28.20
643.298	30.45	3.25	98.83	10.24	7.16	73.35	74.20	1	28.10
643.358	30.42	3.24	98.63	10.24	7.15	73.25	74.30	1	28.10
643.462	30.58	3.22	98.55	10.23	7.17	73.34	74.40	1	28.10
643.607	30.97	3.21	99.38	10.30	7.18	73.97	74.40	1	27.80
643.667	30.79	3.22	99.04	10.28	7.26	74.70	75.40	1	27.80
643.771	30.98	3.21	99.48	10.32	7.04	72.62	73.00	1	27.90
643.916	30.78	3.23	99.47	10.28	7.09	72.85	73.20	1	28.10
643.976	30.72	3.23	99.21	10.24	7.25	74.24	74.80	1	27.90
644.080	30.91	3.21	99.35	10.25	7.13	73.11	73.60	1	27.80
644.225	31.24	3.18	99.35	10.32	7.07	72.99	73.50	1	27.60
644.285	31.33	3.18	99.54	10.28	7.24	74.39	74.70	1	27.80
644.389	31.20	3.20	99.77	10.23	7.24	74.11	74.30	1	27.90
644.534	31.18	3.20	99.69	10.30	7.10	73.20	73.40	1	27.80
644.594	31.31	3.17	99.20	10.29	7.17	73.81	74.40	1	27.90
644.698	31.06	3.18	98.83	10.29	7.11	73.18	74.00	1	27.80
644.843	30.86	3.20	98.69	10.25	7.27	74.47	75.50	1	27.90
644.903	30.87	3.21	99.13	10.29	7.12	73.28	73.90	1	28.10
645.007	30.76	3.22	99.03	10.30	7.11	73.20	73.90	1	28.10
645.152	30.66	3.24	99.41	10.29	7.04	72.38	72.80	1	28.40
645.212	30.40	3.25	98.70	10.22	7.22	73.79	74.80	1	28.40
645.316	30.24	3.25	98.40	10.21	7.15	73.03	74.20	1	28.40
645.461	30.23	3.26	98.63	10.31	7.01	72.27	73.30	1	28.40
645.521	30.24	3.26	98.53	10.24	7.09	72.58	73.70	1	28.40
645.625	30.29	3.25	98.46	10.27	7.04	72.31	73.40	1	28.20
645.770	30.33	3.27	99.17	10.25	7.20	73.83	74.40	1	28.40
645.830	30.18	3.28	98.88	10.28	7.05	72.42	73.20	1	28.50
645.934	30.20	3.26	98.58	10.29	7.10	73.09	74.10	1	28.40
646.079	30.27	3.26	98.55	10.22	7.27	74.26	75.40	1	28.20
646.139	30.45	3.24	98.56	10.28	7.22	74.26	75.30	1	28.20
646.243	30.48	3.24	98.78	10.29	7.25	74.57	75.50	1	28.20
646.388	30.75	3.22	99.01	10.26	7.25	74.33	75.10	1	27.90
646.448	30.96	3.21	99.53	10.27	7.27	74.68	75.00	1	27.90
646.552	31.09	3.21	99.67	10.28	7.20	73.99	74.20	1	27.60
646.697	31.09	3.20	99.41	10.27	7.33	75.22	75.70	1	27.90
646.757	30.88	3.21	99.19	10.24	7.24	74.12	74.70	1	27.80
646.861	31.15	3.19	99.41	10.30	7.21	74.20	74.60	1	27.60
647.006	31.24	3.18	99.47	10.32	7.10	73.21	73.60	1	27.80
647.066	31.21	3.19	99.40	10.27	7.18	73.73	74.20	1	27.80
647.170	30.98	3.20	99.09	10.24	7.20	73.78	74.50	1	27.90
647.315	30.96	3.20	98.93	10.30	7.11	73.20	74.00	1	27.90
647.375	30.98	3.20	99.25	10.23	7.25	74.16	74.70	1	27.90
647.479	30.96	3.20	99.03	10.28	7.23	74.35	75.10	1	27.90
647.624	30.63	3.22	98.57	10.25	7.19	73.68	74.70	1	28.10
647.684	30.63	3.22	98.72	10.27	7.13	73.21	74.20	1	28.20
647.788	30.48	3.25	98.95	10.24	7.10	72.67	73.40	1	28.20
647.933	30.39	3.24	98.55	10.25	7.17	73.48	74.60	1	28.20
647.993	30.32	3.26	98.76	10.21	7.17	73.20	74.10	1	28.20
648.097	30.33	3.25	98.56	10.24	7.11	72.81	73.90	1	28.20
648.242	30.29	3.27	99.16	10.26	7.05	72.32	72.90	1	28.50
648.302	30.16	3.27	98.74	10.22	7.17	73.33	74.30	1	28.50
648.406	29.97	3.28	98.18	10.16	7.21	73.26	74.60	1	28.40
648.551	29.79	3.30	98.30	10.14	7.21	73.09	74.40	1	28.70
648.611	29.65	3.30	97.85	10.20	7.09	72.31	73.90	1	28.70
648.715	29.62	3.30	97.75	10.20	7.11	72.57	74.20	1	28.50
648.860	29.69	3.29	97.71	10.14	7.14	72.45	74.10	1	28.70
648.920	29.72	3.29	97.71	10.16	7.15	72.61	74.30	1	28.70
649.024	29.65	3.31	98.12	10.14	7.20	73.02	74.40	1	28.70
649.169	29.48	3.32	97.84	10.19	7.07	71.99	73.60	1	28.70
649.229	29.49	3.31	97.75	10.23	7.01	71.71	73.40	1	28.80
649.333	29.35	3.31	97.26	10.17	6.94	70.59	72.60	1	28.70
649.478	29.59	3.31	97.95	10.19	7.08	72.16	73.70	1	28.70
649.538	29.54	3.31	97.74	10.19	7.19	73.26	75.00	1	28.50
649.642	29.75	3.30	98.12	10.19	7.20	73.37	74.80	1	28.40
649.787	29.78	3.28	97.79	10.25	7.03	72.11	73.70	1	28.70
649.847	29.64	3.30	97.68	10.17	7.15	72.69	74.40	1	28.70
649.951	29.81	3.29	97.97	10.21	7.07	72.11	73.60	1	28.50
650.096	30.21	3.27	98.78	10.26	7.11	72.98	73.90	1	28.20
650.156	30.33	3.26	98.79	10.22	7.25	74.17	75.10	1	28.10
650.260	30.81	3.22	99.14	10.28	7.24	74.42	75.10	1	27.90
650.405	30.70	3.22	99.00	10.27	7.16	73.50	74.20	1	28.20
650.465	30.56	3.24	99.11	10.22	7.16	73.22	73.90	1	28.20
650.569	30.43	3.25	98.85	10.26	7.13	73.15	74.00	1	28.20
650.714	30.43	3.25	98.94	10.26	7.14	73.31	74.10	1	28.20
650.774	30.28	3.26	98.83	10.24	7.08	72.50	73.40	1	28.40
650.878	30.08	3.26	98.03	10.24	7.08	72.51	74.00	1	28.40
651.023	30.63	3.23	98.92	10.30	7.13	73.36	74.20	1	28.10
651.083	30.81	3.21	99.04	10.28	7.25	74.57	75.30	1	27.90
651.187	31.03	3.19	99.06	10.29	7.13	73.30	74.00	1	27.80
651.332	31.41	3.17	99.50	10.30	7.20	74.15	74.50	1	27.50
651.392	31.64	3.15	99.64	10.30	7.15	73.72	74.00	1	27.50
651.496	31.44	3.16	99.22	10.32	7.19	74.21	74.80	1	27.60
651.641	31.11	3.17	98.71	10.31	7.13	73.59	74.50	1	27.80
651.701	31.28	3.17	99.14	10.26	7.18	73.65	74.30	1	27.60
651.805	31.42	3.14	98.75	10.29	7.12	73.26	74.20	1	27.60
651.950	31.35	3.18	99.65	10.26	7.15	73.41	73.70	1	27.80
652.010	31.43	3.18	99.81	10.35	7.09	73.32	73.50	1	27.90
652.114	31.05	3.20	99.24	10.25	7.23	74.11	74.70	1	27.80
652.259	31.03	3.20	99.20	10.26	7.22	74.06	74.70	1	27.90
652.319	30.94	3.20	99.17	10.28	7.11	73.10	73.70	1	27.90
652.423	30.79	3.21	98.92	10.26	7.10	72.89	73.70	1	27.90
652.568	30.97	3.20	99.12	10.27	7.10	72.92	73.60	1	27.90
652.628	30.88	3.21	99.02	10.23	7.23	73.94	74.70	1	27.90
652.732	30.96	3.20	98.94	10.32	7.11	73.41	74.20	1	27.80
652.877	31.29	3.18	99.59	10.30	7.13	73.39	73.70	1	27.60
652.937	31.41	3.15	99.05	10.31	7.10	73.17	73.90	1	27.50
653.041	31.56	3.15	99.31	10.26	7.16	73.45	74.00	1	27.50
653.186	31.60	3.15	99.39	10.23	7.21	73.76	74.20	1	27.50
653.246	31.63	3.13	99.09	10.27	7.08	72.75	73.40	1	27.50
653.350	31.38	3.16	99.21	10.23	7.20	73.67	74.30	1	27.60
653.495	31.38	3.17	99.41	10.30	7.15	73.62	74.10	1	27.80
653.555	31.48	3.16	99.53	10.32	7.20	74.27	74.60	1	27.90
653.659	31.01	3.20	99.08	10.28	7.17	73.67	74.40	1	27.90
653.804	31.03	3.20	99.41	10.34	7.09	73.33	73.80	1	27.80
653.864	31.19	3.18	99.29	10.28	7.27	74.78	75.30	1	27.60
653.968	30.98	3.19	98.79	10.25	7.25	74.27	75.20	1	27.60
654.113	31.47	3.17	99.73	10.34	7.05	72.87	73.10	1	27.50
654.173	31.60	3.16	99.77	10.27	7.21	74.03	74.20	1	27.50
654.277	31.76	3.14	99.67	10.26	7.25	74.37	74.60	1	27.50
654.422	31.47	3.15	99.12	10.33	7.06	72.97	73.60	1	27.60
654.482	31.67	3.13	99.11	10.36	7.09	73.42	74.10	1	27.60
654.586	31.48	3.16	99.43	10.31	7.17	73.88	74.30	1	27.60
654.731	31.49	3.16	99.56	10.28	7.26	74.63	75.00	1	27.60
654.791	31.31	3.17	99.34	10.31	7.12	73.42	73.90	1	27.80
654.895	31.30	3.17	99.28	10.30	7.11	73.21	73.70	1	27.60
655.040	31.20	3.18	99.16	10.28	7.10	72.91	73.50	1	27.90
655.100	30.98	3.20	99.16	10.23	7.25	74.16	74.80	1	27.90
655.204	30.84	3.21	99.07	10.30	7.06	72.68	73.40	1	28.10
655.349	30.97	3.21	99.30	10.30	7.14	73.56	74.10	1	27.90
655.409	31.08	3.19	99.09	10.36	7.15	74.05	74.70	1	27.90
655.513	31.11	3.18	98.96	10.32	7.15	73.86	74.60	1	28.10
655.658	30.41	3.22	97.90	10.28	7.14	73.42	75.00	1	28.10
655.718	30.59	3.22	98.36	10.29	7.17	73.78	75.00	1	27.90
655.822	30.82	3.21	98.87	10.22	7.28	74.38	75.20	1	27.80
655.967	31.30	3.17	99.26	10.29	7.25	74.57	75.10	1	27.50
656.027	31.45	3.15	98.98	10.30	7.16	73.76	74.50	1	27.60
656.131	31.34	3.16	98.98	10.27	7.24	74.39	75.10	1	27.60
656.276	31.45	3.15	99.01	10.32	7.21	74.42	75.20	1	27.60
656.336	31.44	3.16	99.34	10.29	7.28	74.86	75.40	1	27.60
656.440	31.37	3.15	98.70	10.29	7.22	74.33	75.30	1	27.60
656.585	31.44	3.15	98.94	10.28	7.09	72.87	73.70	1	27.50
656.645	31.57	3.13	98.76	10.28	7.13	73.29	74.20	1	27.50
656.749	31.75	3.13	99.53	10.27	7.20	73.91	74.30	1	27.30
656.894	32.06	3.08	98.89	10.33	7.18	74.15	75.00	1	27.20
656.954	31.85	3.11	98.90	10.28	7.21	74.09	74.90	1	27.30
657.058	31.52	3.15	99.17	10.25	7.23	74.12	74.70	1	27.50
657.203	31.56	3.15	99.30	10.31	7.13	73.49	74.00	1	27.50
657.263	31.63	3.14	99.46	10.31	7.14	73.56	74.00	1	27.60
657.367	31.58	3.14	99.18	10.32	7.10	73.28	73.90	1	27.50
657.512	31.54	3.15	99.48	10.28	7.22	74.16	74.50	1	27.60
657.572	31.31	3.17	99.19	10.26	7.27	74.59	75.20	1	27.80
657.676	31.25	3.17	99.21	10.25	7.22	73.99	74.60	1	27.60
657.821	31.65	3.18	100.59	10.25	7.17	73.47	73.00	1	27.30
657.882	31.56	3.17	100.12	10.24	7.15	73.20	73.10	1	27.30
657.986	31.72	3.14	99.68	10.27	7.04	72.27	72.50	1	27.30
658.131	31.69	3.14	99.37	10.33	7.08	73.16	73.60	1	27.50
658.191	31.68	3.14	99.45	10.28	7.20	74.01	74.40	1	27.60
658.295	31.51	3.15	99.38	10.30	7.15	73.69	74.10	1	27.60
658.440	31.49	3.15	99.27	10.26	7.23	74.18	74.70	1	27.50
658.500	31.62	3.14	99.27	10.30	7.17	73.87	74.40	1	27.50
658.604	31.69	3.14	99.37	10.30	7.18	73.99	74.50	1	27.50
658.749	31.80	3.14	99.72	10.21	7.29	74.42	74.60	1	27.20
658.809	31.92	3.11	99.23	10.29	7.18	73.92	74.50	1	27.30
658.913	31.95	3.11	99.34	10.26	7.24	74.29	74.80	1	27.20
659.058	32.17	3.09	99.30	10.27	7.14	73.30	73.80	1	27.00
659.118	32.25	3.08	99.41	10.27	7.16	73.47	73.90	1	26.90
659.222	32.20	3.08	99.05	10.26	7.21	73.96	74.70	1	26.90
659.367	32.51	3.04	98.83	10.31	7.12	73.42	74.30	1	27.00
659.427	32.34	3.07	99.13	10.26	7.20	73.88	74.50	1	27.00
659.531	32.31	3.07	99.11	10.29	7.16	73.69	74.40	1	27.00
659.676	32.49	3.04	98.80	10.31	7.20	74.22	75.10	1	26.90
659.736	32.42	3.03	98.40	10.32	7.09	73.17	74.40	1	26.70
659.840	32.56	3.03	98.61	10.34	7.08	73.20	74.20	1	26.90
659.985	32.33	3.05	98.74	10.26	7.23	74.17	75.10	1	27.00
660.045	32.26	3.06	98.85	10.29	7.17	73.75	74.60	1	27.20
660.149	32.17	3.08	98.94	10.32	7.05	72.78	73.60	1	27.30
660.294	31.91	3.11	99.31	10.25	7.18	73.58	74.10	1	27.50
660.354	31.84	3.13	99.71	10.30	7.17	73.91	74.10	1	27.60
660.458	31.54	3.14	99.12	10.29	7.22	74.38	75.00	1	27.60
660.603	31.59	3.13	98.99	10.33	7.17	74.12	74.90	1	27.50
660.663	31.52	3.15	99.26	10.33	7.12	73.57	74.10	1	27.50
660.767	31.79	3.12	99.11	10.32	7.19	74.17	74.80	1	27.30
660.912	31.87	3.11	99.12	10.35	7.16	74.09	74.70	1	27.50
660.972	31.83	3.12	99.32	10.33	7.04	72.76	73.30	1	27.60
661.076	31.72	3.13	99.25	10.37	7.10	73.63	74.20	1	27.60
661.221	31.63	3.16	99.80	10.34	7.06	73.03	73.20	1	27.60
661.281	31.57	3.15	99.43	10.34	7.06	72.98	73.40	1	27.80
661.385	31.35	3.18	99.58	10.30	7.19	74.10	74.40	1	27.80
661.530	31.49	3.17	99.95	10.33	7.03	72.67	72.70	1	27.50
661.590	31.67	3.15	99.70	10.32	7.16	73.92	74.10	1	27.50
661.694	31.60	3.15	99.59	10.28	7.13	73.34	73.60	1	27.50
661.839	31.55	3.15	99.24	10.31	7.10	73.20	73.80	1	27.60
661.899	31.69	3.13	99.19	10.34	7.13	73.66	74.30	1	27.50
662.003	31.74	3.12	99.02	10.30	7.17	73.85	74.60	1	27.50
662.148	31.93	3.13	99.88	10.38	7.02	72.87	73.00	1	27.50
662.208	31.95	3.12	99.71	10.31	7.13	73.49	73.70	1	27.30
662.312	32.00	3.11	99.47	10.32	7.14	73.70	74.10	1	27.50
662.457	31.73	3.14	99.58	10.41	7.02	73.10	73.40	1	27.60
662.517	31.54	3.14	99.14	10.29	7.20	74.07	74.70	1	27.60
662.621	31.61	3.13	99.11	10.37	7.06	73.18	73.80	1	27.50
662.766	31.64	3.15	99.65	10.36	7.15	74.08	74.30	1	27.80
662.826	31.27	3.17	99.16	10.30	7.25	74.60	75.20	1	27.90
662.930	31.08	3.16	98.07	10.36	7.25	75.04	76.50	1	27.90
663.075	30.84	3.22	99.16	10.32	7.17	74.01	74.60	1	28.20
663.135	30.63	3.23	98.92	10.34	7.13	73.65	74.50	1	28.20
663.239	30.59	3.24	98.98	10.28	7.23	74.35	75.10	1	28.20
663.384	30.60	3.23	98.90	10.32	7.05	72.76	73.60	1	28.20
663.444	30.41	3.24	98.55	10.21	7.19	73.44	74.50	1	28.40
663.548	30.15	3.26	98.40	10.26	7.03	72.13	73.30	1	28.50
663.693	30.21	3.27	98.79	10.34	7.06	72.94	73.80	1	28.50
663.753	29.98	3.28	98.27	10.27	7.04	72.23	73.50	1	28.70
663.857	29.66	3.29	97.60	10.23	7.12	72.85	74.60	1	28.50
664.002	29.81	3.29	98.01	10.31	7.02	72.34	73.80	1	28.70
664.062	29.80	3.30	98.30	10.25	7.11	72.92	74.20	1	28.80
664.166	29.69	3.30	97.85	10.26	6.96	71.36	72.90	1	28.80
664.311	29.82	3.30	98.48	10.23	6.97	71.31	72.40	1	28.70
664.371	29.84	3.30	98.48	10.16	7.04	71.55	72.70	1	28.50
664.475	29.92	3.28	98.24	10.22	7.01	71.58	72.90	1	28.50
664.620	30.22	3.26	98.50	10.29	7.07	72.73	73.80	1	28.20
664.680	30.29	3.26	98.86	10.28	7.03	72.23	73.10	1	28.10
664.784	30.66	3.22	98.66	10.29	7.07	72.76	73.70	1	27.90
664.929	30.81	3.20	98.49	10.33	7.14	73.73	74.90	1	27.90
664.989	30.85	3.19	98.42	10.26	7.07	72.50	73.70	1	27.80
665.093	30.90	3.18	98.20	10.32	7.16	73.89	75.20	1	27.90
665.238	30.58	3.23	98.77	10.32	7.08	73.02	73.90	1	28.20
665.298	30.82	3.21	99.07	10.33	7.13	73.65	74.30	1	28.20
665.402	30.50	3.24	98.83	10.28	7.17	73.65	74.50	1	28.20
665.547	30.16	3.26	98.30	10.24	7.10	72.67	73.90	1	28.40
665.607	30.30	3.24	98.05	10.32	7.17	74.01	75.50	1	28.20
665.711	30.34	3.24	98.28	10.28	7.11	73.13	74.40	1	28.20
665.856	30.58	3.22	98.56	10.28	7.26	74.68	75.80	1	28.10
665.916	30.53	3.23	98.45	10.31	7.00	72.22	73.40	1	27.90
666.020	30.61	3.22	98.58	10.35	7.13	73.85	74.90	1	28.20
666.165	30.73	3.22	98.81	10.32	7.15	73.74	74.60	1	27.90
666.225	30.80	3.22	99.12	10.31	7.08	73.00	73.60	1	27.80
666.329	31.11	3.18	98.99	10.36	7.01	72.66	73.40	1	27.80
666.474	31.34	3.17	99.20	10.36	7.03	72.78	73.40	1	27.60
666.534	31.49	3.14	98.83	10.39	7.17	74.51	75.40	1	27.60
666.638	31.31	3.16	99.03	10.35	7.07	73.20	73.90	1	27.90
666.783	31.00	3.19	98.94	10.29	7.19	74.01	74.80	1	27.80
666.843	31.07	3.18	98.89	10.33	7.12	73.53	74.40	1	27.80
666.947	31.29	3.18	99.36	10.31	7.18	74.02	74.50	1	27.60
667.092	31.31	3.18	99.43	10.33	7.04	72.73	73.10	1	27.80
667.152	31.30	3.16	99.03	10.29	7.20	74.06	74.80	1	27.90
667.256	31.00	3.19	98.91	10.26	7.12	73.02	73.80	1	27.90
667.401	31.11	3.19	99.32	10.32	7.12	73.46	74.00	1	28.10
667.461	30.88	3.21	99.04	10.28	7.23	74.33	75.10	1	28.10
667.565	30.76	3.20	98.46	10.32	7.17	73.96	75.10	1	28.10
667.710	30.63	3.23	98.88	10.26	7.33	75.17	76.00	1	28.20
667.770	30.62	3.23	98.91	10.30	7.17	73.93	74.70	1	28.20
667.874	30.60	3.23	98.70	10.33	7.13	73.71	74.70	1	28.10
668.019	30.85	3.21	99.13	10.30	7.27	74.87	75.50	1	27.90
668.079	30.96	3.19	98.88	10.36	7.16	74.22	75.10	1	27.80
668.183	30.83	3.18	98.13	10.34	7.08	73.22	74.60	1	27.80
668.328	31.24	3.17	99.03	10.31	7.04	72.59	73.30	1	27.50
668.388	31.42	3.15	98.95	10.28	7.13	73.28	74.10	1	27.50
668.492	31.64	3.14	99.21	10.27	7.18	73.78	74.40	1	27.30
668.637	31.86	3.11	99.07	10.33	7.10	73.36	74.00	1	27.50
668.697	31.74	3.12	98.93	10.28	7.27	74.71	75.50	1	27.50
668.801	31.68	3.13	99.03	10.30	7.21	74.23	75.00	1	27.50
668.946	31.70	3.13	99.24	10.35	7.16	74.13	74.70	1	27.60
669.006	31.48	3.14	98.70	10.35	7.18	74.28	75.30	1	27.60
669.110	31.75	3.13	99.32	10.34	7.13	73.78	74.30	1	27.30
669.255	31.90	3.10	99.03	10.32	7.23	74.62	75.30	1	27.30
669.315	31.96	3.10	99.02	10.35	7.03	72.81	73.50	1	27.20
669.419	32.00	3.08	98.43	10.35	7.05	73.01	74.20	1	27.30
669.564	32.21	3.07	98.71	10.37	7.04	72.96	73.90	1	27.00
669.624	32.04	3.06	98.15	10.31	7.14	73.58	75.00	1	27.20
669.728	31.97	3.09	98.69	10.37	7.01	72.70	73.70	1	27.20
669.873	32.15	3.08	98.99	10.39	7.06	73.31	74.10	1	27.30
669.933	31.87	3.10	98.81	10.30	7.17	73.86	74.70	1	27.30
670.037	31.85	3.11	99.07	10.31	7.10	73.20	73.90	1	27.30
670.182	31.81	3.12	99.19	10.32	7.15	73.78	74.40	1	27.50
670.242	31.67	3.13	99.08	10.36	7.02	72.79	73.50	1	27.50
670.346	31.80	3.13	99.38	10.36	7.05	73.07	73.50	1	27.50
670.491	31.68	3.11	98.62	10.29	7.16	73.67	74.70	1	27.30
670.551	31.99	3.10	99.20	10.36	7.07	73.24	73.80	1	27.30
670.655	31.90	3.08	98.31	10.34	7.10	73.46	74.70	1	27.30
670.800	31.82	3.11	98.97	10.30	7.19	74.05	74.80	1	27.50
670.860	31.81	3.12	99.16	10.33	7.22	74.64	75.30	1	27.60
670.964	31.48	3.16	99.40	10.25	7.27	74.47	74.90	1	27.60
671.109	31.52	3.15	99.20	10.29	7.21	74.23	74.80	1	27.50
671.169	31.59	3.13	98.87	10.32	7.23	74.56	75.40	1	27.30
671.273	31.41	3.14	98.61	10.27	7.21	74.11	75.20	1	27.60
671.418	31.70	3.13	99.38	10.32	7.10	73.30	73.80	1	27.30
671.478	31.62	3.13	99.11	10.32	7.23	74.58	75.20	1	27.50
671.582	31.58	3.13	98.72	10.26	7.24	74.35	75.30	1	27.30
671.727	31.91	3.12	99.59	10.35	7.00	72.48	72.80	1	27.20
671.787	32.20	3.09	99.42	10.30	7.16	73.77	74.20	1	27.00
671.891	32.43	3.06	99.33	10.27	7.08	72.75	73.20	1	27.00
672.036	32.36	3.07	99.23	10.28	7.21	74.05	74.60	1	27.00
672.096	32.43	3.05	98.94	10.29	7.15	73.59	74.40	1	27.00
672.200	32.21	3.07	98.99	10.30	7.08	72.97	73.70	1	26.90
672.345	32.22	3.06	98.63	10.25	7.19	73.73	74.80	1	26.90
672.405	32.40	3.05	98.87	10.25	7.18	73.61	74.50	1	27.00
672.509	32.24	3.07	99.01	10.29	7.18	73.92	74.70	1	27.20
672.654	32.00	3.11	99.36	10.27	7.25	74.48	75.00	1	27.20
672.714	31.91	3.12	99.48	10.28	7.12	73.22	73.60	1	27.30
672.818	31.95	3.10	99.05	10.30	7.17	73.87	74.60	1	27.20
672.963	32.09	3.09	99.25	10.25	7.22	74.02	74.60	1	27.20
673.023	32.00	3.09	99.05	10.28	7.13	73.24	73.90	1	27.20
673.127	32.20	3.08	99.32	10.28	7.18	73.80	74.30	1	27.00
673.272	32.52	3.05	99.16	10.28	7.15	73.54	74.20	1	26.90
673.332	32.35	3.07	99.18	10.24	7.23	74.01	74.60	1	27.00
673.436	32.17	3.08	99.19	10.25	7.18	73.60	74.20	1	27.00
673.581	32.53	3.04	98.98	10.28	7.19	73.95	74.70	1	26.90
673.641	32.31	3.06	98.96	10.23	7.23	73.92	74.70	1	27.00
673.745	32.35	3.05	98.73	10.30	7.12	73.35	74.30	1	27.00
673.890	32.34	3.04	98.42	10.29	7.20	74.10	75.30	1	26.90
673.950	32.43	3.04	98.59	10.32	7.14	73.70	74.80	1	26.90
674.054	32.57	3.02	98.37	10.30	7.11	73.23	74.40	1	26.70
674.199	32.62	3.04	99.04	10.24	7.27	74.49	75.20	1	26.60
674.259	32.89	2.99	98.49	10.28	7.19	73.89	75.00	1	26.60
674.363	32.87	3.00	98.51	10.22	7.28	74.37	75.50	1	26.60
674.508	32.64	3.03	98.73	10.26	7.08	72.63	73.60	1	26.90
674.568	32.56	3.02	98.27	10.25	7.19	73.70	75.00	1	26.90
674.672	32.58	3.03	98.58	10.25	7.11	72.88	73.90	1	26.70
674.817	32.57	3.01	97.91	10.24	7.17	73.45	75.00	1	26.70
674.877	32.46	3.01	97.67	10.25	7.12	72.95	74.70	1	26.70
674.981	32.60	3.00	97.84	10.25	7.17	73.55	75.20	1	26.60
675.126	32.80	3.00	98.26	10.29	7.07	72.77	74.10	1	26.60
675.186	32.68	3.01	98.26	10.23	7.25	74.11	75.40	1	26.40
675.290	32.84	3.00	98.56	10.20	7.14	72.83	73.90	1	26.60
675.435	32.86	2.99	98.37	10.22	7.09	72.44	73.60	1	26.40
675.495	33.00	2.96	97.70	10.21	6.99	71.39	73.10	1	26.30
675.599	32.91	2.96	97.49	10.22	7.01	71.61	73.50	1	26.30
675.744	33.03	2.95	97.44	10.17	7.20	73.24	75.20	1	26.60
675.804	33.03	2.96	97.78	10.22	7.07	72.28	73.90	1	26.60
675.908	32.88	3.00	98.76	10.22	7.03	71.87	72.80	1	26.90
676.053	32.52	3.05	99.29	10.28	6.99	71.88	72.40	1	27.00
676.113	32.52	3.05	99.20	10.30	7.10	73.05	73.60	1	27.20
676.217	32.10	3.09	99.24	10.28	7.01	72.07	72.60	1	27.20
676.362	32.30	3.07	99.14	10.25	7.15	73.30	73.90	1	27.00
676.422	32.21	3.08	99.09	10.24	7.30	74.76	75.40	1	26.90
676.526	32.28	3.08	99.39	10.25	7.16	73.43	73.90	1	26.90
676.671	32.20	3.08	99.21	10.25	7.25	74.32	74.90	1	27.20
676.731	32.17	3.07	98.78	10.30	7.05	72.61	73.50	1	27.00
676.835	32.15	3.07	98.58	10.25	7.13	73.03	74.10	1	27.20
676.980	32.10	3.08	98.87	10.36	7.10	73.52	74.40	1	27.30
677.040	31.92	3.11	99.21	10.29	7.15	73.59	74.20	1	27.50
677.144	31.83	3.12	99.36	10.34	7.15	73.97	74.40	1	27.50
677.289	31.65	3.14	99.42	10.30	7.25	74.65	75.10	1	27.50
677.349	31.75	3.13	99.43	10.34	7.11	73.52	73.90	1	27.50
677.453	31.82	3.13	99.53	10.32	7.10	73.33	73.70	1	27.30
677.598	31.66	3.14	99.50	10.31	7.14	73.57	73.90	1	27.60
677.658	31.61	3.14	99.25	10.30	7.22	74.36	74.90	1	27.60
677.762	31.36	3.15	98.92	10.30	7.21	74.25	75.10	1	27.60
677.907	31.81	3.12	99.38	10.33	7.12	73.60	74.10	1	27.50
677.967	31.63	3.13	99.07	10.33	7.04	72.67	73.40	1	27.50
678.071	31.71	3.13	99.15	10.33	7.00	72.31	72.90	1	27.50
678.216	31.64	3.15	99.80	10.34	7.14	73.83	74.00	1	27.80
678.276	31.50	3.15	99.20	10.34	7.21	74.52	75.10	1	27.60
678.380	31.59	3.15	99.38	10.33	7.12	73.62	74.10	1	27.50
678.525	31.43	3.17	99.48	10.29	7.23	74.34	74.70	1	27.80
678.585	31.22	3.17	99.04	10.29	7.13	73.42	74.10	1	27.80
678.689	31.37	3.16	99.04	10.33	7.14	73.79	74.50	1	27.50
678.834	31.40	3.17	99.48	10.32	7.10	73.21	73.60	1	27.80
678.894	31.38	3.15	98.96	10.28	7.18	73.82	74.60	1	27.60
678.998	31.50	3.15	99.36	10.28	7.21	74.10	74.60	1	27.60
679.143	31.55	3.13	98.87	10.32	7.17	74.02	74.90	1	27.60
679.203	31.37	3.17	99.51	10.30	7.19	74.04	74.40	1	27.80
679.307	31.15	3.20	99.83	10.27	7.18	73.78	73.90	1	27.90
679.452	31.17	3.19	99.45	10.24	7.19	73.58	74.00	1	27.80
679.512	31.14	3.20	99.54	10.25	7.11	72.86	73.20	1	27.80
679.616	31.28	3.18	99.59	10.26	7.17	73.56	73.90	1	27.60
679.761	31.61	3.17	100.30	10.26	7.17	73.52	73.30	1	27.30
679.822	31.84	3.15	100.24	10.23	7.27	74.31	74.10	1	27.20
679.926	31.93	3.12	99.73	10.28	7.22	74.24	74.40	1	27.30
680.071	31.95	3.13	99.94	10.24	7.25	74.18	74.20	1	27.30
680.131	31.74	3.15	100.08	10.24	7.14	73.11	73.10	1	27.50
680.235	31.66	3.15	99.67	10.22	7.15	73.03	73.30	1	27.30
680.380	31.86	3.13	99.66	10.27	7.16	73.47	73.70	1	27.30
680.440	31.79	3.14	99.87	10.23	7.22	73.89	74.00	1	27.30
680.544	31.87	3.12	99.50	10.30	7.09	73.02	73.40	1	27.30
680.689	31.78	3.12	99.19	10.28	7.10	73.04	73.60	1	27.30
680.749	32.02	3.11	99.49	10.26	7.25	74.32	74.70	1	27.20
680.853	31.94	3.11	99.26	10.21	7.19	73.40	73.90	1	27.20
680.998	31.82	3.13	99.55	10.23	7.10	72.57	72.90	1	27.30
681.058	31.88	3.14	100.06	10.21	7.29	74.45	74.40	1	27.50
681.162	31.60	3.16	100.00	10.21	7.22	73.78	73.80	1	27.50
681.307	31.50	3.17	99.82	10.21	7.12	72.74	72.90	1	27.50
681.367	31.49	3.17	99.75	10.18	7.18	73.08	73.30	1	27.50
681.471	31.42	3.17	99.55	10.20	7.21	73.54	73.90	1	27.60
681.616	31.01	3.19	99.01	10.25	7.17	73.47	74.20	1	27.60
681.676	31.12	3.19	99.17	10.20	7.29	74.37	75.00	1	27.60
681.780	31.16	3.18	98.99	10.23	7.26	74.28	75.00	1	27.60
681.925	31.54	3.16	99.63	10.31	7.12	73.42	73.70	1	27.50
681.985	31.54	3.16	99.54	10.27	7.22	74.19	74.50	1	27.30
682.089	31.65	3.14	99.41	10.23	7.26	74.29	74.70	1	27.30
682.234	31.58	3.14	99.05	10.24	7.26	74.35	75.10	1	27.50
682.294	31.58	3.15	99.37	10.27	7.26	74.55	75.00	1	27.50
682.398	31.59	3.15	99.61	10.29	7.15	73.56	73.80	1	27.50
682.543	31.55	3.17	100.05	10.28	7.24	74.40	74.40	1	27.80
682.604	31.33	3.19	100.04	10.26	7.27	74.59	74.60	1	27.80
682.708	31.29	3.19	99.86	10.34	7.11	73.52	73.60	1	27.60
682.853	31.50	3.18	100.11	10.30	7.17	73.88	73.80	1	27.80
682.914	31.25	3.20	99.98	10.27	7.23	74.26	74.30	1	27.90
683.018	31.19	3.21	100.08	10.28	7.13	73.32	73.30	1	27.60
683.163	31.60	3.18	100.58	10.27	7.23	74.32	73.90	1	27.50
683.224	31.72	3.17	100.55	10.31	7.09	73.15	72.80	1	27.50
683.328	31.66	3.15	99.80	10.35	7.00	72.48	72.60	1	27.60
683.473	31.78	3.16	100.41	10.32	7.21	74.37	74.10	1	27.50
683.534	31.64	3.15	99.80	10.30	7.09	73.07	73.20	1	27.50
683.638	31.43	3.16	99.36	10.28	7.16	73.69	74.20	1	27.60
683.783	31.62	3.14	99.23	10.27	7.26	74.53	75.10	1	27.50
683.843	31.42	3.16	99.23	10.30	7.11	73.18	73.70	1	27.60
683.947	31.31	3.16	98.94	10.30	7.05	72.63	73.40	1	27.60
684.092	31.52	3.17	99.87	10.32	7.17	73.98	74.10	1	27.80
684.152	31.34	3.17	99.37	10.33	7.18	74.18	74.70	1	27.80
684.256	31.40	3.17	99.55	10.35	7.07	73.16	73.50	1	27.80
684.401	31.31	3.17	99.36	10.33	7.13	73.61	74.10	1	27.60
684.461	31.40	3.17	99.62	10.30	7.25	74.67	75.00	1	27.50
684.565	31.69	3.13	99.32	10.34	7.02	72.56	73.10	1	27.50
684.710	31.75	3.15	100.11	10.39	7.09	73.68	73.60	1	27.80
684.771	31.42	3.17	99.76	10.28	7.23	74.35	74.50	1	27.60
684.875	31.29	3.18	99.45	10.31	7.18	74.07	74.50	1	27.80
685.020	31.14	3.17	98.85	10.29	7.16	73.62	74.50	1	27.80
685.080	31.31	3.16	99.08	10.32	7.19	74.22	74.90	1	27.80
685.184	31.05	3.19	99.21	10.30	7.23	74.40	75.00	1	27.90
685.329	30.97	3.19	98.86	10.27	7.27	74.68	75.50	1	27.60
685.389	31.18	3.17	98.95	10.31	7.16	73.77	74.60	1	27.60
685.493	31.18	3.17	98.92	10.30	7.17	73.79	74.60	1	27.80
685.638	31.15	3.20	99.70	10.32	7.11	73.35	73.60	1	27.90
685.698	31.05	3.22	99.89	10.25	7.27	74.52	74.60	1	28.10
685.802	30.77	3.22	99.10	10.24	7.19	73.58	74.20	1	28.10
685.947	30.89	3.20	98.72	10.32	7.20	74.30	75.30	1	27.90
686.007	30.85	3.21	99.19	10.35	7.04	72.88	73.50	1	28.10
686.111	30.71	3.23	99.08	10.34	7.13	73.78	74.50	1	28.20
686.256	30.50	3.23	98.59	10.29	7.16	73.67	74.70	1	28.10
686.316	30.59	3.23	98.67	10.29	7.16	73.66	74.60	1	28.20
686.420	30.47	3.24	98.71	10.27	7.20	74.01	75.00	1	28.40
686.565	30.51	3.24	98.90	10.30	7.03	72.45	73.20	1	28.10
686.625	30.64	3.24	99.21	10.25	7.20	73.79	74.40	1	27.90
686.729	30.79	3.21	98.82	10.26	7.14	73.22	74.10	1	28.10
686.874	30.93	3.21	99.16	10.27	7.19	73.90	74.50	1	27.80
686.934	30.95	3.21	99.23	10.25	7.16	73.39	74.00	1	27.80
687.038	31.21	3.17	99.02	10.27	7.16	73.52	74.20	1	27.60
687.183	31.47	3.17	99.83	10.34	7.09	73.32	73.40	1	27.60
687.243	31.61	3.15	99.72	10.35	7.20	74.47	74.70	1	27.50
687.347	31.59	3.14	99.06	10.36	7.10	73.54	74.20	1	27.50
687.492	31.44	3.16	99.44	10.31	7.24	74.59	75.00	1	27.60
687.552	31.26	3.16	98.75	10.33	7.14	73.77	74.70	1	27.80
687.656	31.39	3.15	98.98	10.33	7.17	74.06	74.80	1	27.50
687.801	31.40	3.15	98.85	10.32	7.10	73.25	74.10	1	27.80
687.861	31.27	3.16	98.95	10.31	7.25	74.71	75.50	1	27.90
687.965	30.99	3.20	99.13	10.31	7.11	73.38	74.00	1	28.10
688.110	30.99	3.20	99.19	10.35	7.20	74.48	75.10	1	27.90
688.170	30.92	3.21	99.27	10.34	7.08	73.16	73.70	1	27.90
688.274	30.94	3.20	99.03	10.32	7.13	73.57	74.30	1	27.90
688.419	30.76	3.21	98.78	10.30	7.05	72.66	73.60	1	28.10
688.479	30.88	3.20	98.93	10.27	7.17	73.64	74.40	1	28.20
688.583	30.50	3.24	98.96	10.23	7.27	74.36	75.10	1	28.20
688.728	30.52	3.23	98.54	10.30	7.19	74.13	75.20	1	28.20
688.788	30.37	3.24	98.37	10.27	7.25	74.42	75.70	1	28.40
688.892	30.22	3.26	98.37	10.26	7.20	73.87	75.10	1	28.40
689.037	30.35	3.24	98.49	10.28	7.11	73.08	74.20	1	28.40
689.097	30.37	3.26	98.87	10.23	7.22	73.82	74.70	1	28.40
689.201	30.20	3.26	98.48	10.27	7.15	73.42	74.60	1	28.40
689.346	30.05	3.28	98.42	10.23	7.12	72.84	74.00	1	28.70
689.406	30.10	3.27	98.35	10.29	7.00	72.03	73.20	1	28.50
689.510	29.76	3.28	97.49	10.17	7.05	71.72	73.60	1	28.50
689.655	29.68	3.31	98.12	10.14	7.19	72.83	74.20	1	28.80
689.715	29.61	3.30	97.69	10.18	7.12	72.43	74.10	1	28.70
689.819	29.30	3.32	97.16	10.16	6.95	70.56	72.60	1	28.80
689.964	29.52	3.31	97.59	10.15	7.23	73.38	75.20	1	28.50
690.024	29.77	3.28	97.73	10.21	7.17	73.18	74.90	1	28.70
690.128	29.20	3.30	96.42	10.17	7.04	71.57	74.20	1	28.80
690.273	29.47	3.31	97.53	10.15	7.25	73.62	75.50	1	28.50
690.333	29.84	3.29	98.13	10.21	7.17	73.21	74.60	1	28.40
690.437	30.07	3.27	98.33	10.17	7.07	71.91	73.10	1	28.10
690.582	30.70	3.23	99.22	10.24	7.13	72.98	73.60	1	27.80
690.642	31.03	3.20	99.31	10.28	7.22	74.16	74.70	1	27.80
690.746	31.08	3.19	99.08	10.24	7.20	73.75	74.40	1	27.80
690.891	30.99	3.19	98.77	10.24	7.19	73.63	74.60	1	27.80
690.951	30.81	3.19	98.27	10.26	7.08	72.66	73.90	1	27.90
691.055	30.79	3.20	98.45	10.23	7.24	74.08	75.20	1	27.80
691.200	31.50	3.14	98.83	10.31	7.09	73.07	73.90	1	27.50
691.260	31.49	3.14	98.99	10.27	7.07	72.61	73.30	1	27.50
691.364	31.63	3.13	98.86	10.31	7.03	72.51	73.30	1	27.50
691.509	31.85	3.12	99.30	10.29	7.19	73.95	74.50	1	27.30
691.569	31.97	3.10	99.13	10.33	7.15	73.82	74.50	1	27.20
691.673	31.94	3.10	99.01	10.30	7.05	72.67	73.40	1	27.30
691.818	31.77	3.11	98.64	10.30	7.14	73.54	74.60	1	27.30
691.878	31.83	3.09	98.35	10.28	7.20	74.08	75.30	1	27.30
691.982	31.77	3.11	98.79	10.24	7.21	73.85	74.80	1	27.00
692.127	32.08	3.08	98.86	10.24	7.22	73.92	74.80	1	27.00
692.187	32.19	3.08	99.16	10.29	7.13	73.39	74.00	1	26.90
692.291	32.24	3.07	98.85	10.25	7.23	74.11	75.00	1	26.90
692.436	32.40	3.05	98.72	10.27	7.17	73.61	74.60	1	27.00
692.496	32.20	3.06	98.44	10.26	7.13	73.17	74.30	1	27.00
692.600	32.26	3.06	98.58	10.31	7.11	73.30	74.40	1	26.90
692.745	32.39	3.05	98.73	10.27	7.10	72.93	73.90	1	26.90
692.805	32.50	3.04	98.77	10.29	7.18	73.86	74.80	1	26.90
692.909	32.41	3.05	98.75	10.26	7.18	73.73	74.70	1	26.90
693.054	32.35	3.04	98.49	10.32	7.15	73.75	74.90	1	27.00
693.114	32.18	3.08	99.09	10.28	7.09	72.93	73.60	1	27.20
693.218	32.07	3.08	98.70	10.33	7.11	73.46	74.40	1	27.20
693.363	32.25	3.08	99.23	10.31	7.10	73.21	73.80	1	27.00
693.423	32.21	3.06	98.48	10.31	7.05	72.66	73.80	1	26.90
693.527	32.38	3.05	98.88	10.26	7.05	72.35	73.20	1	27.20
693.672	32.24	3.07	98.89	10.28	7.14	73.40	74.20	1	27.30
693.732	31.93	3.09	98.80	10.26	7.21	74.00	74.90	1	27.20
693.836	32.00	3.09	98.94	10.27	7.13	73.22	74.00	1	27.00
693.981	31.98	3.10	99.15	10.26	7.29	74.81	75.50	1	27.20
694.041	32.01	3.09	99.00	10.28	7.12	73.22	74.00	1	27.30
694.145	31.83	3.11	98.87	10.25	7.15	73.26	74.10	1	27.30
694.290	32.07	3.09	99.05	10.27	7.08	72.66	73.40	1	27.00
694.350	32.17	3.09	99.30	10.25	7.26	74.38	74.90	1	27.00
694.454	32.30	3.06	99.01	10.24	7.16	73.35	74.10	1	26.90
694.599	32.33	3.06	99.05	10.26	7.25	74.39	75.10	1	27.20
694.659	32.14	3.08	98.96	10.26	7.16	73.48	74.30	1	27.00
694.763	32.26	3.07	98.94	10.34	7.10	73.36	74.10	1	27.00
694.908	31.91	3.08	98.27	10.23	7.17	73.38	74.70	1	27.20
694.968	32.10	3.06	98.28	10.30	7.08	72.93	74.20	1	27.00
695.072	32.15	3.08	98.93	10.24	7.17	73.42	74.20	1	26.70
695.217	32.34	3.05	98.64	10.19	7.29	74.29	75.30	1	26.90
695.277	32.24	3.07	98.95	10.24	7.16	73.32	74.10	1	27.00
695.381	32.22	3.07	98.94	10.20	7.22	73.64	74.40	1	27.00
695.526	32.16	3.06	98.36	10.27	7.18	73.74	75.00	1	27.00
695.586	32.25	3.05	98.24	10.30	7.11	73.22	74.50	1	26.90
695.690	32.28	3.05	98.40	10.25	7.13	73.04	74.20	1	26.90
695.835	32.30	3.05	98.40	10.18	7.25	73.86	75.10	1	26.90
695.895	32.37	3.06	99.11	10.22	7.13	72.87	73.50	1	26.90
695.999	32.36	3.04	98.53	10.24	7.20	73.74	74.80	1	26.90
696.144	32.27	3.06	98.67	10.27	7.09	72.85	73.80	1	26.90
696.204	32.27	3.06	98.90	10.26	7.09	72.68	73.50	1	26.90
696.308	32.16	3.07	98.68	10.26	7.05	72.36	73.30	1	26.90
696.453	32.27	3.06	98.65	10.28	7.02	72.23	73.20	1	26.90
696.513	32.21	3.06	98.46	10.22	7.16	73.11	74.30	1	26.90
696.617	32.13	3.07	98.64	10.28	7.03	72.23	73.20	1	27.20
696.762	32.13	3.07	98.63	10.27	7.13	73.20	74.20	1	27.00
696.822	32.21	3.06	98.67	10.25	7.17	73.56	74.60	1	27.00
696.926	32.22	3.05	98.34	10.26	7.22	74.05	75.30	1	26.90
697.071	32.14	3.08	99.06	10.29	7.19	73.99	74.70	1	27.20
697.131	32.17	3.09	99.26	10.27	7.27	74.71	75.30	1	27.20
697.235	31.97	3.10	98.96	10.24	7.28	74.56	75.40	1	27.00
697.380	32.24	3.07	99.09	10.25	7.23	74.09	74.80	1	26.90
697.440	32.14	3.07	98.81	10.27	7.16	73.49	74.40	1	27.00
697.544	32.11	3.07	98.44	10.27	7.15	73.43	74.60	1	26.90
697.689	32.40	3.06	99.05	10.24	7.17	73.41	74.10	1	26.90
697.749	32.47	3.07	99.59	10.25	7.13	73.12	73.40	1	27.00
697.853	32.24	3.09	99.64	10.27	7.02	72.11	72.40	1	27.20
697.998	32.15	3.08	99.17	10.24	7.20	73.77	74.40	1	27.30
698.058	31.84	3.10	98.67	10.27	7.09	72.87	73.90	1	27.30
698.162	31.90	3.08	98.36	10.27	7.15	73.41	74.60	1	27.00
698.307	31.98	3.09	98.94	10.27	7.16	73.50	74.30	1	27.30
698.367	32.00	3.09	99.02	10.26	7.16	73.46	74.20	1	27.30
698.471	31.80	3.11	98.89	10.30	7.19	74.10	74.90	1	27.50
698.616	31.93	3.10	99.11	10.31	7.08	73.01	73.70	1	27.20
698.676	31.99	3.10	99.20	10.27	7.22	74.23	74.80	1	27.20
698.780	31.83	3.11	98.99	10.29	7.18	73.85	74.60	1	27.30
698.925	31.87	3.13	99.76	10.31	7.15	73.69	73.90	1	27.60
698.985	31.61	3.15	99.48	10.31	7.02	72.44	72.80	1	27.60
699.089	31.39	3.16	99.29	10.31	7.14	73.68	74.20	1	27.60
699.234	31.54	3.15	99.19	10.32	7.16	73.93	74.50	1	27.50
699.294	31.65	3.14	99.27	10.32	7.12	73.53	74.10	1	27.30
699.398	31.62	3.13	98.89	10.30	7.12	73.35	74.20	1	27.30
699.543	31.96	3.11	99.47	10.29	7.15	73.57	74.00	1	27.00
699.603	32.06	3.09	99.13	10.32	7.10	73.34	74.00	1	27.00
699.707	32.12	3.10	99.63	10.35	7.11	73.62	73.90	1	27.20
699.852	32.24	3.08	99.29	10.33	7.09	73.26	73.80	1	27.00
699.912	32.23	3.07	98.87	10.26	7.19	73.77	74.60	1	27.00
700.016	32.22	3.08	99.10	10.25	7.23	74.12	74.80	1	27.00
700.161	32.33	3.06	98.97	10.28	7.07	72.69	73.40	1	27.00
700.221	32.13	3.08	99.07	10.24	7.19	73.63	74.30	1	27.00
700.325	32.23	3.08	99.13	10.29	7.08	72.86	73.50	1	27.00
700.470	32.47	3.07	99.65	10.30	7.11	73.20	73.50	1	26.90
700.530	32.45	3.06	99.16	10.27	7.13	73.18	73.80	1	27.00
700.634	32.37	3.05	98.71	10.25	7.14	73.25	74.20	1	26.90
700.779	32.23	3.07	98.93	10.24	7.14	73.10	73.90	1	26.90
700.839	32.44	3.04	98.48	10.24	7.17	73.41	74.50	1	26.70
700.943	32.42	3.05	98.81	10.21	7.23	73.89	74.80	1	27.00
701.088	32.34	3.05	98.69	10.20	7.23	73.69	74.70	1	26.90
701.148	32.32	3.05	98.53	10.23	7.19	73.54	74.60	1	26.90
701.252	32.40	3.04	98.50	10.25	7.07	72.51	73.60	1	26.90
701.397	32.64	3.03	98.98	10.31	7.00	72.24	73.00	1	26.70
701.457	32.48	3.03	98.52	10.21	7.14	72.88	74.00	1	26.70
701.561	32.57	3.02	98.44	10.22	7.18	73.43	74.60	1	26.70
701.706	32.56	3.03	98.75	10.23	7.24	74.07	75.00	1	26.60
701.766	32.67	3.02	98.66	10.27	7.07	72.58	73.60	1	26.60
701.870	32.63	3.01	98.27	10.30	7.06	72.74	74.00	1	26.70
702.015	32.41	3.03	98.26	10.32	7.03	72.59	73.90	1	27.00
702.075	32.26	3.06	98.75	10.23	7.21	73.83	74.80	1	27.00
702.179	32.18	3.08	99.07	10.23	7.17	73.29	74.00	1	27.20
702.324	31.92	3.11	99.40	10.28	7.26	74.65	75.10	1	27.30
702.384	31.80	3.13	99.40	10.25	7.13	73.05	73.50	1	27.50
702.488	31.78	3.14	99.94	10.27	7.13	73.28	73.30	1	27.60
702.633	31.40	3.18	99.70	10.28	7.24	74.48	74.70	1	27.60
702.693	31.27	3.17	99.07	10.29	7.12	73.25	73.90	1	27.80
702.797	31.18	3.19	99.36	10.30	7.09	73.02	73.50	1	27.90
702.942	30.81	3.22	99.15	10.28	7.20	73.95	74.60	1	28.10
703.002	30.77	3.22	99.09	10.25	7.10	72.79	73.50	1	27.90
703.106	30.94	3.21	99.18	10.26	7.18	73.67	74.30	1	27.80
703.251	30.76	3.21	98.63	10.28	7.11	73.05	74.10	1	27.90
703.311	30.72	3.21	98.63	10.25	7.11	72.85	73.90	1	27.90
703.415	30.79	3.22	99.13	10.29	7.21	74.21	74.90	1	28.10
703.560	30.73	3.22	98.93	10.26	7.13	73.11	73.90	1	27.90
703.620	30.91	3.21	99.19	10.25	7.22	74.07	74.70	1	27.80
703.724	30.98	3.19	98.98	10.23	7.26	74.27	75.00	1	27.80
703.869	31.04	3.19	98.93	10.29	7.11	73.12	73.90	1	27.80
703.929	31.03	3.19	98.99	10.23	7.27	74.34	75.10	1	27.80
704.033	30.93	3.21	99.35	10.31	7.07	72.82	73.30	1	28.10
704.178	30.79	3.22	99.23	10.26	7.20	73.84	74.40	1	28.10
704.238	30.71	3.23	99.18	10.26	7.20	73.85	74.50	1	28.20
704.342	30.60	3.24	99.26	10.25	7.12	72.96	73.50	1	28.10
704.487	30.61	3.24	99.15	10.24	7.15	73.15	73.80	1	28.10
704.547	30.80	3.22	99.31	10.23	7.21	73.76	74.30	1	28.10
704.651	30.76	3.22	99.04	10.25	7.20	73.79	74.50	1	27.90
704.796	30.73	3.23	99.36	10.23	7.19	73.52	74.00	1	28.20
704.856	30.54	3.24	98.81	10.23	7.10	72.67	73.50	1	28.20
704.960	30.65	3.24	99.18	10.18	7.13	72.57	73.20	1	27.90
705.105	30.82	3.22	99.22	10.23	7.21	73.79	74.40	1	28.10
705.165	30.70	3.23	99.02	10.26	7.20	73.92	74.70	1	28.20
705.269	30.49	3.25	99.04	10.27	7.06	72.49	73.20	1	28.20
705.414	30.46	3.24	98.59	10.28	7.05	72.51	73.50	1	28.10
705.474	30.67	3.22	98.81	10.25	7.14	73.19	74.10	1	28.10
705.578	30.87	3.20	98.92	10.27	7.18	73.66	74.50	1	27.90
705.723	30.80	3.22	99.14	10.26	7.11	72.96	73.60	1	28.20
705.783	30.54	3.23	98.50	10.22	7.18	73.40	74.50	1	28.20
705.887	30.40	3.23	98.12	10.20	7.19	73.33	74.70	1	28.10
706.032	30.82	3.22	99.25	10.26	7.10	72.88	73.40	1	27.90
706.092	31.02	3.20	99.12	10.27	7.14	73.31	74.00	1	27.80
706.196	31.19	3.19	99.60	10.30	7.24	74.54	74.80	1	27.60
706.341	31.25	3.17	99.09	10.24	7.25	74.27	75.00	1	27.60
706.401	31.40	3.16	99.29	10.31	7.11	73.32	73.80	1	27.60
706.505	31.50	3.16	99.46	10.28	7.18	73.79	74.20	1	27.50
706.650	31.50	3.15	99.26	10.28	7.18	73.81	74.40	1	27.50
706.710	31.70	3.13	99.20	10.32	7.19	74.21	74.80	1	27.30
706.814	31.85	3.10	98.71	10.33	7.06	72.86	73.80	1	27.30
706.959	31.67	3.13	99.12	10.40	7.04	73.26	73.90	1	27.80
707.019	31.42	3.16	99.28	10.29	7.17	73.83	74.40	1	27.80
707.123	31.15	3.18	99.05	10.30	7.07	72.89	73.60	1	27.90
707.268	31.03	3.21	99.47	10.32	7.08	73.12	73.50	1	27.90
707.328	31.01	3.21	99.61	10.32	7.18	74.10	74.40	1	28.10
707.432	30.78	3.22	99.06	10.29	7.11	73.12	73.80	1	27.90
707.577	30.62	3.21	98.26	10.26	7.10	72.89	74.20	1	27.90
707.637	30.68	3.22	98.69	10.26	7.13	73.13	74.10	1	28.10
707.741	30.35	3.25	98.62	10.22	7.19	73.49	74.50	1	28.40
707.886	30.21	3.24	97.99	10.26	7.20	73.85	75.40	1	28.40
707.946	30.29	3.24	98.07	10.28	7.09	72.86	74.30	1	28.20
708.050	30.20	3.24	97.85	10.24	7.06	72.30	73.90	1	28.40
708.195	30.17	3.24	97.84	10.19	7.17	73.13	74.80	1	28.10
708.255	30.21	3.25	98.10	10.23	7.15	73.13	74.50	1	28.10
708.359	30.60	3.22	98.66	10.27	7.19	73.78	74.80	1	27.80
708.504	31.22	3.19	99.47	10.31	7.13	73.51	73.90	1	27.50
708.564	31.37	3.18	99.68	10.25	7.24	74.28	74.50	1	27.50
708.668	31.55	3.14	99.10	10.27	7.24	74.30	75.00	1	27.50
708.813	31.61	3.15	99.61	10.29	7.17	73.79	74.10	1	27.50
708.873	31.55	3.16	99.60	10.31	7.12	73.39	73.70	1	27.60
708.977	31.45	3.15	99.21	10.34	7.06	72.98	73.60	1	27.50
709.122	31.48	3.16	99.37	10.25	7.20	73.78	74.20	1	27.60
709.182	31.21	3.18	99.09	10.26	7.14	73.30	74.00	1	27.80
709.286	31.32	3.17	99.38	10.28	7.15	73.50	74.00	1	27.60
709.431	31.52	3.15	99.22	10.28	7.14	73.35	73.90	1	27.50
709.491	31.46	3.16	99.36	10.25	7.20	73.77	74.20	1	27.50
709.595	31.56	3.15	99.38	10.27	7.14	73.31	73.80	1	27.50
709.740	31.57	3.15	99.56	10.26	7.25	74.34	74.70	1	27.60
709.800	31.46	3.16	99.48	10.33	7.09	73.26	73.60	1	27.80
709.904	31.27	3.18	99.33	10.26	7.21	74.03	74.50	1	27.60
710.049	31.39	3.17	99.45	10.24	7.27	74.50	74.90	1	27.50
710.109	31.59	3.15	99.67	10.30	7.11	73.27	73.50	1	27.50
710.213	31.47	3.16	99.35	10.23	7.27	74.38	74.90	1	27.60
710.358	31.43	3.17	99.73	10.24	7.20	73.70	73.90	1	27.60
710.418	31.49	3.17	99.78	10.24	7.19	73.61	73.80	1	27.50
710.522	31.45	3.15	99.14	10.27	7.16	73.49	74.10	1	27.60
710.667	31.59	3.16	99.73	10.27	7.12	73.12	73.30	1	27.30
710.727	31.77	3.13	99.55	10.28	7.28	74.89	75.20	1	27.30
710.831	31.63	3.13	98.87	10.29	7.11	73.15	74.00	1	27.50
710.976	31.70	3.14	99.59	10.32	7.12	73.44	73.70	1	27.50
711.036	31.64	3.14	99.50	10.34	7.07	73.16	73.50	1	27.60
711.140	31.40	3.17	99.53	10.27	6.99	71.84	72.20	1	27.80
711.285	31.06	3.18	98.63	10.27	7.25	74.42	75.40	1	27.80
711.345	30.98	3.19	98.71	10.27	7.21	74.05	75.00	1	27.80
711.449	30.99	3.19	98.91	10.29	7.09	73.01	73.80	1	27.90
711.594	30.91	3.22	99.44	10.27	7.10	72.91	73.30	1	28.10
711.654	30.85	3.23	99.55	10.27	7.24	74.31	74.60	1	28.20
711.758	30.60	3.25	99.40	10.24	7.28	74.55	75.00	1	28.10
711.903	30.69	3.23	99.23	10.29	7.17	73.73	74.30	1	28.10
711.963	30.55	3.24	98.98	10.30	6.99	71.96	72.70	1	28.20
712.067	30.35	3.23	98.04	10.28	7.14	73.40	74.90	1	28.20
712.212	30.49	3.25	99.03	10.25	7.14	73.16	73.90	1	28.40
