301.259	39.83	0.00	0.00	0.02	0.00	0.00	0.00	1	12.50
301.403	22.70	2.89	65.64	4.19	5.46	22.86	34.80	1	47.50
301.463	14.27	3.69	52.58	3.91	4.62	18.06	34.30	1	55.00
301.567	8.06	4.27	34.43	2.96	4.65	13.75	39.90	1	40.00
301.711	12.89	4.02	51.83	3.70	7.49	27.74	53.50	1	25.00
301.771	19.64	3.57	70.08	4.56	8.44	38.47	54.90	1	15.00
301.875	32.02	1.68	53.65	4.13	6.00	24.77	46.20	1	10.00
302.020	37.04	1.00	36.96	3.96	5.72	22.62	61.20	1	14.00
302.080	37.23	1.15	42.70	4.45	6.34	28.18	66.00	1	16.50
302.184	36.24	1.79	64.99	5.68	7.81	44.33	68.20	1	18.00
302.329	36.57	1.75	64.03	6.60	7.20	47.55	74.30	1	18.00
302.389	36.87	1.68	61.96	6.77	6.83	46.22	74.60	1	17.90
302.493	37.21	1.53	56.99	6.97	6.31	43.96	77.10	1	18.00
302.638	37.45	1.36	51.12	7.14	5.77	41.18	80.60	1	18.00
302.698	37.39	1.41	52.75	7.17	5.76	41.30	78.30	1	17.90
302.802	37.21	1.47	54.61	7.04	5.90	41.57	76.10	1	17.60
302.947	37.31	1.43	53.17	7.07	5.70	40.33	75.80	1	17.90
303.007	37.36	1.41	52.77	7.08	5.73	40.51	76.80	1	18.00
303.111	37.43	1.44	53.90	7.13	5.87	41.88	77.70	1	18.10
303.256	37.26	1.50	56.06	7.26	5.89	42.75	76.30	1	18.40
303.316	37.19	1.49	55.59	7.35	5.78	42.49	76.40	1	18.60
303.420	37.10	1.52	56.44	7.41	5.86	43.42	76.90	1	18.90
303.565	37.14	1.56	58.06	7.60	5.75	43.64	75.20	1	19.20
303.625	37.05	1.63	60.31	7.57	6.01	45.53	75.50	1	19.20
303.729	37.06	1.62	59.91	7.68	6.02	46.21	77.10	1	19.50
303.874	36.75	1.72	63.30	7.85	6.14	48.23	76.20	1	19.80
303.934	36.82	1.71	62.83	7.96	5.99	47.66	75.90	1	19.90
304.038	36.85	1.74	63.97	8.02	6.04	48.42	75.70	1	20.10
304.182	36.79	1.76	64.88	8.14	6.16	50.13	77.30	1	20.40
304.242	36.65	1.82	66.79	8.17	6.23	50.88	76.20	1	20.50
304.346	36.61	1.82	66.80	8.28	6.09	50.46	75.50	1	20.80
304.491	36.59	1.84	67.39	8.39	6.10	51.15	75.90	1	21.00
304.551	36.35	1.89	68.60	8.37	6.31	52.80	77.00	1	20.80
304.655	36.60	1.83	66.99	8.42	6.09	51.23	76.50	1	20.70
304.800	36.45	1.82	66.48	8.33	6.20	51.67	77.70	1	20.70
304.860	36.54	1.82	66.56	8.39	6.06	50.81	76.30	1	20.80
304.964	36.46	1.84	67.25	8.32	6.29	52.33	77.80	1	20.50
305.109	36.54	1.80	65.85	8.36	6.23	52.12	79.10	1	20.70
305.169	36.40	1.84	67.05	8.33	6.29	52.44	78.20	1	20.80
305.273	36.37	1.85	67.30	8.34	6.19	51.63	76.70	1	20.70
305.418	36.47	1.83	66.66	8.32	6.14	51.13	76.70	1	20.50
305.478	36.56	1.82	66.45	8.31	6.22	51.71	77.80	1	20.70
305.582	36.46	1.88	68.70	8.29	6.38	52.89	77.00	1	20.80
305.727	36.48	1.92	70.04	8.37	6.42	53.71	76.70	1	21.10
305.787	36.46	1.90	69.29	8.44	6.30	53.19	76.80	1	21.10
305.891	36.53	1.86	67.98	8.45	6.16	52.04	76.60	1	20.80
306.036	36.35	1.89	68.62	8.48	6.28	53.24	77.60	1	21.10
306.096	36.31	1.91	69.39	8.49	6.28	53.33	76.90	1	21.30
306.200	36.39	1.94	70.57	8.54	6.32	53.91	76.40	1	21.40
306.345	36.30	1.97	71.59	8.72	6.29	54.87	76.60	1	21.70
306.405	36.23	1.99	72.18	8.69	6.42	55.72	77.20	1	21.60
306.509	36.13	2.02	72.99	8.67	6.35	55.09	75.50	1	21.40
306.654	36.13	1.98	71.38	8.64	6.41	55.36	77.60	1	21.40
306.714	36.06	2.04	73.65	8.57	6.53	55.93	75.90	1	21.30
306.818	36.25	1.94	70.24	8.58	6.33	54.36	77.40	1	21.40
306.963	36.27	1.96	71.17	8.48	6.50	55.11	77.40	1	21.10
307.023	36.42	1.92	70.03	8.52	6.41	54.61	78.00	1	21.30
307.127	36.41	1.95	70.99	8.51	6.42	54.62	76.90	1	21.10
307.272	36.52	1.91	69.69	8.50	6.30	53.52	76.80	1	21.30
307.332	36.41	1.93	70.22	8.51	6.29	53.49	76.20	1	21.30
307.436	36.27	1.97	71.44	8.47	6.46	54.71	76.60	1	21.40
307.581	36.09	2.07	74.85	8.53	6.80	57.98	77.50	1	21.70
307.641	35.96	2.09	75.08	8.62	6.69	57.68	76.80	1	21.90
307.745	35.99	2.03	73.05	8.82	6.25	55.16	75.50	1	21.90
307.890	35.93	2.07	74.31	8.86	6.20	54.94	73.90	1	21.90
307.950	35.67	2.18	77.61	8.74	6.67	58.31	75.10	1	21.90
308.054	35.88	2.13	76.56	8.67	7.01	60.79	79.40	1	21.90
308.199	35.86	2.15	77.23	8.90	6.33	56.31	72.90	1	22.20
308.259	35.69	2.22	79.32	8.95	6.42	57.47	72.50	1	22.30
308.363	35.50	2.31	81.89	9.03	6.51	58.76	71.80	1	22.50
308.508	35.61	2.27	80.96	8.87	7.01	62.18	76.80	1	22.50
308.568	35.62	2.26	80.31	8.99	6.53	58.68	73.10	1	22.30
308.672	35.53	2.17	77.16	8.96	6.79	60.86	78.90	1	22.30
308.817	36.05	2.04	73.64	9.07	6.05	54.89	74.50	1	22.30
308.877	36.16	2.00	72.38	9.12	6.06	55.31	76.40	1	22.30
308.981	36.09	2.03	73.10	8.86	6.91	61.18	83.70	1	22.30
309.126	35.46	2.27	80.34	8.87	7.24	64.19	79.90	1	22.60
309.186	35.54	2.28	80.88	8.99	6.88	61.84	76.50	1	22.80
309.290	35.53	2.30	81.64	9.06	6.78	61.37	75.20	1	22.60
309.435	35.76	2.18	78.02	9.10	6.55	59.54	76.30	1	22.60
309.495	35.64	2.24	79.69	9.00	6.75	60.75	76.20	1	22.50
309.599	35.48	2.23	79.04	8.98	6.78	60.82	77.00	1	22.50
309.744	35.82	2.20	78.90	9.07	6.51	59.01	74.80	1	22.60
309.804	35.91	2.19	78.82	8.99	6.85	61.58	78.10	1	22.50
309.908	35.75	2.18	78.09	8.92	6.90	61.53	78.80	1	22.30
310.053	35.69	2.24	79.95	8.96	6.88	61.71	77.20	1	22.60
310.113	35.72	2.23	79.55	9.10	6.59	59.95	75.40	1	22.80
310.217	35.56	2.25	79.96	9.03	6.84	61.83	77.30	1	22.50
310.362	35.55	2.21	78.73	8.99	6.64	59.68	75.80	1	22.50
310.422	35.66	2.14	76.42	9.03	6.53	58.92	77.10	1	22.30
310.526	35.72	2.17	77.67	8.96	6.55	58.70	75.60	1	22.20
310.671	35.54	2.23	79.19	8.84	7.05	62.32	78.70	1	22.50
310.731	35.65	2.23	79.45	9.00	6.60	59.35	74.70	1	22.60
310.835	35.58	2.24	79.60	9.00	6.72	60.48	76.00	1	22.50
310.980	35.71	2.18	77.84	8.97	6.77	60.78	78.10	1	22.60
311.040	35.71	2.19	78.18	9.05	6.58	59.59	76.20	1	22.60
311.144	35.37	2.31	81.55	9.02	6.87	61.95	76.00	1	22.90
311.289	35.25	2.29	80.88	9.17	6.75	61.88	76.50	1	22.90
311.349	35.27	2.34	82.37	9.10	6.91	62.90	76.40	1	22.80
311.453	35.66	2.23	79.55	9.20	6.61	60.78	76.40	1	22.80
311.598	35.30	2.32	81.73	9.16	6.85	62.68	76.70	1	23.10
311.658	35.29	2.31	81.42	9.22	6.82	62.90	77.20	1	23.20
311.762	35.28	2.36	83.17	9.25	6.84	63.25	76.10	1	23.40
311.907	35.33	2.34	82.58	9.26	6.84	63.33	76.70	1	23.10
311.967	35.56	2.30	81.89	9.28	6.74	62.56	76.40	1	23.20
312.071	35.37	2.31	81.69	9.25	6.79	62.85	76.90	1	23.10
312.216	35.26	2.35	82.81	9.18	6.93	63.61	76.80	1	23.10
312.276	35.23	2.36	82.99	9.21	6.80	62.59	75.40	1	23.20
312.380	35.29	2.36	83.34	9.23	6.82	62.97	75.60	1	23.40
312.525	35.28	2.33	82.26	9.28	6.78	62.90	76.50	1	23.20
312.585	35.42	2.31	81.72	9.30	6.79	63.13	77.20	1	23.20
312.689	35.25	2.39	84.07	9.29	6.95	64.60	76.80	1	23.50
312.834	35.12	2.42	84.84	9.38	6.90	64.69	76.30	1	23.70
312.894	35.22	2.39	84.32	9.39	7.04	66.12	78.40	1	23.80
312.998	35.02	2.44	85.40	9.46	7.06	66.86	78.30	1	24.00
313.143	34.67	2.55	88.29	9.57	7.03	67.31	76.20	1	24.30
313.203	34.64	2.56	88.66	9.63	7.08	68.18	76.90	1	24.40
313.307	34.49	2.63	90.63	9.65	7.13	68.81	75.90	1	24.70
313.452	34.19	2.69	91.98	9.74	7.27	70.82	77.00	1	25.00
313.512	33.90	2.72	92.08	9.73	7.35	71.53	77.70	1	25.20
313.616	33.78	2.77	93.54	9.84	7.27	71.52	76.50	1	25.30
313.761	33.96	2.79	94.70	9.93	7.32	72.63	76.70	1	25.50
313.821	33.64	2.81	94.40	10.01	7.14	71.46	75.70	1	25.60
313.925	33.81	2.81	94.96	9.96	7.27	72.43	76.30	1	25.80
314.070	33.28	2.87	95.47	9.99	7.39	73.79	77.30	1	26.10
314.130	33.44	2.87	95.94	10.07	7.42	74.75	77.90	1	26.20
314.234	33.30	2.89	96.39	10.13	7.26	73.53	76.30	1	26.40
314.379	32.75	2.97	97.13	10.22	7.21	73.70	75.90	1	26.50
314.439	32.65	2.99	97.49	10.13	7.40	74.96	76.90	1	26.70
314.543	32.43	3.00	97.15	10.17	7.39	75.17	77.40	1	26.70
314.688	32.58	2.98	97.15	10.17	7.28	74.05	76.20	1	26.50
314.748	32.72	2.97	97.13	10.18	7.32	74.51	76.70	1	26.50
314.852	32.62	2.97	97.00	10.19	7.33	74.69	77.00	1	26.50
314.997	32.42	2.99	97.09	10.21	7.33	74.84	77.10	1	26.80
315.057	32.26	3.02	97.57	10.19	7.36	74.97	76.80	1	27.00
315.161	32.23	3.05	98.17	10.23	7.38	75.51	76.90	1	27.10
315.306	31.77	3.11	98.74	10.19	7.51	76.57	77.50	1	27.40
315.366	31.66	3.12	98.75	10.28	7.30	74.98	75.90	1	27.60
315.470	31.44	3.13	98.48	10.24	7.28	74.61	75.80	1	27.40
315.615	31.43	3.15	99.07	10.25	7.44	76.24	77.00	1	27.80
315.675	31.31	3.15	98.62	10.30	7.23	74.45	75.50	1	27.60
315.779	31.52	3.13	98.77	10.25	7.38	75.60	76.50	1	27.40
315.924	31.51	3.11	98.14	10.30	7.30	75.18	76.60	1	27.60
315.984	31.50	3.12	98.18	10.27	7.24	74.38	75.80	1	27.40
316.088	31.63	3.12	98.59	10.26	7.40	75.89	77.00	1	27.30
316.233	31.69	3.10	98.20	10.29	7.27	74.83	76.20	1	27.40
316.293	31.58	3.12	98.48	10.22	7.37	75.30	76.50	1	27.40
316.397	31.16	3.14	97.79	10.22	7.43	75.89	77.60	1	27.40
316.542	31.48	3.12	98.29	10.25	7.40	75.81	77.10	1	27.40
316.602	31.63	3.12	98.67	10.23	7.49	76.62	77.70	1	27.30
316.706	31.84	3.11	99.00	10.25	7.37	75.54	76.30	1	27.10
316.851	31.76	3.11	98.72	10.22	7.42	75.83	76.80	1	27.30
316.911	31.87	3.09	98.45	10.25	7.40	75.86	77.10	1	27.30
317.015	31.80	3.09	98.17	10.28	7.26	74.66	76.10	1	27.10
317.160	31.86	3.08	98.08	10.25	7.37	75.53	77.00	1	27.30
317.220	31.85	3.09	98.34	10.30	7.34	75.58	76.90	1	27.40
317.324	31.65	3.11	98.42	10.24	7.46	76.38	77.60	1	27.30
317.469	31.75	3.12	99.00	10.21	7.52	76.76	77.50	1	27.30
317.529	31.50	3.12	98.39	10.24	7.39	75.68	76.90	1	27.10
317.633	31.76	3.10	98.49	10.26	7.43	76.18	77.30	1	27.30
317.778	31.57	3.13	98.67	10.25	7.48	76.69	77.70	1	27.30
317.838	31.49	3.14	98.96	10.21	7.40	75.57	76.40	1	27.30
317.942	31.81	3.11	98.99	10.18	7.53	76.63	77.40	1	27.10
318.087	31.68	3.10	98.23	10.17	7.40	75.26	76.60	1	27.10
318.147	31.79	3.09	98.37	10.20	7.49	76.32	77.60	1	27.30
318.251	31.55	3.12	98.56	10.18	7.53	76.67	77.80	1	27.40
318.396	31.57	3.13	98.93	10.27	7.46	76.60	77.40	1	27.60
318.456	31.40	3.16	99.31	10.20	7.50	76.54	77.10	1	27.60
318.560	31.15	3.18	98.91	10.24	7.50	76.76	77.60	1	27.80
318.705	31.50	3.14	98.90	10.35	7.38	76.37	77.20	1	27.60
318.765	31.43	3.15	99.02	10.25	7.52	77.09	77.80	1	27.40
318.869	31.36	3.14	98.54	10.26	7.51	77.11	78.20	1	27.60
319.014	31.57	3.14	99.07	10.21	7.31	74.63	75.30	1	27.40
319.074	31.72	3.13	99.24	10.25	7.28	74.63	75.20	1	27.30
319.178	31.82	3.12	99.26	10.26	7.22	74.06	74.60	1	27.10
319.323	31.76	3.10	98.62	10.24	7.35	75.22	76.30	1	27.40
319.383	31.75	3.12	98.99	10.26	7.38	75.73	76.50	1	27.40
319.487	31.46	3.13	98.53	10.27	7.32	75.16	76.30	1	27.40
319.632	31.90	3.11	99.13	10.24	7.38	75.60	76.30	1	27.10
319.692	31.89	3.10	98.72	10.30	7.29	75.12	76.10	1	27.10
319.796	31.88	3.09	98.60	10.24	7.37	75.53	76.60	1	27.30
319.941	31.56	3.16	99.65	10.26	7.39	75.81	76.10	1	27.80
320.001	31.43	3.15	99.08	10.28	7.42	76.32	77.00	1	27.80
320.105	24.11	3.48	83.93	9.60	6.42	61.67	73.50	1	47.60
320.250	11.62	4.35	50.51	7.26	4.69	34.04	67.40	1	40.00
320.310	12.46	4.28	53.33	7.30	5.15	37.62	70.50	1	40.00
320.414	21.26	3.67	78.12	7.90	6.69	52.84	67.60	1	25.00
320.559	34.72	1.34	46.70	5.91	3.79	22.43	48.00	1	12.50
320.619	34.94	1.70	59.41	6.46	5.34	34.52	58.10	1	25.00
320.723	33.92	2.37	80.36	7.68	7.01	53.83	67.00	1	21.00
320.868	29.21	3.02	88.29	8.71	7.38	64.24	72.80	1	33.00
320.928	25.39	3.22	81.77	8.72	6.63	57.81	70.70	1	33.00
321.032	26.01	3.33	86.69	9.13	6.68	61.00	70.40	1	29.00
321.177	27.36	3.36	91.86	9.54	7.26	69.33	75.50	1	29.30
321.237	27.44	3.36	92.25	9.64	7.22	69.60	75.40	1	29.50
321.341	27.50	3.37	92.55	9.79	7.27	71.16	76.90	1	29.60
321.486	27.59	3.38	93.29	9.79	7.26	71.05	76.20	1	29.80
321.546	27.57	3.38	93.19	9.78	7.28	71.16	76.40	1	29.90
321.650	27.40	3.37	92.41	9.84	7.21	70.93	76.80	1	29.90
321.795	27.25	3.39	92.36	9.88	7.16	70.72	76.60	1	29.80
321.855	27.37	3.39	92.77	9.85	7.21	70.97	76.50	1	29.80
321.959	27.70	3.37	93.39	9.95	7.19	71.52	76.60	1	29.50
322.104	27.95	3.36	93.97	10.05	7.08	71.12	75.70	1	29.30
322.164	28.12	3.36	94.54	10.05	7.17	72.06	76.20	1	29.10
322.268	28.53	3.35	95.49	10.01	7.31	73.14	76.60	1	29.00
322.413	29.43	3.31	97.38	10.09	7.34	74.11	76.10	1	28.70
322.473	29.49	3.30	97.26	10.07	7.35	74.03	76.10	1	28.50
322.577	29.77	3.28	97.74	10.10	7.42	74.94	76.70	1	28.20
322.722	30.39	3.25	98.74	10.15	7.44	75.54	76.50	1	27.90
322.782	30.73	3.22	98.96	10.19	7.40	75.42	76.20	1	27.80
322.886	30.72	3.21	98.52	10.18	7.45	75.85	77.00	1	27.80
323.031	30.97	3.19	98.80	10.22	7.51	76.75	77.70	1	27.80
323.091	31.27	3.16	98.83	10.30	7.39	76.04	76.90	1	27.60
323.195	31.34	3.16	98.92	10.27	7.46	76.65	77.50	1	27.50
323.340	31.34	3.16	99.07	10.25	7.53	77.11	77.80	1	27.60
323.400	31.33	3.17	99.27	10.28	7.30	75.11	75.70	1	27.60
323.504	31.47	3.14	98.86	10.27	7.40	76.01	76.90	1	27.50
323.649	31.62	3.12	98.51	10.32	7.36	75.98	77.10	1	27.50
323.709	31.55	3.12	98.45	10.27	7.25	74.48	75.60	1	27.30
323.813	31.52	3.12	98.37	10.21	7.48	76.37	77.60	1	27.50
323.958	31.40	3.14	98.55	10.27	7.39	75.97	77.10	1	27.60
324.018	31.27	3.15	98.46	10.24	7.45	76.27	77.50	1	27.60
324.122	31.10	3.17	98.58	10.20	7.48	76.33	77.40	1	27.60
324.267	31.23	3.14	98.13	10.23	7.49	76.65	78.10	1	27.60
324.327	31.22	3.15	98.38	10.19	7.58	77.26	78.50	1	27.50
324.431	31.41	3.14	98.58	10.22	7.44	76.07	77.20	1	27.50
324.576	31.68	3.11	98.64	10.29	7.47	76.87	77.90	1	27.30
324.636	31.59	3.13	98.73	10.21	7.57	77.29	78.30	1	27.20
324.740	31.70	3.10	98.32	10.27	7.34	75.36	76.60	1	27.20
324.885	32.01	3.08	98.70	10.25	7.37	75.54	76.50	1	26.90
324.945	32.14	3.07	98.66	10.23	7.49	76.68	77.70	1	27.00
325.049	32.39	3.04	98.34	10.25	7.41	75.95	77.20	1	26.90
325.194	32.30	3.04	98.27	10.15	7.49	75.97	77.30	1	26.70
325.254	32.32	3.04	98.25	10.22	7.33	74.95	76.30	1	26.90
325.358	32.31	3.03	97.86	10.26	7.23	74.22	75.80	1	26.90
325.503	32.34	3.04	98.46	10.20	7.42	75.65	76.80	1	26.60
325.563	32.66	3.00	97.94	10.25	7.30	74.85	76.40	1	26.60
325.667	32.62	3.00	97.83	10.19	7.35	74.93	76.60	1	26.60
325.812	32.68	2.98	97.49	10.16	7.40	75.17	77.10	1	26.60
325.872	32.67	2.98	97.22	10.19	7.22	73.63	75.70	1	26.40
325.976	32.80	2.96	97.22	10.19	7.30	74.39	76.50	1	26.40
326.121	32.75	2.99	97.95	10.20	7.38	75.27	76.80	1	26.60
326.181	32.51	3.01	97.81	10.14	7.40	75.02	76.70	1	26.70
326.285	32.56	3.00	97.62	10.19	7.30	74.30	76.10	1	26.70
326.430	32.47	3.02	97.92	10.15	7.53	76.45	78.10	1	26.70
326.490	32.48	3.02	98.02	10.18	7.43	75.69	77.20	1	26.90
326.594	32.24	3.05	98.24	10.20	7.32	74.67	76.00	1	27.00
326.739	32.28	3.06	98.75	10.16	7.50	76.20	77.20	1	26.90
326.799	32.37	3.04	98.36	10.21	7.43	75.82	77.10	1	26.70
326.903	32.43	3.02	98.01	10.21	7.35	74.99	76.50	1	26.90
327.048	32.48	3.05	98.96	10.23	7.45	76.15	77.00	1	27.00
327.108	32.50	3.04	98.76	10.32	7.28	75.17	76.10	1	27.00
327.212	32.39	3.04	98.42	10.29	7.43	76.43	77.70	1	27.00
327.357	32.12	3.07	98.57	10.24	7.48	76.64	77.80	1	27.20
327.417	32.07	3.07	98.57	10.22	7.47	76.35	77.50	1	27.00
327.521	31.95	3.07	98.17	10.27	7.38	75.75	77.20	1	27.20
327.666	31.73	3.12	98.99	10.16	7.54	76.58	77.40	1	27.30
327.726	31.82	3.11	98.85	10.20	7.47	76.21	77.10	1	27.50
327.830	31.68	3.13	99.06	10.28	7.35	75.55	76.30	1	27.50
327.975	31.89	3.10	99.02	10.21	7.43	75.85	76.60	1	27.20
328.035	32.03	3.08	98.58	10.28	7.32	75.22	76.30	1	27.20
328.139	31.83	3.12	99.19	10.24	7.39	75.71	76.30	1	27.30
328.284	31.66	3.12	98.90	10.24	7.44	76.23	77.10	1	27.30
328.344	31.76	3.11	98.64	10.26	7.45	76.51	77.60	1	27.20
328.448	31.61	3.11	98.23	10.30	7.32	75.38	76.70	1	27.30
328.593	31.78	3.13	99.40	10.23	7.42	75.94	76.40	1	27.60
328.653	31.55	3.14	98.95	10.30	7.27	74.90	75.70	1	27.50
328.757	31.65	3.13	99.04	10.29	7.40	76.13	76.90	1	27.30
328.902	31.99	3.11	99.33	10.26	7.50	76.91	77.40	1	27.20
328.962	31.97	3.11	99.34	10.20	7.54	76.87	77.40	1	27.20
329.066	31.84	3.10	98.59	10.29	7.34	75.52	76.60	1	27.30
329.211	31.92	3.09	98.69	10.29	7.38	75.94	77.00	1	27.50
329.271	31.77	3.11	98.77	10.27	7.31	75.06	76.00	1	27.50
329.375	31.50	3.15	99.24	10.35	7.26	75.12	75.70	1	27.80
329.520	31.46	3.17	99.58	10.31	7.41	76.38	76.70	1	27.80
329.580	31.03	3.19	99.12	10.24	7.50	76.82	77.50	1	27.90
329.684	31.04	3.19	98.90	10.30	7.32	75.38	76.20	1	27.80
329.829	31.13	3.18	99.11	10.27	7.30	74.95	75.60	1	27.80
329.889	31.07	3.19	99.00	10.23	7.35	75.20	76.00	1	27.80
329.993	31.02	3.19	99.02	10.22	7.46	76.18	76.90	1	27.80
330.138	31.20	3.17	98.93	10.29	7.34	75.59	76.40	1	27.90
330.198	31.23	3.19	99.63	10.26	7.44	76.37	76.70	1	28.10
330.302	30.85	3.22	99.44	10.27	7.30	74.98	75.40	1	28.10
330.447	30.69	3.22	98.92	10.24	7.48	76.54	77.40	1	27.90
330.507	30.61	3.21	98.31	10.31	7.25	74.75	76.00	1	28.10
330.611	30.79	3.22	99.15	10.30	7.27	74.87	75.50	1	28.20
330.756	30.45	3.24	98.78	10.29	7.23	74.44	75.40	1	28.20
330.816	30.42	3.24	98.68	10.27	7.25	74.46	75.50	1	28.20
330.920	30.61	3.23	98.92	10.32	7.34	75.73	76.60	1	28.10
331.065	30.46	3.25	98.96	10.24	7.37	75.48	76.30	1	28.40
331.125	30.33	3.26	98.75	10.23	7.31	74.77	75.70	1	28.40
331.229	30.32	3.24	98.26	10.25	7.22	74.03	75.30	1	28.20
331.374	30.43	3.25	98.89	10.22	7.39	75.50	76.30	1	28.10
331.434	30.55	3.24	99.11	10.26	7.31	75.04	75.70	1	28.10
331.538	30.49	3.23	98.55	10.25	7.22	73.98	75.10	1	28.20
331.683	30.40	3.24	98.62	10.22	7.48	76.41	77.50	1	28.40
331.743	30.33	3.25	98.55	10.28	7.21	74.10	75.20	1	28.20
