183.775	40.12	0.00	00.00	0.00	0.00	00.00	00.0	3	00.0
184.175	27.63	3.80	104.91	8.26	7.51	62.06	59.2	3	33.7
184.575	27.39	3.28	89.72	7.61	6.87	52.29	58.3	3	50.5
184.974	18.49	4.35	80.38	7.28	6.60	48.03	59.7	3	29.4
185.373	29.79	3.27	97.48	8.43	7.67	64.68	66.3	3	42.8
185.772	30.85	3.71	114.59	9.40	8.59	80.71	70.4	3	31.5
186.172	28.23	4.62	130.49	10.30	9.40	96.85	74.2	3	31.0
186.573	29.19	4.53	132.26	10.41	9.45	98.37	74.4	3	30.3
186.974	28.44	4.58	130.14	10.36	9.49	98.28	75.5	3	30.4
187.375	29.02	4.54	131.85	10.36	9.47	98.09	74.4	3	30.2
187.776	28.78	4.55	130.83	10.39	9.46	98.31	75.1	3	30.0
188.177	28.81	4.58	131.89	10.38	9.47	98.30	74.5	3	30.2
188.578	28.44	4.62	131.47	10.36	9.44	97.87	74.4	3	30.4
188.979	28.73	4.60	132.07	10.37	9.46	98.13	74.3	3	30.3
189.380	28.74	4.58	131.56	10.42	9.43	98.25	74.7	3	30.3
189.781	28.75	4.58	131.61	10.36	9.44	97.77	74.3	3	30.3
190.182	28.78	4.58	131.93	10.37	9.48	98.22	74.4	3	30.3
190.583	28.70	4.58	131.31	10.38	9.47	98.28	74.9	3	30.3
190.984	28.61	4.57	130.72	10.38	9.44	98.03	75.0	3	30.3
191.385	28.79	4.59	130.10	10.38	9.48	98.41	74.5	3	30.3
191.786	28.74	4.58	131.57	10.39	9.46	98.29	74.7	3	30.3
192.187	28.92	4.58	130.46	10.36	9.48	98.22	74.1	3	30.3
192.588	28.71	4.58	131.60	10.38	9.49	98.47	74.8	3	30.3
192.989	28.84	4.58	130.13	10.34	9.46	97.84	74.1	3	30.3
193.390	28.65	4.58	130.19	10.39	9.48	98.44	75.0	3	30.3
193.791	28.80	4.57	131.66	10.37	9.45	97.99	74.4	3	30.3
194.192	28.68	4.57	131.10	10.38	9.47	98.30	75.0	3	30.3
194.593	28.69	4.59	131.65	10.38	9.43	97.87	74.3	3	30.3
194.994	28.67	4.57	131.04	10.36	9.48	98.17	74.9	3	30.3
195.395	28.73	4.59	131.78	10.36	9.44	97.80	74.2	3	30.3
195.796	28.60	4.59	131.33	10.34	9.49	98.16	74.7	3	30.3
196.197	28.76	4.58	131.68	10.36	9.46	98.07	74.5	3	30.3
196.598	28.64	4.57	131.00	10.40	9.45	98.26	75.0	3	30.3
196.999	28.82	4.58	132.04	10.40	9.46	98.42	74.5	3	30.3
197.400	28.74	4.57	131.48	10.38	9.45	98.08	74.6	3	30.3
197.801	28.72	4.58	131.55	10.40	9.44	98.20	74.6	3	30.3
198.202	28.81	4.58	131.91	10.37	9.44	97.91	74.2	3	30.3
198.603	28.75	4.59	131.93	10.40	9.46	98.38	74.6	3	30.3
199.004	28.76	4.58	131.64	10.37	9.44	97.89	74.4	3	30.3
199.405	28.84	4.58	132.23	10.38	9.46	98.18	74.3	3	30.3
199.806	28.88	4.58	132.33	10.36	9.46	97.99	74.1	3	30.3
200.207	28.70	4.58	131.45	10.38	9.44	98.00	74.6	3	30.3
200.608	28.67	4.58	131.21	10.34	9.44	97.65	74.4	3	30.3
201.009	28.69	4.59	131.64	10.38	9.43	97.87	74.3	3	30.3
201.410	28.69	4.59	131.64	10.40	9.44	98.16	74.6	3	30.3
201.811	28.81	4.59	132.25	10.36	9.44	97.81	74.0	3	30.3
202.212	28.78	4.57	131.57	10.39	9.45	98.25	74.7	3	30.3
202.613	28.84	4.58	132.21	10.39	9.45	98.17	74.3	3	30.3
203.014	28.82	4.59	132.41	10.43	9.44	98.46	74.4	3	30.3
203.415	29.00	4.59	133.06	10.38	9.46	98.27	73.9	3	30.3
203.816	28.78	4.57	131.57	10.40	9.46	98.36	74.8	3	30.3
204.217	28.78	4.59	131.98	10.34	9.47	97.94	74.2	3	30.3
204.618	28.88	4.59	132.63	10.37	9.44	97.88	73.8	3	30.3
205.019	28.74	4.58	131.75	10.39	9.45	98.18	74.5	3	30.3
205.420	28.75	4.58	131.79	10.40	9.46	98.40	74.7	3	30.3
205.821	28.66	4.59	131.40	10.39	9.47	98.38	74.9	3	30.3
206.222	28.82	4.60	132.73	10.39	9.47	98.47	74.2	3	30.3
206.623	28.81	4.58	132.07	10.42	9.48	98.83	74.8	3	30.3
207.024	28.78	4.59	132.04	10.38	9.47	98.28	74.4	3	30.3
207.425	28.70	4.60	131.99	10.43	9.48	98.86	74.9	3	30.3
207.826	28.86	4.61	133.00	10.38	9.47	98.33	73.9	3	30.3
208.227	28.85	4.58	132.21	10.39	9.47	98.39	74.4	3	30.3
208.628	28.82	4.58	132.09	10.38	9.46	98.29	74.4	3	30.3
209.029	28.65	4.59	131.43	10.38	9.48	98.39	74.9	3	30.3
209.430	28.86	4.58	132.26	10.40	9.51	98.91	74.8	3	30.3
209.831	28.76	4.59	132.00	10.41	9.45	98.41	74.5	3	30.3
210.232	28.79	4.58	131.98	10.39	9.47	98.38	74.5	3	30.3
210.633	28.77	4.59	132.09	10.39	9.49	98.64	74.7	3	30.3
211.034	28.68	4.59	131.71	10.41	9.47	98.56	74.8	3	30.3
211.435	28.79	4.59	132.15	10.39	9.47	98.39	74.5	3	30.3
211.836	28.67	4.58	131.35	10.38	9.48	98.32	74.9	3	30.3
212.237	28.78	4.59	131.97	10.42	9.47	98.70	74.8	3	30.3
212.638	28.71	4.60	132.00	10.42	9.48	98.74	74.8	3	30.3
213.039	28.77	4.60	132.42	10.41	9.51	99.09	74.8	3	30.3
213.440	28.83	4.61	132.78	10.40	9.46	98.36	74.1	3	30.3
213.841	28.70	4.59	131.65	10.40	9.48	98.61	74.9	3	30.3
214.242	28.82	4.58	131.99	10.41	9.47	98.52	74.6	3	30.3
214.643	28.64	4.59	131.49	10.40	9.44	98.27	74.7	3	30.3
215.044	28.84	4.58	132.02	10.39	9.45	98.21	74.4	3	30.3
215.445	28.74	4.58	131.77	10.39	9.46	98.25	74.6	3	30.3
215.846	28.88	4.59	132.63	10.38	9.43	97.85	73.8	3	30.3
216.247	28.76	4.60	132.18	10.38	9.44	97.95	74.1	3	30.3
216.648	28.81	4.59	132.28	10.40	9.44	98.22	74.3	3	30.3
217.049	28.76	4.59	132.05	10.39	9.44	98.11	74.3	3	30.3
217.450	28.61	4.58	130.99	10.41	9.45	98.39	75.1	3	30.3
217.851	28.83	4.59	132.24	10.36	9.43	97.72	73.9	3	30.3
218.252	28.60	4.60	131.57	10.37	9.46	98.13	74.6	3	30.3
218.653	28.72	4.59	131.86	10.39	9.45	98.22	74.5	3	30.3
219.054	28.80	4.58	131.77	10.38	9.43	97.86	74.3	3	30.3
219.455	28.98	4.59	133.03	10.38	9.41	97.59	73.4	3	30.3
219.856	28.76	4.59	132.05	10.39	9.46	98.31	74.4	3	30.3
220.257	28.89	4.58	132.22	10.41	9.45	98.38	74.4	3	30.3
220.658	28.75	4.60	132.18	10.36	9.47	98.08	74.2	3	30.3
221.059	28.91	4.59	132.64	10.38	9.46	98.17	74.0	3	30.3
221.460	28.79	4.59	132.03	10.40	9.47	98.43	74.5	3	30.3
221.861	28.70	4.58	131.58	10.38	9.45	98.03	74.5	3	30.3
222.262	29.02	4.60	133.48	10.39	9.48	98.52	73.8	3	30.3
222.663	28.77	4.59	131.96	10.38	9.49	98.50	74.6	3	30.3
223.064	28.75	4.57	131.34	10.42	9.47	98.64	75.1	3	30.3
223.465	28.85	4.59	132.30	10.38	9.45	98.07	74.1	3	30.3
223.866	28.72	4.59	131.73	10.39	9.47	98.38	74.7	3	30.3
224.267	28.69	4.59	131.80	10.37	9.47	98.22	74.5	3	30.3
224.668	28.72	4.59	131.70	10.40	9.46	98.41	74.7	3	30.3
225.069	28.79	4.58	131.92	10.40	9.51	98.83	74.9	3	30.3
225.470	28.80	4.60	132.39	10.41	9.49	98.73	74.6	3	30.3
225.871	28.80	4.59	132.18	10.40	9.48	98.56	74.6	3	30.3
226.272	28.73	4.59	132.03	10.39	9.46	98.24	74.4	3	30.3
226.673	28.78	4.59	132.04	10.40	9.48	98.63	74.7	3	30.3
227.074	28.69	4.60	131.89	10.41	9.47	98.65	74.8	3	30.3
227.475	28.91	4.58	132.53	10.41	9.46	98.49	74.3	3	30.3
227.876	28.85	4.60	132.76	10.41	9.44	98.27	74.0	3	30.3
228.277	28.94	4.59	132.86	10.42	9.48	98.84	74.4	3	30.3
228.678	28.78	4.59	132.05	10.42	9.47	98.71	74.7	3	30.3
229.079	29.02	4.59	133.24	10.39	9.50	98.75	74.1	3	30.3
229.480	28.91	4.59	132.66	10.38	9.49	98.56	74.3	3	30.3
229.881	28.65	4.58	131.29	10.41	9.47	98.63	75.1	3	30.3
230.282	28.71	4.58	131.58	10.41	9.48	98.68	75.0	3	30.3
230.683	28.76	4.59	131.86	10.41	9.50	98.89	75.0	3	30.3
231.084	28.73	4.59	131.77	10.41	9.49	98.80	75.0	3	30.3
231.485	28.95	4.58	132.62	10.38	9.44	98.01	73.9	3	30.3
231.886	28.74	4.59	131.86	10.40	9.47	98.42	74.6	3	30.3
232.287	28.90	4.58	132.23	10.38	9.49	98.46	74.5	3	30.3
232.688	28.76	4.59	132.04	10.41	9.47	98.50	74.6	3	30.3
233.089	28.80	4.58	132.01	10.40	9.45	98.28	74.4	3	30.3
233.490	28.87	4.59	132.38	10.38	9.48	98.32	74.3	3	30.3
233.891	28.79	4.57	131.64	10.37	9.46	98.09	74.5	3	30.3
234.292	28.79	4.58	131.93	10.41	9.46	98.53	74.7	3	30.3
234.693	28.86	4.59	132.35	10.39	9.47	98.42	74.4	3	30.3