203.082	40.12	0.00	00.00	0.00	0.00	00.00	00.0	3	00.0
203.482	36.05	1.44	51.79	5.16	4.57	23.59	45.6	3	21.2
203.881	10.04	4.39	44.03	4.81	4.27	20.52	46.6	3	21.2
204.280	29.31	2.13	62.57	6.34	5.67	35.93	57.4	3	33.4
204.679	34.67	1.91	66.20	7.25	6.60	47.85	72.3	3	17.9
205.078	33.64	1.84	61.99	6.79	6.14	41.73	67.3	3	20.9
205.477	29.15	2.31	67.38	6.95	6.27	43.61	64.7	3	29.0
205.876	24.79	2.99	74.09	7.68	6.92	53.14	71.7	3	24.6
206.275	26.55	3.06	81.26	8.13	7.39	60.08	73.9	3	26.1
206.674	28.27	3.04	85.91	8.34	7.57	63.20	73.6	3	25.9
207.073	29.55	2.97	87.63	8.43	7.72	65.05	74.2	3	25.4
207.472	30.36	2.90	88.08	8.47	7.73	65.50	74.4	3	24.9
207.871	30.28	2.90	87.84	8.49	7.70	65.39	74.4	3	25.1
208.270	30.26	2.91	88.05	8.44	7.69	64.85	73.7	3	25.1
208.669	30.26	2.90	87.69	8.43	7.70	64.93	74.0	3	25.1
209.068	30.07	2.92	87.87	8.47	7.68	64.98	74.0	3	25.1
209.467	30.22	2.92	88.12	8.46	7.68	65.02	73.8	3	25.1
209.866	30.22	2.91	87.99	8.48	7.68	65.11	74.0	3	25.1
210.265	30.12	2.92	88.00	8.44	7.72	65.12	74.0	3	25.1
210.664	30.29	2.91	88.25	8.49	7.71	65.44	74.2	3	25.1
211.063	30.19	2.91	87.78	8.46	7.70	65.12	74.2	3	25.1
211.462	30.20	2.91	88.03	8.50	7.72	65.56	74.5	3	25.1
211.861	30.22	2.92	88.14	8.45	7.68	64.89	73.6	3	25.1
212.260	30.29	2.91	88.08	8.46	7.70	65.20	74.0	3	25.1
212.659	30.10	2.92	87.98	8.45	7.68	64.92	73.8	3	25.1
213.058	30.22	2.93	88.47	8.45	7.73	65.28	73.8	3	25.1
213.457	30.32	2.91	88.21	8.47	7.64	64.73	73.4	3	25.1
213.856	30.19	2.92	88.16	8.48	7.71	65.41	74.2	3	25.1
214.255	30.18	2.92	88.24	8.46	7.72	65.34	74.1	3	25.1
214.654	30.25	2.93	88.53	8.47	7.71	65.28	73.7	3	25.1
215.053	30.11	2.91	87.52	8.47	7.68	65.00	74.3	3	25.1
215.452	30.29	2.90	87.88	8.46	7.70	65.21	74.2	3	25.1
215.851	30.19	2.91	87.85	8.43	7.68	64.78	73.7	3	25.1
216.250	30.20	2.92	88.08	8.48	7.69	65.18	74.0	3	25.1
216.649	30.43	2.92	88.71	8.48	7.68	65.14	73.4	3	25.1
217.048	30.27	2.91	88.05	8.49	7.69	65.25	74.1	3	25.1
217.447	30.16	2.91	87.91	8.47	7.69	65.13	74.1	3	25.1
217.846	30.25	2.92	88.25	8.44	7.69	64.96	73.6	3	25.1
218.245	30.45	2.92	88.87	8.47	7.70	65.20	73.4	3	25.1
218.644	30.21	2.92	88.22	8.46	7.70	65.18	73.9	3	25.1
219.043	30.22	2.91	88.06	8.48	7.67	65.04	73.9	3	25.1
219.442	30.32	2.92	88.53	8.46	7.65	64.69	73.1	3	25.1
219.841	30.21	2.92	88.36	8.44	7.72	65.21	73.8	3	25.1
220.240	30.12	2.92	87.85	8.46	7.68	64.97	74.0	3	25.1
220.639	30.39	2.90	88.22	8.47	7.71	65.33	74.1	3	25.1
221.038	30.23	2.92	88.33	8.47	7.67	64.97	73.6	3	25.1
221.437	30.27	2.91	88.08	8.49	7.67	65.15	74.0	3	25.1
221.836	30.26	2.93	88.56	8.47	7.69	65.17	73.6	3	25.1
222.235	30.20	2.92	88.09	8.49	7.68	65.14	73.9	3	25.1
222.634	30.30	2.92	88.47	8.46	7.69	65.09	73.6	3	25.1
223.033	30.12	2.91	87.78	8.48	7.69	65.18	74.3	3	25.1
223.432	30.14	2.92	88.04	8.45	7.69	64.98	73.8	3	25.1
223.831	30.14	2.92	88.02	8.47	7.69	65.08	73.9	3	25.1
224.230	30.22	2.92	88.21	8.47	7.67	64.95	73.6	3	25.1
224.629	30.09	2.92	87.74	8.47	7.68	65.02	74.1	3	25.1
225.028	30.28	2.92	88.37	8.45	7.67	64.82	73.4	3	25.1
225.427	30.33	2.92	88.61	8.48	7.69	65.21	73.6	3	25.1
225.826	30.29	2.91	88.21	8.48	7.68	65.07	73.8	3	25.1
226.225	30.12	2.92	87.87	8.51	7.70	65.48	74.5	3	25.1
226.624	30.30	2.91	88.28	8.47	7.67	64.99	73.6	3	25.1
227.023	30.17	2.91	87.89	8.48	7.72	65.48	74.5	3	25.1
227.422	30.10	2.91	87.69	8.48	7.69	65.20	74.4	3	25.1
227.821	30.21	2.91	88.00	8.49	7.74	65.65	74.6	3	25.1
228.220	30.17	2.92	87.99	8.49	7.70	65.37	74.3	3	25.1
228.619	30.19	2.91	87.76	8.52	7.72	65.78	75.0	3	25.1
229.018	30.22	2.92	88.21	8.48	7.69	65.23	73.9	3	25.1
229.417	30.22	2.91	87.82	8.47	7.69	65.15	74.2	3	25.1
229.816	30.11	2.92	88.06	8.49	7.67	65.07	73.9	3	25.1
230.215	30.25	2.91	88.02	8.45	7.71	65.14	74.0	3	25.1
230.614	30.20	2.92	88.06	8.48	7.71	65.38	74.2	3	25.1
231.013	30.32	2.92	88.63	8.48	7.68	65.09	73.4	3	25.1
231.412	30.20	2.92	88.31	8.49	7.73	65.58	74.3	3	25.1
231.811	30.35	2.93	88.93	8.45	7.69	65.01	73.1	3	25.1
232.210	30.25	2.92	88.21	8.50	7.69	65.35	74.1	3	25.1
232.609	30.35	2.92	88.49	8.49	7.68	65.14	73.6	3	25.1
233.008	30.26	2.92	88.32	8.51	7.70	65.53	74.2	3	25.1
233.407	30.29	2.92	88.41	8.47	7.70	65.23	73.8	3	25.1
233.806	30.30	2.91	88.18	8.49	7.68	65.18	73.9	3	25.1
234.205	30.38	2.92	88.56	8.46	7.68	65.04	73.4	3	25.1
234.604	30.33	2.92	88.68	8.47	7.68	65.07	73.4	3	25.1
235.003	30.22	2.92	88.23	8.48	7.66	64.92	73.6	3	25.1
235.402	30.27	2.91	88.01	8.50	7.70	65.37	74.3	3	25.1
235.801	30.20	2.93	88.45	8.48	7.69	65.22	73.7	3	25.1
236.200	30.32	2.93	88.74	8.47	7.72	65.43	73.7	3	25.1
236.599	30.34	2.91	88.39	8.47	7.68	65.01	73.5	3	25.1
236.998	30.15	2.92	88.04	8.50	7.76	65.93	74.9	3	25.1
237.397	30.24	2.91	88.05	8.45	7.70	65.06	73.9	3	25.1
237.796	30.28	2.93	88.62	8.48	7.71	65.39	73.8	3	25.1
238.195	30.37	2.91	88.38	8.49	7.74	65.71	74.4	3	25.1
238.594	30.22	2.91	87.91	8.46	7.70	65.16	74.1	3	25.1
238.993	30.35	2.92	88.54	8.50	7.71	65.51	74.0	3	25.1
239.392	30.23	2.92	88.16	8.49	7.72	65.52	74.3	3	25.1
239.791	30.26	2.91	88.14	8.47	7.74	65.57	74.4	3	25.1
240.190	30.22	2.92	88.13	8.50	7.73	65.72	74.6	3	25.1
240.589	30.25	2.92	88.44	8.46	7.68	65.01	73.5	3	25.1
240.988	30.24	2.92	88.35	8.49	7.72	65.49	74.1	3	25.1
241.387	30.17	2.91	87.83	8.47	7.69	65.18	74.2	3	25.1
241.786	30.26	2.91	88.12	8.48	7.70	65.28	74.1	3	25.1
242.185	30.21	2.92	88.16	8.49	7.71	65.46	74.3	3	25.1
242.584	30.32	2.92	88.56	8.49	7.73	65.68	74.2	3	25.1
242.983	30.33	2.91	88.27	8.48	7.71	65.40	74.1	3	25.1
243.382	30.16	2.92	87.94	8.50	7.73	65.72	74.7	3	25.1
243.781	30.21	2.92	88.12	8.52	7.67	65.39	74.2	3	25.1
244.180	30.27	2.93	88.73	8.49	7.72	65.59	73.9	3	25.1
244.579	30.13	2.91	87.83	8.46	7.72	65.34	74.4	3	25.1
244.978	30.27	2.91	88.06	8.48	7.69	65.22	74.1	3	25.1
245.377	30.19	2.91	87.99	8.49	7.74	65.72	74.7	3	25.1
245.776	30.23	2.93	88.47	8.48	7.74	65.64	74.2	3	25.1
246.175	30.20	2.93	88.34	8.49	7.72	65.52	74.2	3	25.1
246.574	30.16	2.93	88.33	8.52	7.72	65.76	74.5	3	25.1
246.973	30.30	2.93	88.74	8.51	7.74	65.85	74.2	3	25.1
247.372	30.31	2.91	88.29	8.47	7.71	65.28	73.9	3	25.1
247.771	30.21	2.93	88.50	8.50	7.71	65.46	74.0	3	25.1
248.170	30.31	2.93	88.70	8.51	7.71	65.59	73.9	3	25.1
248.569	30.23	2.92	88.39	8.50	7.68	65.26	73.8	3	25.1
248.968	30.30	2.92	88.41	8.48	7.72	65.49	74.1	3	25.1
249.367	30.29	2.91	88.14	8.48	7.72	65.52	74.3	3	25.1
249.766	30.27	2.92	88.47	8.47	7.69	65.15	73.6	3	25.1
250.165	30.30	2.92	88.39	8.49	7.73	65.64	74.3	3	25.1
250.564	30.39	2.93	89.20	8.49	7.72	65.52	73.4	3	25.1
250.963	30.20	2.93	88.48	8.50	7.73	65.68	74.2	3	25.1