170.001 40.12	0.00	00.00	0.00	0.00	00.00	00.0	3	00.0
170.422	38.18	0.58	22.07	2.22	1.08	2.39	10.8	3	21.2
170.820	7.68	4.35	33.39	4.43	3.21	14.23	42.6	3	58.7
171.218	29.52	2.12	62.44	6.16	4.86	29.90	47.9	3	15.0
171.617	32.92	1.87	61.39	6.90	5.55	38.29	62.4	3	17.8
172.016	31.56	1.65	52.08	6.00	4.70	28.22	54.2	3	15.0
172.415	32.46	1.47	47.82	5.88	4.62	27.19	56.9	3	15.0
172.814	21.24	2.34	49.68	6.10	4.86	29.63	59.6	3	29.8
173.213	35.96	1.68	60.54	6.97	5.61	39.11	64.6	3	21.2
173.612	32.74	2.18	71.40	7.63	6.23	47.56	66.6	3	19.1
174.011	35.08	2.11	73.84	7.72	6.33	48.93	66.3	3	21.7
174.410	30.92	2.17	67.13	7.36	5.97	43.92	65.4	3	21.2
174.809	31.87	2.22	70.75	7.65	6.23	47.65	67.4	3	22.1
175.208	33.25	2.23	74.26	7.76	6.37	49.40	66.5	3	21.7
175.607	33.12	2.23	74.00	7.79	6.35	49.44	66.8	3	21.7
176.006	32.68	2.18	71.22	7.62	6.24	47.53	66.7	3	21.7
176.405	17.85	2.55	45.61	5.90	4.56	26.91	59.0	3	33.7
176.804	14.97	2.18	32.62	4.60	3.38	15.57	47.7	3	16.7
177.203	35.48	1.19	42.11	5.87	4.56	26.79	63.6	3	16.4
177.602	35.10	1.28	44.98	6.03	4.75	28.67	63.7	3	16.3
178.001	37.05	1.35	49.86	6.40	5.09	32.60	65.4	3	16.8
178.400	37.02	1.36	50.34	6.42	5.13	32.94	65.4	3	16.7
178.799	36.99	1.40	51.95	6.52	5.20	33.94	65.3	3	17.0
179.198	37.00	1.41	52.31	6.56	5.17	33.93	64.9	3	17.0
179.597	36.89	1.41	52.16	6.55	5.17	33.85	64.9	3	17.0
179.996	37.14	1.41	52.50	6.51	5.21	33.92	64.6	3	16.9
180.395	37.12	1.40	51.84	6.51	5.20	33.84	65.3	3	17.0
180.794	37.16	1.39	51.50	6.51	5.20	33.83	65.7	3	17.0
181.193	37.09	1.41	52.13	6.54	5.20	34.00	65.2	3	17.0
181.592	37.14	1.40	52.01	6.53	5.19	33.88	65.1	3	17.0
181.991	37.12	1.41	52.25	6.50	5.20	33.81	64.7	3	17.0
182.390	37.03	1.40	51.88	6.52	5.20	33.87	65.3	3	17.0
182.789	37.03	1.41	52.15	6.51	5.18	33.73	64.7	3	17.0
183.188	37.03	1.40	52.01	6.49	5.21	33.81	65.0	3	17.0
183.587	37.00	1.40	51.95	6.51	5.16	33.59	64.7	3	17.0
183.986	37.01	1.40	51.81	6.55	5.23	34.23	66.1	3	17.0
184.385	37.15	1.41	52.46	6.50	5.18	33.67	64.2	3	17.0
184.784	36.98	1.40	51.82	6.53	5.23	34.10	65.8	3	17.0
185.183	37.09	1.40	52.00	6.50	5.20	33.85	65.1	3	17.0
185.582	37.20	1.41	52.59	6.52	5.20	33.93	64.5	3	17.0
185.981	37.12	1.41	52.39	6.52	5.19	33.85	64.6	3	17.0
186.380	37.11	1.40	52.02	6.50	5.19	33.72	64.8	3	17.0
186.779	37.18	1.40	52.02	6.52	5.18	33.81	65.0	3	17.0
187.178	37.11	1.41	52.35	6.54	5.21	34.06	65.1	3	17.0
187.577	37.05	1.40	51.89	6.51	5.20	33.82	65.2	3	17.0
187.976	37.06	1.40	52.04	6.55	5.20	34.03	65.4	3	17.0
188.375	37.24	1.41	52.38	6.52	5.17	33.71	64.4	3	17.0
188.774	36.99	1.40	51.76	6.50	5.20	33.81	65.3	3	17.0
189.173	37.28	1.40	52.28	6.50	5.17	33.65	64.4	3	17.0
189.572	37.05	1.41	52.26	6.54	5.19	33.96	65.0	3	17.0
189.971	37.04	1.40	51.86	6.52	5.23	34.05	65.7	3	17.0
190.370	37.05	1.40	51.76	6.53	5.19	33.88	65.5	3	17.0
190.769	36.95	1.42	52.35	6.52	5.19	33.82	64.6	3	17.0
191.168	37.09	1.40	52.01	6.55	5.22	34.20	65.8	3	17.0
191.567	37.20	1.40	52.16	6.52	5.20	33.90	65.0	3	17.0
191.966	36.92	1.42	52.45	6.52	5.19	33.85	64.5	3	17.0
192.365	37.07	1.41	52.35	6.51	5.20	33.82	64.6	3	17.0
192.764	36.98	1.42	52.33	6.54	5.20	34.05	65.1	3	17.0
193.163	36.94	1.39	51.48	6.53	5.22	34.08	66.2	3	17.0
193.562	37.09	1.41	52.32	6.51	5.22	33.99	65.0	3	17.0
193.961	36.99	1.41	52.18	6.52	5.19	33.83	64.8	3	17.0
194.360	37.15	1.42	52.72	6.51	5.19	33.81	64.1	3	17.0
194.759	37.27	1.41	52.44	6.49	5.22	33.86	64.6	3	17.0
195.158	37.13	1.41	52.36	6.51	5.21	33.92	64.8	3	17.0
195.557	37.03	1.41	52.37	6.57	5.22	34.30	65.5	3	17.0
195.956	37.04	1.41	52.17	6.53	5.21	34.02	65.2	3	17.0
196.355	37.06	1.41	52.29	6.52	5.22	34.02	65.1	3	17.0
196.754	37.13	1.41	52.47	6.50	5.21	33.90	64.6	3	17.0
197.153	37.20	1.40	51.99	6.51	5.24	34.08	65.5	3	17.0
197.552	37.03	1.40	51.86	6.52	5.21	33.98	65.5	3	17.0
197.951	36.99	1.40	51.76	6.52	5.20	33.89	65.5	3	17.0
198.350	37.14	1.41	52.19	6.51	5.21	33.90	65.0	3	17.0
198.749	36.97	1.40	51.81	6.53	5.21	34.04	65.7	3	17.0
199.148	37.03	1.41	52.03	6.50	5.20	33.84	65.0	3	17.0
199.547	37.14	1.41	52.47	6.54	5.20	34.01	64.8	3	17.0
199.946	37.12	1.39	51.77	6.52	5.21	33.94	65.6	3	17.0
200.345	37.13	1.41	52.23	6.54	5.20	33.96	65.0	3	17.0
200.744	37.10	1.41	52.26	6.53	5.24	34.21	65.4	3	17.0
201.143	37.11	1.42	52.64	6.53	5.19	33.90	64.4	3	17.0
201.542	37.10	1.41	52.19	6.51	5.23	34.01	65.2	3	17.0
201.941	36.94	1.40	51.86	6.53	5.22	34.06	65.7	3	17.0
202.340	37.25	1.42	52.87	6.49	5.17	33.57	63.5	3	17.0
202.739	37.10	1.41	52.23	6.53	5.22	34.11	65.3	3	17.0
203.138	37.16	1.42	52.64	6.52	5.22	34.04	64.7	3	17.0
203.537	36.94	1.41	51.95	6.52	5.23	34.14	65.7	3	17.0
203.936	37.05	1.43	52.95	6.51	5.23	34.03	64.3	3	17.0
204.335	36.93	1.42	52.33	6.53	5.23	34.12	65.2	3	17.0
204.734	37.14	1.41	52.37	6.50	5.22	33.93	64.8	3	17.0
205.133	37.02	1.41	52.10	6.48	5.22	33.84	65.0	3	17.0
205.532	37.07	1.42	52.54	6.50	5.23	33.98	64.7	3	17.0
205.931	36.89	1.41	52.03	6.54	5.24	34.26	65.9	3	17.0
206.330	37.15	1.43	52.96	6.51	5.23	34.03	64.3	3	17.0
206.729	37.18	1.42	52.70	6.48	5.20	33.73	64.0	3	17.0
207.128	37.15	1.41	52.34	6.52	5.22	34.02	65.0	3	17.0
207.527	37.03	1.41	52.27	6.52	5.20	33.88	64.8	3	17.0
207.926	37.00	1.39	51.56	6.52	5.23	34.07	66.1	3	17.0
208.325	36.97	1.42	52.65	6.52	5.23	34.10	64.8	3	17.0
208.724	37.05	1.41	52.20	6.49	5.22	33.85	64.9	3	17.0
209.123	36.97	1.41	52.07	6.48	5.22	33.81	64.9	3	17.0
209.522	37.11	1.41	52.27	6.51	5.21	33.88	64.8	3	17.0
209.921	37.07	1.41	52.38	6.51	5.25	34.17	65.2	3	17.0
210.320	37.08	1.40	51.90	6.54	5.24	34.28	66.0	3	17.0
210.719	37.06	1.41	52.24	6.52	5.21	33.97	65.0	3	17.0
211.118	36.87	1.39	51.22	6.51	5.22	34.01	66.4	3	17.0
211.517	36.93	1.41	51.99	6.55	5.19	34.02	65.4	3	17.0
211.916	36.92	1.41	51.96	6.54	5.22	34.15	65.7	3	17.0
212.315	36.98	1.41	52.22	6.54	5.20	33.97	65.0	3	17.0
212.714	36.93	1.40	51.64	6.52	5.21	33.96	65.8	3	17.0
213.113	37.13	1.41	52.44	6.52	5.21	33.97	64.8	3	17.0
213.512	37.03	1.40	51.90	6.48	5.23	33.92	65.4	3	17.0
213.911	37.09	1.40	52.06	6.55	5.21	34.14	65.6	3	17.0
214.310	36.90	1.40	51.78	6.49	5.19	33.70	65.1	3	17.0
214.709	37.02	1.39	51.60	6.49	5.19	33.69	65.3	3	17.0
215.108	37.10	1.40	52.11	6.52	5.23	34.08	65.4	3	17.0
215.507	37.10	1.40	51.77	6.51	5.18	33.71	65.1	3	17.0
215.906	37.11	1.39	51.59	6.53	5.16	33.71	65.3	3	17.0
216.305	37.18	1.40	51.97	6.52	5.18	33.77	65.0	3	17.0
216.704	37.03	1.41	52.12	6.53	5.18	33.80	64.8	3	17.0
217.103	37.19	1.41	52.48	6.52	5.19	33.86	64.5	3	17.0
217.502	36.97	1.40	51.75	6.52	5.18	33.81	65.3	3	17.0
217.901	37.14	1.41	52.22	6.52	5.19	33.84	64.8	3	17.0
218.300	37.00	1.40	51.79	6.49	5.18	33.61	64.9	3	17.0
218.699	37.06	1.40	51.86	6.51	5.20	33.85	65.3	3	17.0
219.098	36.96	1.39	51.51	6.52	5.17	33.72	65.5	3	17.0
219.497	37.01	1.41	52.17	6.54	5.20	34.05	65.3	3	17.0
219.896	37.03	1.41	52.22	6.54	5.20	34.02	65.2	3	17.0
220.295	37.07	1.41	52.20	6.52	5.20	33.91	65.0	3	17.0
220.694	36.96	1.40	51.87	6.56	5.21	34.15	65.8	3	17.0
221.093	37.16	1.40	51.94	6.49	5.23	33.95	65.4	3	17.0
221.492	37.00	1.40	51.86	6.51	5.20	33.85	65.3	3	17.0
221.891	37.08	1.41	52.12	6.52	5.19	33.85	64.9	3	17.0
222.290	36.97	1.41	52.26	6.56	5.20	34.10	65.3	3	17.0
222.689	37.10	1.40	51.98	6.53	5.21	34.03	65.5	3	17.0
223.088	37.05	1.40	51.83	6.53	5.20	33.94	65.5	3	17.0
223.487	37.22	1.40	51.99	6.50	5.23	34.00	65.4	3	17.0
223.886	37.00	1.40	51.96	6.52	5.18	33.82	65.1	3	17.0
224.285	37.15	1.39	51.73	6.52	5.21	34.00	65.7	3	17.0
224.684	37.01	1.40	51.69	6.53	5.19	33.92	65.6	3	17.0
225.083	37.20	1.41	52.35	6.53	5.21	34.08	65.1	3	17.0
225.482	37.06	1.40	51.97	6.51	5.19	33.75	64.9	3	17.0
225.881	36.92	1.41	52.16	6.51	5.23	34.02	65.2	3	17.0
226.280	37.18	1.40	52.04	6.52	5.21	33.98	65.3	3	17.0
226.679	37.01	1.40	51.85	6.50	5.22	33.96	65.5	3	17.0
227.078	37.05	1.41	52.31	6.54	5.21	34.09	65.2	3	17.0
227.477	37.10	1.40	51.76	6.52	5.19	33.82	65.3	3	17.0
227.876	37.14	1.40	52.12	6.53	5.19	33.91	65.1	3	17.0
228.275	37.11	1.40	51.92	6.52	5.20	33.91	65.3	3	17.0
228.674	37.09	1.41	52.30	6.53	5.19	33.90	64.8	3	17.0
229.073	36.97	1.40	51.83	6.55	5.21	34.10	65.8	3	17.0
229.472	37.08	1.40	51.93	6.53	5.22	34.10	65.7	3	17.0
229.871	37.05	1.41	52.11	6.55	5.23	34.27	65.8	3	17.0
230.270	37.06	1.40	52.01	6.52	5.21	33.95	65.3	3	17.0
230.669	37.11	1.40	51.89	6.52	5.21	33.98	65.5	3	17.0
231.068	35.45	1.33	47.31	6.23	4.92	30.63	64.7	3	17.0
231.467	35.04	1.33	46.53	6.18	4.87	30.07	64.6	3	17.0
231.866	31.85	1.19	37.80	5.59	4.37	24.43	64.6	3	17.0
232.265	10.51	3.73	39.21	5.18	3.97	20.56	52.4	3	58.7
232.664	32.48	1.85	60.10	6.33	5.01	31.70	52.8	3	38.0
233.063	34.60	1.88	65.19	7.11	5.78	41.10	63.0	3	15.0
233.462	18.94	2.61	49.48	6.18	4.86	30.07	60.8	3	31.3
233.861	33.28	2.01	66.88	7.33	5.94	43.54	65.1	3	18.0
234.260	34.43	2.17	74.60	7.83	6.41	50.21	67.3	3	21.2
234.659	34.34	2.19	75.32	7.87	6.43	50.57	67.1	3	21.2
235.058	34.40	2.20	75.71	7.83	6.44	50.45	66.6	3	21.2
235.457	34.23	2.20	75.30	7.85	6.42	50.41	66.9	3	21.2
235.856	34.40	2.20	75.69	7.87	6.45	50.81	67.1	3	21.2
236.255	34.29	2.20	75.53	7.86	6.45	50.68	67.1	3	21.2
236.654	34.22	2.20	75.19	7.86	6.45	50.76	67.5	3	21.2
237.053	34.27	2.19	74.88	7.84	6.42	50.36	67.3	3	21.2
237.452	34.26	2.19	74.93	7.81	6.45	50.38	67.2	3	21.2
237.851	34.33	2.20	75.47	7.85	6.44	50.53	67.0	3	21.2
238.250	34.27	2.20	75.35	7.88	6.42	50.63	67.2	3	21.2
238.649	34.30	2.19	75.27	7.85	6.42	50.34	66.9	3	21.2
239.048	34.26	2.19	75.18	7.83	6.46	50.61	67.3	3	21.2
239.447	34.42	2.19	75.47	7.85	6.42	50.42	66.8	3	21.2
239.846	34.38	2.20	75.76	7.85	6.46	50.70	66.9	3	21.2
240.245	34.28	2.19	75.19	7.84	6.45	50.58	67.3	3	21.2
240.644	34.30	2.20	75.30	7.85	6.43	50.49	67.0	3	21.2
241.043	34.28	2.19	75.11	7.85	6.44	50.59	67.3	3	21.2
241.442	34.40	2.19	75.44	7.81	6.48	50.61	67.1	3	21.2
241.841	34.40	2.19	75.46	7.83	6.44	50.39	66.8	3	21.2
242.240	34.47	2.20	75.70	7.84	6.44	50.44	66.6	3	21.2
242.639	34.38	2.19	75.38	7.86	6.46	50.75	67.3	3	21.2
243.038	34.39	2.19	75.25	7.83	6.44	50.47	67.1	3	21.2
243.437	34.34	2.19	75.30	7.86	6.45	50.67	67.3	3	21.2