2.638	39.47	0.00	0.00	0.06	0.00	0.00	0.0	5	0.0
3.030	39.54	0.00	0.00	0.07	0.00	0.00	0.0	5	0.5
3.422	39.33	0.00	0.00	0.63	0.00	0.00	0.0	5	1.5
3.815	39.47	0.03	1.10	0.90	0.00	0.00	0.0	5	2.0
4.208	39.35	0.05	1.99	1.20	0.00	0.00	0.0	5	2.5
4.601	39.43	0.05	2.07	1.43	0.20	0.29	13.8	5	3.0
4.995	39.36	0.09	3.47	1.62	0.39	0.64	18.4	5	4.0
5.389	39.36	0.10	4.05	1.85	0.57	1.06	26.1	5	4.5
5.783	39.25	0.12	4.52	2.01	0.78	1.57	34.8	5	5.0
6.177	39.32	0.14	5.64	2.16	0.93	2.00	35.6	5	5.5
6.571	39.19	0.18	7.24	2.42	1.16	2.81	38.9	5	6.5
6.965	39.01	0.23	8.81	2.72	1.45	3.94	44.8	5	7.0
7.359	38.95	0.27	10.33	2.92	1.63	4.77	46.2	5	7.5
7.754	38.99	0.29	11.50	3.10	1.83	5.67	49.3	5	8.0
8.149	38.87	0.36	13.83	3.34	2.06	6.87	49.7	5	9.0
8.544	38.83	0.42	16.23	3.62	2.33	8.44	52.0	5	9.5
8.939	38.76	0.46	17.92	3.85	2.51	9.66	53.9	5	10.0
9.335	38.70	0.53	20.68	4.06	2.75	11.15	53.9	5	10.5
9.732	38.46	0.59	22.79	4.28	2.95	12.61	55.3	5	11.5
10.129	38.40	0.66	25.54	4.58	3.21	14.67	57.5	5	12.0
10.527	38.08	0.74	28.06	4.81	3.45	16.61	59.2	5	12.5
10.925	38.02	0.80	30.43	4.96	3.62	17.95	59.0	5	13.0
11.323	37.90	0.90	34.05	5.27	3.88	20.43	60.0	5	14.0
11.721	37.82	1.00	37.88	5.51	4.18	23.01	60.7	5	14.5
12.119	37.61	1.08	40.68	5.74	4.34	24.94	61.3	5	15.0
12.517	37.48	1.16	43.32	5.89	4.49	26.45	61.1	5	15.5
12.915	37.23	1.27	47.18	6.20	4.76	29.50	62.5	5	16.5
13.313	36.95	1.39	51.45	6.46	5.00	32.32	62.8	5	17.0
13.711	36.70	1.49	54.57	6.64	5.22	34.71	63.6	5	17.5
14.109	36.59	1.57	57.44	6.86	5.36	36.80	64.1	5	18.5
14.507	36.33	1.73	62.82	7.12	5.65	40.22	64.0	5	19.0
14.905	36.05	1.86	67.04	7.32	5.84	42.74	63.8	5	19.5
15.303	35.45	1.92	67.90	7.45	5.96	44.38	65.4	5	20.0
15.701	35.25	2.07	72.92	7.69	6.21	47.76	65.5	5	21.0
16.099	34.40	2.21	75.15	7.80	6.31	49.19	65.6	5	21.5
16.497	32.93	2.23	73.28	7.79	6.24	48.61	66.3	5	22.0
16.895	31.32	2.25	70.44	7.57	6.08	46.01	65.3	5	22.5
17.293	29.32	2.26	66.39	7.29	5.87	42.79	64.4	5	23.5
17.691	27.24	2.26	61.47	7.04	5.63	39.68	64.5	5	24.0
18.089	25.52	2.27	57.80	6.89	5.42	37.36	64.6	5	24.5
18.487	24.43	2.28	55.60	6.73	5.29	35.60	64.0	5	25.0
18.885	22.79	2.27	51.78	6.50	5.07	32.94	63.6	5	26.0
19.283	21.35	2.27	48.42	6.29	4.85	30.51	63.0	5	26.5
19.681	20.13	2.27	45.61	6.11	4.74	28.98	63.5	5	27.0
20.079	19.29	2.28	44.06	5.99	4.64	27.81	63.1	5	27.5
20.477	17.94	2.27	40.74	5.75	4.44	25.54	62.7	5	28.5
20.875	17.04	2.29	39.10	5.60	4.28	24.00	61.4	5	29.0
21.273	16.33	2.34	38.22	5.60	4.24	23.76	62.2	5	29.5
21.671	16.37	2.43	39.76	5.65	4.36	24.67	62.1	5	30.5
22.069	15.98	2.57	41.13	5.75	4.44	25.50	62.0	5	31.0
22.467	15.94	2.69	42.81	5.85	4.51	26.37	61.6	5	31.5
22.865	15.83	2.78	44.06	5.94	4.55	27.01	61.3	5	32.0
23.263	15.45	2.91	44.95	6.01	4.67	28.08	62.5	5	33.0
23.661	15.36	3.06	47.05	6.12	4.73	28.94	61.5	5	33.5
24.059	15.06	3.17	47.75	6.22	4.79	29.79	62.4	5	34.0
24.457	14.98	3.28	49.17	6.27	4.83	30.27	61.6	5	34.5
24.855	14.71	3.40	49.99	6.28	4.90	30.78	61.6	5	35.5
25.253	14.30	3.54	50.61	6.39	5.02	32.09	63.4	5	36.0
25.651	14.19	3.64	51.70	6.39	5.01	32.03	62.0	5	36.5
26.049	14.00	3.76	52.72	6.44	5.06	32.64	61.9	5	37.0
26.447	13.59	3.89	52.90	6.43	5.05	32.47	61.4	5	38.0
26.845	13.26	4.00	53.04	6.45	5.06	32.64	61.5	5	38.5
27.243	12.86	4.09	52.62	6.47	5.05	32.63	62.0	5	39.0
27.641	12.72	4.17	53.05	6.44	5.06	32.57	61.4	5	39.5
28.039	12.28	4.28	52.55	6.40	5.00	32.01	60.9	5	40.5
28.437	11.93	4.35	51.86	6.32	4.96	31.35	60.5	5	41.0
28.835	11.61	4.41	51.20	6.29	4.90	30.80	60.2	5	41.5
29.233	11.29	4.45	50.23	6.22	4.84	30.07	59.9	5	42.5
29.631	10.58	4.51	47.76	6.08	4.70	28.57	59.8	5	43.0
30.029	10.24	4.54	46.43	5.96	4.57	27.22	58.6	5	43.5
30.427	9.86	4.54	44.75	5.87	4.53	26.55	59.3	5	44.0
30.824	9.52	4.56	43.44	5.76	4.40	25.32	58.3	5	45.0
31.221	9.00	4.58	41.20	5.61	4.25	23.85	57.9	5	45.5
31.618	8.61	4.59	39.49	5.49	4.12	22.64	57.3	5	46.0
32.015	8.36	4.59	38.35	5.36	4.05	21.70	56.6	5	46.5
32.412	7.87	4.60	36.17	5.26	3.93	20.67	57.1	5	47.5
32.809	7.63	4.60	35.07	5.15	3.78	19.44	55.5	5	48.0
33.206	7.23	4.61	33.35	5.01	3.69	18.48	55.4	5	48.5
33.603	7.02	4.61	32.41	4.90	3.59	17.59	54.3	5	49.0
34.000	6.56	4.62	30.29	4.76	3.48	16.56	54.7	5	50.0
34.397	6.34	4.61	29.26	4.62	3.35	15.47	52.9	5	50.5
34.794	6.10	4.61	28.13	4.54	3.28	14.88	52.9	5	51.0
35.191	6.02	4.64	27.94	4.45	3.17	14.12	50.5	5	51.5
35.588	5.67	4.62	26.19	4.33	3.05	13.20	50.4	5	52.5
35.985	5.49	4.62	25.38	4.24	2.93	12.42	48.9	5	53.0
36.382	5.21	4.63	24.14	4.11	2.89	11.86	49.1	5	53.5
36.779	5.04	4.63	23.33	4.04	2.81	11.35	48.7	5	54.0
37.176	4.85	4.64	22.47	3.91	2.70	10.56	47.0	5	55.0
37.573	4.55	4.63	21.04	3.82	2.58	9.86	46.9	5	55.5
37.969	4.34	4.63	20.08	3.75	2.51	9.41	46.9	5	56.0
38.365	4.16	4.63	19.25	3.66	2.44	8.92	46.3	5	56.5
38.761	4.04	4.63	18.70	3.55	2.31	8.22	43.9	5	57.5
39.157	3.79	4.63	17.55	3.47	2.21	7.66	43.6	5	58.0
39.553	3.75	4.63	17.35	3.41	2.19	7.46	43.0	5	58.5
39.949	3.57	4.62	16.48	3.32	2.10	6.97	42.3	5	59.5
40.345	3.30	4.63	15.29	3.22	2.01	6.46	42.2	5	60.0
40.741	3.29	4.63	15.23	3.10	1.94	6.02	39.5	5	60.5
41.137	3.10	4.63	14.38	3.04	1.83	5.57	38.8	5	61.0
41.533	3.05	4.63	14.11	2.97	1.82	5.41	38.3	5	62.0
41.929	2.79	4.63	12.93	2.91	1.68	4.91	38.0	5	62.5
42.325	2.71	4.63	12.52	2.82	1.63	4.61	36.8	5	63.0
42.721	2.76	4.63	12.80	2.75	1.54	4.24	33.1	5	63.5
43.117	2.48	4.62	11.46	2.70	1.52	4.10	35.8	5	64.5
43.513	2.53	4.64	11.72	2.60	1.43	3.73	31.8	5	65.0
43.909	2.37	4.65	11.03	2.55	1.39	3.54	32.1	5	65.5
44.305	2.46	4.63	11.40	2.48	1.30	3.23	28.3	5	66.0
44.701	2.48	4.63	11.51	2.45	1.27	3.10	27.0	5	67.0
45.097	2.01	4.64	9.33	2.33	1.19	2.78	29.8	5	67.5
45.492	1.93	4.63	8.93	2.27	1.16	2.63	29.5	5	68.0
45.887	1.91	4.65	8.88	2.22	1.10	2.45	27.6	5	68.5
46.282	1.80	4.65	8.39	2.14	1.00	2.14	25.5	5	69.5
46.677	1.71	4.64	7.94	2.09	0.94	1.97	24.8	5	70.0
47.072	1.73	4.64	8.00	2.03	0.94	1.91	23.9	5	70.5
47.467	1.73	4.63	8.03	1.99	0.85	1.69	21.1	5	71.0
47.862	1.42	4.64	6.61	1.91	0.84	1.61	24.4	5	72.0
48.257	1.61	4.65	7.47	1.85	0.76	1.40	18.7	5	72.5
48.652	1.49	4.63	6.91	1.79	0.69	1.23	17.8	5	73.0
49.047	1.32	4.63	6.12	1.76	0.63	1.11	18.1	5	73.5
49.442	1.35	4.63	6.27	1.70	0.58	0.99	15.7	5	74.5
49.837	1.28	4.63	5.91	1.66	0.55	0.91	15.4	5	75.0
50.232	1.06	4.63	4.90	1.58	0.47	0.75	15.3	5	75.5
50.627	1.19	4.64	5.51	1.58	0.46	0.72	13.1	5	76.0
51.022	1.10	4.64	5.11	1.46	0.37	0.54	10.6	5	77.0
51.417	1.19	4.63	5.53	1.43	0.33	0.47	8.6	5	77.5
51.811	1.18	4.64	5.45	1.37	0.30	0.41	7.6	5	78.0
52.205	1.11	4.64	5.14	1.36	0.27	0.36	7.0	5	78.5
52.599	0.99	4.64	4.58	1.26	0.25	0.31	6.9	5	79.5
52.993	1.04	4.63	4.79	1.21	0.18	0.21	4.4	5	80.0
53.387	0.99	4.64	4.61	1.20	0.09	0.11	2.4	5	80.5
53.781	1.09	4.64	5.04	1.16	0.06	0.07	1.5	5	81.0
54.175	0.98	4.65	4.58	1.10	0.02	0.02	0.5	5	82.0
54.569	0.77	4.65	3.55	1.08	0.00	0.00	0.1	5	82.5
54.963	0.98	4.64	4.56	1.01	0.00	0.00	0.0	5	83.0
55.357	0.81	4.65	3.78	1.02	0.00	0.00	0.0	5	83.5
55.751	0.95	4.65	4.42	0.95	0.00	0.00	0.0	5	84.5
56.145	0.70	4.63	3.22	0.90	0.00	0.00	0.0	5	85.0
56.539	0.92	4.64	4.28	0.89	0.00	0.00	0.0	5	85.5
56.933	0.82	4.64	3.82	0.81	0.00	0.00	0.0	5	86.0
57.327	0.58	4.64	2.69	0.81	0.00	0.00	0.0	5	87.0
57.721	0.74	4.65	3.44	0.76	0.00	0.00	0.0	5	87.5
58.115	0.87	4.64	4.03	0.73	0.00	0.00	0.0	5	88.0
58.509	0.72	4.65	3.36	0.69	0.00	0.00	0.0	5	88.5
58.903	0.52	4.64	2.42	0.68	0.00	0.00	0.0	5	89.5
59.297	0.63	4.64	2.94	0.62	0.00	0.00	0.0	5	90.0
59.691	0.70	4.63	3.26	0.59	0.00	0.00	0.0	5	90.5
60.085	0.72	4.63	3.34	0.56	0.00	0.00	0.0	5	91.0
60.479	0.59	4.64	2.75	0.54	0.00	0.00	0.0	5	92.0
60.873	0.44	4.65	2.03	0.50	0.00	0.00	0.0	5	92.5
61.267	0.60	4.63	2.79	0.43	0.00	0.00	0.0	5	93.0
61.661	0.46	4.63	2.13	0.43	0.00	0.00	0.0	5	93.5
62.055	0.62	4.63	2.89	0.38	0.00	0.00	0.0	5	94.5
62.449	0.60	4.63	2.80	0.35	0.00	0.00	0.0	5	95.0