237.065	40.83	0.00	0.00	0.00	0.00	0.00	00.0	4	00.0
237.465	39.59	0.11	4.17	0.82	0.51	0.42	10.0	4	11.0
237.862	32.30	3.59	116.06	9.54	8.64	82.42	71.0	4	31.0
238.262	30.87	4.09	126.36	10.12	9.21	93.22	73.8	4	27.5
238.663	28.14	4.62	129.87	10.30	9.35	96.24	74.1	4	29.5
239.064	28.28	4.60	130.20	10.32	9.43	97.31	74.7	4	30.5
239.465	29.36	4.49	131.96	10.36	9.43	97.71	74.0	4	28.5
239.866	31.02	4.16	128.97	10.29	9.38	96.51	74.8	4	28.0
240.267	28.28	4.62	130.58	10.32	9.35	96.50	73.9	4	30.0
240.668	29.02	4.55	132.07	10.39	9.41	97.85	74.1	4	31.0
241.069	29.80	4.43	131.91	10.41	9.43	98.09	74.4	4	31.5
241.470	28.79	4.55	131.14	10.39	9.44	98.01	74.7	4	30.5
241.871	28.05	4.66	130.65	10.33	9.41	97.15	74.4	4	32.0
242.272	29.77	4.40	130.91	10.36	9.46	98.05	74.9	4	29.0
242.673	28.71	4.56	131.00	10.33	9.42	97.31	74.3	4	28.5
243.074	29.06	4.50	130.86	10.37	9.44	97.84	74.8	4	31.0
243.475	29.60	4.44	131.41	10.32	9.41	97.13	73.9	4	31.0
243.876	31.06	4.18	129.69	10.29	9.39	96.58	74.5	4	28.0
244.277	28.91	4.53	131.02	10.33	9.41	97.22	74.2	4	28.5
244.678	28.67	4.57	131.06	10.38	9.45	98.13	74.9	4	29.5
245.079	31.02	4.22	130.90	10.35	9.43	97.68	74.6	4	28.5
245.480	29.91	4.42	132.10	10.35	9.46	97.90	74.1	4	28.0
245.881	30.52	4.30	131.36	10.36	9.45	98.00	74.6	4	29.5
246.282	30.37	4.32	131.27	10.36	9.45	97.89	74.6	4	28.5
246.683	29.11	4.52	131.59	10.34	9.46	97.80	74.3	4	31.0
247.084	30.10	4.38	131.87	10.38	9.43	97.85	74.2	4	30.5
247.485	30.16	4.37	131.90	10.38	9.46	98.16	74.4	4	28.0
247.886	29.26	4.51	132.10	10.35	9.45	97.75	74.0	4	30.5
248.287	30.23	4.35	131.58	10.35	9.43	97.67	74.2	4	28.5
248.688	30.87	4.24	130.87	10.33	9.42	97.27	74.3	4	28.5
249.089	28.75	4.57	131.37	10.35	9.43	97.59	74.3	4	30.0
249.490	30.92	4.24	131.06	10.35	9.41	97.32	74.3	4	28.0
249.891	30.77	4.24	130.42	10.30	9.42	97.06	74.4	4	28.0
250.292	28.44	4.60	130.69	10.33	9.39	97.02	74.2	4	31.5
250.693	27.94	4.66	130.25	10.31	9.41	96.99	74.5	4	31.0
251.094	28.93	4.54	131.45	10.34	9.44	97.64	74.3	4	31.0
251.495	30.19	4.36	131.60	10.36	9.44	97.86	74.4	4	30.0
251.896	28.66	4.58	131.39	10.40	9.46	98.47	74.9	4	29.0
252.297	30.74	4.27	131.27	10.33	9.42	97.33	74.1	4	29.0
252.698	29.82	4.42	131.74	10.36	9.44	97.83	74.3	4	29.0
253.099	28.54	4.60	131.25	10.35	9.40	97.29	74.1	4	29.5
253.500	31.29	4.12	128.90	10.28	9.36	96.25	74.7	4	28.0
253.901	27.76	4.70	130.50	10.24	9.33	95.62	73.3	4	30.5
254.302	31.05	4.16	129.34	10.32	9.39	96.88	74.9	4	28.0
254.703	30.62	4.28	130.93	10.36	9.42	97.57	74.5	4	30.0
255.104	30.47	4.28	130.32	10.33	9.42	97.39	74.7	4	30.5
255.505	30.48	4.31	131.51	10.33	9.42	97.34	74.0	4	28.0
255.906	30.11	4.35	131.05	10.37	9.41	97.50	74.4	4	28.0
256.307	28.54	4.60	131.20	10.35	9.43	97.59	74.4	4	29.5
256.708	29.58	4.45	131.55	10.36	9.42	97.57	74.2	4	28.0
257.109	30.67	4.27	130.83	10.34	9.41	97.27	74.3	4	28.0
257.510	30.41	4.29	130.44	10.34	9.39	97.12	74.5	4	30.5
257.911	30.63	4.23	129.51	10.33	9.39	96.93	74.8	4	28.5
258.312	28.68	4.56	130.90	10.36	9.43	97.74	74.7	4	30.0
258.713	29.14	4.53	132.11	10.41	9.44	98.27	74.4	4	29.5
259.114	29.67	4.46	132.30	10.44	9.45	98.68	74.6	4	28.5
259.515	29.50	4.45	131.27	10.36	9.44	97.84	74.5	4	28.5
259.916	28.38	4.61	130.86	10.35	9.43	97.57	74.6	4	30.0
260.317	30.47	4.32	131.50	10.40	9.44	98.13	74.6	4	28.5
260.718	30.53	4.29	131.02	10.35	9.42	97.44	74.4	4	28.5
261.119	30.20	4.34	131.02	10.35	9.43	97.60	74.5	4	29.0
261.520	30.27	4.32	130.71	10.39	9.42	97.90	74.9	4	30.0
261.921	31.21	4.14	129.33	10.30	9.39	96.77	74.8	4	28.5
262.322	30.01	4.39	131.63	10.38	9.43	97.93	74.4	4	29.0
262.723	30.43	4.33	131.72	10.35	9.45	97.84	74.3	4	29.5
263.124	30.80	4.28	131.97	10.35	9.43	97.55	73.9	4	28.5
263.525	30.46	4.27	130.04	10.37	9.41	97.58	75.0	4	28.0
263.926	30.32	4.31	130.73	10.32	9.38	96.72	74.0	4	28.5
264.327	30.76	4.22	129.71	10.32	9.39	96.83	74.7	4	28.0
264.728	30.45	4.30	130.91	10.34	9.41	97.33	74.3	4	28.5
265.129	28.63	4.55	130.21	10.28	9.37	96.35	74.0	4	31.0
265.530	30.22	4.32	130.47	10.36	9.43	97.76	74.9	4	29.0
265.931	30.93	4.19	129.65	10.34	9.35	96.67	74.6	4	28.0
266.332	30.09	4.33	130.28	10.27	9.38	96.38	74.0	4	28.0
266.733	27.67	4.66	128.95	10.22	9.32	95.26	73.9	4	31.0
267.134	29.17	4.50	131.25	10.35	9.43	97.56	74.3	4	29.0
267.535	31.21	4.14	129.18	10.28	9.32	95.76	74.1	4	29.0
267.936	31.07	4.16	129.34	10.27	9.38	96.38	74.5	4	28.0
268.337	30.45	4.27	130.03	10.31	9.36	96.55	74.3	4	29.0
268.738	29.18	4.47	130.59	10.30	9.39	96.63	74.0	4	29.0
269.139	31.42	4.06	127.70	10.28	9.32	95.83	75.0	4	29.0
269.540	30.97	4.17	129.16	10.28	9.36	96.27	74.5	4	28.5
269.941	29.61	4.40	130.36	10.33	9.39	96.97	74.4	4	28.5
270.342	29.65	4.38	130.01	10.31	9.37	96.55	74.3	4	30.5
270.743	29.50	4.41	129.98	10.36	9.41	97.43	75.0	4	28.5
271.144	29.33	4.48	131.48	10.36	9.43	97.66	74.3	4	28.5
271.545	29.05	4.49	130.56	10.35	9.44	97.70	74.8	4	31.0
271.946	30.68	4.22	129.62	10.32	9.38	96.74	74.6	4	27.5
272.347	28.67	4.55	130.40	10.29	9.37	96.45	74.0	4	28.0
272.748	29.69	4.40	130.61	10.33	9.40	97.09	74.3	4	29.0
273.149	31.01	4.19	130.00	10.30	9.38	96.59	74.3	4	28.5
273.550	30.67	4.27	131.07	10.33	9.40	97.03	74.0	4	27.5
273.951	30.23	4.34	131.28	10.36	9.45	97.87	74.6	4	27.5
274.352	29.65	4.42	130.93	10.34	9.40	97.18	74.2	4	29.0
274.753	30.99	4.19	129.85	10.31	9.39	96.87	74.6	4	28.5
275.154	30.32	4.32	131.06	10.37	9.44	97.92	74.7	4	28.5
275.555	29.28	4.49	131.37	10.38	9.42	97.83	74.5	4	28.5
275.956	28.90	4.53	130.94	10.37	9.40	97.52	74.5	4	29.0
276.357	28.48	4.59	130.69	10.31	9.39	96.86	74.1	4	31.5
276.758	29.09	4.49	130.66	10.39	9.42	97.86	74.9	4	30.0
277.159	29.24	4.49	131.38	10.32	9.43	97.31	74.1	4	28.5
277.560	29.63	4.43	131.13	10.30	9.40	96.83	73.8	4	31.0
277.961	30.47	4.28	130.25	10.31	9.40	96.90	74.4	4	30.5
278.362	29.82	4.36	129.92	10.29	9.37	96.40	74.2	4	29.0
278.763	28.70	4.53	130.09	10.31	9.34	96.28	74.0	4	31.0
279.164	29.48	4.42	130.26	10.38	9.44	97.91	75.2	4	31.0
279.565	30.41	4.30	130.65	10.33	9.40	97.10	74.3	4	28.5
279.966	29.30	4.50	131.87	10.35	9.41	97.32	73.8	4	31.5
280.367	30.82	4.20	129.58	10.26	9.38	96.19	74.2	4	28.5
280.768	30.03	4.39	131.86	10.36	9.43	97.72	74.1	4	28.0
281.169	28.66	4.58	131.29	10.32	9.41	97.14	74.0	4	28.5
281.570	30.92	4.21	130.17	10.31	9.42	97.09	74.6	4	28.0
281.971	30.21	4.32	130.60	10.33	9.42	97.28	74.5	4	29.0
282.372	29.25	4.49	131.21	10.38	9.43	97.89	74.6	4	30.0
282.773	30.24	4.33	131.08	10.35	9.43	97.66	74.5	4	28.5
283.174	28.30	4.61	130.37	10.29	9.37	96.44	74.0	4	31.0
283.575	30.89	4.20	129.80	10.31	9.38	96.68	74.5	4	28.5
283.976	30.70	4.26	130.65	10.30	9.42	96.98	74.2	4	29.0
284.377	29.44	4.48	131.96	10.39	9.45	98.19	74.4	4	28.5
284.778	28.45	4.61	131.15	10.33	9.41	97.22	74.1	4	30.0
285.179	29.33	4.48	131.30	10.35	9.41	97.40	74.2	4	31.0
285.580	29.78	4.42	131.70	10.35	9.43	97.64	74.1	4	29.0
285.981	29.52	4.43	130.82	10.35	9.40	97.33	74.4	4	28.0
286.382	29.41	4.45	130.95	10.41	9.44	98.28	75.1	4	30.5
286.783	29.47	4.46	131.44	10.35	9.41	97.39	74.1	4	30.5
287.184	28.50	4.61	131.31	10.34	9.37	96.93	73.8	4	29.5
287.585	30.57	4.28	130.79	10.32	9.42	97.22	74.3	4	29.0
287.986	29.92	4.38	131.06	10.35	9.40	97.23	74.2	4	28.0
288.387	29.09	4.48	130.23	10.27	9.34	95.93	73.7	4	30.5
288.788	30.93	4.18	129.16	10.31	9.37	96.65	74.8	4	28.5
289.189	30.68	4.24	129.94	10.30	9.40	96.78	74.5	4	28.5
289.590	30.95	4.20	129.85	10.32	9.37	96.74	74.5	4	28.5
289.991	30.77	4.22	129.88	10.33	9.36	96.65	74.4	4	28.5
290.392	29.45	4.43	130.49	10.35	9.42	97.50	74.7	4	29.5
290.793	29.68	4.40	130.59	10.30	9.35	96.34	73.8	4	28.5
291.194	30.11	4.34	130.66	10.36	9.43	97.69	74.8	4	28.5
291.595	28.06	4.63	129.94	10.27	9.33	95.84	73.8	4	31.0
291.996	30.36	4.29	130.33	10.33	9.41	97.15	74.5	4	31.0
292.397	28.87	4.52	130.49	10.31	9.39	96.82	74.2	4	31.0
292.798	29.32	4.49	131.71	10.28	9.37	96.34	73.1	4	31.5
293.199	30.30	4.34	131.56	10.37	9.43	97.75	74.3	4	30.5
293.600	29.08	4.48	130.43	10.31	9.35	96.42	73.9	4	31.0
294.001	30.31	4.30	130.49	10.36	9.44	97.72	74.9	4	30.0
294.402	30.19	4.32	130.48	10.35	9.41	97.41	74.7	4	28.5
294.803	28.69	4.55	130.61	10.34	9.43	97.53	74.7	4	29.0