124.085	39.89	0.00	00.00	0.00	0.00	00.00	00.0	2	00.0
124.085	37.22	1.50	55.78	6.32	5.69	35.95	64.5	2	21.5
124.484	18.62	4.78	88.97	8.27	7.56	62.58	70.3	2	41.5
124.883	4.63	4.98	23.06	3.99	3.49	13.94	60.4	2	61.5
125.281	1.25	5.00	6.23	1.63	1.30	2.12	34.1	2	81.5
125.677	16.71	4.92	82.21	6.82	6.17	42.09	51.2	2	33.9
126.076	24.44	4.86	118.86	9.74	8.91	86.74	73.0	2	32.2
126.476	16.59	4.91	81.48	7.87	7.12	56.04	68.8	2	33.1
126.875	13.67	4.49	61.33	4.40	3.87	17.04	27.8	2	92.7
127.274	13.73	4.26	58.51	5.29	4.74	25.08	42.9	2	58.4
127.673	18.36	4.32	79.39	7.26	6.57	47.73	60.1	2	43.6
128.072	36.42	1.75	63.85	7.00	6.32	44.23	69.3	2	22.0
128.471	17.99	4.81	86.51	8.13	7.41	60.24	69.6	2	42.0
128.870	4.49	5.00	22.47	3.89	3.43	13.31	59.2	2	62.0
129.268	1.26	5.00	6.30	1.54	1.24	1.91	30.3	2	82.0
129.664	17.12	4.90	83.95	6.89	6.21	42.76	50.9	2	31.8
130.063	29.66	3.61	107.12	8.93	8.14	72.67	67.8	2	21.7
130.463	28.90	4.22	121.97	9.77	8.94	87.36	71.6	2	24.6
130.863	31.81	3.18	101.22	8.03	7.35	59.03	58.3	2	30.8
131.263	22.88	4.72	107.97	9.04	8.30	75.05	69.5	2	30.8
131.663	18.35	4.87	89.36	7.78	7.09	55.16	61.7	2	33.7
132.062	31.11	4.02	125.16	10.06	9.24	92.86	74.2	2	27.4
132.463	30.25	4.26	128.82	10.23	9.41	96.26	74.7	2	28.4
132.864	30.56	4.19	128.18	10.25	9.38	96.10	75.0	2	27.9
133.265	29.65	4.38	129.82	10.29	9.47	97.39	75.0	2	28.9
133.666	28.69	4.51	129.38	10.24	9.35	95.79	74.0	2	31.4
134.067	30.74	4.18	128.63	10.25	9.38	96.19	74.8	2	27.9
134.468	29.56	4.39	129.68	10.26	9.35	96.02	74.0	2	28.4
134.869	29.50	4.38	129.26	10.26	9.36	96.08	74.3	2	31.4
135.270	29.01	4.50	130.43	10.33	9.44	97.53	74.8	2	28.4
135.671	29.78	4.40	131.00	10.26	9.43	96.75	73.9	2	28.9
136.072	28.96	4.50	130.36	10.29	9.38	96.55	74.1	2	30.9
136.473	30.29	4.29	129.97	10.24	9.42	96.44	74.2	2	28.9
136.874	29.74	4.39	130.59	10.30	9.42	97.01	74.3	2	30.9
137.275	30.34	4.29	130.22	10.30	9.42	97.01	74.5	2	28.4
137.676	29.92	4.37	130.73	10.29	9.46	97.36	74.5	2	28.4
138.077	29.22	4.48	130.90	10.33	9.44	97.53	74.5	2	30.4
138.478	30.38	4.29	130.24	10.31	9.39	96.83	74.3	2	27.9
138.879	29.98	4.35	130.55	10.35	9.44	97.67	74.8	2	28.4
139.280	29.85	4.40	131.46	10.31	9.41	97.01	73.8	2	27.9
139.681	30.74	4.19	128.84	10.25	9.38	96.15	74.6	2	27.4
140.082	28.03	4.58	128.30	10.17	9.35	95.14	74.2	2	31.4
140.483	31.04	4.11	127.63	10.25	9.33	95.66	75.0	2	27.4
140.884	28.72	4.51	129.49	10.26	9.41	96.53	74.5	2	28.4
141.285	28.30	4.57	129.24	10.27	9.36	96.06	74.3	2	28.9
141.686	29.17	4.47	130.31	10.26	9.38	96.27	73.9	2	30.9
142.087	30.89	4.17	128.91	10.27	9.38	96.28	74.7	2	28.4
142.488	29.97	4.33	129.67	10.26	9.36	96.04	74.1	2	28.4
142.889	28.81	4.53	130.57	10.29	9.39	96.65	74.0	2	28.9
143.290	29.82	4.37	130.28	10.32	9.42	97.19	74.6	2	28.9
143.691	29.59	4.43	131.21	10.33	9.41	97.21	74.1	2	30.9
144.092	29.61	4.44	131.45	10.34	9.45	97.68	74.3	2	29.4
144.493	30.67	4.23	129.62	10.26	9.35	95.96	74.0	2	28.4
144.894	29.14	4.49	130.94	10.35	9.41	97.34	74.3	2	29.4
145.295	29.11	4.48	130.27	10.35	9.43	97.58	74.9	2	29.9
145.696	31.19	4.15	129.40	10.26	9.36	96.06	74.2	2	28.4
146.097	29.94	4.38	131.04	10.37	9.43	97.80	74.6	2	29.9
146.498	30.04	4.37	131.17	10.34	9.43	97.50	74.3	2	28.9
146.899	30.55	4.23	129.20	10.28	9.39	96.50	74.7	2	28.4
147.300	29.97	4.35	130.31	10.30	9.38	96.63	74.1	2	28.4
147.701	28.72	4.54	130.32	10.25	9.38	96.16	73.8	2	29.9
148.102	29.50	4.43	130.81	10.30	9.43	97.06	74.2	2	30.9
148.503	29.03	4.52	131.20	10.33	9.41	97.26	74.1	2	30.9
148.904	28.92	4.55	131.62	10.32	9.47	97.80	74.3	2	28.9
149.305	29.98	4.35	130.37	10.29	9.41	96.84	74.3	2	28.4
149.706	29.11	4.50	130.96	10.27	9.38	96.33	73.6	2	29.4
150.107	29.73	4.42	131.31	10.31	9.42	97.16	74.0	2	28.4
150.508	28.83	4.55	131.21	10.33	9.45	97.61	74.4	2	30.4
150.909	29.17	4.51	131.51	10.33	9.41	97.22	73.9	2	29.9
151.310	30.49	4.23	128.92	10.27	9.41	96.64	75.0	2	27.9
151.711	29.60	4.43	130.97	10.31	9.42	97.15	74.2	2	30.9
152.112	30.70	4.21	129.36	10.26	9.37	96.22	74.4	2	27.9
152.513	30.45	4.29	130.52	10.25	9.35	95.81	73.4	2	27.9
152.914	29.36	4.46	131.06	10.34	9.41	97.25	74.2	2	28.9
153.315	29.76	4.40	131.06	10.32	9.41	97.17	74.1	2	28.4
153.716	29.72	4.39	130.47	10.27	9.40	96.59	74.0	2	30.9
154.117	29.78	4.39	130.70	10.33	9.40	97.16	74.3	2	28.4
154.518	31.14	4.12	128.24	10.20	9.35	95.39	74.4	2	29.4
154.919	30.11	4.32	130.03	10.29	9.38	96.49	74.2	2	28.4
155.320	29.02	4.48	130.14	10.34	9.39	97.08	74.6	2	28.4
155.721	29.96	4.34	129.96	10.32	9.43	97.27	74.8	2	28.4
156.122	29.66	4.42	131.10	10.32	9.46	97.63	74.5	2	28.9
156.523	29.61	4.40	130.21	10.32	9.40	97.05	74.5	2	28.9
156.924	29.03	4.53	131.54	10.28	9.39	96.49	73.4	2	28.9
157.325	30.96	4.21	130.19	10.24	9.35	95.71	73.5	2	26.9
157.726	28.92	4.50	130.03	10.33	9.39	97.00	74.6	2	28.4
158.127	28.19	4.60	129.74	10.24	9.33	95.57	73.7	2	31.9
158.528	30.86	4.19	129.30	10.24	9.38	96.01	74.3	2	27.9
158.929	30.58	4.24	129.78	10.28	9.41	96.71	74.5	2	27.9
159.330	30.28	4.27	129.19	10.26	9.37	96.20	74.5	2	31.4
159.731	29.90	4.37	130.56	10.30	9.40	96.84	74.2	2	30.9
160.132	29.37	4.42	129.90	10.32	9.43	97.34	74.9	2	30.9
160.533	30.55	4.25	129.91	10.30	9.37	96.47	74.3	2	28.4
160.934	28.74	4.55	130.65	10.30	9.37	96.45	73.8	2	27.9
161.335	28.97	4.51	130.71	10.32	9.41	97.09	74.3	2	31.4
161.736	30.47	4.27	130.20	10.31	9.37	96.64	74.2	2	28.9
162.137	28.90	4.51	130.32	10.26	9.37	96.13	73.8	2	31.9
162.538	30.39	4.29	130.25	10.32	9.37	96.63	74.2	2	28.4
162.939	29.20	4.51	131.76	10.30	9.41	96.99	73.6	2	31.4
163.340	30.77	4.18	128.56	10.27	9.38	96.37	75.0	2	27.9
163.741	29.07	4.48	130.25	10.27	9.40	96.49	74.1	2	27.9
164.142	27.75	4.66	129.41	10.19	9.32	94.93	73.4	2	31.4
164.543	28.63	4.56	130.46	10.28	9.36	96.20	73.7	2	31.9
164.944	30.47	4.24	129.35	10.32	9.39	96.93	74.9	2	28.4
165.345	28.47	4.58	130.43	10.28	9.43	96.94	74.3	2	28.9
165.746	29.90	4.36	130.22	10.31	9.38	96.75	74.3	2	29.4
166.147	30.51	4.22	128.75	10.28	9.40	96.56	75.0	2	27.9
166.548	28.37	4.58	130.00	10.25	9.36	95.97	73.8	2	29.4
166.949	29.58	4.42	130.63	10.25	9.38	96.13	73.6	2	31.4
167.350	30.43	4.24	129.11	10.30	9.38	96.59	74.8	2	28.4
167.751	28.17	4.63	130.38	10.30	9.38	96.58	74.1	2	31.4
168.152	30.57	4.24	129.72	10.30	9.38	96.62	74.5	2	29.9
168.553	30.92	4.16	128.73	10.26	9.37	96.07	74.6	2	28.4
168.954	29.62	4.37	129.54	10.25	9.37	96.07	74.2	2	27.9
169.355	28.87	4.52	130.57	10.27	9.39	96.38	73.8	2	29.4
169.756	29.76	4.40	130.95	10.33	9.41	97.26	74.3	2	28.4
170.157	28.00	4.63	129.69	10.26	9.38	96.20	74.2	2	30.9
170.558	29.62	4.43	131.18	10.34	9.45	97.76	74.5	2	31.4
170.959	29.50	4.45	131.27	10.29	9.43	97.06	73.9	2	30.9
171.360	30.79	4.19	129.17	10.29	9.38	96.54	74.7	2	27.9
171.761	29.33	4.45	130.41	10.29	9.40	96.75	74.2	2	31.4
172.162	30.38	4.29	130.48	10.33	9.37	96.82	74.2	2	28.9
172.563	30.39	4.32	131.20	10.31	9.43	97.31	74.2	2	28.9
172.964	30.19	4.30	129.76	10.33	9.43	97.39	75.1	2	28.9
173.365	28.61	4.57	130.64	10.32	9.42	97.16	74.4	2	29.4
173.766	29.26	4.43	129.58	10.26	9.38	96.20	74.2	2	31.4
174.167	30.53	4.24	129.42	10.25	9.39	96.30	74.4	2	30.4
174.568	30.47	4.25	129.39	10.31	9.41	96.94	74.9	2	29.4
174.969	30.69	4.20	128.93	10.24	9.40	96.32	74.7	2	28.9
175.370	31.16	4.14	129.04	10.24	9.34	95.60	74.1	2	28.4
175.771	30.22	4.34	131.11	10.31	9.41	97.00	74.0	2	28.4
176.172	30.61	4.24	129.77	10.29	9.41	96.82	74.6	2	27.9
176.573	29.50	4.39	129.44	10.26	9.35	95.96	74.1	2	28.4
176.974	28.39	4.58	130.06	10.28	9.39	96.59	74.3	2	28.9
177.375	29.50	4.40	129.84	10.28	9.34	95.95	73.9	2	31.4
177.776	29.09	4.51	131.33	10.32	9.42	97.27	74.1	2	29.9
178.177	30.57	4.24	129.56	10.31	9.37	96.56	74.5	2	28.4
178.578	29.33	4.43	130.02	10.33	9.41	97.19	74.7	2	29.9
178.979	30.40	4.31	130.91	10.34	9.40	97.26	74.3	2	28.9
179.380	30.01	4.38	131.28	10.35	9.46	97.84	74.5	2	30.4
179.781	30.41	4.30	130.64	10.31	9.42	97.04	74.3	2	28.4
180.182	29.33	4.47	131.09	10.32	9.42	97.20	74.2	2	28.9
180.583	29.10	4.50	130.96	10.37	9.41	97.63	74.6	2	28.4
180.984	29.95	4.40	131.87	10.35	9.46	97.99	74.3	2	28.9
181.385	30.18	4.34	130.91	10.38	9.45	98.09	74.9	2	28.9
181.786	30.29	4.31	130.61	10.31	9.39	96.79	74.1	2	28.9
182.187	29.90	4.40	131.53	10.36	9.42	97.58	74.2	2	30.4
182.588	30.50	4.28	130.44	10.33	9.42	97.33	74.6	2	28.9