165.998	39.89	0.00	00.00	0.00	0.00	00.00	00.0	2	00.0
166.398	36.04	0.87	31.24	4.80	4.16	19.99	64.0	2	19.0
166.797	14.28	2.91	41.63	5.73	5.02	28.74	69.0	2	39.0
167.196	4.33	3.52	15.21	3.25	2.69	8.75	57.5	2	58.5
167.593	1.05	3.53	3.70	1.40	0.94	1.32	35.8	2	78.5
167.989	4.96	3.48	17.26	2.58	2.07	5.32	30.8	2	38.5
168.386	11.25	3.45	38.79	5.53	4.89	27.08	69.8	2	37.6
168.785	7.44	3.49	25.95	4.36	3.74	16.30	62.8	2	48.9
169.183	11.94	2.77	33.07	4.53	3.88	17.57	53.1	2	95.0
169.582	15.09	2.58	38.95	3.71	3.15	11.67	30.0	2	52.0
169.981	11.99	2.52	30.27	4.49	3.87	17.41	57.5	2	50.9
170.380	14.59	3.03	44.26	5.60	4.92	27.56	62.3	2	33.5
170.779	15.09	2.72	41.01	5.84	5.12	29.93	73.0	2	32.5
171.178	13.05	3.23	42.20	5.84	5.13	29.96	71.0	2	37.5
171.577	14.74	2.85	41.94	5.89	5.21	30.68	73.1	2	32.5
171.976	15.52	2.62	40.63	5.76	5.09	29.34	72.2	2	31.5
172.375	15.79	2.35	37.18	5.61	4.92	27.64	74.3	2	30.0
172.774	12.53	3.32	41.60	5.81	5.11	29.70	71.4	2	35.0
173.173	14.85	2.76	41.01	5.85	5.14	30.09	73.4	2	32.5
173.572	15.58	2.56	39.83	5.72	5.01	28.68	72.0	2	31.5
173.971	13.24	3.23	42.77	5.82	5.12	29.81	69.7	2	35.5
174.370	14.82	2.84	42.04	5.88	5.17	30.39	72.3	2	32.5
174.769	13.34	3.21	42.86	5.87	5.21	30.57	71.3	2	36.5
175.168	14.17	3.02	42.84	5.93	5.24	31.07	72.5	2	34.5
175.567	14.93	2.81	42.95	5.88	5.17	30.39	72.4	2	32.5
175.966	13.66	3.10	43.32	5.85	5.15	30.16	71.3	2	37.5
176.365	14.52	2.96	43.03	5.90	5.22	30.77	71.5	2	33.0
176.764	15.20	2.69	40.91	5.81	5.11	29.73	72.7	2	31.5
177.163	15.66	2.49	38.92	5.64	5.03	28.40	73.0	2	30.5
177.562	15.75	2.36	37.25	5.58	4.91	27.40	73.6	2	29.5
177.961	12.50	3.30	41.31	5.77	5.08	29.29	70.9	2	36.5
178.360	14.89	2.83	42.11	5.88	5.20	30.56	72.6	2	33.0
178.759	15.72	2.47	38.79	5.66	4.99	28.27	72.9	2	30.5
179.158	16.16	2.24	36.27	5.46	4.83	26.36	72.7	2	29.0
179.557	16.46	2.04	33.55	5.33	4.66	24.82	74.0	2	28.0
179.956	14.56	2.81	40.86	5.75	5.08	29.18	71.4	2	37.5
180.355	14.34	2.91	41.70	5.86	5.20	30.52	73.2	2	33.0
180.754	15.43	2.61	40.23	5.76	5.07	29.21	72.6	2	32.0
181.153	15.63	2.47	38.68	5.68	5.02	28.53	73.8	2	30.5
181.552	12.63	3.31	41.82	5.82	5.16	30.04	71.8	2	36.5
181.951	15.01	2.76	41.38	5.82	5.16	30.04	72.6	2	32.0
182.350	15.68	2.43	38.10	5.67	4.95	28.07	73.7	2	30.5
182.749	13.63	3.05	41.61	5.76	5.10	29.39	70.6	2	38.5
183.148	14.56	2.91	42.32	5.90	5.19	30.66	72.5	2	32.5
183.547	15.10	2.68	40.50	5.82	5.14	29.93	73.9	2	32.0
183.946	15.80	2.40	37.96	5.60	4.91	27.50	72.5	2	31.0
184.345	13.11	3.22	42.20	5.90	5.17	30.51	72.3	2	34.5
184.744	15.11	2.74	41.44	5.82	5.12	29.79	71.9	2	32.0
185.143	15.36	2.57	39.54	5.75	5.07	29.12	73.6	2	30.5
185.542	12.68	3.27	41.52	5.83	5.14	29.95	72.1	2	36.5
185.941	14.52	2.93	42.48	5.90	5.21	30.77	72.4	2	33.0
186.340	15.12	2.73	41.33	5.82	5.14	29.93	72.4	2	32.0
186.739	15.56	2.60	40.41	5.78	5.07	29.31	72.5	2	31.0
187.138	15.91	2.34	37.15	5.58	4.92	27.43	73.8	2	29.5
187.537	12.86	3.20	41.17	5.71	5.04	28.79	69.9	2	38.0
187.936	14.64	2.88	42.13	5.88	5.17	30.39	72.1	2	33.0
188.335	13.78	3.12	43.05	5.91	5.22	30.85	71.7	2	33.5
188.734	14.72	2.83	41.64	5.88	5.19	30.49	73.2	2	32.5
189.133	15.33	2.59	39.76	5.77	5.06	29.24	73.5	2	31.0
189.532	16.02	2.35	37.65	5.57	4.89	27.22	72.3	2	30.0
189.931	15.93	2.36	37.65	5.59	4.89	27.32	72.6	2	33.0
190.330	13.75	3.10	42.58	5.85	5.17	30.22	71.0	2	33.0
190.729	15.13	2.73	41.25	5.82	5.13	29.85	72.3	2	32.5
191.128	13.49	3.18	42.84	5.90	5.19	30.58	71.4	2	35.0
191.527	14.69	2.87	42.16	5.88	5.19	30.52	72.4	2	33.5
191.926	13.77	3.13	43.12	5.90	5.21	30.75	71.3	2	34.5
192.325	14.69	2.85	41.87	5.86	5.21	30.53	72.9	2	33.5
192.724	15.10	2.74	41.38	5.83	5.15	30.04	72.6	2	32.5
193.123	15.75	2.42	38.13	5.66	4.97	28.14	73.8	2	31.0
193.522	14.05	3.05	42.85	5.88	5.15	30.31	70.7	2	33.5
193.921	15.00	2.78	41.68	5.86	5.16	30.25	72.6	2	33.0
194.320	14.15	2.98	42.20	5.88	5.19	30.50	72.3	2	37.5
194.719	14.14	3.01	42.63	5.91	5.21	30.84	72.3	2	33.5
195.118	15.26	2.66	40.55	5.76	5.08	29.31	72.3	2	31.5
195.517	15.80	2.41	38.08	5.63	4.93	27.80	73.0	2	30.5
195.916	12.58	3.29	41.43	5.77	5.10	29.43	71.0	2	38.0
196.315	14.85	2.76	40.92	5.84	5.16	30.14	73.6	2	33.0
196.714	15.60	2.55	39.82	5.73	5.02	28.76	72.2	2	30.5
197.113	16.02	2.25	36.01	5.50	4.80	26.36	73.2	2	30.0
197.512	13.50	3.14	42.41	5.86	5.15	30.18	71.2	2	33.5
197.911	15.15	2.73	41.39	5.87	5.12	30.06	72.6	2	32.5
198.310	14.09	3.04	42.80	5.92	5.22	30.91	72.2	2	33.0
198.709	15.36	2.61	40.03	5.75	5.03	28.93	72.3	2	31.5
199.108	15.89	2.34	37.22	5.60	4.92	27.56	74.0	2	30.0
199.507	13.64	3.14	42.88	5.87	5.16	30.32	70.7	2	33.5
199.906	14.99	2.72	40.81	5.83	5.15	30.01	73.5	2	32.0
200.305	15.52	2.57	39.84	5.74	5.02	28.81	72.3	2	33.5
200.704	14.25	3.00	42.78	5.90	5.21	30.73	71.8	2	33.5
201.103	14.94	2.74	40.92	5.85	5.12	29.94	73.2	2	32.5
201.502	13.24	3.20	42.36	5.87	5.14	30.14	71.2	2	37.5
201.901	14.46	2.95	42.59	5.94	5.22	31.01	72.8	2	33.0
202.300	15.14	2.71	41.10	5.82	5.14	29.91	72.8	2	32.5
202.699	12.44	3.32	41.28	5.84	5.16	30.15	73.0	2	36.5
203.098	14.76	2.84	41.86	5.87	5.16	30.30	72.4	2	32.5
203.497	13.14	3.24	42.50	5.89	5.20	30.60	72.0	2	35.5
203.896	14.72	2.89	42.50	5.91	5.21	30.79	72.4	2	33.0
204.295	14.86	2.81	41.76	5.86	5.20	30.44	72.9	2	33.0
204.694	14.73	2.83	41.68	5.87	5.19	30.45	73.1	2	32.0
205.093	15.13	2.76	41.68	5.81	5.14	29.90	71.7	2	33.5
205.492	14.71	2.90	42.65	5.91	5.21	30.78	72.2	2	33.5
205.891	13.51	3.15	42.57	5.89	5.21	30.72	72.2	2	33.5
206.290	13.89	3.05	42.43	5.92	5.20	30.79	72.6	2	36.5
206.689	14.86	2.86	42.52	5.86	5.14	30.15	70.9	2	33.5
207.088	14.02	3.08	43.16	5.88	5.23	30.77	71.3	2	37.5
207.487	13.86	3.11	43.09	5.92	5.23	30.96	71.8	2	34.0
207.886	15.05	2.81	42.24	5.88	5.17	30.38	71.9	2	33.0
208.285	14.90	2.80	41.76	5.86	5.15	30.20	72.3	2	35.5
208.684	14.42	2.97	42.82	5.89	5.20	30.61	71.5	2	33.0
209.083	14.27	3.01	42.96	5.93	5.23	31.00	72.2	2	33.5
209.482	15.15	2.74	41.50	5.85	5.15	30.14	72.6	2	32.5
209.881	15.63	2.61	40.72	5.75	5.07	29.20	71.7	2	31.0
210.280	15.86	2.37	37.60	5.59	4.94	27.65	73.5	2	30.5
210.679	16.28	2.25	36.57	5.51	4.81	26.46	72.4	2	29.0
211.078	15.50	2.52	39.00	5.70	4.96	28.26	72.5	2	35.0
211.477	14.02	3.08	43.17	5.91	5.18	30.62	70.9	2	33.5
211.876	15.03	2.73	41.04	5.83	5.19	30.22	73.6	2	32.0
212.275	15.33	2.63	40.37	5.77	5.09	29.38	72.8	2	33.0
212.674	14.32	2.95	42.25	5.89	5.15	30.33	71.8	2	33.0
213.073	14.97	2.74	41.04	5.84	5.16	30.18	73.5	2	32.0
213.472	15.60	2.57	40.16	5.72	5.07	29.04	72.3	2	31.0
213.871	15.58	2.50	38.99	5.70	4.99	28.44	72.9	2	34.0
214.270	14.07	3.04	42.79	5.88	5.19	30.51	71.3	2	33.5
214.669	14.99	2.76	41.31	5.84	5.15	30.10	72.9	2	32.5