67.972	39.86	0.00	00.00	0.00	0.00	00.00   00.0	1	0
68.372	20.64	1.72	35.51	4.92	4.26	20.96	59.0	1	35.8
68.770	10.15	4.46	45.25	5.74	5.06	29.06	64.2	1	40.0
69.168	14.31	3.14	44.88	5.88	5.18	30.46	67.9	1	30.0
69.566	13.08	3.96	51.83	6.33	5.65	35.79	69.1	1	35.0
69.964	13.82	3.79	52.41	6.42	5.73	36.84	70.3	1	37.7
70.362	13.75	3.82	52.48	6.47	5.72	37.03	70.6	1	37.7
70.760	13.83	3.79	52.45	6.47	5.72	37.04	70.6	1	37.3
71.158	13.52	3.82	51.61	6.44	5.75	36.99	71.7	1	37.7
71.556	13.92	3.78	52.67	6.47	5.71	36.92	70.1	1	37.7
71.954	13.86	3.80	52.67	6.43	5.71	36.74	69.8	1	37.5
72.352	13.55	3.83	51.90	6.48	5.74	37.17	71.6	1	37.9
72.750	13.73	3.83	52.65	6.47	5.73	37.09	70.4	1	37.9
73.148	13.66	3.87	52.82	6.49	5.75	37.27	70.6	1	37.9
73.546	13.48	3.88	52.33	6.46	5.71	36.92	70.5	1	37.9
73.944	13.58	3.93	53.40	6.50	5.73	37.28	69.8	1	38.4
74.342	13.39	3.99	53.42	6.49	5.76	37.39	70.0	1	38.4
74.740	13.40	3.96	53.47	6.51	5.76	37.49	70.6	1	38.4
75.138	13.41	4.01	53.77	6.51	5.77	37.58	69.9	1	38.8
75.536	13.28	4.02	53.39	6.53	5.77	37.67	70.6	1	38.8
75.934	13.41	3.98	53.41	6.49	5.78	37.51	70.2	1	38.4
76.332	13.46	3.96	53.58	6.51	5.75	37.46	70.3	1	38.2
76.730	13.54	3.92	53.81	6.50	5.74	37.31	70.3	1	38.0
77.128	13.56	3.87	53.51	6.49	5.74	37.30	71.0	1	37.9
77.526	13.29	3.91	53.89	6.50	5.77	37.49	72.2	1	38.2
77.924	13.51	3.89	53.51	6.49	5.74	37.29	71.0	1	37.9
78.322	13.78	3.85	53.09	6.46	5.75	37.15	70.0	1	37.9
78.720	13.57	3.89	52.77	6.53	5.78	37.71	71.5	1	37.9
79.118	13.58	3.86	52.37	6.49	5.75	37.35	71.3	1	37.7
79.516	13.75	3.84	52.87	6.46	5.73	37.05	70.1	1	37.9
79.914	13.35	3.93	52.45	6.49	5.76	37.37	71.2	1	38.2
80.312	13.18	4.05	53.30	6.54	5.77	37.72	70.8	1	38.9
80.710	13.08	4.11	53.81	6.52	5.77	37.66	70.0	1	39.3
81.108	12.92	4.15	53.65	6.52	5.80	37.81	70.5	1	39.3
81.506	12.68	4.19	53.17	6.52	5.81	37.85	71.2	1	39.8
81.904	12.58	4.23	53.19	6.54	5.77	37.73	70.9	1	39.8
82.302	12.84	4.17	53.57	6.50	5.81	37.77	70.5	1	39.5
82.700	12.69	4.17	52.86	6.52	5.80	37.85	71.6	1	39.5
83.098	12.83	4.20	53.91	6.52	5.81	37.84	70.2	1	39.5
83.496	12.87	4.14	53.25	6.49	5.80	37.64	70.7	1	39.5
83.894	12.73	4.21	53.58	6.52	5.77	37.61	70.2	1	39.8
84.292	12.87	4.20	54.07	6.51	5.79	37.72	69.8	1	39.7
84.690	12.84	4.21	54.03	6.51	5.79	37.73	69.8	1	39.8
85.088	12.95	4.15	53.69	6.54	5.79	37.87	70.5	1	39.5
85.486	12.91	4.14	53.47	6.52	5.78	37.71	70.5	1	39.3
85.884	12.94	4.17	53.88	6.52	5.79	37.77	70.1	1	39.3
86.282	13.02	4.12	53.64	6.53	5.82	38.02	70.9	1	39.5
86.680	13.07	4.12	53.90	6.55	5.78	37.85	70.2	1	39.1
87.078	13.10	4.12	54.00	6.55	5.79	37.90	70.2	1	39.5
87.476	12.78	4.22	53.95	6.54	5.76	37.63	69.7	1	40.0
87.874	12.54	4.30	53.93	6.50	5.76	37.42	69.4	1	40.4
88.272	12.47	4.32	53.90	6.52	5.76	37.54	69.6	1	40.6
88.670	12.37	4.33	53.58	6.51	5.75	37.41	69.8	1	40.4
89.068	12.47	4.32	53.81	6.52	5.76	37.60	69.9	1	40.4
89.466	12.54	4.30	53.97	6.49	5.81	37.66	69.8	1	40.6
89.864	12.49	4.33	54.05	6.50	5.73	37.26	68.9	1	40.6
90.262	12.67	4.30	54.50	6.49	5.79	37.55	68.9	1	40.2
90.660	12.59	4.32	54.35	6.54	5.78	37.81	69.6	1	40.4
91.058	12.58	4.27	53.66	6.52	5.76	37.53	69.9	1	40.0
91.456	12.42	4.32	53.61	6.50	5.78	37.57	70.1	1	40.4
91.854	12.34	4.33	53.38	6.53	5.77	37.69	70.6	1	40.6
92.252	12.54	4.32	54.17	6.51	5.77	37.60	69.4	1	40.4
92.650	12.52	4.32	54.10	6.52	5.75	37.48	69.3	1	40.6
93.048	12.34	4.37	53.90	6.51	5.75	37.44	69.5	1	40.7
93.446	12.32	4.36	53.71	6.51	5.77	37.54	69.9	1	40.6
93.844	12.51	4.31	53.88	6.53	5.76	37.65	69.9	1	40.4
94.242	12.23	4.35	53.18	6.55	5.77	37.77	71.0	1	40.6
94.640	12.67	4.27	54.13	6.53	5.80	37.85	69.9	1	40.0
95.038	12.52	4.31	53.95	6.55	5.79	37.89	70.2	1	40.4
95.436	12.61	4.31	54.32	6.53	5.78	37.72	69.4	1	40.2
95.834	12.43	4.29	53.28	6.52	5.79	37.73	70.8	1	40.2
96.232	12.42	4.34	53.95	6.52	5.76	37.56	69.6	1	40.7
96.630	12.31	4.38	53.95	6.50	5.75	37.37	69.3	1	40.9
97.028	11.98	4.44	53.21	6.46	5.71	36.90	69.3	1	41.5
97.426	11.96	4.44	53.15	6.45	5.71	36.78	69.2	1	41.3
97.824	12.25	4.37	53.61	6.49	5.78	37.53	70.0	1	40.7
98.222	12.42	4.34	53.96	6.49	5.77	37.44	69.4	1	40.6
98.620	12.66	4.27	54.08	6.54	5.80	37.96	70.2	1	40.2
99.018	12.78	4.28	54.74	6.53	5.76	37.59	68.7	1	40.0
99.416	12.70	4.26	54.12	6.57	5.79	37.99	70.2	1	40.0
99.814	12.70	4.26	54.07	6.53	5.76	37.65	69.6	1	40.0
100.212	12.51	4.31	53.86	6.54	5.78	37.80	70.2	1	40.4
100.611	12.36	4.38	54.14	6.50	5.76	37.45	69.2	1	40.9
101.010	12.56	4.34	54.47	6.55	5.77	37.81	69.4	1	40.2
101.409	12.62	4.32	54.58	6.52	5.75	37.54	68.8	1	40.6
101.808	12.55	4.30	53.96	6.54	5.80	37.95	70.3	1	40.2
102.207	12.56	4.31	54.17	6.53	5.79	37.79	69.8	1	40.2
102.606	12.76	4.23	54.01	6.54	5.78	37.78	69.9	1	39.7
103.005	12.80	4.21	53.90	6.52	5.78	37.67	69.9	1	39.7
103.404	12.95	4.20	54.41	6.53	5.81	37.92	69.7	1	39.8
103.803	12.69	4.25	53.91	6.53	5.82	38.01	70.5	1	40.0
104.202	12.71	4.24	53.90	6.55	5.78	37.86	70.2	1	40.0
104.601	12.65	4.30	54.38	6.54	5.80	37.96	69.8	1	40.4
105.000	12.64	4.31	54.51	6.53	5.78	37.76	69.3	1	40.0
105.399	12.66	4.30	54.39	6.52	5.83	38.00	69.9	1	40.0
105.798	12.87	4.22	54.33	6.55	5.80	37.98	69.9	1	39.7
106.197	12.77	4.20	53.65	6.52	5.83	37.97	70.8	1	39.7
106.596	12.90	4.17	53.84	6.54	5.80	37.94	70.5	1	39.5
106.995	12.88	4.19	53.92	6.55	5.82	38.14	70.7	1	39.5
107.394	12.95	4.17	53.99	6.54	5.83	38.15	70.7	1	39.7
107.793	12.86	4.21	54.15	6.54	5.84	38.19	70.5	1	39.8
108.192	12.76	4.21	53.74	6.55	5.84	38.28	71.2	1	39.5
108.591	13.04	4.10	53.49	6.52	5.85	38.14	71.3	1	39.3
108.990	12.86	4.20	53.94	6.53	5.79	37.79	70.1	1	39.8
109.389	12.62	4.28	54.07	6.55	5.81	38.05	70.4	1	40.2
109.788	12.70	4.23	53.73	6.56	5.78	37.93	70.6	1	40.0
110.187	12.69	4.27	54.18	6.52	5.79	37.74	69.7	1	40.0
110.586	12.84	4.21	54.09	6.54	5.80	37.89	70.1	1	39.5
110.985	12.99	4.18	54.36	6.57	5.82	38.22	70.3	1	39.5
111.384	13.00	4.16	54.10	6.54	5.80	37.93	70.1	1	39.3
111.783	13.13	4.11	54.02	6.55	5.79	37.94	70.2	1	39.1
112.182	13.11	4.13	54.17	6.56	5.81	38.15	70.4	1	39.3
112.581	13.11	4.10	53.79	6.57	5.82	38.20	71.0	1	39.1
112.980	13.13	4.10	53.87	6.53	5.79	37.80	70.2	1	38.9
113.379	13.08	4.09	53.54	6.56	5.84	38.33	71.6	1	38.9
113.778	13.26	4.10	54.31	6.55	5.79	37.94	69.9	1	39.1
114.177	13.20	4.08	53.88	6.54	5.83	38.09	70.7	1	38.9
114.576	13.32	4.10	54.58	6.54	5.81	38.03	69.7	1	39.1
114.975	13.17	4.09	53.92	6.56	5.82	38.23	70.9	1	38.9