66.552	39.86	0.00	00.00	0.00	0.00	00.00   00.0	1	0
66.850	37.86	1.05	39.64	4.75	4.23	20.09	50.7	1	24.4
67.248	8.56	4.84	41.43	5.19	4.68	24.32	58.7	1	55.0
67.645	12.55	4.92	61.81	6.84	6.24	42.66	69.0	1	45.0
68.043	27.99	4.46	124.84	10.01	9.14	91.52	73.3	1	32.5
68.443	31.00	4.02	124.70	10.08	9.26	93.32	74.8	1	27.9
68.843	31.04	4.14	128.46	10.20	9.37	95.60	74.4	1	28.6
69.243	29.98	4.34	130.13	10.32	9.46	97.70	75.1	1	29.3
69.643	30.08	4.37	131.34	10.32	9.45	97.54	74.3	1	29.1
70.043	30.17	4.33	130.54	10.31	9.46	97.48	74.7	1	28.9
70.443	30.32	4.33	131.24	10.30	9.44	97.26	74.1	1	28.8
70.843	30.21	4.32	130.56	10.31	9.43	97.27	74.5	1	29.1
71.243	29.83	4.39	130.88	10.33	9.43	97.47	74.5	1	29.5
71.643	29.71	4.42	131.29	10.36	9.47	98.12	74.7	1	29.3
72.043	29.47	4.46	131.38	10.35	9.44	97.78	74.4	1	29.5
72.443	29.81	4.39	130.94	10.33	9.45	97.65	74.6	1	29.3
72.843	30.20	4.32	130.45	10.34	9.43	97.52	74.8	1	28.8
73.243	30.31	4.30	130.50	10.32	9.45	97.48	74.7	1	28.8
73.643	30.54	4.22	128.88	10.32	9.41	97.08	75.3	1	28.8
74.043	30.49	4.32	131.75	10.32	9.45	97.47	74.0	1	28.8
74.443	30.58	4.25	130.12	10.31	9.44	97.26	74.7	1	28.8
74.843	30.22	4.31	131.32	10.32	9.46	97.60	74.9	1	29.3
75.243	29.48	4.44	131.88	10.34	9.46	97.85	74.8	1	29.7
75.643	29.17	4.49	131.88	10.39	9.47	98.32	75.1	1	30.0
76.043	29.37	4.49	131.73	10.37	9.48	98.25	74.6	1	30.0
76.443	29.03	4.51	131.97	10.36	9.45	97.98	74.8	1	30.0
76.843	29.25	4.47	130.88	10.34	9.48	98.10	75.0	1	29.8
77.243	29.09	4.48	130.30	10.33	9.50	98.12	75.3	1	29.8
77.643	29.60	4.46	131.93	10.37	9.45	98.03	74.3	1	29.3
78.043	29.27	4.51	131.94	10.35	9.46	97.92	74.2	1	29.8
78.443	28.82	4.53	130.65	10.34	9.44	97.57	74.7	1	30.0
78.843	29.38	4.45	130.81	10.34	9.47	97.95	74.9	1	29.8
79.243	29.49	4.47	131.91	10.37	9.49	98.50	74.7	1	29.7
79.643	29.91	4.40	131.57	10.34	9.43	97.48	74.1	1	29.3
80.043	29.80	4.40	131.25	10.36	9.45	97.87	74.6	1	29.7
80.443	29.56	4.43	130.87	10.39	9.45	98.19	75.0	1	29.7
80.843	30.10	4.36	131.12	10.35	9.42	97.55	74.4	1	29.3
81.243	30.27	4.32	130.82	10.34	9.44	97.60	74.6	1	29.1
81.643	30.20	4.33	130.83	10.35	9.43	97.63	74.6	1	29.3
82.043	30.33	4.33	131.38	10.34	9.45	97.81	74.4	1	28.9
82.443	30.03	4.33	129.92	10.35	9.47	98.06	75.5	1	28.9
82.843	30.24	4.31	130.47	10.32	9.45	97.54	74.8	1	29.3
83.243	29.45	4.43	130.55	10.36	9.47	98.17	75.2	1	29.5
83.643	29.97	4.35	130.43	10.32	9.42	97.20	74.5	1	29.1
84.043	29.72	4.39	130.45	10.35	9.43	97.60	74.8	1	29.5
84.443	29.54	4.43	130.94	10.37	9.45	97.93	74.8	1	29.8
84.843	28.95	4.50	130.17	10.37	9.47	98.14	75.4	1	29.8
85.243	29.40	4.46	131.10	10.33	9.46	97.79	74.6	1	30.0
85.643	28.84	4.53	130.68	10.31	9.46	97.45	74.6	1	30.0
86.043	28.87	4.55	131.22	10.32	9.44	97.38	74.2	1	30.0
86.443	29.29	4.48	131.30	10.35	9.47	97.99	74.6	1	29.7
86.843	29.58	4.45	131.62	10.37	9.43	97.77	74.3	1	29.5
87.243	29.71	4.41	131.12	10.37	9.45	97.95	74.7	1	29.7
87.643	29.09	4.52	131.51	10.33	9.49	97.97	74.5	1	30.0
88.043	28.99	4.53	131.46	10.37	9.42	97.65	74.3	1	30.4
88.443	28.76	4.54	130.48	10.35	9.47	98.04	75.1	1	29.8
88.843	29.34	4.47	131.06	10.34	9.49	98.11	74.9	1	30.0
89.243	28.85	4.55	131.28	10.35	9.45	97.79	74.5	1	30.4
89.643	28.83	4.56	131.44	10.33	9.44	97.59	74.2	1	30.0
90.043	29.13	4.51	131.41	10.37	9.46	98.10	74.7	1	30.2
90.443	28.65	4.57	131.04	10.34	9.46	97.80	74.6	1	30.0
90.843	29.33	4.47	131.13	10.33	9.47	97.85	74.6	1	29.8
91.243	28.95	4.54	131.38	10.34	9.46	97.82	74.5	1	29.8
91.643	29.00	4.54	131.54	10.36	9.43	97.62	74.2	1	29.8
92.043	29.29	4.48	131.36	10.35	9.48	98.13	74.7	1	30.0
92.443	29.44	4.47	131.56	10.37	9.47	98.26	74.7	1	29.8
92.843	29.28	4.47	130.95	10.37	9.47	98.17	75.0	1	29.8
93.243	29.47	4.47	131.62	10.36	9.47	98.11	74.5	1	29.7
93.643	29.62	4.46	132.14	10.37	9.48	98.24	74.4	1	29.8
94.043	28.92	4.53	131.03	10.34	9.45	97.66	74.5	1	30.0
94.443	28.90	4.55	131.59	10.35	9.47	98.03	74.5	1	30.0
94.843	29.08	4.52	131.54	10.34	9.45	97.66	74.2	1	30.0
95.243	29.02	4.54	131.61	10.33	9.44	97.55	74.1	1	30.0
95.643	28.77	4.59	132.05	10.35	9.45	97.78	74.0	1	30.6
96.043	28.58	4.58	130.90	10.34	9.44	97.68	74.6	1	30.2
96.443	29.24	4.51	131.84	10.38	9.45	98.05	74.4	1	29.7
96.843	29.41	4.46	131.11	10.36	9.43	97.75	74.6	1	29.8
97.243	29.45	4.49	132.24	10.34	9.46	97.77	73.9	1	29.5
97.643	29.58	4.45	131.72	10.36	9.46	97.98	74.4	1	29.8
98.043	29.13	4.53	131.92	10.34	9.43	97.53	73.9	1	30.2
98.443	29.17	4.50	131.25	10.35	9.45	97.81	74.5	1	29.7
98.843	29.76	4.43	131.79	10.35	9.46	97.94	74.3	1	29.3
99.243	29.63	4.43	131.14	10.35	9.45	97.87	74.6	1	29.5
99.643	29.77	4.41	131.26	10.37	9.43	97.71	74.4	1	29.7
100.043	29.18	4.52	132.01	10.37	9.43	97.82	74.1	1	30.2
100.444	28.86	4.55	131.22	10.33	9.43	97.41	74.2	1	30.0
100.845	29.27	4.44	129.86	10.26	9.36	96.10	74.0	1	29.8
101.246	28.84	4.54	131.00	10.34	9.44	97.62	74.5	1	30.2
101.647	28.54	4.56	130.13	10.33	9.43	97.44	74.9	1	30.2
102.048	28.99	4.49	130.14	10.36	9.47	98.10	75.4	1	30.0
102.449	29.00	4.54	131.76	10.36	9.46	98.02	74.4	1	29.8
102.850	29.46	4.44	130.70	10.35	9.48	98.09	75.0	1	29.7
103.251	29.72	4.43	131.76	10.34	9.45	97.71	74.2	1	29.3
103.652	29.70	4.41	130.95	10.34	9.46	97.86	74.7	1	29.7
104.053	29.41	4.47	131.38	10.36	9.47	98.10	74.7	1	29.5
104.454	29.61	4.48	132.60	10.34	9.47	97.95	73.9	1	30.0
104.855	29.54	4.47	131.96	10.37	9.46	98.13	74.4	1	29.5
105.256	29.81	4.39	130.89	10.36	9.48	98.19	75.0	1	29.3
105.657	30.29	4.33	131.10	10.37	9.45	98.02	74.8	1	28.9
106.058	30.41	4.27	130.00	10.32	9.44	97.34	74.9	1	28.9
106.459	30.21	4.33	130.93	10.36	9.45	97.89	74.8	1	29.3
106.860	29.78	4.38	130.47	10.31	9.46	97.53	74.7	1	29.5
107.261	29.34	4.49	131.60	10.36	9.45	97.90	74.4	1	30.0
107.662	29.34	4.48	131.60	10.36	9.49	98.31	74.7	1	29.8
108.063	29.50	4.45	131.21	10.38	9.44	97.99	74.7	1	29.5
108.464	30.09	4.36	131.26	10.32	9.43	97.39	74.2	1	29.3
108.865	30.10	4.35	130.80	10.34	9.46	97.88	74.8	1	29.3
109.266	29.59	4.44	131.41	10.37	9.50	98.51	75.0	1	29.8
109.667	29.27	4.49	131.32	10.35	9.48	98.11	74.7	1	29.8
110.068	29.10	4.51	131.20	10.35	9.46	97.99	74.7	1	29.8
110.469	29.70	4.43	131.64	10.38	9.46	98.26	74.6	1	29.3
110.870	30.29	4.34	131.60	10.36	9.44	97.89	74.4	1	29.3
111.271	29.39	4.48	131.66	10.35	9.47	97.94	74.4	1	29.8
111.672	29.37	4.49	131.80	10.38	9.48	98.42	74.7	1	29.8
112.073	29.30	4.44	129.98	10.36	9.46	98.02	75.4	1	29.5
112.474	29.03	4.53	131.54	10.34	9.46	97.81	74.4	1	30.0
112.875	28.72	4.59	131.76	10.35	9.45	97.79	74.2	1	30.4
113.276	28.32	4.62	130.79	10.34	9.42	97.43	74.5	1	30.6
113.677	28.00	4.67	130.74	10.27	9.41	96.70	74.0	1	30.9
114.078	27.65	4.71	130.29	10.26	9.38	96.19	73.8	1	31.1
114.479	27.82	4.70	130.63	10.29	9.39	96.67	74.0	1	30.7
114.880	28.40	4.62	131.12	10.34	9.45	97.69	74.5	1	30.4
115.281	28.72	4.58	131.65	10.36	9.47	98.14	74.5	1	30.4
115.682	28.79	4.56	131.40	10.36	9.46	97.99	74.6	1	30.0
116.083	28.91	4.55	131.48	10.35	9.46	97.96	74.5	1	30.2
116.484	28.81	4.56	131.46	10.36	9.44	97.86	74.4	1	30.0
116.885	28.98	4.55	132.00	10.36	9.47	98.13	74.3	1	30.0
117.286	29.35	4.49	131.90	10.39	9.44	98.10	74.4	1	29.8
117.687	29.38	4.50	132.07	10.34	9.43	97.52	73.8	1	29.8
118.088	28.92	4.56	131.88	10.37	9.45	98.01	74.3	1	30.0
118.489	29.41	4.49	132.15	10.39	9.47	98.38	74.4	1	29.8
118.890	29.36	4.49	131.92	10.38	9.45	98.16	74.4	1	29.7
119.291	29.55	4.44	131.21	10.36	9.47	98.18	74.8	1	29.7
119.692	29.51	4.47	131.99	10.36	9.46	98.05	74.3	1	29.7
120.093	29.53	4.45	131.29	10.38	9.50	98.63	75.1	1	29.7
120.494	29.07	4.53	131.70	10.36	9.48	98.21	74.6	1	30.0
120.895	29.26	4.50	131.70	10.35	9.47	98.04	74.4	1	29.8
121.296	29.27	4.51	131.94	10.37	9.46	98.11	74.4	1	30.0
121.697	29.05	4.53	131.59	10.34	9.44	97.68	74.2	1	29.8
122.098	29.34	4.50	132.18	10.36	9.46	98.01	74.1	1	29.8
122.499	29.60	4.45	131.73	10.38	9.46	98.21	74.6	1	29.5