64.010	39.86	0.00	00.00	0.00	0.00	00.00	00.0	1	00.0
64.417	10.13	4.07	41.20	4.45	3.17	14.11	34.2	1	45.0
64.815	32.85	1.54	50.47	5.83	4.45	25.96	51.4	1	25.0
65.213	25.05	2.38	59.68	6.70	5.35	35.81	60.0	1	21.0
65.611	34.00	2.20	74.85	7.78	6.36	49.47	66.1	1	21.7
66.009	33.32	2.24	74.56	7.74	6.35	49.12	65.9	1	21.6
66.407	34.13	2.22	75.61	7.82	6.34	49.59	65.6	1	21.4
66.805	34.33	2.18	74.79	7.82	6.32	49.45	66.1	1	21.3
67.203	34.73	2.14	74.45	7.76	6.33	49.12	66.0	1	21.1
67.601	34.37	2.18	74.86	7.77	6.35	49.31	65.9	1	21.3
67.999	34.07	2.20	74.80	7.82	6.32	49.42	66.1	1	21.6
68.397	34.05	2.20	74.98	7.81	6.35	49.56	66.1	1	21.4
68.795	33.43	2.23	74.50	7.78	6.32	49.18	66.0	1	21.9
69.193	33.47	2.23	74.59	7.80	6.33	49.36	66.2	1	21.7
69.591	33.75	2.22	75.09	7.78	6.36	49.52	65.9	1	21.4
69.989	34.20	2.19	74.76	7.80	6.37	49.69	66.5	1	21.3
70.387	34.58	2.14	73.92	7.79	6.28	48.92	66.2	1	21.1
70.785	34.03	2.21	75.13	7.81	6.36	49.67	66.1	1	21.3
71.183	34.29	2.19	75.19	7.81	6.37	49.73	66.1	1	21.4
71.581	33.57	2.22	74.59	7.79	6.37	49.59	66.5	1	21.6
71.979	34.56	2.19	75.63	7.83	6.34	49.67	65.7	1	21.4
72.377	34.17	2.19	75.01	7.82	6.32	49.46	65.9	1	21.6
72.775	33.77	2.23	75.45	7.80	6.34	49.45	65.5	1	21.6
73.173	33.80	2.23	75.24	7.82	6.33	49.52	65.8	1	21.7
73.571	33.03	2.25	74.30	7.78	6.31	49.06	66.0	1	22.0
73.969	33.99	2.21	74.97	7.81	6.36	49.71	66.3	1	21.3
74.367	34.34	2.19	75.26	7.82	6.37	49.83	66.2	1	21.4
74.765	33.97	2.21	75.09	7.83	6.39	50.02	66.6	1	21.7
75.163	33.15	2.24	74.23	7.78	6.33	49.29	66.4	1	21.9
75.561	32.98	2.24	73.85	7.78	6.27	48.77	66.0	1	21.7
75.959	34.39	2.18	75.04	7.82	6.42	50.17	66.9	1	21.3
76.357	34.65	2.17	75.05	7.82	6.34	49.53	66.0	1	21.1
76.755	34.35	2.19	75.11	7.81	6.36	49.73	66.2	1	21.4
77.153	33.94	2.21	75.14	7.82	6.34	49.57	66.0	1	21.4
77.551	34.12	2.20	74.92	7.80	6.39	49.83	66.5	1	21.4
77.949	34.07	2.21	75.21	7.86	6.37	50.06	66.6	1	21.4
78.347	34.29	2.20	75.41	7.81	6.41	50.02	66.3	1	21.3
78.745	34.54	2.16	74.72	7.83	6.36	49.83	66.7	1	21.1
79.143	34.14	2.19	74.89	7.83	6.37	49.89	66.6	1	21.6
79.541	33.82	2.21	74.70	7.82	6.38	49.92	66.8	1	21.6
79.939	34.20	2.21	75.68	7.84	6.39	50.11	66.2	1	21.3
80.337	34.37	2.20	75.74	7.84	6.38	50.01	66.0	1	21.3
80.735	34.47	2.19	75.40	7.83	6.36	49.84	66.1	1	21.1
81.133	34.13	2.22	75.63	7.84	6.39	50.10	66.2	1	21.6
81.531	33.95	2.24	75.95	7.84	6.40	50.23	66.1	1	21.4
81.929	33.89	2.23	75.68	7.81	6.41	50.04	66.1	1	21.7
82.327	33.64	2.23	75.01	7.82	6.36	49.72	66.3	1	21.7
82.725	33.80	2.22	75.04	7.83	6.38	49.97	66.6	1	21.6
83.123	34.18	2.21	75.49	7.82	6.43	50.30	66.6	1	21.4
83.521	34.20	2.19	74.99	7.83	6.40	50.09	66.8	1	21.4
83.919	33.67	2.24	75.27	7.77	6.41	49.79	66.1	1	21.6
84.317	34.06	2.23	75.89	7.87	6.40	50.35	66.3	1	21.6
84.715	33.64	2.23	75.00	7.81	6.36	49.69	66.3	1	21.7
85.113	33.35	2.25	74.90	7.81	6.36	49.73	66.4	1	21.7
85.511	33.94	2.23	75.53	7.82	6.37	49.80	65.9	1	21.4
85.909	34.19	2.21	75.60	7.88	6.37	50.23	66.4	1	21.3
86.307	33.92	2.22	75.21	7.79	6.40	49.85	66.3	1	21.4
86.705	34.23	2.20	75.40	7.82	6.41	50.09	66.4	1	21.3
87.103	34.13	2.22	75.59	7.85	6.40	50.28	66.5	1	21.6
87.501	33.35	2.24	74.84	7.81	6.36	49.65	66.3	1	21.6
87.899	34.13	2.20	74.95	7.82	6.40	50.04	66.8	1	21.4
88.297	33.79	2.23	75.33	7.83	6.39	50.01	66.4	1	21.6
88.695	33.80	2.22	74.98	7.82	6.39	49.95	66.6	1	21.7
89.093	33.36	2.23	74.39	7.78	6.36	49.47	66.5	1	21.9
89.491	33.49	2.22	74.43	7.79	6.39	49.82	66.9	1	21.7
89.889	33.53	2.23	74.79	7.78	6.35	49.41	66.1	1	21.6
90.287	33.92	2.21	75.02	7.83	6.36	49.83	66.4	1	21.6
90.685	34.11	2.21	75.34	7.81	6.39	49.87	66.2	1	21.3
91.083	34.32	2.20	75.36	7.84	6.38	50.01	66.4	1	21.4
91.481	34.43	2.20	75.61	7.84	6.39	50.11	66.3	1	21.3
91.879	34.38	2.18	75.02	7.83	6.34	49.64	66.2	1	21.3
92.277	34.19	2.21	75.59	7.85	6.41	50.27	66.5	1	21.3
92.675	34.27	2.19	75.22	7.84	6.38	50.02	66.5	1	21.4
93.073	33.66	2.24	75.26	7.79	6.36	49.55	65.8	1	21.7
93.471	33.74	2.23	75.33	7.82	6.38	49.93	66.3	1	21.6
93.869	34.11	2.21	75.34	7.84	6.38	49.97	66.3	1	21.6
94.267	33.94	2.22	75.30	7.84	6.42	50.31	66.8	1	21.4
94.665	33.88	2.23	75.52	7.83	6.39	50.06	66.3	1	21.7
95.063	33.90	2.22	75.14	7.86	6.40	50.27	66.9	1	21.4
95.461	34.19	2.21	75.51	7.86	6.39	50.21	66.5	1	21.4
95.859	34.28	2.20	75.35	7.81	6.39	49.95	66.3	1	21.3
96.257	33.83	2.20	74.57	7.83	6.38	49.94	67.0	1	21.7
96.655	34.09	2.20	74.84	7.83	6.36	49.81	66.6	1	21.4
97.053	33.73	2.21	74.60	7.82	6.37	49.80	66.8	1	21.4
97.451	34.24	2.18	74.57	7.83	6.36	49.79	66.8	1	21.1
97.849	34.25	2.18	74.58	7.80	6.39	49.84	66.8	1	21.3
98.247	33.40	2.22	73.99	7.78	6.38	49.61	67.1	1	21.7
98.645	34.23	2.19	74.81	7.82	6.37	49.80	66.6	1	21.4
99.043	34.17	2.18	74.50	7.79	6.38	49.70	66.7	1	21.3
99.441	33.84	2.23	75.32	7.80	6.38	49.75	66.0	1	21.7
99.839	33.27	2.24	74.39	7.77	6.34	49.23	66.2	1	21.6
100.237	33.92	2.22	75.18	7.80	6.39	49.87	66.3	1	21.3
100.636	34.44	2.16	74.42	7.82	6.36	49.70	66.8	1	21.3
101.035	34.52	2.15	74.37	7.83	6.36	49.79	66.9	1	21.1
101.434	34.24	2.17	74.43	7.77	6.35	49.36	66.3	1	21.3
101.833	34.02	2.19	74.56	7.82	6.41	50.13	67.2	1	21.4
102.232	33.88	2.22	75.08	7.84	6.40	50.17	66.8	1	21.6
102.631	33.76	2.22	75.02	7.83	6.38	49.97	66.6	1	21.6
103.030	33.76	2.23	75.35	7.82	6.43	50.30	66.8	1	21.7
103.429	34.18	2.20	75.09	7.84	6.38	50.02	66.6	1	21.4
103.828	34.04	2.20	74.87	7.82	6.39	50.02	66.8	1	21.4
104.227	33.97	2.23	75.62	7.82	6.39	49.96	66.1	1	21.7
104.626	33.74	2.22	74.82	7.83	6.39	50.01	66.8	1	21.6
105.025	33.84	2.21	74.66	7.85	6.40	50.31	67.4	1	21.4
105.424	34.12	2.21	75.49	7.83	6.36	49.80	66.0	1	21.3
105.823	34.32	2.20	75.58	7.82	6.41	50.12	66.3	1	21.3
106.222	34.38	2.19	75.25	7.80	6.38	49.73	66.1	1	21.3
106.621	34.22	2.17	74.41	7.83	6.39	50.05	67.3	1	21.1
107.020	34.83	2.14	74.39	7.74	6.34	49.10	66.0	1	21.0
107.419	34.53	2.15	74.13	7.84	6.35	49.78	67.2	1	21.1
107.818	34.34	2.18	74.97	7.80	6.44	50.23	67.0	1	21.1
108.217	34.15	2.20	74.98	7.81	6.37	49.75	66.3	1	21.4
108.616	34.01	2.22	75.33	7.81	6.39	49.93	66.3	1	21.6
109.015	33.99	2.22	75.60	7.85	6.42	50.39	66.7	1	21.4
109.414	34.22	2.19	74.89	7.80	6.40	49.90	66.6	1	21.4
109.813	34.17	2.20	75.20	7.83	6.39	50.04	66.5	1	21.3
110.212	34.16	2.19	74.96	7.81	6.42	50.16	66.9	1	21.3
110.611	34.02	2.21	75.08	7.81	6.37	49.79	66.3	1	21.7
111.010	34.05	2.21	75.28	7.81	6.40	49.96	66.4	1	21.4
111.409	34.27	2.18	74.72	7.81	6.37	49.76	66.6	1	21.3
111.808	34.28	2.18	74.75	7.81	6.39	49.87	66.7	1	21.3
112.207	34.72	2.16	74.90	7.81	6.37	49.77	66.5	1	21.1
112.606	34.15	2.19	74.87	7.82	6.40	50.01	66.8	1	21.6