253.961	36.97	1.45	53.52	2.83	4.21	11.94	22.30	3	21.20
254.021	35.85	2.13	76.30	5.08	6.42	32.65	42.80	3	21.20
254.125	26.13	3.70	96.65	6.98	7.25	50.60	52.40	3	33.70
254.270	13.63	4.51	61.53	6.42	5.56	35.69	58.00	3	58.70
254.330	9.45	4.63	43.80	5.63	4.25	23.91	54.60	3	58.70
254.433	15.16	4.22	63.94	5.75	5.29	30.39	47.50	3	21.20
254.578	19.06	3.92	74.65	6.77	5.85	39.63	53.10	3	50.50
254.638	13.45	4.31	57.98	6.27	4.61	28.92	49.90	3	50.50
254.742	26.91	2.75	74.04	6.34	5.65	35.88	48.50	3	16.90
254.887	17.48	3.96	69.17	6.58	5.64	37.10	53.60	3	42.80
254.947	18.74	4.22	79.08	7.23	6.47	46.84	59.20	3	29.40
255.051	25.92	4.30	111.38	9.12	8.25	75.25	67.60	3	22.40
255.196	33.29	2.88	95.88	9.24	6.98	64.53	67.30	3	21.80
255.256	34.69	2.53	87.70	9.07	6.65	60.29	68.70	3	21.80
255.360	26.31	3.41	89.78	8.89	6.01	53.41	59.50	3	42.80
255.505	29.13	2.51	73.25	7.60	4.48	34.04	46.50	3	15.00
255.565	33.42	1.78	59.55	6.89	4.31	29.67	49.80	3	29.40
255.669	32.79	3.11	102.04	8.74	7.11	62.18	60.90	3	25.90
255.814	32.65	3.53	115.33	10.08	8.12	81.87	71.00	3	27.70
255.875	32.35	3.71	119.96	10.60	7.81	82.79	69.00	3	29.70
255.979	31.73	3.85	122.29	11.02	7.90	87.12	71.20	3	28.40
256.124	32.25	3.78	121.78	11.23	7.69	86.30	70.90	3	29.50
256.185	32.10	3.81	122.26	11.33	7.82	88.64	72.50	3	29.50
256.289	31.26	3.98	124.34	11.45	7.90	90.48	72.80	3	30.60
256.434	31.23	4.00	125.04	11.51	8.00	92.12	73.70	3	30.00
256.495	31.29	4.00	125.12	11.56	7.86	90.83	72.60	3	30.40
256.599	31.10	4.02	124.95	11.56	8.00	92.43	74.00	3	30.40
256.744	30.93	4.09	126.40	11.54	8.03	92.61	73.30	3	30.60
256.805	30.82	4.11	126.67	11.57	7.98	92.36	72.90	3	30.60
256.909	30.90	4.09	126.40	11.57	8.09	93.56	74.00	3	30.60
257.054	30.96	4.10	126.88	11.61	7.83	90.91	71.70	3	30.60
257.115	30.98	4.09	126.60	11.65	7.81	90.96	71.80	3	30.60
257.219	31.01	4.05	125.70	11.69	7.79	90.99	72.40	3	30.50
257.364	30.81	4.08	125.87	11.58	7.97	92.22	73.30	3	30.60
257.425	30.91	4.07	125.83	11.55	8.04	92.81	73.80	3	30.60
257.529	30.84	4.10	126.44	11.50	8.21	94.43	74.70	3	30.70
257.674	30.73	4.12	126.50	11.64	7.80	90.79	71.80	3	30.50
257.735	30.78	4.11	126.51	11.61	7.84	91.05	72.00	3	30.50
257.839	30.67	4.10	125.88	11.63	7.84	91.17	72.40	3	30.70
257.984	30.98	4.10	126.89	11.60	7.96	92.29	72.70	3	30.60
258.045	30.89	4.11	126.85	11.58	7.92	91.75	72.30	3	30.60
258.149	30.81	4.08	125.67	11.65	7.97	92.89	73.90	3	30.60
258.294	30.80	4.11	126.62	11.66	7.87	91.75	72.50	3	30.60
258.355	30.86	4.10	126.61	11.68	7.83	91.43	72.20	3	30.60
258.459	30.96	4.10	127.08	11.65	7.89	91.89	72.30	3	30.60
258.604	30.88	4.09	126.38	11.68	7.97	93.13	73.70	3	30.60
258.665	30.73	4.10	126.00	11.64	7.89	91.83	72.90	3	30.60
258.769	30.88	4.08	126.11	11.65	7.97	92.84	73.60	3	30.60
258.914	30.81	4.10	126.37	11.60	7.98	92.65	73.30	3	30.60
258.975	31.00	4.09	126.89	11.64	7.97	92.74	73.10	3	30.60
259.079	30.84	4.10	126.38	11.64	7.89	91.78	72.60	3	30.60
259.224	30.80	4.11	126.46	11.65	7.95	92.67	73.30	3	30.60
259.285	30.84	4.10	126.58	11.60	8.01	92.90	73.40	3	30.60
259.389	30.85	4.08	126.01	11.68	7.81	91.21	72.40	3	30.60
259.534	30.90	4.09	126.43	11.64	8.00	93.04	73.60	3	30.60
259.595	30.73	4.09	125.80	11.70	7.88	92.26	73.30	3	30.60
259.699	30.71	4.12	126.44	11.63	8.02	93.22	73.70	3	30.60
259.844	30.95	4.07	126.12	11.72	7.83	91.71	72.70	3	30.60
259.905	30.87	4.09	126.18	11.68	7.92	92.51	73.30	3	30.60
260.009	30.82	4.10	126.45	11.65	7.96	92.72	73.30	3	30.60
260.154	30.74	4.13	126.89	11.64	7.86	91.49	72.10	3	30.60
260.215	30.95	4.09	126.60	11.65	7.84	91.35	72.20	3	30.60
260.319	30.96	4.09	126.68	11.62	8.00	92.96	73.40	3	30.60
260.464	30.95	4.11	127.14	11.63	8.05	93.61	73.60	3	30.60
260.525	30.82	4.12	126.95	11.62	7.93	92.12	72.60	3	30.60
260.629	30.80	4.10	126.16	11.66	7.81	91.02	72.10	3	30.60
260.774	30.91	4.10	126.72	11.64	8.02	93.37	73.70	3	30.60
260.835	30.84	4.10	126.48	11.63	8.00	93.10	73.60	3	30.60
260.939	30.81	4.11	126.72	11.66	7.99	93.20	73.50	3	30.60
261.084	30.81	4.09	126.06	11.63	7.97	92.76	73.60	3	30.60
261.145	30.76	4.10	126.08	11.64	8.08	94.07	74.60	3	30.60
261.249	30.64	4.11	125.87	11.63	8.02	93.30	74.10	3	30.60
261.394	30.92	4.09	126.44	11.69	7.91	92.50	73.20	3	30.60
261.455	30.87	4.08	126.03	11.65	7.93	92.43	73.30	3	30.60
261.559	30.94	4.07	126.06	11.65	7.98	93.03	73.80	3	30.60
261.704	30.86	4.10	126.39	11.69	7.81	91.30	72.20	3	30.60
261.765	30.91	4.08	126.03	11.65	7.99	93.02	73.80	3	30.60
261.869	30.88	4.10	126.45	11.61	8.06	93.60	74.00	3	30.60
262.014	31.03	4.09	126.99	11.71	7.81	91.43	72.00	3	30.60
262.075	30.92	4.08	126.16	11.62	7.93	92.12	73.00	3	30.60
262.179	30.88	4.08	125.85	11.64	8.08	94.04	74.70	3	30.60
262.324	30.95	4.11	127.17	11.70	7.81	91.42	71.90	3	30.60
262.385	31.12	4.08	126.94	11.72	7.93	92.89	73.20	3	30.60
262.489	30.95	4.11	127.26	11.65	8.02	93.46	73.40	3	30.60
262.634	31.03	4.10	127.13	11.70	7.95	92.96	73.10	3	30.60
262.695	30.90	4.10	126.82	11.72	7.74	90.74	71.60	3	30.60
262.799	31.01	4.08	126.66	11.72	7.83	91.78	72.50	3	30.60
262.944	30.86	4.10	126.48	11.68	7.92	92.51	73.10	3	30.60
263.005	30.93	4.09	126.45	11.67	7.92	92.51	73.20	3	30.60
263.109	30.85	4.08	125.89	11.72	7.88	92.35	73.40	3	30.60
263.254	30.81	4.09	126.06	11.73	7.87	92.24	73.20	3	30.60
263.315	30.82	4.11	126.64	11.60	8.09	93.88	74.10	3	30.60
263.419	30.89	4.08	126.14	11.73	7.83	91.79	72.80	3	30.60
263.564	30.88	4.09	126.17	11.70	7.90	92.44	73.30	3	30.60
263.625	31.00	4.07	126.10	11.71	7.91	92.63	73.50	3	30.60
263.729	30.87	4.09	126.21	11.67	8.01	93.45	74.00	3	30.60
263.874	31.00	4.10	126.97	11.72	7.77	91.08	71.70	3	30.60
263.935	30.86	4.10	126.49	11.67	7.91	92.37	73.00	3	30.60
264.039	30.91	4.08	126.18	11.72	7.75	90.86	72.00	3	30.60
264.184	30.88	4.11	126.91	11.66	8.03	93.60	73.80	3	30.60
264.245	30.98	4.10	127.16	11.67	7.92	92.48	72.70	3	30.60
264.349	30.94	4.11	127.15	11.67	8.00	93.36	73.40	3	30.60
264.494	30.90	4.07	125.92	11.66	7.89	91.97	73.00	3	30.60
264.555	30.84	4.09	126.25	11.65	8.03	93.58	74.10	3	30.60
264.659	30.73	4.11	126.27	11.66	7.98	93.01	73.70	3	30.60
264.804	30.92	4.07	125.89	11.66	7.98	92.98	73.90	3	30.60
264.865	30.97	4.11	127.23	11.71	7.96	93.21	73.30	3	30.60
264.969	30.81	4.11	126.49	11.73	7.94	93.12	73.60	3	30.60
265.114	30.82	4.10	126.40	11.73	7.74	90.70	71.80	3	30.60
265.175	31.02	4.08	126.48	11.68	7.91	92.39	73.00	3	30.60
265.279	30.76	4.10	126.00	11.66	7.91	92.14	73.10	3	30.60
265.424	30.97	4.09	126.82	11.71	7.90	92.49	72.90	3	30.60
265.485	30.78	4.12	126.88	11.63	7.95	92.55	72.90	3	30.60
265.589	30.97	4.08	126.21	11.71	7.88	92.24	73.10	3	30.60
265.734	30.92	4.10	126.81	11.68	7.96	92.92	73.30	3	30.60
265.795	30.95	4.09	126.59	11.73	7.91	92.83	73.30	3	30.60
265.899	30.91	4.10	126.69	11.70	7.87	92.08	72.70	3	30.60
266.044	31.01	4.08	126.67	11.72	7.92	92.84	73.30	3	30.60
266.105	30.98	4.09	126.70	11.65	8.00	93.25	73.60	3	30.60
266.209	30.80	4.10	126.17	11.70	8.01	93.75	74.30	3	30.60
266.354	30.96	4.10	126.82	11.73	7.88	92.41	72.90	3	30.60
266.415	31.08	4.08	126.69	11.74	7.83	91.91	72.50	3	30.60
266.519	31.07	4.08	126.68	11.68	7.98	93.21	73.60	3	30.60
266.664	30.99	4.11	127.25	11.69	8.04	94.02	73.90	3	30.60
266.725	30.90	4.12	127.33	11.70	7.87	92.06	72.30	3	30.60
266.829	30.88	4.09	126.42	11.71	7.86	92.03	72.80	3	30.60
266.974	30.95	4.09	126.51	11.69	8.02	93.71	74.10	3	30.60
267.035	30.88	4.12	127.09	11.68	8.03	93.85	73.80	3	30.60
267.139	31.03	4.10	127.11	11.70	7.96	93.11	73.30	3	30.60
267.284	30.96	4.08	126.21	11.70	7.87	92.08	73.00	3	30.60
267.345	30.97	4.08	126.49	11.64	8.05	93.74	74.10	3	30.60
267.449	30.87	4.11	127.00	11.63	7.97	92.66	73.00	3	30.60
267.594	30.92	4.11	127.04	11.78	7.87	92.64	72.90	3	30.60
267.655	31.01	4.10	127.18	11.74	7.86	92.29	72.60	3	30.60
267.759	31.01	4.09	126.91	11.76	7.92	93.08	73.30	3	30.60
267.904	30.81	4.11	126.61	11.69	7.91	92.46	73.00	3	30.60
267.965	30.98	4.09	126.61	11.74	7.88	92.48	73.00	3	30.60
268.069	30.89	4.10	126.76	11.67	7.97	93.05	73.40	3	30.60
268.214	31.06	4.10	127.31	11.72	7.97	93.43	73.40	3	30.60
268.275	30.92	4.10	126.78	11.74	7.77	91.27	72.00	3	30.60
268.379	30.93	4.09	126.65	11.75	7.83	92.01	72.60	3	30.60
268.524	30.92	4.10	126.77	11.67	8.06	94.07	74.20	3	30.60
268.585	31.01	4.08	126.63	11.71	7.90	92.59	73.10	3	30.60
268.689	30.89	4.10	126.78	11.63	8.01	93.22	73.50	3	30.60
268.834	30.97	4.08	126.52	11.67	8.06	94.04	74.30	3	30.60
268.895	30.89	4.10	126.75	11.68	7.90	92.22	72.80	3	30.60
268.999	30.88	4.10	126.49	11.71	7.88	92.28	73.00	3	30.60
269.144	30.81	4.12	127.03	11.63	8.00	93.04	73.20	3	30.60
269.205	30.94	4.10	126.75	11.70	7.91	92.61	73.10	3	30.60
269.309	30.88	4.11	126.75	11.68	7.95	92.84	73.20	3	30.60
269.454	30.84	4.09	126.28	11.72	7.94	93.00	73.70	3	30.60
269.515	30.99	4.11	127.31	11.71	7.79	91.25	71.70	3	30.60
269.619	31.01	4.09	126.83	11.76	7.87	92.61	73.00	3	30.60
269.764	31.04	4.11	127.67	11.72	7.84	91.84	71.90	3	30.60
269.825	31.12	4.09	127.29	11.69	7.97	93.18	73.20	3	30.60
269.929	30.94	4.11	127.06	11.63	8.08	93.98	74.00	3	30.60
270.074	30.92	4.08	126.23	11.74	7.82	91.76	72.70	3	30.60
270.135	30.96	4.08	126.40	11.64	7.93	92.31	73.00	3	30.60
270.239	30.95	4.08	126.32	11.67	8.02	93.60	74.10	3	30.60
270.384	30.81	4.11	126.62	11.69	7.78	90.96	71.80	3	30.60
270.445	31.02	4.10	127.20	11.63	7.98	92.89	73.00	3	30.60
270.549	30.89	4.13	127.58	11.61	8.05	93.43	73.20	3	30.60
270.694	31.01	4.09	126.98	11.67	8.02	93.54	73.70	3	30.60
270.755	31.04	4.10	127.39	11.70	7.99	93.49	73.40	3	30.60
270.859	30.95	4.10	126.94	11.70	7.95	93.02	73.30	3	30.60
271.004	30.99	4.09	126.90	11.65	7.98	92.99	73.30	3	30.60
271.065	30.82	4.10	126.46	11.64	8.11	94.36	74.60	3	30.60
271.169	30.84	4.10	126.35	11.66	7.97	92.97	73.60	3	30.60
271.314	31.17	4.08	127.19	11.68	7.98	93.17	73.30	3	30.60
271.375	30.81	4.10	126.29	11.66	7.97	92.96	73.60	3	30.60
271.479	30.83	4.11	126.56	11.64	7.98	92.89	73.40	3	30.60
271.624	30.85	4.11	126.93	11.71	7.83	91.62	72.20	3	30.60
271.685	30.88	4.10	126.50	11.65	8.08	94.07	74.40	3	30.60
271.789	30.90	4.11	127.10	11.62	8.02	93.18	73.30	3	30.60
271.934	30.87	4.09	126.20	11.76	7.86	92.41	73.20	3	30.60
271.995	31.02	4.07	126.28	11.72	7.96	93.23	73.80	3	30.60
272.099	30.96	4.08	126.42	11.70	7.98	93.37	73.90	3	30.60
272.244	30.90	4.09	126.27	11.68	7.87	91.93	72.80	3	30.60
272.305	30.85	4.10	126.31	11.64	8.01	93.28	73.80	3	30.60
272.409	30.83	4.12	126.88	11.64	8.03	93.47	73.70	3	30.60
272.554	31.06	4.09	127.12	11.65	8.06	93.94	73.90	3	30.60
272.615	30.95	4.09	126.70	11.68	7.87	91.91	72.50	3	30.60
272.719	30.99	4.08	126.38	11.72	7.77	90.99	72.00	3	30.60
272.864	30.93	4.11	127.09	11.72	7.84	91.91	72.30	3	30.60
272.925	30.93	4.10	126.81	11.69	7.92	92.58	73.00	3	30.60
273.029	30.81	4.12	126.88	11.73	7.99	93.66	73.80	3	30.60
273.174	30.96	4.10	126.85	11.73	7.96	93.32	73.60	3	30.60
273.235	31.02	4.09	126.96	11.76	7.88	92.63	73.00	3	30.60
273.339	31.02	4.09	126.84	11.69	7.88	92.18	72.70	3	30.60
273.484	31.08	4.09	127.17	11.71	7.97	93.34	73.40	3	30.60
273.545	30.78	4.12	126.82	11.67	7.99	93.17	73.50	3	30.60
273.649	30.80	4.09	125.93	11.74	7.93	93.12	73.90	3	30.60
273.794	30.84	4.11	126.71	11.72	7.89	92.53	73.00	3	30.60
273.855	30.93	4.11	127.01	11.69	8.06	94.27	74.20	3	30.60
273.959	30.86	4.10	126.67	11.68	7.88	92.12	72.70	3	30.60
274.104	30.89	4.12	127.29	11.69	7.87	92.02	72.30	3	30.60
274.165	31.02	4.08	126.60	11.75	7.88	92.53	73.10	3	30.60
274.269	30.79	4.11	126.66	11.68	8.08	94.34	74.50	3	30.60
274.414	31.07	4.08	126.76	11.72	7.97	93.46	73.70	3	30.60
274.475	30.97	4.10	126.99	11.64	8.06	93.82	73.90	3	30.60
274.579	31.06	4.09	126.98	11.74	7.97	93.63	73.70	3	30.60
274.724	30.76	4.11	126.46	11.68	8.06	94.13	74.40	3	30.60
274.785	30.90	4.08	126.15	11.68	7.94	92.81	73.60	3	30.60
274.889	30.96	4.11	127.29	11.64	8.07	93.92	73.80	3	30.60
275.034	31.01	4.09	126.96	11.70	8.05	94.18	74.20	3	30.60
275.095	31.01	4.09	126.83	11.81	7.82	92.37	72.80	3	30.60
275.199	30.97	4.06	125.90	11.74	7.95	93.29	74.10	3	30.60
275.344	31.01	4.08	126.44	11.74	7.86	92.32	73.00	3	30.60
275.405	30.92	4.09	126.53	11.67	8.00	93.32	73.80	3	30.60
275.509	31.08	4.09	127.02	11.75	7.82	91.88	72.30	3	30.60
275.654	30.96	4.10	126.82	11.68	8.00	93.45	73.70	3	30.60
275.715	31.00	4.09	126.72	11.72	8.01	93.86	74.10	3	30.60
275.819	31.01	4.10	127.06	11.69	8.06	94.22	74.20	3	30.60
275.964	30.95	4.11	127.16	11.73	7.90	92.64	72.90	3	30.60
276.025	30.98	4.10	127.08	11.70	7.95	93.04	73.20	3	30.60
276.129	31.03	4.09	127.05	11.71	7.96	93.24	73.40	3	30.60
276.274	30.99	4.10	127.21	11.68	7.99	93.39	73.40	3	30.60
276.335	30.95	4.10	126.80	11.69	7.92	92.56	73.00	3	30.60
276.439	30.94	4.12	127.45	11.66	8.01	93.32	73.20	3	30.60
276.584	31.04	4.11	127.45	11.69	7.99	93.38	73.30	3	30.60
276.645	31.11	4.08	127.06	11.74	7.90	92.72	73.00	3	30.60
276.749	30.99	4.10	126.93	11.71	7.97	93.38	73.60	3	30.60
276.894	31.03	4.11	127.38	11.73	7.98	93.65	73.50	3	30.60
276.955	31.05	4.09	127.07	11.73	7.94	93.13	73.30	3	30.60
277.059	31.02	4.09	126.79	11.76	8.00	94.03	74.20	3	30.60
277.204	31.04	4.09	127.03	11.75	7.91	92.89	73.10	3	30.60
277.265	30.99	4.10	126.99	11.74	7.87	92.39	72.80	3	30.60
277.369	31.03	4.10	127.18	11.71	8.02	93.86	73.80	3	30.60
277.514	31.12	4.07	126.68	11.78	7.89	92.96	73.40	3	30.60
277.575	30.96	4.09	126.55	11.78	7.86	92.64	73.20	3	30.60
277.679	30.89	4.09	126.41	11.74	7.85	92.19	72.90	3	30.60
277.824	31.08	4.09	127.03	11.78	7.92	93.33	73.50	3	30.60
277.885	30.96	4.11	127.18	11.70	8.02	93.90	73.80	3	30.60
277.989	30.96	4.08	126.21	11.72	8.01	93.93	74.40	3	30.60
278.134	30.86	4.11	126.73	11.69	8.01	93.63	73.90	3	30.60
278.195	31.05	4.08	126.68	11.76	7.91	93.07	73.50	3	30.60
278.299	30.99	4.10	126.98	11.70	8.07	94.45	74.40	3	30.60
278.444	31.16	4.07	126.81	11.79	7.89	92.99	73.30	3	30.60
278.505	31.09	4.08	127.00	11.76	7.90	92.96	73.20	3	30.60
278.609	30.94	4.11	127.14	11.75	7.91	92.95	73.10	3	30.60
278.754	31.07	4.11	127.68	11.73	7.91	92.80	72.70	3	30.60
278.815	30.93	4.13	127.60	11.70	7.96	93.08	72.90	3	30.60
278.919	30.94	4.11	127.06	11.75	7.80	91.60	72.10	3	30.60
279.064	30.98	4.13	127.79	11.73	7.89	92.56	72.40	3	30.60
279.125	31.14	4.09	127.42	11.74	7.89	92.61	72.70	3	30.60
279.229	31.00	4.11	127.44	11.73	8.02	94.05	73.80	3	30.60
279.374	31.22	4.09	127.76	11.73	7.90	92.60	72.50	3	30.60
279.435	31.09	4.11	127.79	11.69	7.95	92.97	72.80	3	30.60
279.539	31.13	4.10	127.68	11.73	7.88	92.46	72.40	3	30.60
279.684	31.12	4.11	127.86	11.67	8.03	93.79	73.40	3	30.60
279.745	31.15	4.11	127.94	11.73	7.92	92.90	72.60	3	30.60
279.849	31.07	4.11	127.84	11.65	8.06	93.93	73.50	3	30.60
279.994	31.02	4.10	127.26	11.70	8.06	94.32	74.10	3	30.60
280.055	31.04	4.11	127.66	11.75	7.91	92.94	72.80	3	30.60
280.159	31.09	4.10	127.60	11.70	8.03	93.97	73.60	3	30.60
280.304	31.07	4.09	127.07	11.79	7.92	93.45	73.50	3	30.60
280.365	30.94	4.12	127.44	11.74	7.94	93.26	73.20	3	30.60
280.469	31.09	4.09	127.17	11.77	7.92	93.29	73.40	3	30.60
280.614	30.97	4.12	127.63	11.72	7.87	92.18	72.20	3	30.60
280.675	31.13	4.09	127.26	11.71	8.02	93.88	73.80	3	30.60
280.779	31.02	4.11	127.61	11.73	7.80	91.49	71.70	3	30.60
280.924	31.21	4.10	128.04	11.74	7.85	92.14	72.00	3	30.60
280.985	30.95	4.09	126.44	11.72	7.91	92.71	73.30	3	30.60
281.089	31.04	4.09	126.92	11.67	8.00	93.37	73.60	3	30.60
281.234	31.02	4.10	127.30	11.74	8.00	93.84	73.70	3	30.60
281.295	31.11	4.08	127.04	11.74	7.95	93.33	73.50	3	30.60
281.399	31.14	4.10	127.51	11.76	7.92	93.11	73.00	3	30.60
281.544	31.29	4.09	127.92	11.80	7.84	92.47	72.30	3	30.60
281.605	31.09	4.10	127.49	11.75	7.94	93.30	73.20	3	30.60
281.709	31.30	4.08	127.76	11.77	7.88	92.79	72.60	3	30.60
281.854	30.85	4.10	126.57	11.73	7.97	93.47	73.80	3	30.60
281.915	31.09	4.08	126.88	11.80	7.85	92.57	73.00	3	30.60
282.019	30.85	4.11	126.87	11.69	8.01	93.65	73.80	3	30.60
282.164	30.98	4.11	127.35	11.74	7.92	92.95	73.00	3	30.60
282.225	31.11	4.09	127.37	11.75	8.06	94.72	74.40	3	30.60
282.329	31.02	4.09	126.99	11.73	7.94	93.18	73.40	3	30.60
282.474	31.04	4.10	127.16	11.76	7.98	93.89	73.80	3	30.60
282.535	31.00	4.10	127.11	11.73	7.98	93.55	73.60	3	30.60
282.639	31.06	4.09	126.96	11.75	7.91	92.90	73.20	3	30.60
282.784	31.20	4.09	127.45	11.77	8.05	94.68	74.30	3	30.60
282.845	31.13	4.10	127.70	11.75	8.00	94.00	73.60	3	30.60
282.949	31.12	4.09	127.38	11.78	7.96	93.74	73.60	3	30.60
283.094	31.21	4.10	127.91	11.79	7.90	93.07	72.80	3	30.60
283.155	31.02	4.11	127.55	11.74	8.02	94.20	73.90	3	30.60
283.259	31.06	4.08	126.82	11.74	7.91	92.85	73.20	3	30.60
283.404	31.00	4.10	127.15	11.74	8.00	93.87	73.80	3	30.60
283.465	31.12	4.08	126.90	11.75	7.95	93.45	73.60	3	30.60
283.569	30.97	4.09	126.75	11.71	8.00	93.59	73.80	3	30.60
283.714	31.19	4.09	127.72	11.77	7.91	93.07	72.90	3	30.60
283.775	31.11	4.11	127.94	11.73	7.99	93.70	73.20	3	30.60
283.879	31.12	4.10	127.49	11.74	7.94	93.19	73.10	3	30.60
284.024	31.14	4.09	127.25	11.74	7.95	93.40	73.40	3	30.60
284.085	30.78	4.11	126.59	11.69	7.93	92.66	73.20	3	30.60
284.189	31.19	4.08	127.32	11.74	7.98	93.63	73.50	3	30.60
284.334	30.96	4.12	127.52	11.74	7.88	92.51	72.50	3	30.60
284.395	31.14	4.10	127.72	11.73	7.96	93.35	73.10	3	30.60
284.499	30.94	4.13	127.66	11.74	7.86	92.31	72.30	3	30.60
284.644	31.04	4.10	127.22	11.70	7.97	93.27	73.30	3	30.60
284.705	31.03	4.09	127.01	11.75	7.93	93.14	73.30	3	30.60
284.809	31.04	4.10	127.18	11.71	7.98	93.47	73.50	3	30.60
284.954	31.14	4.11	127.93	11.73	7.92	92.92	72.60	3	30.60
285.015	31.15	4.12	128.22	11.72	7.95	93.18	72.70	3	30.60
285.119	30.97	4.11	127.22	11.69	8.09	94.60	74.40	3	30.60
285.264	31.16	4.10	127.65	11.74	7.89	92.62	72.60	3	30.60
285.325	31.04	4.12	127.87	11.71	7.99	93.48	73.10	3	30.60
285.429	31.20	4.07	126.95	11.76	7.90	92.89	73.20	3	30.60
285.574	31.02	4.11	127.54	11.78	7.88	92.83	72.80	3	30.60
285.635	31.09	4.11	127.71	11.76	7.99	93.91	73.50	3	30.60
285.739	31.12	4.11	127.96	11.75	7.94	93.33	72.90	3	30.60
285.884	31.08	4.13	128.27	11.69	8.03	93.86	73.20	3	30.60
285.945	31.08	4.09	127.21	11.71	7.97	93.31	73.30	3	30.60
286.049	31.03	4.10	127.37	11.74	7.90	92.71	72.80	3	30.60
286.194	31.08	4.12	127.92	11.71	7.97	93.25	72.90	3	30.60
286.255	31.15	4.11	127.92	11.72	8.02	93.93	73.40	3	30.60
286.359	30.92	4.13	127.58	11.69	8.00	93.47	73.30	3	30.60
286.504	30.90	4.13	127.57	11.71	7.95	93.10	73.00	3	30.60
286.565	30.99	4.13	128.00	11.78	7.94	93.51	73.10	3	30.60
286.669	30.98	4.12	127.72	11.73	7.95	93.24	73.00	3	30.60
286.814	31.09	4.11	127.77	11.72	8.02	93.96	73.50	3	30.60
286.875	31.06	4.09	127.09	11.72	7.91	92.66	72.90	3	30.60
286.979	30.95	4.10	126.98	11.70	8.02	93.77	73.80	3	30.60
287.124	31.08	4.11	127.75	11.82	7.94	93.79	73.40	3	30.60
287.185	31.11	4.11	127.78	11.81	7.92	93.47	73.10	3	30.60
287.289	31.19	4.10	128.00	11.76	7.96	93.61	73.10	3	30.60
287.434	31.11	4.08	126.83	11.80	7.90	93.28	73.50	3	30.60
287.495	31.08	4.10	127.48	11.74	7.94	93.20	73.10	3	30.60
287.599	31.26	4.09	127.96	11.81	7.86	92.85	72.60	3	30.60
287.744	31.06	4.11	127.49	11.74	7.88	92.45	72.50	3	30.60
287.805	30.95	4.12	127.48	11.73	7.95	93.28	73.20	3	30.60
287.909	31.07	4.10	127.23	11.79	7.96	93.77	73.70	3	30.60
288.054	31.07	4.08	126.85	11.75	8.02	94.27	74.30	3	30.60
288.115	31.08	4.08	126.83	11.81	7.92	93.56	73.80	3	30.60
288.219	31.05	4.09	127.08	11.75	7.95	93.44	73.50	3	30.60
288.364	31.03	4.10	127.18	11.78	8.02	94.47	74.30	3	30.60
288.425	31.10	4.08	127.01	11.87	7.86	93.25	73.40	3	30.60
288.529	31.00	4.08	126.43	11.79	7.96	93.80	74.20	3	30.60
288.674	31.07	4.07	126.46	11.84	7.87	93.12	73.60	3	30.60
288.735	31.15	4.07	126.70	11.83	7.87	93.11	73.50	3	30.60
288.839	31.17	4.08	127.19	11.82	7.88	93.12	73.20	3	30.60
288.984	31.18	4.10	127.90	11.82	7.87	93.01	72.70	3	30.60
289.045	31.12	4.11	127.80	11.81	7.90	93.28	73.00	3	30.60
289.149	30.88	4.10	126.61	11.82	7.78	91.91	72.60	3	30.60
289.294	31.11	4.11	127.84	11.76	7.93	93.16	72.90	3	30.60
289.355	31.13	4.09	127.17	11.80	7.87	92.85	73.00	3	30.60
289.459	31.13	4.08	126.89	11.77	7.95	93.60	73.80	3	30.60
289.604	31.05	4.11	127.56	11.74	8.02	94.13	73.80	3	30.60
289.665	31.09	4.12	127.99	11.77	7.91	93.05	72.70	3	30.60
289.769	31.08	4.10	127.59	11.76	7.83	92.13	72.20	3	30.60
289.914	31.10	4.11	127.75	11.72	8.08	94.71	74.10	3	30.60
289.975	31.08	4.11	127.75	11.75	7.94	93.27	73.00	3	30.60
290.079	31.01	4.11	127.40	11.76	7.99	93.93	73.70	3	30.60
290.224	31.05	4.12	127.95	11.77	7.96	93.71	73.20	3	30.60
290.285	31.01	4.12	127.87	11.79	7.92	93.46	73.10	3	30.60
290.389	31.10	4.10	127.67	11.79	7.88	92.96	72.80	3	30.60
290.534	31.00	4.11	127.46	11.76	7.92	93.16	73.10	3	30.60
290.595	31.11	4.09	127.21	11.79	8.00	94.29	74.10	3	30.60
290.699	31.09	4.12	128.04	11.76	7.98	93.87	73.30	3	30.60
290.844	31.14	4.10	127.80	11.84	7.85	92.96	72.70	3	30.60
290.905	31.08	4.11	127.90	11.73	8.03	94.26	73.70	3	30.60
291.009	31.21	4.10	128.03	11.77	8.05	94.81	74.10	3	30.60
291.154	30.96	4.14	128.12	11.70	8.05	94.21	73.50	3	30.60
291.215	31.11	4.10	127.70	11.79	7.89	93.03	72.90	3	30.60
291.319	31.14	4.10	127.80	11.73	8.07	94.62	74.00	3	30.60
291.464	31.34	4.09	128.02	11.77	8.01	94.21	73.60	3	30.60
291.525	31.24	4.10	127.95	11.78	7.96	93.68	73.20	3	30.60
291.629	31.16	4.09	127.53	11.81	7.88	93.07	73.00	3	30.60
291.774	31.22	4.10	127.96	11.84	7.83	92.66	72.40	3	30.60
291.835	31.17	4.11	127.98	11.80	7.98	94.18	73.60	3	30.60
291.939	31.18	4.12	128.29	11.80	7.82	92.27	71.90	3	30.60
292.084	31.24	4.11	128.31	11.77	7.93	93.38	72.80	3	30.60
292.145	31.29	4.10	128.28	11.81	7.91	93.35	72.80	3	30.60
292.249	31.11	4.10	127.70	11.81	7.94	93.79	73.40	3	30.60
292.394	31.17	4.09	127.59	11.85	7.93	94.03	73.70	3	30.60
292.455	31.11	4.11	127.86	11.82	7.98	94.29	73.70	3	30.60
292.559	31.27	4.09	127.98	11.82	7.93	93.72	73.20	3	30.60
292.704	31.31	4.10	128.25	11.86	7.87	93.39	72.80	3	30.60
292.765	31.25	4.11	128.51	11.75	8.10	95.18	74.10	3	30.60
292.869	31.34	4.09	128.23	11.85	7.84	92.86	72.40	3	30.60
293.014	31.23	4.10	128.04	11.76	8.00	94.12	73.50	3	30.60
293.075	31.22	4.10	128.08	11.79	7.99	94.21	73.60	3	30.60
293.179	31.21	4.11	128.26	11.76	8.01	94.13	73.40	3	30.60
293.324	31.23	4.13	128.94	11.77	8.05	94.80	73.50	3	30.60
293.385	31.31	4.10	128.38	11.81	7.92	93.56	72.90	3	30.60
293.489	31.18	4.12	128.52	11.82	7.92	93.63	72.90	3	30.60
293.634	31.33	4.09	128.07	11.81	7.94	93.77	73.20	3	30.60
293.695	31.18	4.12	128.32	11.81	7.92	93.57	72.90	3	30.60
293.799	31.34	4.08	127.91	11.83	7.97	94.37	73.80	3	30.60
293.944	31.35	4.11	128.86	11.85	7.95	94.17	73.10	3	30.60
294.005	31.29	4.10	128.43	11.82	7.96	94.13	73.30	3	30.60
294.109	31.27	4.11	128.47	11.88	7.90	93.88	73.10	3	30.60
294.254	31.29	4.12	128.84	11.80	8.03	94.77	73.60	3	30.60
294.315	31.42	4.09	128.36	11.79	7.99	94.26	73.40	3	30.60
294.419	31.21	4.12	128.55	11.81	7.96	94.00	73.10	3	30.60
294.564	31.23	4.09	127.84	11.83	7.95	94.02	73.50	3	30.60
294.625	31.37	4.08	128.00	11.86	7.87	93.40	73.00	3	30.60
294.729	31.24	4.11	128.28	11.79	7.91	93.26	72.70	3	30.60
294.874	31.42	4.09	128.64	11.79	8.02	94.52	73.50	3	30.60
294.935	31.37	4.09	128.26	11.83	7.86	92.92	72.40	3	30.60
295.039	31.27	4.11	128.46	11.82	7.97	94.24	73.40	3	30.60
295.184	31.34	4.07	127.70	11.83	7.99	94.60	74.10	3	30.60
295.245	31.30	4.09	128.01	11.80	7.96	93.97	73.40	3	30.60
295.349	31.29	4.10	128.16	11.85	7.91	93.74	73.10	3	30.60
295.494	31.30	4.10	128.18	11.86	7.97	94.57	73.80	3	30.60
295.555	31.28	4.12	128.92	11.78	8.00	94.24	73.10	3	30.60
295.659	31.33	4.10	128.49	11.82	8.01	94.67	73.70	3	30.60
295.804	31.28	4.10	128.35	11.86	7.88	93.55	72.90	3	30.60
295.865	31.23	4.11	128.28	11.81	8.04	95.02	74.10	3	30.60
295.969	31.32	4.08	127.81	11.85	8.00	94.85	74.20	3	30.60
296.114	31.19	4.10	127.98	11.78	8.00	94.24	73.60	3	30.60
296.175	31.19	4.11	128.11	11.82	7.96	94.11	73.50	3	30.60
296.279	31.30	4.09	127.96	11.91	7.80	92.93	72.60	3	30.60
296.424	31.30	4.11	128.77	11.84	7.88	93.36	72.50	3	30.60
296.485	31.31	4.10	128.38	11.79	8.04	94.81	73.90	3	30.60
296.589	31.27	4.10	128.28	11.81	7.99	94.34	73.50	3	30.60
296.734	31.29	4.12	128.82	11.82	8.03	94.97	73.70	3	30.60
296.795	31.24	4.10	128.14	11.91	7.96	94.79	74.00	3	30.60
296.899	31.25	4.11	128.41	11.82	7.93	93.67	72.90	3	30.60
297.044	31.19	4.11	128.22	11.80	8.07	95.19	74.20	3	30.60
297.105	31.27	4.08	127.58	11.85	8.00	94.85	74.30	3	30.60
297.209	31.32	4.11	128.80	11.84	7.98	94.47	73.30	3	30.60
297.354	31.34	4.11	128.92	11.87	7.88	93.54	72.60	3	30.60
297.415	31.41	4.08	128.25	11.85	7.95	94.20	73.50	3	30.60
297.519	31.33	4.10	128.53	11.79	8.05	94.91	73.80	3	30.60
297.664	31.33	4.10	128.47	11.88	7.90	93.91	73.10	3	30.60
297.725	31.27	4.10	128.22	11.88	7.90	93.86	73.20	3	30.60
297.829	31.39	4.10	128.72	11.80	8.09	95.46	74.20	3	30.60
297.974	31.39	4.08	128.10	11.88	7.93	94.14	73.50	3	30.60
298.035	31.22	4.10	128.16	11.84	7.86	93.04	72.60	3	30.60
298.139	31.30	4.09	127.89	11.82	8.01	94.69	74.00	3	30.60
298.284	31.42	4.08	128.27	11.89	7.84	93.22	72.70	3	30.60
298.345	31.19	4.12	128.42	11.80	7.99	94.24	73.40	3	30.60
298.449	31.31	4.09	128.10	11.84	7.96	94.26	73.60	3	30.60
298.594	31.21	4.12	128.70	11.83	8.07	95.45	74.20	3	30.60
298.655	31.36	4.10	128.45	11.84	8.12	96.12	74.80	3	30.60
298.759	31.30	4.10	128.46	11.85	7.90	93.60	72.90	3	30.60
298.904	31.28	4.11	128.50	11.82	8.03	94.99	73.90	3	30.60
298.965	31.30	4.10	128.36	11.91	7.87	93.71	73.00	3	30.60
299.069	31.22	4.12	128.74	11.83	8.06	95.32	74.00	3	30.60
299.214	31.31	4.11	128.65	11.84	7.93	93.89	73.00	3	30.60
299.275	31.19	4.13	128.87	11.80	8.02	94.62	73.40	3	30.60
299.379	31.31	4.10	128.28	11.79	8.17	96.34	75.10	3	30.60
299.524	31.24	4.11	128.29	11.86	7.98	94.67	73.80	3	30.60
299.585	31.16	4.12	128.28	11.80	8.05	94.98	74.00	3	30.60
299.689	31.15	4.08	127.24	11.87	7.86	93.25	73.30	3	30.60
299.834	31.32	4.11	128.61	11.83	7.96	94.10	73.20	3	30.60
299.895	31.32	4.11	128.65	11.88	7.85	93.25	72.50	3	30.60
299.999	31.36	4.12	129.35	11.85	7.92	93.89	72.60	3	30.60
300.144	31.21	4.12	128.64	11.79	8.00	94.36	73.40	3	30.60
300.205	31.18	4.10	127.71	11.87	8.01	95.05	74.40	3	30.60
300.309	31.22	4.12	128.47	11.80	8.02	94.61	73.60	3	30.60
300.454	31.10	4.13	128.39	11.81	8.02	94.77	73.80	3	30.60
300.515	31.27	4.10	128.32	11.84	8.08	95.66	74.60	3	30.60
300.619	31.16	4.12	128.28	11.81	7.95	93.94	73.20	3	30.60
300.764	31.32	4.11	128.71	11.84	8.01	94.80	73.70	3	30.60
300.825	31.34	4.10	128.64	11.83	7.96	94.14	73.20	3	30.60
300.929	31.24	4.10	128.15	11.83	8.05	95.18	74.30	3	30.60
301.074	31.44	4.09	128.54	11.87	7.99	94.87	73.80	3	30.60
301.135	31.22	4.12	128.75	11.80	7.99	94.26	73.20	3	30.60
301.239	31.35	4.10	128.41	11.86	8.02	95.11	74.10	3	30.60
301.384	31.27	4.13	129.03	11.84	7.89	93.46	72.40	3	30.60
301.445	31.27	4.12	128.74	11.81	8.05	95.03	73.80	3	30.60
301.549	31.32	4.12	128.97	11.85	7.93	94.05	72.90	3	30.60
301.694	31.26	4.13	128.99	11.81	8.11	95.73	74.20	3	30.60
301.755	31.27	4.09	127.76	11.86	7.97	94.58	74.00	3	30.60
301.859	31.30	4.13	129.24	11.80	8.00	94.36	73.00	3	30.60
302.004	31.20	4.14	129.10	11.82	8.04	94.99	73.60	3	30.60
302.065	31.25	4.11	128.51	11.82	8.04	95.12	74.00	3	30.60
302.169	31.07	4.10	127.52	11.82	7.97	94.28	73.90	3	30.60
302.314	31.27	4.12	128.70	11.84	8.04	95.23	74.00	3	30.60
302.375	31.25	4.13	128.97	11.81	8.04	94.98	73.60	3	30.60
302.479	31.24	4.12	128.60	11.78	8.12	95.61	74.30	3	30.60
302.624	31.39	4.11	129.09	11.91	7.87	93.73	72.60	3	30.60
302.685	31.26	4.14	129.31	11.83	8.02	94.89	73.40	3	30.60
302.789	31.44	4.09	128.66	11.85	7.95	94.21	73.20	3	30.60
302.934	31.26	4.12	128.84	11.86	7.97	94.50	73.30	3	30.60
302.995	31.27	4.13	129.25	11.82	8.07	95.34	73.80	3	30.60
303.099	31.26	4.12	128.68	11.90	7.93	94.33	73.30	3	30.60
303.244	31.31	4.10	128.40	11.88	7.95	94.50	73.60	3	30.60
303.305	31.31	4.09	128.01	11.83	7.90	93.51	73.00	3	30.60
303.409	31.37	4.09	128.32	11.91	7.89	94.04	73.30	3	30.60
303.554	31.15	4.10	127.82	11.88	8.00	95.03	74.30	3	30.60
303.615	31.39	4.10	128.61	11.88	7.90	93.85	73.00	3	30.60
303.719	31.31	4.11	128.65	11.90	7.83	93.22	72.50	3	30.60
303.864	31.37	4.12	129.12	11.81	8.07	95.26	73.80	3	30.60
303.925	31.44	4.10	129.03	11.91	7.92	94.35	73.10	3	30.60
304.029	31.32	4.11	128.68	11.82	8.06	95.31	74.10	3	30.60
304.174	31.36	4.10	128.44	11.84	8.03	95.03	74.00	3	30.60
304.235	31.42	4.10	128.72	11.90	7.90	94.07	73.10	3	30.60
304.339	31.32	4.10	128.29	11.83	8.00	94.67	73.80	3	30.60
304.484	31.47	4.11	129.20	11.88	7.98	94.80	73.40	3	30.60
304.545	31.22	4.13	128.95	11.85	7.95	94.22	73.10	3	30.60
304.649	31.31	4.09	128.20	11.88	8.00	95.05	74.10	3	30.60
304.794	31.48	4.10	129.20	11.86	7.94	94.20	72.90	3	30.60
304.855	31.33	4.13	129.35	11.82	8.00	94.53	73.10	3	30.60
304.959	31.34	4.09	128.33	11.82	7.97	94.27	73.50	3	30.60
305.104	31.41	4.13	129.87	11.83	8.06	95.38	73.40	3	30.60
305.165	31.36	4.14	129.73	11.84	8.01	94.79	73.10	3	30.60
305.269	31.40	4.11	129.00	11.90	7.86	93.53	72.50	3	30.60
305.414	31.21	4.14	129.31	11.77	8.11	95.49	73.80	3	30.60
305.475	31.39	4.12	129.41	11.81	8.07	95.33	73.70	3	30.60
305.579	31.32	4.13	129.28	11.84	7.93	93.95	72.70	3	30.60
305.724	31.22	4.13	128.80	11.85	8.05	95.47	74.10	3	30.60
305.785	31.34	4.11	128.75	11.85	8.04	95.31	74.00	3	30.60
305.889	31.28	4.14	129.41	11.86	7.99	94.76	73.20	3	30.60
306.034	31.32	4.15	129.88	11.78	8.17	96.27	74.10	3	30.60
306.095	31.42	4.11	129.27	11.82	8.07	95.35	73.80	3	30.60
306.199	31.35	4.12	129.18	11.82	7.97	94.17	72.90	3	30.60
306.344	31.27	4.11	128.55	11.85	8.05	95.38	74.20	3	30.60
306.405	31.26	4.13	128.95	11.84	8.02	94.96	73.60	3	30.60
306.509	31.21	4.06	126.64	11.78	7.79	91.77	72.50	3	30.60
306.654	31.40	4.10	128.84	11.84	7.94	94.08	73.00	3	30.60
306.715	31.32	4.12	129.01	11.81	7.97	94.12	73.00	3	30.60
306.819	31.32	4.11	128.73	11.83	8.02	94.88	73.70	3	30.60
306.964	31.13	4.13	128.66	11.86	7.88	93.44	72.60	3	30.60
307.025	31.22	4.12	128.68	11.82	8.13	96.09	74.70	3	30.60
307.129	31.27	4.10	128.25	11.83	7.99	94.54	73.70	3	30.60
307.274	31.20	4.11	128.13	11.83	7.96	94.19	73.50	3	30.60
307.335	31.41	4.08	128.19	11.87	8.02	95.20	74.30	3	30.60
307.439	31.32	4.11	128.74	11.87	7.97	94.57	73.50	3	30.60
307.584	31.34	4.12	129.03	11.85	8.09	95.84	74.30	3	30.60
307.645	31.39	4.09	128.47	11.92	7.94	94.64	73.70	3	30.60
307.749	31.16	4.11	128.20	11.90	7.91	94.20	73.50	3	30.60
307.894	31.50	4.10	129.03	11.92	8.00	95.37	73.90	3	30.60
307.955	31.48	4.10	129.02	11.92	7.85	93.55	72.50	3	30.60
308.059	31.44	4.09	128.55	11.90	8.00	95.25	74.10	3	30.60
308.204	31.41	4.08	128.28	11.89	7.99	95.03	74.10	3	30.60
308.265	31.32	4.11	128.66	11.88	7.94	94.35	73.30	3	30.60
308.369	31.41	4.10	128.84	11.91	8.03	95.61	74.20	3	30.60
308.514	31.41	4.10	128.76	11.89	7.92	94.18	73.10	3	30.60
308.575	31.25	4.11	128.37	11.87	7.97	94.60	73.70	3	30.60
308.679	31.28	4.10	128.34	11.86	8.02	95.04	74.00	3	30.60
308.824	31.34	4.13	129.29	11.82	8.00	94.57	73.10	3	30.60
308.885	31.27	4.11	128.44	11.84	7.99	94.58	73.60	3	30.60
308.989	31.37	4.11	129.07	11.82	8.02	94.77	73.40	3	30.60
309.134	31.36	4.11	128.80	11.86	7.93	94.10	73.10	3	30.60
309.195	31.41	4.11	128.97	11.92	7.93	94.57	73.30	3	30.60
309.299	31.35	4.12	129.15	11.86	8.01	94.94	73.50	3	30.60
309.444	31.33	4.11	128.67	11.90	7.95	94.60	73.50	3	30.60
309.505	31.29	4.11	128.62	11.91	7.87	93.80	72.90	3	30.60
309.609	31.39	4.11	129.12	11.85	8.04	95.21	73.70	3	30.60
309.754	31.46	4.09	128.79	11.94	7.86	93.85	72.90	3	30.60
309.815	31.27	4.12	128.89	11.89	7.86	93.49	72.50	3	30.60
309.919	31.15	4.11	128.02	11.90	8.06	95.86	74.90	3	30.60
310.064	31.41	4.09	128.35	11.90	7.90	94.00	73.20	3	30.60
310.125	31.30	4.12	129.05	11.85	8.00	94.85	73.50	3	30.60
310.229	31.37	4.11	128.81	11.87	8.01	95.02	73.80	3	30.60
310.374	31.38	4.12	129.26	11.85	7.93	93.98	72.70	3	30.60
310.435	31.34	4.13	129.53	11.88	7.97	94.74	73.10	3	30.60
310.539	31.30	4.12	128.81	11.89	7.98	94.89	73.70	3	30.60
310.684	31.39	4.13	129.72	11.81	8.02	94.71	73.00	3	30.60
310.745	31.51	4.10	129.23	11.86	8.03	95.24	73.70	3	30.60
310.849	31.33	4.12	129.20	11.81	7.97	94.14	72.90	3	30.60
310.994	31.35	4.12	129.19	11.84	8.02	94.94	73.50	3	30.60
311.055	31.38	4.09	128.48	11.87	7.87	93.47	72.80	3	30.60
311.159	31.15	4.13	128.79	11.82	8.03	94.95	73.70	3	30.60
311.304	31.43	4.10	129.00	11.85	7.97	94.47	73.20	3	30.60
311.365	31.32	4.12	128.97	11.85	7.88	93.34	72.40	3	30.60
311.469	31.47	4.10	129.07	11.89	7.99	95.03	73.60	3	30.60
311.614	31.38	4.08	128.13	11.88	7.93	94.24	73.50	3	30.60
311.675	31.25	4.12	128.71	11.85	8.01	94.90	73.70	3	30.60
311.779	31.45	4.10	128.99	11.91	7.97	94.96	73.60	3	30.60
311.924	31.40	4.10	128.66	11.85	7.93	93.97	73.00	3	30.60
311.985	31.40	4.11	129.01	11.86	8.04	95.39	73.90	3	30.60
312.089	31.49	4.09	128.83	11.84	7.97	94.30	73.20	3	30.60
312.234	31.30	4.14	129.47	11.82	7.98	94.38	72.90	3	30.60
312.295	31.44	4.10	128.99	11.86	8.04	95.35	73.90	3	30.60
312.399	31.35	4.11	128.77	11.81	8.05	95.14	73.90	3	30.60
312.544	31.36	4.13	129.46	11.88	7.95	94.44	73.00	3	30.60
312.605	31.43	4.10	128.76	11.88	7.98	94.88	73.70	3	30.60
312.709	31.35	4.11	128.69	11.79	8.07	95.12	73.90	3	30.60
312.854	31.46	4.11	129.21	11.88	7.99	94.90	73.40	3	30.60
312.915	31.23	4.11	128.27	11.85	7.99	94.72	73.80	3	30.60
313.019	31.40	4.11	129.16	11.80	8.08	95.36	73.80	3	30.60
313.164	31.47	4.11	129.46	11.87	7.96	94.45	73.00	3	30.60
313.225	31.32	4.14	129.56	11.82	7.96	94.13	72.70	3	30.60
313.329	31.47	4.10	129.13	11.84	7.99	94.57	73.20	3	30.60
313.474	31.56	4.11	129.57	11.85	8.01	94.85	73.20	3	30.60
313.535	31.40	4.12	129.21	11.84	7.99	94.56	73.20	3	30.60
313.639	31.46	4.09	128.63	11.89	8.00	95.05	73.90	3	30.60
313.784	31.40	4.10	128.88	11.88	7.94	94.28	73.20	3	30.60
313.845	31.24	4.12	128.63	11.84	7.98	94.52	73.50	3	30.60
313.949	31.10	4.11	127.79	11.87	8.01	95.03	74.40	3	30.60
314.094	31.29	4.11	128.73	11.88	7.97	94.62	73.50	3	30.60
314.155	31.30	4.11	128.49	11.88	7.98	94.75	73.70	3	30.60
314.259	31.26	4.12	128.81	11.81	8.09	95.56	74.20	3	30.60
314.404	31.30	4.12	128.88	11.84	7.97	94.31	73.20	3	30.60
314.465	31.36	4.11	128.90	11.89	7.86	93.48	72.50	3	30.60
314.569	31.21	4.11	128.35	11.84	8.02	94.95	74.00	3	30.60
314.714	31.34	4.09	128.16	11.91	7.99	95.13	74.20	3	30.60
314.775	31.37	4.10	128.58	11.90	7.87	93.62	72.80	3	30.60
314.879	31.29	4.13	129.38	11.82	8.07	95.43	73.80	3	30.60
315.024	31.57	4.11	129.88	11.84	8.04	95.20	73.30	3	30.60
315.085	31.48	4.11	129.43	11.86	7.96	94.38	72.90	3	30.60
315.189	31.32	4.11	128.58	11.87	7.95	94.42	73.40	3	30.60
315.334	31.36	4.11	128.86	11.87	7.95	94.46	73.30	3	30.60
315.395	31.17	4.14	129.07	11.81	8.09	95.48	74.00	3	30.60
315.499	31.27	4.11	128.60	11.85	8.07	95.64	74.40	3	30.60
315.644	31.27	4.08	127.53	11.85	8.01	94.91	74.40	3	30.60
315.705	31.24	4.11	128.30	11.82	7.99	94.46	73.60	3	30.60
315.809	31.44	4.10	128.92	11.94	7.88	94.06	73.00	3	30.60
315.954	31.36	4.13	129.39	11.88	7.90	93.86	72.50	3	30.60
316.015	31.22	4.13	128.90	11.82	8.03	94.97	73.70	3	30.60
316.119	31.31	4.11	128.73	11.84	8.02	94.93	73.70	3	30.60
316.264	31.42	4.11	129.17	11.87	7.94	94.23	73.00	3	30.60
316.325	31.41	4.13	129.66	11.88	7.90	93.90	72.40	3	30.60
316.429	31.48	4.11	129.25	11.89	7.86	93.45	72.30	3	30.60
316.574	31.33	4.13	129.30	11.83	8.13	96.17	74.40	3	30.60
316.635	31.40	4.10	128.88	11.86	8.05	95.47	74.10	3	30.60
316.739	31.39	4.11	129.04	11.90	7.87	93.74	72.60	3	30.60
316.884	31.40	4.11	129.11	11.84	8.07	95.52	74.00	3	30.60
316.945	31.41	4.11	129.20	11.87	8.08	95.91	74.20	3	30.60
317.049	31.18	4.12	128.57	11.85	8.05	95.38	74.20	3	30.60
317.194	31.23	4.13	129.12	11.88	7.89	93.75	72.60	3	30.60
317.255	31.31	4.11	128.75	11.90	7.91	94.11	73.10	3	30.60
317.359	31.25	4.13	128.98	11.82	8.05	95.18	73.80	3	30.60
317.504	31.47	4.11	129.45	11.89	8.02	95.32	73.60	3	30.60
317.565	31.47	4.10	128.92	11.92	7.85	93.56	72.60	3	30.60
317.669	31.32	4.13	129.26	11.88	7.95	94.43	73.10	3	30.60
317.814	31.30	4.12	128.88	11.87	8.04	95.43	74.00	3	30.60
317.875	31.13	4.12	128.32	11.85	7.99	94.70	73.80	3	30.60
317.979	31.40	4.10	128.65	11.85	8.01	94.91	73.80	3	30.60
318.124	31.49	4.08	128.57	11.93	7.89	94.07	73.20	3	30.60
318.185	31.36	4.13	129.69	11.86	7.87	93.35	72.00	3	30.60
318.289	31.35	4.12	129.16	11.89	7.99	94.98	73.50	3	30.60
318.434	31.47	4.09	128.67	11.92	7.93	94.57	73.50	3	30.60
318.495	31.44	4.11	129.11	11.90	7.97	94.86	73.50	3	30.60
318.599	31.46	4.11	129.37	11.90	7.92	94.25	72.90	3	30.60
318.744	31.40	4.12	129.39	11.88	7.97	94.71	73.20	3	30.60
318.805	31.45	4.10	128.88	11.92	7.89	94.07	73.00	3	30.60
318.909	31.63	4.08	129.08	11.88	7.80	92.61	71.70	3	30.60
319.054	31.37	4.13	129.41	11.88	7.94	94.29	72.90	3	30.60
319.115	31.39	4.11	129.18	11.85	8.05	95.40	73.90	3	30.60
319.219	31.31	4.09	128.13	11.86	7.93	93.98	73.30	3	30.60
319.364	31.32	4.12	128.99	11.86	8.06	95.67	74.20	3	30.60
319.425	31.52	4.08	128.73	11.89	8.06	95.77	74.40	3	30.60
319.529	31.28	4.11	128.60	11.81	8.05	95.06	73.90	3	30.60
319.674	31.36	4.12	129.34	11.83	8.04	95.06	73.50	3	30.60
319.735	31.47	4.11	129.26	11.93	7.94	94.71	73.30	3	30.60
319.839	31.36	4.12	129.21	11.86	7.99	94.77	73.30	3	30.60
319.984	31.48	4.10	129.20	11.90	8.00	95.18	73.70	3	30.60
320.045	31.43	4.11	129.04	11.95	7.87	94.08	72.90	3	30.60
320.149	31.41	4.10	128.77	11.88	8.01	95.18	73.90	3	30.60
320.294	31.37	4.11	128.82	11.93	7.91	94.39	73.30	3	30.60
320.355	31.34	4.12	129.14	11.86	8.02	95.17	73.70	3	30.60
320.459	31.42	4.10	128.77	11.94	7.92	94.62	73.50	3	30.60
320.604	31.29	4.11	128.73	11.82	8.05	95.11	73.90	3	30.60
320.665	31.23	4.14	129.39	11.85	8.04	95.23	73.60	3	30.60
320.769	31.48	4.10	129.08	11.83	7.97	94.24	73.00	3	30.60
320.914	31.35	4.11	128.83	11.83	7.99	94.46	73.30	3	30.60
320.975	31.40	4.09	128.55	11.87	7.97	94.62	73.60	3	30.60
321.079	31.32	4.12	129.09	11.86	7.98	94.68	73.30	3	30.60
321.224	31.25	4.11	128.55	11.82	7.95	93.97	73.10	3	30.60
321.285	31.34	4.13	129.35	11.85	7.95	94.26	72.90	3	30.60
321.389	31.26	4.12	128.73	11.81	8.07	95.38	74.10	3	30.60
321.534	31.38	4.11	128.98	11.93	7.89	94.08	72.90	3	30.60
321.595	31.32	4.12	129.06	11.85	8.06	95.44	74.00	3	30.60
321.699	31.38	4.10	128.55	11.87	8.01	95.10	74.00	3	30.60
321.844	31.48	4.11	129.30	11.86	8.01	94.93	73.40	3	30.60
321.905	31.39	4.12	129.19	11.81	8.04	94.92	73.50	3	30.60
322.009	31.43	4.10	128.79	11.91	7.86	93.58	72.70	3	30.60
322.154	31.46	4.12	129.67	11.84	7.99	94.54	72.90	3	30.60
322.215	31.41	4.10	128.79	11.87	8.01	95.02	73.80	3	30.60
322.319	31.29	4.11	128.44	11.90	7.88	93.72	73.00	3	30.60
322.464	31.40	4.12	129.45	11.87	8.03	95.31	73.60	3	30.60
322.525	31.53	4.08	128.58	11.94	7.96	95.03	73.90	3	30.60
322.629	31.36	4.12	129.25	11.89	7.95	94.50	73.10	3	30.60
322.774	31.20	4.13	128.73	11.88	8.01	95.07	73.90	3	30.60
322.835	31.37	4.09	128.42	11.92	8.01	95.43	74.30	3	30.60
322.939	31.31	4.11	128.70	11.85	8.08	95.80	74.40	3	30.60
323.084	31.38	4.12	129.16	11.90	7.92	94.27	73.00	3	30.60
323.145	31.36	4.12	129.25	11.88	7.88	93.57	72.40	3	30.60
323.249	31.32	4.13	129.38	11.86	7.93	93.99	72.60	3	30.60
323.394	31.40	4.11	129.10	11.84	7.96	94.25	73.00	3	30.60
323.455	31.32	4.13	129.24	11.84	7.94	93.99	72.70	3	30.60
323.559	31.31	4.12	129.11	11.78	8.14	95.89	74.30	3	30.60
323.704	31.37	4.13	129.63	11.88	8.10	96.26	74.30	3	30.60
323.765	31.40	4.12	129.41	11.89	8.03	95.48	73.80	3	30.60
323.869	31.43	4.13	129.75	11.84	8.12	96.18	74.10	3	30.60
324.014	31.41	4.12	129.45	11.88	8.06	95.77	74.00	3	30.60
324.075	31.42	4.12	129.50	11.84	8.02	95.01	73.40	3	30.60
324.179	31.48	4.11	129.44	11.88	8.05	95.57	73.80	3	30.60
324.324	31.53	4.10	129.23	11.90	8.01	95.27	73.70	3	30.60
324.385	31.49	4.11	129.41	11.87	7.97	94.63	73.10	3	30.60
324.489	31.18	4.11	128.18	11.87	8.05	95.50	74.50	3	30.60
324.634	31.49	4.09	128.80	11.94	7.98	95.35	74.00	3	30.60
324.695	31.53	4.09	129.11	11.89	7.96	94.58	73.30	3	30.60
324.799	31.50	4.07	128.35	11.88	8.00	94.97	74.00	3	30.60
324.944	31.46	4.09	128.58	11.90	7.91	94.19	73.30	3	30.60
325.005	31.29	4.12	128.82	11.90	7.81	92.95	72.20	3	30.60
325.109	31.22	4.11	128.18	11.90	7.88	93.83	73.20	3	30.60
325.254	31.40	4.11	129.13	11.89	8.04	95.67	74.10	3	30.60
325.315	31.25	4.15	129.52	11.81	8.11	95.81	74.00	3	30.60
325.419	31.44	4.10	128.76	11.88	8.01	95.12	73.90	3	30.60
325.564	31.39	4.12	129.20	11.90	7.90	94.04	72.80	3	30.60
325.625	31.24	4.13	129.14	11.79	8.00	94.27	73.00	3	30.60
325.729	31.48	4.11	129.26	11.91	7.94	94.55	73.10	3	30.60
325.874	31.43	4.12	129.60	11.86	8.02	95.19	73.50	3	30.60
325.935	31.35	4.11	128.84	11.85	8.00	94.78	73.60	3	30.60
326.039	31.45	4.09	128.76	11.91	7.91	94.17	73.10	3	30.60
326.184	31.12	4.13	128.39	11.83	7.94	93.91	73.10	3	30.60
326.245	31.24	4.13	129.09	11.79	8.14	96.03	74.40	3	30.60
326.349	31.37	4.11	129.09	11.85	8.01	94.93	73.50	3	30.60
326.494	31.35	4.11	128.89	11.82	8.01	94.59	73.40	3	30.60
326.555	31.51	4.10	129.08	11.87	7.92	94.02	72.80	3	30.60
326.659	31.32	4.12	129.08	11.85	7.94	94.11	72.90	3	30.60
326.804	31.30	4.14	129.45	11.86	8.08	95.87	74.10	3	30.60
326.865	31.33	4.13	129.27	11.92	7.99	95.24	73.70	3	30.60
326.969	31.23	4.15	129.66	11.86	7.97	94.49	72.90	3	30.60
327.114	31.39	4.13	129.77	11.84	8.04	95.15	73.30	3	30.60
327.175	31.43	4.11	129.11	11.85	8.06	95.56	74.00	3	30.60
327.279	31.33	4.13	129.50	11.86	7.99	94.80	73.20	3	30.60
327.424	31.50	4.12	129.79	11.84	8.05	95.28	73.40	3	30.60
327.485	31.52	4.10	129.34	11.88	8.00	95.05	73.50	3	30.60
327.589	31.30	4.13	129.17	11.89	7.91	94.04	72.80	3	30.60
327.734	31.35	4.14	129.90	11.85	8.00	94.79	73.00	3	30.60
327.795	31.40	4.13	129.55	11.88	8.01	95.08	73.40	3	30.60
327.899	31.38	4.13	129.62	11.84	7.98	94.47	72.90	3	30.60
328.044	31.37	4.11	128.98	11.86	8.01	94.98	73.60	3	30.60
328.105	31.40	4.11	128.99	11.89	7.99	95.02	73.70	3	30.60
328.209	31.30	4.13	129.44	11.89	7.97	94.77	73.20	3	30.60
328.354	31.40	4.11	129.05	11.89	7.95	94.53	73.20	3	30.60
328.415	31.36	4.09	128.26	11.92	7.92	94.38	73.60	3	30.60
328.519	31.16	4.11	128.10	11.85	7.96	94.32	73.60	3	30.60
328.664	31.29	4.11	128.54	11.85	7.91	93.69	72.90	3	30.60
328.725	31.36	4.09	128.40	11.89	7.90	93.88	73.10	3	30.60
328.829	31.31	4.12	128.94	11.80	8.07	95.22	73.90	3	30.60
328.974	31.27	4.12	128.92	11.86	8.01	95.03	73.70	3	30.60
329.035	31.42	4.10	128.89	11.92	7.94	94.60	73.40	3	30.60
329.139	31.36	4.11	129.03	11.85	8.01	94.85	73.50	3	30.60
329.284	31.34	4.13	129.32	11.88	7.96	94.56	73.10	3	30.60
329.345	31.42	4.10	128.87	11.92	7.90	94.13	73.00	3	30.60
329.449	31.36	4.09	128.40	11.90	7.88	93.77	73.00	3	30.60
329.594	31.43	4.10	128.97	11.87	7.93	94.09	73.00	3	30.60
329.655	31.55	4.08	128.70	11.90	7.93	94.30	73.30	3	30.60
329.759	31.32	4.12	128.94	11.84	8.00	94.78	73.50	3	30.60
329.904	31.38	4.12	129.27	11.86	8.11	96.15	74.40	3	30.60
329.965	31.44	4.11	129.09	11.85	8.01	94.97	73.60	3	30.60
330.069	31.30	4.13	129.16	11.83	8.10	95.87	74.20	3	30.60
330.214	31.39	4.11	129.08	11.83	8.16	96.57	74.80	3	30.60
330.275	31.44	4.10	128.92	11.86	8.02	95.20	73.80	3	30.60
330.379	31.42	4.13	129.66	11.84	8.13	96.26	74.20	3	30.60
330.524	31.46	4.11	129.28	11.89	8.17	97.13	75.10	3	30.60
330.585	31.47	4.10	128.92	11.91	7.96	94.82	73.60	3	30.60
330.689	31.39	4.11	129.00	11.84	8.07	95.49	74.00	3	30.60
330.834	31.42	4.10	128.83	11.88	8.04	95.60	74.20	3	30.60
330.895	31.43	4.11	129.18	11.91	7.89	93.93	72.70	3	30.60
330.999	31.35	4.12	129.20	11.88	8.01	95.15	73.60	3	30.60
331.144	31.34	4.10	128.55	11.94	8.04	96.00	74.70	3	30.60
331.205	31.29	4.10	128.33	11.96	7.85	93.91	73.20	3	30.60
331.309	31.35	4.11	128.93	11.89	7.98	94.88	73.60	3	30.60
331.454	31.46	4.09	128.73	11.92	7.99	95.20	74.00	3	30.60
331.515	31.45	4.10	128.87	11.97	7.84	93.80	72.80	3	30.60
331.619	31.48	4.11	129.50	11.92	7.90	94.16	72.70	3	30.60
331.764	31.44	4.11	129.36	11.92	7.92	94.42	73.00	3	30.60
331.825	31.38	4.12	129.37	11.88	7.96	94.52	73.10	3	30.60
331.929	31.29	4.13	129.07	11.81	8.13	96.00	74.40	3	30.60
332.074	31.39	4.11	128.91	11.87	8.03	95.37	74.00	3	30.60
332.135	31.39	4.13	129.49	11.88	7.95	94.45	72.90	3	30.60
332.239	31.33	4.13	129.36	11.88	7.95	94.45	73.00	3	30.60
332.384	31.41	4.12	129.36	11.85	8.04	95.28	73.70	3	30.60
332.445	31.27	4.15	129.75	11.79	8.16	96.18	74.10	3	30.60
332.549	31.47	4.13	130.08	11.86	8.05	95.40	73.30	3	30.60
332.694	31.21	4.13	128.91	11.88	7.98	94.75	73.50	3	30.60
332.755	31.25	4.14	129.32	11.86	8.00	94.87	73.40	3	30.60
332.859	31.24	4.11	128.43	11.88	7.93	94.15	73.30	3	30.60
333.004	31.24	4.14	129.44	11.83	8.02	94.87	73.30	3	30.60
333.065	31.23	4.15	129.53	11.79	8.11	95.56	73.80	3	30.60
333.169	31.28	4.13	129.20	11.83	8.15	96.39	74.60	3	30.60
333.314	31.37	4.15	130.18	11.85	8.10	96.01	73.70	3	30.60
333.375	31.27	4.15	129.71	11.81	8.10	95.64	73.70	3	30.60
333.479	31.31	4.14	129.48	11.82	8.17	96.53	74.60	3	30.60
333.624	31.32	4.15	129.87	11.84	8.06	95.51	73.50	3	30.60
333.685	31.21	4.15	129.43	11.82	8.10	95.71	73.90	3	30.60
333.789	31.25	4.14	129.39	11.84	8.12	96.17	74.30	3	30.60
333.934	31.18	4.15	129.37	11.86	8.00	94.90	73.40	3	30.60
333.995	31.13	4.15	129.28	11.83	8.08	95.60	73.90	3	30.60
334.099	31.19	4.14	129.05	11.86	7.98	94.58	73.30	3	30.60
334.244	31.25	4.12	128.88	11.86	8.01	94.98	73.70	3	30.60
334.305	31.19	4.13	128.86	11.82	8.01	94.59	73.40	3	30.60
334.409	31.35	4.12	129.04	11.89	8.02	95.37	73.90	3	30.60
334.554	31.42	4.10	128.82	11.90	7.95	94.64	73.50	3	30.60
334.615	31.37	4.13	129.54	11.84	8.05	95.33	73.60	3	30.60
334.719	31.44	4.11	129.35	11.87	8.02	95.29	73.70	3	30.60
334.864	31.49	4.12	129.88	11.92	7.99	95.27	73.40	3	30.60
334.925	31.27	4.15	129.67	11.82	8.13	96.13	74.10	3	30.60
335.029	31.21	4.13	128.90	11.90	7.97	94.75	73.50	3	30.60
335.174	31.28	4.13	129.18	11.90	7.99	95.09	73.60	3	30.60
335.235	31.28	4.15	129.97	11.86	7.96	94.43	72.70	3	30.60
335.339	31.29	4.12	128.97	11.85	8.06	95.52	74.10	3	30.60
335.484	31.43	4.11	129.28	11.85	8.03	95.21	73.60	3	30.60
335.545	31.32	4.13	129.32	11.85	8.02	94.94	73.40	3	30.60
335.649	31.40	4.11	129.18	11.85	7.99	94.72	73.30	3	30.60
335.794	31.55	4.12	130.11	11.88	7.98	94.81	72.90	3	30.60
335.855	31.40	4.15	130.44	11.87	7.97	94.58	72.50	3	30.60
335.959	31.36	4.12	129.11	11.88	8.03	95.42	73.90	3	30.60
336.104	31.47	4.12	129.50	11.91	7.99	95.11	73.40	3	30.60
336.165	31.33	4.14	129.62	11.87	8.01	95.05	73.30	3	30.60
336.269	31.31	4.12	129.14	11.83	8.07	95.40	73.90	3	30.60
336.414	31.33	4.12	129.20	11.94	7.97	95.12	73.60	3	30.60
336.475	31.27	4.13	129.29	11.90	7.99	95.07	73.50	3	30.60
336.579	31.49	4.12	129.73	11.91	7.98	94.99	73.20	3	30.60
336.724	31.43	4.11	129.10	11.91	7.96	94.79	73.40	3	30.60
336.785	31.33	4.13	129.46	11.84	8.00	94.67	73.10	3	30.60
336.889	31.40	4.11	129.06	11.88	8.03	95.37	73.90	3	30.60
337.034	31.48	4.12	129.59	11.90	7.97	94.87	73.20	3	30.60
337.095	31.31	4.14	129.60	11.86	8.01	95.01	73.30	3	30.60
337.199	31.32	4.13	129.48	11.82	8.13	96.08	74.20	3	30.60
337.344	31.38	4.14	129.88	11.80	8.15	96.22	74.10	3	30.60
337.405	31.29	4.16	130.29	11.77	8.13	95.70	73.50	3	30.60
337.509	31.36	4.13	129.68	11.82	8.12	95.91	74.00	3	30.60
337.654	31.42	4.10	128.90	11.88	7.97	94.70	73.50	3	30.60
337.715	31.28	4.12	128.91	11.82	8.02	94.84	73.60	3	30.60
337.819	31.40	4.11	129.20	11.86	8.00	94.96	73.50	3	30.60
337.964	31.52	4.11	129.42	11.89	7.94	94.43	73.00	3	30.60
338.025	31.41	4.14	129.90	11.81	7.98	94.21	72.50	3	30.60
338.129	31.45	4.12	129.63	11.85	8.09	95.93	74.00	3	30.60
338.274	31.48	4.13	130.04	11.88	8.06	95.81	73.70	3	30.60
338.335	31.22	4.15	129.47	11.83	8.07	95.49	73.80	3	30.60
338.439	31.45	4.11	129.33	11.85	8.15	96.54	74.60	3	30.60
338.584	31.46	4.12	129.67	11.88	8.11	96.30	74.30	3	30.60
338.645	31.31	4.15	130.06	11.82	8.11	95.87	73.70	3	30.60
338.749	31.69	4.12	130.57	11.85	8.22	97.42	74.60	3	30.60
338.894	31.52	4.12	129.84	11.87	8.11	96.20	74.10	3	30.60
338.955	31.42	4.14	130.17	11.80	8.17	96.36	74.00	3	30.60
339.059	31.37	4.12	129.19	11.88	8.10	96.15	74.40	3	30.60
339.204	31.36	4.12	129.29	11.86	8.07	95.66	74.00	3	30.60
339.265	31.30	4.14	129.63	11.81	8.10	95.67	73.80	3	30.60
339.369	31.38	4.13	129.68	11.90	7.93	94.40	72.80	3	30.60
339.514	31.47	4.10	129.02	11.94	7.88	94.13	73.00	3	30.60
339.575	31.38	4.13	129.54	11.92	7.91	94.27	72.80	3	30.60
339.679	31.56	4.11	129.63	11.93	7.98	95.29	73.50	3	30.60
339.824	31.56	4.09	129.19	11.90	7.98	95.00	73.50	3	30.60
339.885	31.51	4.12	129.68	11.88	7.93	94.20	72.60	3	30.60
339.989	31.27	4.11	128.40	11.86	8.06	95.53	74.40	3	30.60
340.134	31.43	4.11	129.21	11.91	8.06	96.06	74.30	3	30.60
340.195	31.34	4.13	129.31	11.87	8.12	96.33	74.50	3	30.60
340.299	31.34	4.11	128.81	11.85	8.11	96.06	74.60	3	30.60
340.444	31.35	4.12	129.19	11.86	8.11	96.23	74.50	3	30.60
340.505	31.38	4.13	129.64	11.86	8.06	95.67	73.80	3	30.60
340.609	31.37	4.14	129.75	11.87	8.15	96.73	74.60	3	30.60
340.754	31.42	4.12	129.53	11.84	8.12	96.16	74.20	3	30.60
340.815	31.24	4.12	128.79	11.84	8.07	95.52	74.20	3	30.60
340.919	31.25	4.13	129.01	11.82	8.17	96.57	74.90	3	30.60
341.064	31.38	4.11	128.85	11.86	8.13	96.35	74.80	3	30.60
341.125	31.44	4.11	129.16	11.85	8.10	95.99	74.30	3	30.60
341.229	31.36	4.11	128.99	11.88	8.10	96.14	74.50	3	30.60
341.374	31.56	4.09	129.03	11.91	8.02	95.48	74.00	3	30.60
341.435	31.54	4.11	129.57	11.88	7.96	94.61	73.00	3	30.60
341.539	31.55	4.10	129.35	11.89	7.97	94.77	73.30	3	30.60
341.684	31.41	4.10	128.91	11.92	7.85	93.61	72.60	3	30.60
341.745	31.35	4.13	129.48	11.86	7.99	94.71	73.10	3	30.60
341.849	31.36	4.13	129.38	11.89	8.05	95.73	74.00	3	30.60
341.994	31.43	4.14	130.06	11.86	8.13	96.41	74.10	3	30.60
342.055	31.33	4.14	129.72	11.82	8.09	95.59	73.70	3	30.60
342.159	31.58	4.09	129.16	11.92	7.97	95.03	73.60	3	30.60
342.304	31.58	4.08	128.93	11.93	7.86	93.80	72.80	3	30.60
342.365	31.39	4.11	129.01	11.86	7.92	93.88	72.80	3	30.60
342.469	31.29	4.10	128.28	11.87	8.04	95.44	74.40	3	30.60
342.614	31.39	4.10	128.62	11.90	7.95	94.57	73.50	3	30.60
342.675	31.29	4.12	128.84	11.87	7.98	94.76	73.60	3	30.60
342.779	31.44	4.10	129.05	11.88	7.99	94.94	73.60	3	30.60
342.924	31.36	4.11	128.86	11.85	8.06	95.52	74.10	3	30.60
342.985	31.50	4.08	128.65	11.88	7.98	94.80	73.70	3	30.60
343.089	31.29	4.12	128.76	11.86	8.04	95.38	74.10	3	30.60
343.234	31.37	4.12	129.14	11.89	7.96	94.71	73.30	3	30.60
343.295	31.40	4.12	129.25	11.83	7.98	94.46	73.10	3	30.60
343.399	31.40	4.11	129.02	11.84	7.92	93.84	72.70	3	30.60
343.544	31.24	4.11	128.37	11.85	7.99	94.61	73.70	3	30.60
343.605	31.25	4.13	129.04	11.82	7.94	93.90	72.80	3	30.60
343.709	31.26	4.12	128.88	11.84	8.05	95.29	73.90	3	30.60
343.854	31.36	4.11	128.95	11.85	7.97	94.45	73.20	3	30.60
343.915	31.11	4.14	128.78	11.84	8.00	94.68	73.50	3	30.60
344.019	31.32	4.14	129.56	11.84	7.99	94.59	73.00	3	30.60
344.164	31.36	4.13	129.63	11.85	8.03	95.13	73.40	3	30.60
344.225	31.53	4.11	129.48	11.86	7.99	94.81	73.20	3	30.60
344.329	31.29	4.13	129.34	11.86	7.94	94.20	72.80	3	30.60
344.474	31.36	4.11	129.05	11.83	8.07	95.38	73.90	3	30.60
344.535	31.43	4.10	128.76	11.90	7.95	94.68	73.50	3	30.60
344.639	31.25	4.12	128.81	11.82	8.01	94.72	73.50	3	30.60
344.784	31.24	4.14	129.41	11.85	8.09	95.86	74.10	3	30.60
344.845	31.41	4.11	129.15	11.87	8.04	95.39	73.90	3	30.60
344.949	31.32	4.12	129.00	11.83	8.00	94.69	73.40	3	30.60
345.094	31.50	4.10	129.24	11.85	8.01	94.93	73.40	3	30.60
345.155	31.47	4.10	129.17	11.90	7.93	94.38	73.10	3	30.60
345.259	31.27	4.14	129.52	11.81	8.07	95.30	73.60	3	30.60
345.404	31.37	4.12	129.11	11.89	8.02	95.40	73.90	3	30.60
345.465	31.34	4.12	129.28	11.90	7.94	94.54	73.10	3	30.60
345.569	31.41	4.12	129.45	11.81	8.03	94.83	73.30	3	30.60
345.714	31.41	4.11	129.21	11.84	8.01	94.91	73.50	3	30.60
345.775	31.38	4.12	129.28	11.89	7.94	94.40	73.00	3	30.60
345.879	31.28	4.13	129.16	11.87	8.00	94.88	73.50	3	30.60
346.024	31.52	4.11	129.50	11.88	7.96	94.52	73.00	3	30.60
346.085	31.48	4.11	129.52	11.87	7.95	94.29	72.80	3	30.60
346.189	31.29	4.11	128.75	11.82	8.06	95.25	74.00	3	30.60
346.334	31.29	4.10	128.39	11.86	8.03	95.24	74.20	3	30.60
346.395	31.22	4.13	128.82	11.80	8.07	95.26	73.90	3	30.60
346.499	31.25	4.12	128.75	11.85	8.13	96.34	74.80	3	30.60
346.644	31.26	4.11	128.43	11.85	8.08	95.79	74.60	3	30.60
346.705	31.27	4.13	129.16	11.82	8.10	95.83	74.20	3	30.60
346.809	31.32	4.11	128.86	11.85	8.09	95.95	74.50	3	30.60
346.954	31.43	4.10	129.00	11.88	8.05	95.64	74.10	3	30.60
347.015	31.34	4.12	129.28	11.86	7.96	94.41	73.00	3	30.60
347.119	31.37	4.12	129.10	11.90	7.99	95.05	73.60	3	30.60
347.264	31.55	4.10	129.30	11.95	7.86	93.91	72.60	3	30.60
347.325	31.37	4.12	129.13	11.90	7.89	93.95	72.80	3	30.60
347.429	31.31	4.10	128.45	11.90	7.88	93.78	73.00	3	30.60
347.574	31.42	4.10	128.90	11.88	7.89	93.66	72.70	3	30.60
347.635	31.21	4.12	128.70	11.82	8.00	94.54	73.50	3	30.60
347.739	31.08	4.12	128.03	11.81	8.03	94.90	74.10	3	30.60
347.884	31.32	4.12	129.01	11.84	8.09	95.77	74.20	3	30.60
347.945	31.34	4.14	129.68	11.79	8.16	96.17	74.20	3	30.60
348.049	31.43	4.11	129.20	11.85	8.06	95.47	73.90	3	30.60
348.194	31.39	4.11	128.94	11.88	8.04	95.49	74.10	3	30.60
348.255	31.29	4.14	129.61	11.83	8.09	95.74	73.90	3	30.60
348.359	31.32	4.11	128.86	11.85	8.10	95.98	74.50	3	30.60
348.504	31.36	4.12	129.16	11.86	8.05	95.46	73.90	3	30.60
348.565	31.28	4.14	129.34	11.85	8.12	96.17	74.40	3	30.60
348.669	31.44	4.09	128.64	11.88	8.05	95.61	74.30	3	30.60
348.814	31.51	4.10	129.20	11.86	8.01	95.08	73.60	3	30.60
348.875	31.25	4.12	128.86	11.83	8.05	95.21	73.90	3	30.60
348.979	31.38	4.09	128.39	11.89	7.95	94.55	73.60	3	30.60
349.124	31.42	4.10	128.81	11.89	7.88	93.68	72.70	3	30.60
349.185	31.32	4.12	129.19	11.84	7.98	94.45	73.10	3	30.60
349.289	31.32	4.10	128.35	11.89	7.91	94.03	73.30	3	30.60
349.434	31.43	4.10	128.76	11.93	7.85	93.61	72.70	3	30.60
349.495	31.36	4.12	129.25	11.87	7.96	94.51	73.10	3	30.60
349.599	31.41	4.10	128.79	11.90	7.85	93.40	72.50	3	30.60
349.744	31.34	4.09	128.28	11.95	7.83	93.52	72.90	3	30.60
349.805	31.14	4.12	128.38	11.85	8.03	95.14	74.10	3	30.60
349.909	31.15	4.10	127.82	11.87	8.08	95.89	75.00	3	30.60
350.054	31.30	4.13	129.19	11.85	8.08	95.82	74.20	3	30.60
350.115	31.28	4.11	128.71	11.81	8.04	95.01	73.80	3	30.60
350.219	31.43	4.09	128.39	11.85	8.00	94.81	73.80	3	30.60
350.364	31.26	4.13	129.12	11.84	7.87	93.16	72.20	3	30.60
350.425	31.13	4.14	129.00	11.81	8.05	95.10	73.70	3	30.60
350.529	31.05	4.14	128.61	11.86	8.08	95.84	74.50	3	30.60
350.674	31.30	4.13	129.33	11.84	8.05	95.28	73.70	3	30.60
350.735	31.35	4.11	128.93	11.90	7.91	94.13	73.00	3	30.60
350.839	31.24	4.12	128.85	11.85	8.00	94.79	73.60	3	30.60
350.984	31.35	4.11	128.81	11.88	7.96	94.54	73.40	3	30.60
351.045	31.39	4.09	128.50	11.95	7.84	93.74	73.00	3	30.60
351.149	31.19	4.12	128.51	11.83	8.06	95.37	74.20	3	30.60
351.294	31.37	4.11	128.79	11.88	8.00	95.09	73.80	3	30.60
351.355	31.30	4.13	129.12	11.87	7.93	94.10	72.90	3	30.60
351.459	31.23	4.12	128.60	11.80	8.08	95.29	74.10	3	30.60
351.604	31.35	4.11	128.98	11.87	7.96	94.42	73.20	3	30.60
351.665	31.33	4.14	129.72	11.80	8.10	95.51	73.60	3	30.60
351.769	31.56	4.09	129.01	11.87	7.95	94.38	73.20	3	30.60
351.914	31.19	4.12	128.65	11.86	7.96	94.41	73.40	3	30.60
351.975	31.27	4.12	128.84	11.83	8.00	94.61	73.40	3	30.60
352.079	31.34	4.12	129.05	11.89	7.94	94.40	73.10	3	30.60
352.224	31.34	4.14	129.62	11.81	8.09	95.54	73.70	3	30.60
352.285	31.53	4.09	129.03	11.85	7.98	94.65	73.40	3	30.60
352.389	31.29	4.13	129.18	11.83	7.95	94.03	72.80	3	30.60
352.534	31.37	4.12	129.19	11.84	7.99	94.63	73.20	3	30.60
352.595	31.49	4.11	129.53	11.87	7.93	94.12	72.70	3	30.60
352.699	31.31	4.12	129.09	11.79	8.09	95.42	73.90	3	30.60
352.844	31.32	4.11	128.84	11.84	7.95	94.18	73.10	3	30.60
352.905	31.23	4.12	128.57	11.82	7.99	94.40	73.40	3	30.60
353.009	31.30	4.09	127.97	11.85	7.99	94.73	74.00	3	30.60
353.154	31.34	4.11	128.78	11.91	7.98	95.03	73.80	3	30.60
353.215	31.27	4.12	128.94	11.83	8.03	94.95	73.60	3	30.60
353.319	31.36	4.11	128.88	11.90	7.92	94.26	73.10	3	30.60
353.464	31.44	4.11	129.13	11.88	7.92	94.10	72.90	3	30.60
353.525	31.32	4.13	129.36	11.86	7.95	94.35	72.90	3	30.60
353.629	31.31	4.11	128.67	11.83	8.03	95.01	73.80	3	30.60
353.774	30.99	4.13	127.88	11.80	8.06	95.13	74.40	3	30.60
353.835	31.19	4.11	128.24	11.89	7.98	94.93	74.00	3	30.60
353.939	31.14	4.11	127.95	11.86	7.96	94.49	73.80	3	30.60
354.084	31.27	4.10	128.31	11.92	7.94	94.70	73.80	3	30.60
354.145	31.40	4.08	128.05	11.95	7.93	94.70	74.00	3	30.60
354.249	31.28	4.10	128.21	11.85	7.97	94.41	73.60	3	30.60
354.394	31.37	4.09	128.44	11.90	8.00	95.12	74.10	3	30.60
354.455	31.37	4.12	129.25	11.85	7.88	93.39	72.30	3	30.60
354.559	31.41	4.10	128.87	11.91	7.92	94.29	73.20	3	30.60
354.704	31.33	4.09	128.21	11.89	7.88	93.75	73.10	3	30.60
354.765	31.23	4.10	127.97	11.85	7.97	94.51	73.90	3	30.60
354.869	31.48	4.08	128.31	11.89	7.89	93.82	73.10	3	30.60
355.014	31.45	4.11	129.23	11.90	7.85	93.41	72.30	3	30.60
355.075	31.52	4.10	129.28	11.86	8.01	95.09	73.50	3	30.60
355.179	31.47	4.11	129.33	11.86	7.92	93.94	72.60	3	30.60
