756.897	36.28	1.07	38.75	2.25	3.06	6.88	17.80	3	21.20
757.000	29.11	2.49	72.63	5.32	6.30	33.50	46.10	3	33.70
757.145	15.93	3.80	60.49	5.76	5.59	32.19	53.20	3	46.20
757.205	12.44	4.22	52.54	5.65	5.18	29.23	55.60	3	46.20
757.309	6.69	4.57	30.59	4.42	3.67	16.20	53.00	3	58.70
757.453	27.66	2.50	69.25	5.48	5.89	32.27	46.60	3	16.40
757.513	22.85	3.08	70.32	5.72	5.65	32.31	45.90	3	42.10
757.617	19.80	3.46	68.44	5.89	5.61	33.08	48.30	3	15.00
757.762	33.40	1.71	57.19	6.04	5.37	32.43	56.70	3	17.20
757.822	34.92	1.61	56.38	6.28	5.62	35.30	62.60	3	17.20
757.926	36.43	1.30	47.23	6.16	5.00	30.78	65.20	3	15.00
758.071	25.03	2.55	63.70	6.39	5.40	34.51	54.20	3	33.70
758.131	24.37	2.73	66.45	6.66	5.62	37.48	56.40	3	22.80
758.235	30.59	2.66	81.33	7.81	6.86	53.60	65.90	3	22.80
758.380	35.34	1.70	60.02	7.28	5.34	38.94	64.90	3	33.60
758.440	27.24	2.54	69.11	7.37	5.70	42.03	60.80	3	33.60
758.544	22.44	3.09	69.29	7.52	5.96	44.82	64.70	3	33.70
758.689	28.03	2.22	62.26	7.08	5.04	35.64	57.20	3	15.00
758.749	32.56	1.61	52.32	6.54	4.63	30.26	57.80	3	15.00
758.853	35.15	1.56	54.85	6.61	5.30	35.03	63.90	3	16.90
758.998	36.34	1.47	53.47	6.86	5.28	36.22	67.70	3	17.40
759.058	36.59	1.37	50.28	6.70	5.07	33.93	67.50	3	15.00
759.162	36.85	1.28	47.24	6.46	4.84	31.26	66.20	3	15.00
759.307	35.91	1.61	57.98	6.49	5.80	37.64	64.90	3	22.80
759.367	34.88	2.09	72.90	7.22	6.68	48.25	66.20	3	22.80
759.471	34.75	2.33	80.81	8.26	6.87	56.73	70.20	3	22.80
759.616	34.95	2.31	80.74	8.86	6.34	56.17	69.60	3	22.80
759.676	34.97	2.29	80.12	8.93	6.46	57.66	72.00	3	22.80
759.780	34.95	2.28	79.66	9.02	6.31	56.87	71.40	3	22.80
759.925	35.05	2.30	80.47	8.97	6.52	58.53	72.70	3	22.80
759.985	35.18	2.27	79.90	9.04	6.36	57.47	71.90	3	22.80
760.089	34.84	2.32	80.87	9.00	6.51	58.57	72.40	3	22.80
760.234	35.01	2.27	79.50	9.06	6.36	57.60	72.50	3	22.80
760.294	35.07	2.29	80.35	8.97	6.66	59.76	74.40	3	22.80
760.398	34.87	2.30	80.33	9.04	6.33	57.18	71.20	3	22.80
760.543	34.89	2.30	80.21	8.96	6.66	59.69	74.40	3	22.80
760.603	34.98	2.30	80.57	8.95	6.62	59.23	73.50	3	22.80
760.707	35.01	2.25	78.83	8.98	6.48	58.17	73.80	3	22.80
760.852	35.05	2.31	81.05	8.95	6.47	57.89	71.40	3	22.80
760.912	34.95	2.37	82.88	8.92	6.64	59.23	71.50	3	22.80
761.016	35.03	2.30	80.45	8.99	6.41	57.58	71.60	3	22.80
761.161	35.00	2.32	81.13	8.91	6.62	59.05	72.80	3	22.80
761.221	34.97	2.32	81.24	8.96	6.39	57.29	70.50	3	22.80
761.325	35.06	2.28	79.91	8.98	6.39	57.42	71.90	3	22.80
761.470	34.85	2.36	82.08	8.97	6.53	58.53	71.30	3	22.80
761.530	35.15	2.26	79.58	9.01	6.43	57.93	72.80	3	22.80
761.634	35.09	2.29	80.26	8.93	6.65	59.39	74.00	3	22.80
761.779	34.89	2.33	81.23	8.97	6.37	57.20	70.40	3	22.80
761.839	34.69	2.31	80.17	8.96	6.57	58.90	73.50	3	22.80
761.943	34.61	2.35	81.29	8.94	6.64	59.36	73.00	3	22.80
762.088	34.92	2.29	79.99	8.96	6.54	58.64	73.30	3	22.80
762.148	34.97	2.31	80.67	8.99	6.46	58.06	72.00	3	22.80
762.252	34.89	2.32	81.09	8.93	6.62	59.14	72.90	3	22.80
762.397	34.92	2.30	80.38	9.02	6.42	57.91	72.00	3	22.80
762.457	34.94	2.29	80.09	8.93	6.70	59.87	74.70	3	22.80
762.561	34.77	2.37	82.33	8.94	6.56	58.64	71.20	3	22.80
762.706	35.12	2.25	79.12	9.05	6.32	57.20	72.30	3	22.80
762.766	34.89	2.34	81.69	8.94	6.64	59.42	72.70	3	22.80
762.870	34.93	2.33	81.47	8.99	6.41	57.58	70.70	3	22.80
763.015	34.87	2.32	80.81	8.93	6.66	59.47	73.60	3	22.80
763.075	34.87	2.30	80.13	8.96	6.51	58.33	72.80	3	22.80
763.179	35.08	2.24	78.53	9.05	6.29	56.91	72.50	3	22.80
763.324	34.98	2.28	79.66	8.94	6.73	60.13	75.50	3	22.80
763.384	34.93	2.30	80.41	8.98	6.45	57.93	72.00	3	22.80
763.488	34.98	2.29	80.08	9.02	6.31	56.90	71.10	3	22.80
763.633	34.96	2.29	80.14	8.92	6.74	60.05	74.90	3	22.80
763.693	34.90	2.31	80.62	8.97	6.46	57.97	71.90	3	22.80
763.797	34.99	2.32	81.18	9.01	6.30	56.76	69.90	3	22.80
763.942	34.99	2.29	80.09	8.97	6.64	59.56	74.40	3	22.80
764.002	34.96	2.32	81.01	8.98	6.45	57.91	71.50	3	22.80
764.106	34.98	2.31	80.78	9.01	6.29	56.63	70.10	3	22.80
764.251	34.92	2.33	81.21	8.94	6.63	59.28	73.00	3	22.80
764.311	34.98	2.31	80.93	8.93	6.57	58.68	72.50	3	22.80
764.415	35.06	2.28	79.87	8.98	6.52	58.52	73.30	3	22.80
764.560	34.85	2.33	81.18	8.98	6.53	58.65	72.20	3	22.80
764.620	34.82	2.35	81.85	8.90	6.75	60.09	73.40	3	22.80
764.724	34.87	2.31	80.59	8.99	6.53	58.74	72.90	3	22.80
764.869	34.89	2.31	80.65	8.94	6.65	59.49	73.80	3	22.80
764.929	34.91	2.34	81.69	9.00	6.42	57.77	70.70	3	22.80
765.033	35.00	2.30	80.59	9.02	6.38	57.60	71.50	3	22.80
765.178	34.90	2.33	81.39	8.89	6.70	59.56	73.20	3	22.80
765.238	35.05	2.32	81.31	9.01	6.33	57.03	70.10	3	22.80
765.342	35.03	2.29	80.10	9.03	6.35	57.32	71.60	3	22.80
765.487	35.01	2.30	80.52	8.94	6.62	59.24	73.60	3	22.80
765.547	34.80	2.36	82.12	8.98	6.48	58.21	70.90	3	22.80
765.651	35.02	2.30	80.38	9.03	6.40	57.83	71.90	3	22.80
765.796	34.85	2.33	81.15	8.91	6.57	58.53	72.10	3	22.80
765.856	34.77	2.38	82.83	8.95	6.57	58.78	71.00	3	22.80
765.960	34.85	2.32	80.86	8.99	6.45	57.95	71.70	3	22.80
766.105	34.92	2.36	82.43	8.96	6.57	58.84	71.40	3	22.80
766.165	34.88	2.35	81.87	8.88	6.74	59.82	73.10	3	22.80
766.269	34.95	2.29	80.13	8.97	6.51	58.40	72.90	3	22.80
766.414	34.82	2.33	81.29	8.92	6.66	59.41	73.10	3	22.80
766.474	34.80	2.33	81.24	8.91	6.66	59.27	73.00	3	22.80
766.578	34.99	2.29	80.08	8.98	6.42	57.64	72.00	3	22.80
766.723	35.00	2.30	80.42	8.88	6.71	59.59	74.10	3	22.80
766.783	34.95	2.33	81.31	8.92	6.57	58.62	72.10	3	22.80
766.887	35.05	2.30	80.51	9.01	6.33	57.08	70.90	3	22.80
767.032	35.16	2.31	81.35	8.92	6.67	59.53	73.20	3	22.80
767.092	35.03	2.33	81.59	8.91	6.67	59.37	72.80	3	22.80
767.196	34.99	2.28	79.77	9.04	6.34	57.31	71.80	3	22.80
767.341	34.86	2.32	80.92	8.95	6.66	59.63	73.70	3	22.80
767.401	34.86	2.32	80.97	8.93	6.69	59.73	73.80	3	22.80
767.505	35.01	2.28	79.72	9.04	6.34	57.27	71.80	3	22.80
767.650	34.88	2.33	81.41	8.94	6.68	59.72	73.40	3	22.80
767.710	34.88	2.33	81.37	8.89	6.77	60.15	73.90	3	22.80
767.814	34.95	2.28	79.72	8.97	6.43	57.65	72.30	3	22.80
767.959	34.71	2.33	81.04	8.91	6.58	58.62	72.30	3	22.80
768.019	34.64	2.39	82.76	8.86	6.75	59.79	72.20	3	22.80
768.123	34.90	2.30	80.24	9.02	6.40	57.72	71.90	3	22.80
768.268	34.83	2.33	81.12	8.90	6.69	59.52	73.40	3	22.80
768.328	34.89	2.31	80.76	9.01	6.36	57.28	70.90	3	22.80
768.432	35.06	2.25	78.81	9.05	6.34	57.41	72.80	3	22.80
768.577	34.82	2.37	82.46	8.98	6.60	59.29	71.90	3	22.80
768.637	35.06	2.27	79.57	9.05	6.27	56.78	71.40	3	22.80
768.741	35.15	2.25	79.21	8.97	6.54	58.67	74.10	3	22.80
768.886	34.96	2.35	82.05	8.98	6.48	58.25	71.00	3	22.80
768.946	35.09	2.27	79.72	8.96	6.51	58.37	73.20	3	22.80
769.050	34.92	2.31	80.57	8.92	6.74	60.12	74.60	3	22.80
769.195	35.00	2.33	81.71	8.99	6.41	57.61	70.50	3	22.80
769.255	34.94	2.33	81.24	8.97	6.53	58.58	72.10	3	22.80
769.359	34.85	2.34	81.53	8.94	6.56	58.69	72.00	3	22.80
769.504	34.81	2.28	79.51	8.98	6.46	57.95	72.90	3	22.80
769.564	34.95	2.27	79.42	9.05	6.31	57.08	71.90	3	22.80
769.668	34.92	2.32	80.99	8.95	6.65	59.54	73.50	3	22.80
769.813	34.83	2.32	80.70	9.02	6.47	58.33	72.30	3	22.80
769.873	35.07	2.30	80.61	8.91	6.72	59.87	74.30	3	22.80
769.977	34.82	2.37	82.49	8.87	6.83	60.58	73.40	3	22.80
770.122	35.13	2.29	80.61	9.01	6.40	57.70	71.60	3	22.80
770.182	34.91	2.35	82.08	8.95	6.62	59.21	72.10	3	22.80
770.286	34.88	2.34	81.78	8.99	6.46	58.06	71.00	3	22.80
770.431	35.11	2.27	79.78	8.95	6.66	59.58	74.70	3	22.80
770.491	34.89	2.33	81.21	8.94	6.56	58.64	72.20	3	22.80
770.595	35.00	2.31	80.92	9.02	6.27	56.61	70.00	3	22.80
770.740	35.16	2.27	79.73	8.94	6.53	58.38	73.20	3	22.80
770.800	35.05	2.35	82.40	8.92	6.58	58.65	71.20	3	22.80
770.904	34.85	2.37	82.54	8.95	6.47	57.92	70.20	3	22.80
771.049	35.16	2.25	79.24	9.03	6.43	58.01	73.20	3	22.80
771.109	34.87	2.34	81.66	8.96	6.64	59.54	72.90	3	22.80
771.213	34.81	2.38	83.00	8.96	6.61	59.22	71.40	3	22.80
771.358	34.99	2.26	79.15	9.06	6.29	57.00	72.00	3	22.80
771.418	34.84	2.33	81.35	8.93	6.68	59.65	73.30	3	22.80
771.522	34.87	2.37	82.72	8.92	6.63	59.19	71.60	3	22.80
771.667	35.00	2.27	79.29	9.08	6.30	57.15	72.10	3	22.80
771.727	34.93	2.26	78.79	8.96	6.65	59.54	75.60	3	22.80
771.831	34.96	2.33	81.55	8.92	6.67	59.56	73.00	3	22.80
771.976	35.09	2.25	78.79	9.01	6.47	58.26	73.90	3	22.80
772.036	35.07	2.25	79.06	9.09	6.16	56.02	70.90	3	22.80
772.140	34.76	2.35	81.71	8.92	6.61	58.98	72.20	3	22.80
772.285	34.98	2.31	80.78	9.02	6.28	56.70	70.20	3	22.80
772.345	35.07	2.26	79.23	8.97	6.51	58.40	73.70	3	22.80
772.449	35.05	2.27	79.71	8.92	6.69	59.74	74.90	3	22.80
772.594	34.75	2.38	82.85	8.86	6.80	60.28	72.80	3	22.80
772.654	35.11	2.29	80.24	9.06	6.23	56.45	70.30	3	22.80
772.758	35.12	2.26	79.48	9.07	6.25	56.67	71.30	3	22.80
772.903	34.99	2.30	80.53	8.95	6.51	58.26	72.30	3	22.80
772.963	34.76	2.36	81.99	8.91	6.67	59.46	72.50	3	22.80
773.067	35.16	2.26	79.52	8.98	6.44	57.82	72.70	3	22.80
773.212	35.02	2.36	82.51	8.96	6.67	59.77	72.40	3	22.80
773.272	35.04	2.34	81.90	8.90	6.72	59.85	73.10	3	22.80
773.376	35.09	2.26	79.30	9.01	6.30	56.78	71.60	3	22.80
773.521	34.99	2.32	81.26	8.93	6.74	60.22	74.10	3	22.80
773.581	35.02	2.34	81.77	8.96	6.61	59.23	72.40	3	22.80
773.685	34.89	2.32	80.81	9.01	6.28	56.65	70.10	3	22.80
773.830	35.00	2.23	78.09	9.03	6.37	57.54	73.70	3	22.80
773.890	34.70	2.35	81.48	8.94	6.74	60.26	74.00	3	22.80
773.994	34.68	2.35	81.49	8.88	6.86	60.86	74.70	3	22.80
774.139	34.91	2.31	80.79	9.01	6.62	59.62	73.80	3	22.80
774.199	34.98	2.27	79.29	9.07	6.31	57.20	72.10	3	22.80
774.303	34.81	2.34	81.51	8.95	6.56	58.65	71.90	3	22.80
774.448	35.12	2.28	80.18	9.01	6.42	57.86	72.20	3	22.80
774.508	35.04	2.31	80.89	9.02	6.44	58.08	71.80	3	22.80
774.612	34.83	2.35	81.76	8.91	6.73	59.94	73.30	3	22.80
774.757	34.89	2.32	80.95	9.00	6.32	56.88	70.30	3	22.80
774.817	35.04	2.28	79.85	8.97	6.52	58.48	73.20	3	22.80
774.921	34.98	2.32	81.16	8.90	6.78	60.31	74.30	3	22.80
775.066	34.93	2.35	82.07	9.03	6.38	57.64	70.20	3	22.80
775.126	35.10	2.27	79.52	9.00	6.51	58.60	73.70	3	22.80
775.230	35.01	2.29	80.05	8.94	6.76	60.44	75.50	3	22.80
775.375	34.76	2.40	83.42	8.93	6.66	59.45	71.30	3	22.80
775.435	35.07	2.28	79.92	9.02	6.35	57.30	71.70	3	22.80
775.539	35.08	2.29	80.22	8.93	6.63	59.22	73.80	3	22.80
775.684	34.85	2.40	83.73	8.96	6.55	58.67	70.10	3	22.80
775.744	35.06	2.28	80.09	8.96	6.53	58.50	73.00	3	22.80
775.848	34.88	2.33	81.25	8.91	6.79	60.42	74.40	3	22.80
775.993	34.91	2.36	82.54	9.00	6.41	57.71	69.90	3	22.80
776.053	35.04	2.30	80.54	8.99	6.53	58.69	72.90	3	22.80
776.157	34.98	2.29	80.16	8.94	6.70	59.89	74.70	3	22.80
776.302	34.76	2.37	82.44	9.01	6.37	57.45	69.70	3	22.80
776.362	35.05	2.27	79.63	8.99	6.44	57.92	72.70	3	22.80
776.466	34.97	2.27	79.50	8.96	6.63	59.39	74.70	3	22.80
776.611	34.99	2.35	82.29	9.00	6.37	57.31	69.60	3	22.80
776.671	35.14	2.30	80.84	8.99	6.50	58.41	72.30	3	22.80
776.775	35.02	2.31	80.74	8.94	6.68	59.71	74.00	3	22.80
776.920	35.03	2.31	80.84	8.99	6.34	57.04	70.60	3	22.80
776.980	34.94	2.31	80.68	9.02	6.42	57.95	71.80	3	22.80
777.084	34.87	2.34	81.54	8.97	6.62	59.34	72.80	3	22.80
777.229	34.99	2.27	79.59	9.04	6.32	57.13	71.80	3	22.80
777.289	34.92	2.30	80.42	9.03	6.39	57.69	71.70	3	22.80
777.393	34.88	2.34	81.52	8.93	6.62	59.14	72.60	3	22.80
777.538	35.05	2.26	79.38	9.06	6.36	57.64	72.60	3	22.80
777.598	35.04	2.27	79.44	9.08	6.26	56.81	71.50	3	22.80
777.702	34.90	2.34	81.51	8.97	6.55	58.71	72.00	3	22.80
777.847	35.02	2.29	80.04	9.04	6.44	58.21	72.70	3	22.80
777.907	35.02	2.28	79.75	9.05	6.45	58.35	73.20	3	22.80
778.011	34.84	2.35	82.01	8.90	6.73	59.89	73.00	3	22.80
778.156	34.97	2.34	81.66	9.01	6.45	58.10	71.10	3	22.80
778.216	34.93	2.32	81.09	8.89	6.70	59.54	73.40	3	22.80
778.320	34.91	2.38	83.02	8.95	6.49	58.06	69.90	3	22.80
778.465	34.93	2.31	80.56	8.92	6.71	59.86	74.30	3	22.80
778.525	34.86	2.34	81.73	8.93	6.62	59.14	72.40	3	22.80
778.629	35.05	2.28	80.04	8.96	6.43	57.62	72.00	3	22.80
778.774	34.98	2.36	82.60	8.94	6.66	59.57	72.10	3	22.80
778.834	34.92	2.37	82.72	8.86	6.88	60.90	73.60	3	22.80
778.938	35.02	2.33	81.47	8.97	6.60	59.16	72.60	3	22.80
779.083	35.01	2.33	81.68	8.93	6.70	59.79	73.20	3	22.80
779.143	34.89	2.38	82.89	8.98	6.56	58.88	71.00	3	22.80
779.247	35.11	2.28	79.91	9.06	6.34	57.43	71.90	3	22.80
779.392	34.94	2.37	82.88	8.82	6.88	60.67	73.20	3	22.80
779.452	34.88	2.31	80.72	9.01	6.32	57.00	70.60	3	22.80
779.556	35.09	2.25	79.05	9.06	6.29	57.03	72.10	3	22.80
779.701	34.75	2.38	82.68	8.91	6.66	59.33	71.80	3	22.80
779.761	35.15	2.28	80.00	8.99	6.37	57.33	71.70	3	22.80
779.865	35.14	2.25	79.23	8.98	6.57	59.01	74.50	3	22.80
780.010	34.90	2.35	82.12	8.99	6.41	57.65	70.20	3	22.80
780.070	35.03	2.29	80.21	8.98	6.56	58.88	73.40	3	22.80
780.174	35.00	2.32	81.35	8.93	6.69	59.70	73.40	3	22.80
780.319	35.02	2.32	81.20	9.04	6.27	56.66	69.80	3	22.80
780.379	34.93	2.31	80.77	9.02	6.44	58.02	71.80	3	22.80
780.483	34.83	2.35	81.85	8.94	6.60	58.96	72.00	3	22.80
780.628	34.96	2.29	79.93	8.98	6.44	57.77	72.30	3	22.80
780.688	35.10	2.29	80.28	9.02	6.33	57.04	71.10	3	22.80
780.791	34.97	2.33	81.63	8.92	6.61	58.94	72.20	3	22.80
780.936	34.85	2.33	81.30	9.00	6.55	58.95	72.50	3	22.80
780.996	34.81	2.31	80.24	8.91	6.76	60.23	75.10	3	22.80
781.100	34.70	2.39	82.76	8.94	6.63	59.27	71.60	3	22.80
781.245	34.95	2.30	80.44	8.96	6.62	59.29	73.70	3	22.80
781.305	34.93	2.35	81.96	8.94	6.62	59.17	72.20	3	22.80
781.409	35.07	2.31	80.94	9.01	6.41	57.77	71.40	3	22.80
781.553	34.94	2.37	82.76	8.96	6.69	59.92	72.40	3	22.80
781.613	34.94	2.37	82.65	8.89	6.80	60.41	73.10	3	22.80
781.717	35.08	2.30	80.59	8.98	6.54	58.74	72.90	3	22.80
781.862	35.01	2.35	82.34	8.94	6.67	59.64	72.40	3	22.80
781.922	34.80	2.40	83.37	8.98	6.60	59.25	71.10	3	22.80
782.026	35.04	2.28	80.05	9.04	6.34	57.31	71.60	3	22.80
782.171	34.89	2.37	82.67	8.86	6.85	60.64	73.40	3	22.80
782.231	34.94	2.32	80.92	9.01	6.37	57.40	70.90	3	22.80
782.335	35.08	2.26	79.32	9.05	6.38	57.73	72.80	3	22.80
782.480	34.84	2.36	82.18	8.97	6.44	57.71	70.20	3	22.80
782.540	34.85	2.30	80.30	8.98	6.50	58.38	72.70	3	22.80
782.644	34.76	2.35	81.57	8.95	6.59	58.98	72.30	3	22.80
782.789	35.21	2.25	79.11	9.02	6.41	57.79	73.10	3	22.80
782.849	35.14	2.24	78.83	9.05	6.28	56.85	72.10	3	22.80
782.953	34.93	2.33	81.41	8.96	6.53	58.50	71.90	3	22.80
783.098	35.13	2.27	79.70	9.01	6.46	58.16	73.00	3	22.80
783.158	35.06	2.26	79.23	9.05	6.31	57.12	72.10	3	22.80
783.262	34.80	2.34	81.54	8.95	6.51	58.22	71.40	3	22.80
783.407	35.00	2.27	79.30	8.98	6.46	58.01	73.10	3	22.80
783.467	34.97	2.28	79.88	9.04	6.35	57.40	71.90	3	22.80
783.571	34.92	2.33	81.21	8.95	6.54	58.48	72.00	3	22.80
783.716	35.09	2.28	79.85	9.02	6.36	57.40	71.90	3	22.80
783.776	35.05	2.31	80.92	9.03	6.37	57.47	71.00	3	22.80
783.880	34.93	2.34	81.58	8.95	6.61	59.20	72.60	3	22.80
784.025	35.07	2.30	80.51	9.02	6.38	57.58	71.50	3	22.80
784.085	35.00	2.32	81.05	9.03	6.43	58.06	71.60	3	22.80
784.189	34.90	2.34	81.75	8.99	6.50	58.43	71.50	3	22.80
784.334	35.16	2.29	80.44	8.97	6.50	58.31	72.50	3	22.80
784.394	35.16	2.28	80.21	9.02	6.41	57.76	72.00	3	22.80
784.498	35.01	2.32	81.35	8.94	6.61	59.08	72.60	3	22.80
784.643	35.04	2.32	81.36	8.97	6.56	58.86	72.30	3	22.80
784.703	35.16	2.29	80.42	8.93	6.62	59.17	73.60	3	22.80
784.807	35.00	2.35	82.17	8.89	6.77	60.18	73.20	3	22.80
784.952	34.99	2.32	81.31	8.95	6.50	58.16	71.50	3	22.80
785.012	34.97	2.32	81.26	8.88	6.82	60.51	74.50	3	22.80
785.116	34.82	2.36	82.18	8.86	6.77	59.98	73.00	3	22.80
785.261	35.04	2.29	80.36	9.02	6.43	58.01	72.20	3	22.80
785.321	34.83	2.35	81.71	8.91	6.73	60.01	73.40	3	22.80
785.425	34.74	2.37	82.46	8.93	6.60	58.95	71.50	3	22.80
785.570	35.09	2.30	80.55	8.97	6.52	58.46	72.60	3	22.80
785.630	34.87	2.36	82.28	8.94	6.62	59.20	72.00	3	22.80
785.734	34.88	2.35	82.01	9.01	6.43	57.94	70.70	3	22.80
785.879	34.94	2.30	80.35	9.02	6.58	59.30	73.80	3	22.80
785.939	34.75	2.36	82.05	8.96	6.63	59.44	72.40	3	22.80
786.043	34.75	2.37	82.33	8.98	6.54	58.73	71.30	3	22.80
786.188	34.99	2.28	79.92	8.99	6.41	57.61	72.10	3	22.80
786.248	34.82	2.35	81.93	8.90	6.79	60.41	73.70	3	22.80
786.352	34.80	2.35	81.94	8.91	6.79	60.51	73.80	3	22.80
786.497	35.04	2.32	81.37	8.97	6.57	59.00	72.50	3	22.80
786.557	35.24	2.26	79.53	9.06	6.30	57.08	71.80	3	22.80
786.661	34.87	2.33	81.33	8.93	6.56	58.56	72.00	3	22.80
786.806	35.13	2.28	80.23	8.98	6.42	57.65	71.90	3	22.80
786.866	35.10	2.30	80.62	9.02	6.32	57.02	70.70	3	22.80
786.970	34.96	2.35	82.01	8.89	6.61	58.74	71.60	3	22.80
787.115	34.96	2.31	80.73	8.97	6.55	58.76	72.80	3	22.80
787.175	35.11	2.26	79.46	9.02	6.36	57.35	72.20	3	22.80
787.279	34.93	2.34	81.65	8.94	6.61	59.06	72.30	3	22.80
787.424	35.01	2.29	80.22	8.99	6.57	59.03	73.60	3	22.80
787.484	35.07	2.25	78.93	9.07	6.24	56.61	71.70	3	22.80
787.588	34.85	2.35	81.93	8.94	6.54	58.44	71.30	3	22.80
787.733	35.26	2.27	80.19	9.03	6.50	58.72	73.20	3	22.80
787.793	35.32	2.28	80.37	9.06	6.31	57.14	71.10	3	22.80
787.897	34.83	2.34	81.48	8.96	6.51	58.35	71.60	3	22.80
788.042	34.96	2.28	79.86	9.04	6.32	57.14	71.50	3	22.80
788.102	34.86	2.29	79.98	9.06	6.34	57.43	71.80	3	22.80
788.206	34.79	2.35	81.66	8.95	6.63	59.39	72.70	3	22.80
788.351	34.95	2.28	79.73	9.06	6.26	56.76	71.20	3	22.80
788.411	34.93	2.31	80.59	9.02	6.39	57.68	71.60	3	22.80
788.515	34.86	2.35	81.88	8.93	6.69	59.78	73.00	3	22.80
788.660	35.01	2.31	80.91	9.02	6.27	56.61	70.00	3	22.80
788.720	35.05	2.30	80.78	8.99	6.55	58.89	72.90	3	22.80
788.824	34.91	2.32	81.05	8.89	6.75	60.07	74.10	3	22.80
788.969	35.06	2.31	81.11	9.04	6.29	56.84	70.10	3	22.80
789.029	34.97	2.28	79.56	8.97	6.57	58.92	74.00	3	22.80
789.133	34.91	2.30	80.46	8.90	6.71	59.75	74.30	3	22.80
789.278	35.08	2.30	80.79	9.03	6.28	56.71	70.20	3	22.80
789.338	35.06	2.31	80.89	9.01	6.44	57.99	71.70	3	22.80
789.442	34.99	2.35	82.14	8.94	6.68	59.66	72.60	3	22.80
789.587	35.07	2.29	80.47	9.03	6.32	57.05	70.90	3	22.80
789.647	34.94	2.34	81.85	8.98	6.55	58.83	71.90	3	22.80
789.751	34.78	2.36	81.96	8.97	6.60	59.18	72.20	3	22.80
789.896	34.90	2.30	80.40	8.98	6.44	57.82	71.90	3	22.80
789.956	34.92	2.33	81.47	8.98	6.47	58.11	71.30	3	22.80
790.060	34.74	2.34	81.41	8.94	6.54	58.41	71.80	3	22.80
790.205	35.28	2.28	80.55	8.96	6.49	58.20	72.30	3	22.80
790.265	35.06	2.32	81.40	8.97	6.45	57.87	71.10	3	22.80
790.369	34.96	2.33	81.51	8.93	6.53	58.28	71.50	3	22.80
790.514	34.98	2.32	81.01	8.95	6.59	59.01	72.80	3	22.80
790.574	34.90	2.30	80.11	8.93	6.55	58.49	73.00	3	22.80
790.678	34.83	2.35	81.69	8.90	6.68	59.44	72.80	3	22.80
790.823	34.93	2.33	81.25	8.98	6.50	58.43	71.90	3	22.80
790.883	34.93	2.31	80.64	8.94	6.59	58.87	73.00	3	22.80
790.987	34.79	2.35	81.63	8.89	6.68	59.45	72.80	3	22.80
791.132	34.83	2.33	81.13	8.99	6.48	58.25	71.80	3	22.80
791.192	34.83	2.29	79.76	8.94	6.59	58.92	73.90	3	22.80
791.296	34.85	2.35	81.82	8.90	6.65	59.22	72.40	3	22.80
791.441	35.07	2.34	81.98	8.94	6.58	58.83	71.80	3	22.80
791.501	35.12	2.30	80.90	8.93	6.58	58.83	72.70	3	22.80
791.605	34.89	2.34	81.63	8.92	6.63	59.16	72.50	3	22.80
791.750	34.97	2.30	80.58	8.95	6.64	59.42	73.70	3	22.80
791.810	34.88	2.30	80.38	9.00	6.43	57.83	71.90	3	22.80
791.914	34.77	2.35	81.83	8.93	6.61	58.99	72.10	3	22.80
792.059	35.09	2.29	80.52	9.01	6.34	57.15	71.00	3	22.80
792.119	35.01	2.31	81.04	8.95	6.59	58.99	72.80	3	22.80
792.223	35.03	2.28	79.86	8.89	6.77	60.17	75.30	3	22.80
792.368	34.80	2.37	82.56	8.91	6.70	59.70	72.30	3	22.80
792.428	35.06	2.28	79.92	9.06	6.20	56.11	70.20	3	22.80
792.532	35.00	2.30	80.38	9.03	6.32	57.10	71.00	3	22.80
792.677	34.92	2.34	81.61	8.95	6.62	59.30	72.70	3	22.80
792.737	34.76	2.41	83.62	8.97	6.58	59.01	70.60	3	22.80
792.841	35.07	2.33	81.59	9.00	6.44	57.99	71.10	3	22.80
792.986	34.92	2.34	81.63	8.92	6.66	59.44	72.80	3	22.80
793.046	34.77	2.38	82.74	8.99	6.47	58.11	70.20	3	22.80
793.150	35.05	2.32	81.15	9.04	6.41	57.93	71.40	3	22.80
793.295	34.89	2.35	81.82	8.91	6.72	59.91	73.20	3	22.80
793.355	35.03	2.32	81.21	9.01	6.34	57.16	70.40	3	22.80
793.459	34.87	2.29	79.70	8.99	6.43	57.80	72.50	3	22.80
793.604	34.83	2.37	82.47	8.92	6.64	59.21	71.80	3	22.80
793.664	35.10	2.29	80.22	9.02	6.36	57.33	71.50	3	22.80
793.768	35.08	2.29	80.46	8.93	6.67	59.52	74.00	3	22.80
793.913	34.83	2.39	83.10	8.91	6.61	58.84	70.80	3	22.80
793.973	35.14	2.28	80.14	8.98	6.46	58.00	72.40	3	22.80
794.077	35.09	2.26	79.49	8.96	6.51	58.35	73.40	3	22.80
794.222	34.84	2.38	82.91	8.94	6.64	59.38	71.60	3	22.80
794.282	34.98	2.27	79.56	9.06	6.29	57.04	71.70	3	22.80
794.386	35.08	2.27	79.48	9.08	6.28	56.97	71.70	3	22.80
794.531	34.91	2.35	81.93	8.86	6.76	59.87	73.10	3	22.80
794.591	34.99	2.33	81.59	9.01	6.33	57.07	69.90	3	22.80
794.695	35.08	2.29	80.22	9.03	6.34	57.23	71.30	3	22.80
794.840	34.89	2.32	81.12	8.92	6.53	58.22	71.80	3	22.80
794.900	34.80	2.36	82.24	8.88	6.73	59.77	72.70	3	22.80
795.004	35.17	2.23	78.30	9.03	6.27	56.60	72.30	3	22.80
795.149	35.13	2.29	80.30	8.94	6.68	59.73	74.40	3	22.80
795.209	34.92	2.38	83.11	8.93	6.64	59.30	71.30	3	22.80
795.313	34.83	2.37	82.46	8.85	6.84	60.54	73.40	3	22.80
795.458	34.94	2.32	81.00	8.97	6.56	58.84	72.60	3	22.80
795.518	35.11	2.27	79.57	9.01	6.40	57.63	72.40	3	22.80
795.622	34.90	2.35	82.03	8.97	6.46	57.98	70.70	3	22.80
795.767	35.03	2.30	80.53	9.08	6.24	56.67	70.40	3	22.80
795.827	35.12	2.26	79.24	8.99	6.50	58.49	73.80	3	22.80
795.931	35.01	2.28	79.84	8.98	6.62	59.43	74.40	3	22.80
796.076	34.70	2.37	82.26	8.87	6.88	60.98	74.10	3	22.80
796.136	34.93	2.32	80.96	9.03	6.24	56.39	69.70	3	22.80
796.240	34.94	2.30	80.36	9.03	6.32	57.05	71.00	3	22.80
796.385	34.94	2.35	82.08	8.96	6.59	59.06	72.00	3	22.80
796.445	34.93	2.34	81.78	8.88	6.78	60.20	73.60	3	22.80
796.549	35.10	2.28	79.89	9.02	6.40	57.79	72.30	3	22.80
796.694	34.93	2.32	80.92	8.89	6.79	60.40	74.60	3	22.80
796.754	34.73	2.34	81.33	8.96	6.54	58.67	72.10	3	22.80
796.858	34.95	2.32	81.12	9.00	6.37	57.28	70.60	3	22.80
797.003	34.99	2.29	80.01	8.93	6.52	58.28	72.80	3	22.80
797.063	34.77	2.38	82.69	8.87	6.70	59.42	71.90	3	22.80
797.167	34.80	2.37	82.41	8.86	6.77	59.96	72.80	3	22.80
797.312	35.02	2.30	80.62	8.97	6.43	57.70	71.60	3	22.80
797.372	34.95	2.34	81.90	8.88	6.82	60.55	73.90	3	22.80
797.476	34.85	2.36	82.08	8.86	6.79	60.19	73.30	3	22.80
797.621	34.86	2.30	80.21	9.02	6.47	58.35	72.70	3	22.80
797.681	34.78	2.35	81.59	8.87	6.84	60.71	74.40	3	22.80
797.785	34.69	2.37	82.17	8.89	6.77	60.16	73.20	3	22.80
797.930	35.02	2.30	80.61	9.02	6.39	57.59	71.40	3	22.80
797.990	34.88	2.31	80.57	8.91	6.75	60.16	74.70	3	22.80
798.094	34.90	2.34	81.69	8.89	6.66	59.25	72.50	3	22.80
798.239	34.95	2.31	80.80	8.95	6.53	58.49	72.40	3	22.80
798.299	35.02	2.30	80.45	8.94	6.52	58.28	72.40	3	22.80
798.403	34.83	2.34	81.61	8.90	6.63	58.97	72.30	3	22.80
798.548	34.82	2.32	80.71	8.95	6.52	58.31	72.20	3	22.80
798.608	34.96	2.28	79.62	8.94	6.53	58.42	73.40	3	22.80
798.712	34.86	2.35	81.81	8.92	6.65	59.36	72.60	3	22.80
798.857	35.00	2.30	80.62	8.99	6.53	58.69	72.80	3	22.80
798.917	35.30	2.27	79.99	9.00	6.43	57.92	72.40	3	22.80
799.021	35.03	2.35	82.14	8.92	6.69	59.72	72.70	3	22.80
799.166	35.05	2.29	80.23	9.01	6.49	58.50	72.90	3	22.80
799.226	35.04	2.26	79.34	8.98	6.46	58.00	73.10	3	22.80
799.330	34.92	2.34	81.69	8.86	6.72	59.53	72.90	3	22.80
799.475	34.92	2.30	80.45	9.06	6.36	57.68	71.70	3	22.80
799.535	35.04	2.27	79.68	8.98	6.51	58.46	73.40	3	22.80
799.639	34.87	2.36	82.15	8.88	6.80	60.37	73.50	3	22.80
799.784	35.01	2.27	79.60	9.06	6.38	57.84	72.70	3	22.80
799.844	34.98	2.27	79.48	8.95	6.63	59.35	74.70	3	22.80
799.948	34.77	2.34	81.40	8.85	6.82	60.35	74.10	3	22.80
800.093	34.96	2.31	80.79	9.05	6.37	57.71	71.40	3	22.80
800.153	35.06	2.28	80.04	8.98	6.50	58.38	72.90	3	22.80
800.257	34.86	2.32	81.04	8.90	6.63	59.06	72.90	3	22.80
800.402	34.99	2.30	80.39	9.03	6.38	57.67	71.70	3	22.80
800.462	35.00	2.29	80.25	8.91	6.67	59.43	74.10	3	22.80
800.566	34.86	2.35	81.89	8.88	6.79	60.26	73.60	3	22.80
800.711	35.11	2.27	79.68	8.99	6.38	57.41	72.00	3	22.80
800.771	34.89	2.35	81.88	8.92	6.61	58.95	72.00	3	22.80
800.875	34.93	2.33	81.50	8.97	6.37	57.19	70.20	3	22.80
801.020	34.79	2.33	80.94	8.92	6.79	60.53	74.80	3	22.80
801.080	34.91	2.34	81.67	8.94	6.56	58.63	71.80	3	22.80
801.184	35.04	2.29	80.16	8.98	6.44	57.83	72.10	3	22.80
801.329	34.81	2.37	82.35	8.93	6.65	59.37	72.10	3	22.80
801.389	34.82	2.37	82.42	8.86	6.79	60.17	73.00	3	22.80
801.493	35.01	2.32	81.22	8.93	6.64	59.27	73.00	3	22.80
801.638	34.90	2.35	81.92	8.90	6.69	59.56	72.70	3	22.80
801.698	34.84	2.36	82.08	8.97	6.49	58.22	70.90	3	22.80
801.802	34.96	2.29	80.12	8.99	6.48	58.22	72.70	3	22.80
801.947	34.98	2.36	82.48	8.93	6.50	58.08	70.40	3	22.80
802.007	35.17	2.27	79.95	8.97	6.51	58.40	73.00	3	22.80
802.111	34.86	2.35	82.00	8.92	6.71	59.83	73.00	3	22.80
802.256	35.01	2.29	80.22	9.02	6.37	57.42	71.60	3	22.80
802.316	34.97	2.30	80.38	9.02	6.37	57.46	71.50	3	22.80
802.420	34.88	2.34	81.49	8.96	6.59	59.02	72.40	3	22.80
802.565	34.89	2.30	80.43	8.99	6.48	58.32	72.50	3	22.80
802.625	34.87	2.28	79.62	8.94	6.65	59.41	74.60	3	22.80
802.729	34.77	2.39	83.02	8.91	6.73	59.93	72.20	3	22.80
802.874	35.06	2.26	79.27	9.05	6.30	56.99	71.90	3	22.80
802.934	34.90	2.33	81.24	8.94	6.75	60.32	74.30	3	22.80
803.038	34.66	2.37	82.30	8.99	6.51	58.48	71.10	3	22.80
803.183	35.11	2.26	79.46	9.01	6.52	58.78	74.00	3	22.80
803.243	34.84	2.34	81.69	8.97	6.59	59.16	72.40	3	22.80
803.347	34.84	2.35	81.89	9.00	6.42	57.77	70.50	3	22.80
803.492	34.90	2.33	81.27	8.89	6.71	59.64	73.40	3	22.80
803.552	34.92	2.34	81.87	8.88	6.73	59.76	73.00	3	22.80
803.656	35.12	2.29	80.57	8.97	6.53	58.58	72.70	3	22.80
803.801	34.92	2.34	81.72	8.93	6.56	58.53	71.60	3	22.80
803.861	34.81	2.37	82.61	8.83	6.82	60.23	72.90	3	22.80
803.965	35.01	2.26	79.11	8.98	6.51	58.41	73.80	3	22.80
804.110	34.88	2.35	81.80	8.96	6.67	59.83	73.10	3	22.80
804.170	34.80	2.33	80.93	8.92	6.59	58.83	72.70	3	22.80
804.274	34.97	2.31	80.75	9.04	6.28	56.80	70.30	3	22.80
804.418	34.99	2.27	79.48	8.93	6.67	59.59	75.00	3	22.80
804.478	34.79	2.34	81.36	8.91	6.59	58.72	72.20	3	22.80
804.582	34.82	2.33	81.27	8.99	6.36	57.17	70.30	3	22.80
804.727	34.98	2.30	80.61	8.91	6.73	60.01	74.40	3	22.80
804.787	34.87	2.34	81.49	8.96	6.56	58.80	72.10	3	22.80
804.891	34.97	2.30	80.52	9.05	6.31	57.10	70.90	3	22.80
805.036	34.93	2.29	79.93	8.93	6.66	59.44	74.40	3	22.80
805.096	34.78	2.35	81.89	8.93	6.56	58.56	71.50	3	22.80
805.200	34.89	2.36	82.51	8.99	6.40	57.54	69.70	3	22.80
805.345	35.06	2.26	79.36	9.03	6.35	57.35	72.30	3	22.80
805.405	34.90	2.32	81.02	8.91	6.76	60.22	74.30	3	22.80
805.509	34.76	2.39	83.17	8.85	6.79	60.13	72.30	3	22.80
805.654	34.93	2.31	80.81	9.00	6.36	57.22	70.80	3	22.80
805.714	35.01	2.29	80.13	8.91	6.69	59.63	74.40	3	22.80
805.818	34.81	2.37	82.39	8.87	6.85	60.70	73.70	3	22.80
805.963	34.94	2.35	81.97	8.94	6.54	58.46	71.30	3	22.80
806.023	35.05	2.28	80.02	8.97	6.50	58.32	72.90	3	22.80
806.127	34.91	2.36	82.36	8.88	6.69	59.45	72.20	3	22.80
806.272	35.06	2.31	80.92	8.97	6.54	58.62	72.40	3	22.80
806.332	35.07	2.28	79.82	9.00	6.39	57.50	72.00	3	22.80
806.436	34.79	2.35	81.86	8.92	6.68	59.61	72.80	3	22.80
806.581	34.94	2.31	80.87	8.99	6.53	58.70	72.60	3	22.80
806.641	35.05	2.27	79.41	9.01	6.44	58.05	73.10	3	22.80
806.745	34.79	2.34	81.51	8.89	6.69	59.51	73.00	3	22.80
806.890	34.86	2.29	79.89	8.97	6.53	58.62	73.40	3	22.80
806.950	35.06	2.25	78.99	9.05	6.30	56.96	72.10	3	22.80
807.054	34.77	2.37	82.34	8.93	6.62	59.08	71.80	3	22.80
807.199	35.02	2.32	81.11	9.02	6.23	56.23	69.30	3	22.80
807.259	35.11	2.27	79.79	9.00	6.55	58.94	73.90	3	22.80
807.363	35.04	2.26	79.20	8.99	6.52	58.58	74.00	3	22.80
807.508	34.62	2.38	82.49	8.84	6.86	60.67	73.60	3	22.80
807.568	34.85	2.36	82.32	9.02	6.30	56.84	69.10	3	22.80
807.672	34.90	2.30	80.30	9.02	6.49	58.51	72.90	3	22.80
807.817	34.97	2.37	82.82	8.95	6.66	59.57	71.90	3	22.80
807.877	34.91	2.37	82.73	8.87	6.81	60.38	73.00	3	22.80
807.981	34.96	2.29	79.93	9.08	6.18	56.14	70.20	3	22.80
808.126	35.22	2.25	79.24	9.07	6.32	57.29	72.30	3	22.80
808.186	34.91	2.35	82.10	8.91	6.83	60.88	74.10	3	22.80
808.290	34.63	2.39	82.70	8.83	6.94	61.24	74.00	3	22.80
808.435	35.07	2.28	79.84	9.02	6.55	59.09	74.00	3	22.80
808.495	35.03	2.31	80.89	9.03	6.42	57.99	71.70	3	22.80
808.599	34.89	2.37	82.68	8.90	6.80	60.54	73.20	3	22.80
808.744	34.77	2.41	83.97	8.95	6.60	59.09	70.40	3	22.80
808.804	35.11	2.28	79.89	9.08	6.23	56.54	70.80	3	22.80
808.908	35.15	2.26	79.51	9.05	6.30	57.04	71.70	3	22.80
809.053	34.76	2.36	82.16	8.89	6.76	60.16	73.20	3	22.80
809.113	34.71	2.40	83.42	8.98	6.45	57.90	69.40	3	22.80
809.217	35.07	2.29	80.48	8.97	6.46	57.96	72.00	3	22.80
809.362	34.71	2.38	82.65	8.92	6.66	59.42	71.90	3	22.80
809.422	34.75	2.38	82.66	8.90	6.73	59.91	72.50	3	22.80
809.526	34.91	2.34	81.75	9.06	6.25	56.58	69.20	3	22.80
809.671	35.13	2.23	78.44	9.07	6.25	56.71	72.30	3	22.80
809.731	35.01	2.32	81.15	8.89	6.86	60.94	75.10	3	22.80
809.835	34.84	2.36	82.28	8.86	6.84	60.59	73.60	3	22.80
809.980	35.08	2.27	79.63	9.07	6.39	58.00	72.80	3	22.80
