525.095	39.10	0.00	0.16	0.06	0.00	0.00	0.00	5	0.00
525.155	39.10	0.00	0.06	0.05	0.00	0.00	0.00	5	0.00
525.258	39.23	0.00	0.00	0.05	0.00	0.00	0.00	5	0.00
525.402	39.24	0.01	0.20	0.05	0.00	0.00	0.00	5	0.50
525.462	39.27	0.00	0.00	0.04	0.00	0.00	0.00	5	0.50
525.565	39.24	0.00	0.08	0.05	0.00	0.00	0.00	5	0.50
525.709	39.19	0.01	0.36	0.16	0.00	0.00	0.00	5	1.00
525.769	39.19	0.01	0.46	0.28	0.00	0.00	0.00	5	1.00
525.872	39.18	0.01	0.56	0.40	0.06	0.03	4.50	5	1.00
526.016	39.25	0.03	1.24	0.47	0.19	0.09	7.20	5	1.50
526.076	39.25	0.03	1.27	0.54	0.28	0.15	12.10	5	1.50
526.179	39.19	0.02	0.95	0.58	0.40	0.23	24.40	5	1.50
526.323	39.17	0.02	0.73	0.66	0.46	0.31	42.20	5	2.00
526.383	39.15	0.04	1.67	0.73	0.55	0.40	24.10	5	2.00
526.486	39.21	0.05	1.99	0.77	0.65	0.50	25.30	5	2.00
526.630	39.14	0.06	2.50	0.85	0.77	0.65	26.00	5	2.50
526.690	39.09	0.07	2.62	0.94	0.91	0.86	32.70	5	2.50
526.793	39.09	0.09	3.41	1.05	1.02	1.07	31.40	5	2.50
526.937	39.11	0.09	3.67	1.07	1.09	1.16	31.70	5	3.00
526.997	39.02	0.09	3.68	1.13	1.18	1.33	36.20	5	3.00
527.100	39.10	0.09	3.60	1.20	1.30	1.56	43.10	5	3.00
527.244	39.06	0.10	3.91	1.23	1.35	1.66	42.60	5	3.50
527.304	39.08	0.11	4.42	1.32	1.44	1.90	43.00	5	3.50
527.407	39.09	0.13	5.08	1.36	1.51	2.05	40.40	5	3.50
527.551	39.02	0.13	5.21	1.39	1.59	2.21	42.40	5	3.50
527.611	39.04	0.15	5.90	1.44	1.67	2.41	40.90	5	4.00
527.714	38.88	0.15	6.01	1.49	1.74	2.60	43.20	5	4.00
527.858	38.87	0.15	5.98	1.50	1.80	2.70	45.10	5	4.00
527.918	38.94	0.16	6.14	1.56	1.89	2.95	48.10	5	4.50
528.021	38.98	0.17	6.43	1.62	1.95	3.16	49.10	5	4.50
528.165	38.96	0.17	6.67	1.63	2.01	3.28	49.20	5	4.50
528.225	39.05	0.18	6.96	1.66	2.06	3.42	49.10	5	5.00
528.328	38.94	0.20	7.70	1.77	2.14	3.78	49.10	5	5.00
528.472	38.94	0.21	8.19	1.77	2.20	3.90	47.60	5	5.00
528.532	38.89	0.22	8.44	1.83	2.26	4.14	49.10	5	5.50
528.635	38.75	0.23	8.74	1.89	2.35	4.43	50.70	5	5.50
528.779	38.99	0.23	8.98	1.89	2.41	4.55	50.70	5	5.50
528.839	38.90	0.24	9.36	1.94	2.47	4.78	51.10	5	6.00
528.942	38.83	0.26	10.04	2.03	2.61	5.31	52.90	5	6.00
529.086	38.90	0.27	10.57	2.06	2.79	5.75	54.40	5	6.00
529.146	38.84	0.29	11.44	2.06	2.88	5.95	52.00	5	6.50
529.249	38.72	0.33	12.64	2.12	3.13	6.65	52.60	5	6.50
529.393	38.70	0.35	13.45	2.12	3.30	7.01	52.10	5	6.50
529.453	38.73	0.35	13.74	2.14	3.35	7.17	52.10	5	7.00
529.556	38.63	0.38	14.77	2.24	3.56	7.98	54.00	5	7.00
529.700	38.60	0.41	15.70	2.26	3.74	8.46	53.90	5	7.00
529.760	38.58	0.41	15.64	2.26	3.79	8.58	54.80	5	7.50
529.863	38.47	0.45	17.43	2.36	4.00	9.42	54.10	5	7.50
530.007	38.48	0.47	17.96	2.39	4.15	9.92	55.20	5	7.50
530.067	38.46	0.47	18.14	2.39	4.13	9.89	54.60	5	7.50
530.170	38.43	0.52	20.10	2.51	4.38	11.00	54.80	5	8.00
530.314	38.44	0.54	20.77	2.56	4.41	11.29	54.30	5	8.00
530.374	38.39	0.54	20.54	2.57	4.44	11.39	55.40	5	8.00
530.477	38.43	0.57	22.09	2.64	4.65	12.24	55.40	5	8.50
530.621	38.47	0.61	23.40	2.67	4.80	12.83	54.90	5	8.50
530.681	38.45	0.61	23.62	2.67	4.82	12.87	54.50	5	8.50
530.784	38.34	0.67	25.50	2.77	5.02	13.90	54.50	5	9.00
530.928	38.21	0.69	26.56	2.80	5.14	14.42	54.30	5	9.00
530.988	38.20	0.69	26.50	2.83	5.20	14.70	55.50	5	9.00
531.091	38.01	0.74	28.00	2.90	5.35	15.51	55.40	5	9.50
531.235	38.07	0.76	28.76	2.97	5.43	16.13	56.10	5	9.50
531.295	38.09	0.75	28.56	2.98	5.44	16.22	56.80	5	9.50
531.398	37.97	0.80	30.30	3.02	5.62	16.96	56.00	5	10.00
531.543	38.12	0.82	31.43	3.12	5.72	17.83	56.70	5	10.00
531.603	38.08	0.83	31.51	3.11	5.70	17.72	56.20	5	10.00
531.707	37.79	0.85	32.23	3.16	5.77	18.25	56.60	5	10.50
531.852	37.83	0.89	33.77	3.22	5.91	19.03	56.30	5	10.50
531.912	37.88	0.90	34.00	3.22	5.90	19.01	55.90	5	10.50
532.016	37.71	0.94	35.38	3.27	6.02	19.70	55.70	5	11.00
532.161	37.75	0.99	37.33	3.32	6.17	20.53	55.00	5	11.00
532.221	37.68	0.99	37.36	3.35	6.18	20.71	55.40	5	11.00
532.325	37.63	1.02	38.23	3.43	6.32	21.64	56.60	5	11.50
532.470	37.60	1.07	40.40	3.58	6.49	23.21	57.40	5	11.50
532.530	37.57	1.08	40.54	3.58	6.51	23.29	57.40	5	11.50
532.634	37.55	1.11	41.62	3.62	6.61	23.90	57.40	5	12.00
532.779	37.40	1.16	43.28	3.71	6.81	25.26	58.40	5	12.00
532.839	37.47	1.16	43.53	3.72	6.80	25.30	58.10	5	12.00
532.943	37.39	1.19	44.56	3.79	6.80	25.75	57.80	5	12.50
533.087	37.45	1.12	41.97	4.07	6.22	25.33	60.30	5	12.50
533.147	37.49	1.06	39.58	4.17	5.80	24.18	61.10	5	12.50
533.251	37.68	0.95	35.88	4.39	5.09	22.34	62.30	5	13.00
533.396	37.92	0.87	32.87	4.66	4.41	20.55	62.50	5	13.00
533.456	37.95	0.84	31.92	4.70	4.24	19.93	62.40	5	13.00
533.560	37.96	0.80	30.26	4.80	4.03	19.32	63.90	5	13.50
533.705	38.04	0.81	30.72	4.98	3.92	19.51	63.50	5	13.50
533.765	38.06	0.80	30.42	5.01	3.87	19.39	63.70	5	13.50
533.868	38.09	0.77	29.28	5.10	3.72	18.95	64.70	5	14.00
534.013	38.04	0.85	32.44	5.25	3.88	20.39	62.80	5	14.00
534.073	38.01	0.82	31.15	5.34	3.59	19.16	61.50	5	14.00
534.177	38.07	0.77	29.32	5.32	3.58	19.04	64.90	5	14.50
534.322	38.03	0.81	30.85	5.49	3.71	20.40	66.10	5	14.50
534.382	38.08	0.81	30.81	5.55	3.66	20.31	65.90	5	14.50
534.486	38.04	0.79	30.05	5.59	3.50	19.57	65.10	5	15.00
534.631	37.96	0.83	31.47	5.70	3.64	20.77	66.00	5	15.00
534.691	38.06	0.83	31.74	5.76	3.61	20.80	65.50	5	15.00
534.795	38.05	0.82	31.22	5.82	3.52	20.49	65.60	5	15.00
534.940	37.94	0.84	32.00	5.97	3.60	21.51	67.20	5	15.50
535.000	38.00	0.85	32.13	6.03	3.49	21.06	65.50	5	15.50
535.104	38.03	0.81	30.89	6.04	3.38	20.45	66.20	5	15.50
535.249	37.75	0.90	34.09	6.22	3.68	22.85	67.00	5	16.00
535.309	37.83	0.89	33.70	6.25	3.60	22.49	66.70	5	16.00
535.413	37.86	0.90	34.07	6.30	3.52	22.21	65.20	5	16.00
535.558	37.94	0.93	35.31	6.43	3.72	23.92	67.70	5	16.50
535.618	37.95	0.95	35.87	6.50	3.63	23.60	65.80	5	16.50
535.722	37.88	0.93	35.31	6.49	3.64	23.61	66.90	5	16.50
535.867	37.71	0.98	37.14	6.69	3.77	25.20	67.80	5	17.00
535.927	37.68	1.00	37.69	6.71	3.75	25.17	66.80	5	17.00
536.031	37.70	0.96	36.20	6.70	3.67	24.61	68.00	5	17.00
536.176	37.72	1.02	38.54	6.93	3.59	24.91	64.60	5	17.50
536.236	37.65	1.09	41.05	6.91	3.89	26.86	65.40	5	17.50
536.340	37.58	1.07	40.31	6.78	4.26	28.90	71.70	5	17.50
536.485	37.46	1.17	43.79	7.01	4.33	30.32	69.20	5	18.00
536.545	37.62	1.11	41.62	7.14	3.98	28.39	68.20	5	18.00
536.649	37.62	1.06	40.05	7.25	3.75	27.15	67.80	5	18.00
536.794	37.65	1.14	42.91	7.35	3.99	29.31	68.30	5	18.50
536.854	37.50	1.16	43.37	7.38	3.98	29.42	67.80	5	18.50
536.958	37.55	1.15	43.07	7.43	3.94	29.29	68.00	5	18.50
537.103	37.40	1.19	44.42	7.60	4.00	30.41	68.50	5	19.00
537.163	37.24	1.22	45.29	7.62	4.06	30.93	68.30	5	19.00
537.267	37.41	1.18	44.21	7.72	3.89	30.03	67.90	5	19.00
537.412	37.39	1.25	46.83	7.83	4.11	32.15	68.60	5	19.50
537.472	37.38	1.26	47.20	7.87	4.17	32.82	69.50	5	19.50
537.576	37.34	1.26	47.00	7.91	4.09	32.32	68.80	5	19.50
537.721	37.32	1.28	47.80	8.02	4.13	33.15	69.30	5	20.00
537.781	37.23	1.32	49.04	8.09	4.16	33.65	68.60	5	20.00
537.885	37.17	1.30	48.42	8.08	4.19	33.91	70.00	5	20.00
538.030	37.18	1.39	51.74	8.24	4.29	35.39	68.40	5	20.50
538.090	37.10	1.38	51.18	8.29	4.32	35.80	70.00	5	20.50
538.193	37.03	1.37	50.89	8.38	4.26	35.70	70.20	5	20.50
538.338	36.88	1.42	52.55	8.49	4.29	36.47	69.40	5	21.00
538.398	36.91	1.44	52.98	8.52	4.29	36.59	69.10	5	21.00
538.502	36.94	1.43	52.78	8.55	4.25	36.30	68.80	5	21.00
538.647	36.72	1.53	56.31	8.68	4.51	39.14	69.50	5	21.50
538.707	36.76	1.54	56.47	8.79	4.34	38.18	67.60	5	21.50
538.811	36.79	1.52	55.96	8.79	4.51	39.66	70.90	5	21.50
538.956	36.70	1.54	56.40	9.00	4.35	39.15	69.40	5	22.00
539.016	36.65	1.60	58.47	9.02	4.56	41.13	70.30	5	22.00
539.120	36.78	1.53	56.25	8.94	4.74	42.35	75.30	5	22.00
539.264	37.07	1.48	55.02	9.11	4.50	40.99	74.50	5	22.50
539.324	36.86	1.56	57.50	9.09	4.79	43.50	75.60	5	22.50
539.428	36.74	1.58	58.01	9.25	4.62	42.75	73.70	5	22.50
539.573	36.59	1.70	62.21	9.41	4.70	44.19	71.00	5	23.00
539.633	36.42	1.74	63.37	9.47	4.68	44.26	69.80	5	23.00
539.737	36.41	1.74	63.49	9.57	4.62	44.22	69.70	5	23.00
539.882	36.50	1.77	64.54	9.58	4.78	45.77	70.90	5	23.50
539.942	36.35	1.81	65.94	9.69	4.77	46.28	70.20	5	23.50
540.046	36.21	1.81	65.68	9.79	4.70	45.98	70.00	5	23.50
540.191	36.26	1.85	67.07	9.80	4.92	48.23	71.90	5	24.00
540.251	36.33	1.87	67.85	9.90	4.94	48.87	72.00	5	24.00
540.355	36.22	1.91	69.27	9.98	4.89	48.78	70.40	5	24.00
540.500	36.07	1.94	69.98	10.03	4.98	50.00	71.50	5	24.50
540.560	36.09	1.96	70.60	10.17	4.90	49.89	70.70	5	24.50
540.664	35.91	2.02	72.42	10.21	4.98	50.89	70.30	5	24.50
540.809	36.02	1.99	71.69	10.34	4.94	51.04	71.20	5	25.00
540.869	35.75	2.06	73.62	10.33	5.10	52.67	71.50	5	25.00
540.973	35.82	2.06	73.69	10.39	5.11	53.08	72.00	5	25.00
541.118	35.84	2.09	74.86	10.54	4.96	52.28	69.80	5	25.50
541.178	35.68	2.14	76.38	10.54	5.17	54.55	71.40	5	25.50
541.282	35.63	2.14	76.26	10.60	5.26	55.70	73.00	5	25.50
541.427	35.68	2.17	77.39	10.67	5.15	54.93	71.00	5	26.00
541.487	35.51	2.23	79.19	10.76	5.25	56.43	71.30	5	26.00
541.591	35.40	2.25	79.56	10.85	5.28	57.25	72.00	5	26.00
541.736	35.32	2.27	80.34	10.93	5.18	56.65	70.50	5	26.50
541.796	35.20	2.30	80.83	10.96	5.35	58.59	72.50	5	26.50
541.900	35.31	2.29	80.70	11.00	5.45	59.92	74.20	5	26.50
542.045	35.25	2.29	80.74	10.97	5.57	61.12	75.70	5	27.00
542.105	35.14	2.35	82.45	11.13	5.46	60.70	73.60	5	27.00
542.209	35.33	2.31	81.78	11.20	5.45	61.04	74.60	5	27.00
542.354	34.86	2.49	86.99	11.31	5.39	60.95	70.10	5	27.00
542.414	34.90	2.46	85.90	11.32	5.57	63.00	73.30	5	27.50
542.518	34.71	2.53	87.73	11.45	5.60	64.10	73.10	5	27.50
542.663	34.91	2.49	87.02	11.48	5.61	64.38	74.00	5	27.50
542.723	34.52	2.59	89.38	11.56	5.58	64.53	72.20	5	28.00
542.827	34.50	2.62	90.28	11.59	5.68	65.79	72.90	5	28.00
542.972	34.39	2.65	91.05	11.61	5.61	65.12	71.50	5	28.00
543.032	34.23	2.67	91.29	11.67	5.79	67.58	74.00	5	28.50
543.136	33.85	2.73	92.47	11.75	5.68	66.79	72.20	5	28.50
543.281	34.06	2.72	92.56	11.80	5.76	67.97	73.40	5	28.50
543.341	33.73	2.80	94.62	11.79	5.91	69.69	73.70	5	29.00
543.445	33.72	2.83	95.30	11.88	5.94	70.51	74.00	5	29.00
543.590	33.64	2.88	96.77	11.85	5.98	70.87	73.20	5	29.00
543.650	33.49	2.89	96.78	11.97	5.81	69.60	71.90	5	29.50
543.754	33.15	2.97	98.51	12.00	5.90	70.75	71.80	5	29.50
543.899	33.30	2.96	98.73	12.00	6.00	71.97	72.90	5	29.50
543.959	32.97	3.02	99.70	12.00	5.97	71.58	71.80	5	30.00
544.063	32.78	3.06	100.29	12.05	5.97	71.91	71.70	5	30.00
544.208	31.72	3.20	101.40	11.93	6.00	71.58	70.60	5	30.00
544.269	31.44	3.25	102.12	11.63	6.38	74.25	72.70	5	30.50
544.373	30.13	3.37	101.68	11.21	6.52	73.10	71.90	5	30.50
544.518	29.01	3.46	100.46	10.68	6.41	68.47	68.20	5	30.50
544.579	28.16	3.51	98.96	10.41	6.69	69.71	70.40	5	31.00
544.683	27.18	3.55	96.57	10.12	6.71	67.90	70.30	5	31.00
544.828	26.15	3.60	94.14	9.65	6.94	66.99	71.20	5	31.00
544.888	25.88	3.60	93.25	9.61	6.80	65.30	70.00	5	31.50
544.992	24.99	3.61	90.33	9.36	6.73	62.95	69.70	5	31.50
545.137	24.64	3.62	89.14	9.26	6.65	61.62	69.10	5	31.50
545.197	24.48	3.61	88.44	9.21	6.66	61.32	69.30	5	32.00
545.301	23.83	3.62	86.35	9.05	6.79	61.46	71.20	5	32.00
545.446	23.76	3.62	86.02	9.11	6.55	59.70	69.40	5	32.00
545.506	23.39	3.62	84.78	8.97	6.64	59.61	70.30	5	32.00
545.610	23.11	3.63	83.82	9.05	6.20	56.14	67.00	5	32.50
545.754	22.67	3.63	82.22	8.87	6.62	58.67	71.40	5	32.50
545.814	22.15	3.64	80.55	8.59	7.07	60.73	75.40	5	32.50
545.918	20.78	3.63	75.48	8.41	6.30	53.02	70.20	5	33.00
546.063	20.85	3.63	75.65	8.26	6.90	56.97	75.30	5	33.00
546.123	21.11	3.64	76.93	8.40	6.53	54.86	71.30	5	33.00
546.227	21.32	3.64	77.63	8.62	6.25	53.88	69.40	5	33.50
546.372	20.48	3.64	74.54	8.26	6.29	51.90	69.60	5	33.50
546.432	20.54	3.64	74.72	8.36	6.13	51.24	68.60	5	33.50
546.536	19.97	3.64	72.64	8.20	6.25	51.25	70.60	5	34.00
546.681	19.45	3.64	70.74	8.14	6.03	49.06	69.40	5	34.00
546.741	19.38	3.64	70.52	8.05	6.15	49.49	70.20	5	34.00
546.845	19.01	3.65	69.33	8.03	5.98	47.98	69.20	5	34.50
546.990	18.74	3.63	68.11	7.86	6.01	47.22	69.30	5	34.50
547.050	18.57	3.65	67.73	7.84	6.03	47.26	69.80	5	34.50
547.154	18.29	3.64	66.62	7.81	5.82	45.48	68.30	5	35.00
547.299	17.95	3.65	65.42	7.74	5.80	44.90	68.60	5	35.00
547.359	17.74	3.64	64.63	7.64	5.79	44.20	68.40	5	35.00
547.463	17.33	3.66	63.44	7.55	5.65	42.67	67.30	5	35.50
547.608	16.90	3.67	62.12	7.36	5.69	41.87	67.40	5	35.50
547.668	16.86	3.66	61.67	7.34	5.80	42.58	69.00	5	35.50
547.772	16.54	3.68	60.83	7.32	5.63	41.19	67.70	5	36.00
547.917	16.07	3.69	59.34	7.25	5.63	40.80	68.80	5	36.00
547.977	16.05	3.71	59.53	7.18	5.70	40.94	68.80	5	36.00
548.081	15.82	3.71	58.76	7.15	5.64	40.33	68.60	5	36.50
548.226	15.78	3.75	59.24	7.20	5.54	39.84	67.30	5	36.50
548.286	15.62	3.76	58.67	7.13	5.65	40.26	68.60	5	36.50
548.390	15.44	3.79	58.46	7.10	5.67	40.30	68.90	5	37.00
548.535	15.36	3.82	58.68	7.10	5.56	39.45	67.20	5	37.00
548.595	15.26	3.86	58.82	7.07	5.57	39.40	67.00	5	37.00
548.699	15.05	3.92	59.03	7.00	5.75	40.30	68.30	5	37.50
548.844	14.86	3.94	58.50	7.07	5.56	39.28	67.20	5	37.50
548.904	14.85	3.95	58.68	7.01	5.65	39.62	67.50	5	37.50
549.008	14.79	3.97	58.67	7.00	5.76	40.29	68.70	5	38.00
549.153	14.56	4.06	59.06	7.00	5.72	40.03	67.80	5	38.00
549.213	14.60	4.06	59.31	6.98	5.73	40.03	67.50	5	38.00
549.317	14.58	4.04	58.99	7.11	5.61	39.89	67.60	5	38.50
549.462	14.43	4.13	59.56	7.07	5.64	39.87	66.90	5	38.50
549.522	14.41	4.12	59.43	7.06	5.75	40.59	68.30	5	38.50
549.626	14.50	4.11	59.58	7.17	5.54	39.75	66.70	5	39.00
549.771	14.25	4.21	59.97	7.07	5.68	40.20	67.00	5	39.00
549.831	13.99	4.22	59.11	7.05	5.70	40.17	68.00	5	39.00
549.935	13.85	4.23	58.65	7.01	5.78	40.51	69.10	5	39.50
550.079	13.87	4.28	59.38	7.13	5.59	39.83	67.10	5	39.50
550.139	13.77	4.29	59.06	7.12	5.55	39.56	67.00	5	39.50
550.243	13.68	4.32	59.15	7.10	5.59	39.66	67.10	5	40.00
550.388	13.65	4.34	59.25	7.11	5.73	40.75	68.80	5	40.00
550.448	13.58	4.37	59.35	7.09	5.76	40.79	68.70	5	40.00
550.552	13.75	4.33	59.53	7.16	5.64	40.37	67.80	5	40.50
550.697	13.25	4.46	59.14	7.03	5.68	39.94	67.50	5	40.50
550.757	13.27	4.45	59.03	7.06	5.73	40.47	68.60	5	40.50
550.861	13.36	4.43	59.23	7.10	5.65	40.16	67.80	5	41.00
551.006	13.10	4.51	59.02	7.06	5.74	40.51	68.60	5	41.00
551.066	13.11	4.49	58.91	7.04	5.71	40.15	68.20	5	41.00
551.170	13.01	4.52	58.75	7.09	5.49	38.95	66.30	5	41.00
551.315	12.65	4.58	57.95	7.02	5.50	38.55	66.50	5	41.50
551.375	12.61	4.60	57.96	6.94	5.67	39.37	67.90	5	41.50
551.479	12.77	4.59	58.64	7.01	5.49	38.49	65.60	5	41.50
551.624	12.49	4.64	57.93	6.93	5.71	39.57	68.30	5	42.00
551.684	12.50	4.64	58.05	6.99	5.33	37.25	64.20	5	42.00
551.788	12.32	4.67	57.54	6.93	5.43	37.62	65.40	5	42.00
551.933	11.88	4.72	56.11	6.72	5.75	38.60	68.80	5	42.50
551.993	11.72	4.74	55.59	6.78	5.27	35.72	64.30	5	42.50
552.097	12.14	4.69	56.95	7.03	4.99	35.06	61.60	5	42.50
552.242	12.11	4.71	57.01	7.11	4.97	35.38	62.10	5	43.00
552.302	11.99	4.73	56.74	7.03	4.78	33.59	59.20	5	43.00
552.406	11.29	4.79	54.13	6.57	5.45	35.77	66.10	5	43.00
552.551	11.31	4.80	54.35	6.53	5.46	35.64	65.60	5	43.50
552.611	11.35	4.79	54.40	6.67	5.21	34.77	63.90	5	43.50
552.715	11.13	4.81	53.50	6.51	5.31	34.60	64.70	5	43.50
552.860	10.83	4.84	52.38	6.42	5.39	34.62	66.10	5	44.00
552.920	10.66	4.85	51.73	6.35	5.37	34.10	65.90	5	44.00
553.024	10.66	4.86	51.78	6.36	5.28	33.59	64.90	5	44.00
553.169	10.18	4.87	49.58	6.22	5.19	32.28	65.10	5	44.50
553.229	10.24	4.86	49.81	6.22	5.23	32.55	65.40	5	44.50
553.333	10.13	4.87	49.33	6.09	5.20	31.63	64.10	5	44.50
553.478	9.84	4.88	48.05	6.01	5.15	30.95	64.40	5	45.00
553.538	9.64	4.89	47.13	5.88	5.17	30.42	64.50	5	45.00
553.641	9.64	4.89	47.17	5.92	5.06	30.00	63.60	5	45.00
553.785	9.49	4.91	46.57	5.88	5.16	30.34	65.10	5	45.50
553.845	9.59	4.90	46.97	5.84	5.13	29.96	63.80	5	45.50
553.948	9.20	4.92	45.26	5.62	5.06	28.41	62.80	5	45.50
554.092	8.56	4.92	42.17	5.37	4.91	26.37	62.50	5	46.00
554.152	8.66	4.93	42.64	5.45	4.98	27.11	63.60	5	46.00
554.255	8.63	4.93	42.54	5.25	5.13	26.91	63.20	5	46.00
554.399	8.29	4.94	40.95	5.04	5.01	25.29	61.80	5	46.50
554.459	8.11	4.93	40.00	5.11	4.75	24.25	60.60	5	46.50
554.562	8.08	4.95	39.97	5.13	4.79	24.60	61.50	5	46.50
554.706	7.63	4.95	37.76	4.72	4.82	22.77	60.30	5	47.00
554.766	7.36	4.95	36.44	4.51	4.86	21.90	60.10	5	47.00
554.869	7.21	4.96	35.74	4.53	4.74	21.46	60.10	5	47.00
555.013	6.94	4.97	34.48	4.31	4.78	20.57	59.70	5	47.50
555.073	6.60	4.96	32.77	4.12	4.66	19.22	58.60	5	47.50
555.176	6.48	4.96	32.16	3.80	4.71	17.92	55.70	5	47.50
555.320	6.41	4.96	31.83	3.92	4.66	18.25	57.30	5	48.00
555.380	5.62	4.96	27.93	3.27	4.66	15.23	54.60	5	48.00
555.483	4.79	4.97	23.84	2.68	4.62	12.40	52.00	5	48.00
555.627	4.70	4.97	23.35	2.42	4.58	11.07	47.40	5	48.50
555.687	4.62	4.97	22.97	2.38	4.55	10.85	47.20	5	48.50
555.790	4.52	4.97	22.47	2.33	4.55	10.59	47.10	5	48.50
555.934	4.48	4.98	22.31	2.30	4.51	10.36	46.40	5	49.00
555.994	4.40	4.97	21.90	2.28	4.47	10.20	46.60	5	49.00
556.097	4.29	4.97	21.35	2.26	4.43	10.00	46.90	5	49.00
556.241	4.21	4.97	20.90	2.25	4.38	9.86	47.20	5	49.50
556.301	4.19	4.98	20.84	2.26	4.36	9.84	47.20	5	49.50
556.404	4.10	4.98	20.44	2.22	4.32	9.60	47.00	5	49.50
556.548	4.13	4.98	20.57	2.23	4.30	9.57	46.50	5	50.00
556.608	4.09	4.97	20.37	2.21	4.27	9.44	46.40	5	50.00
556.711	4.07	4.97	20.23	2.20	4.23	9.28	45.90	5	50.00
556.855	4.01	4.97	19.91	2.19	4.26	9.35	47.00	5	50.50
556.915	3.89	4.97	19.31	2.18	4.23	9.24	47.80	5	50.50
557.018	3.88	4.97	19.28	2.17	4.17	9.03	46.80	5	50.50
557.162	3.87	4.98	19.24	2.17	4.16	9.03	46.90	5	51.00
557.222	3.74	4.98	18.62	2.15	4.12	8.85	47.50	5	51.00
557.325	3.74	4.99	18.65	2.13	4.09	8.70	46.60	5	51.00
557.469	3.82	4.97	19.00	2.13	4.08	8.68	45.70	5	51.00
557.529	3.83	4.97	19.03	2.09	4.00	8.35	43.90	5	51.50
557.632	3.72	4.97	18.49	2.08	3.99	8.31	44.90	5	51.50
557.776	3.72	4.98	18.55	2.10	4.02	8.45	45.60	5	51.50
557.836	3.61	4.98	17.98	2.09	3.98	8.31	46.20	5	52.00
557.939	3.61	4.98	17.98	2.06	3.90	8.03	44.60	5	52.00
558.083	3.68	4.97	18.33	2.03	3.87	7.84	42.80	5	52.00
558.143	3.48	4.98	17.34	2.01	3.86	7.76	44.80	5	52.50
558.246	3.48	4.98	17.32	1.98	3.83	7.57	43.70	5	52.50
558.390	3.52	4.98	17.55	1.99	3.79	7.55	43.00	5	52.50
558.450	3.49	4.97	17.38	1.99	3.78	7.52	43.30	5	53.00
558.553	3.40	4.96	16.90	1.97	3.75	7.38	43.70	5	53.00
558.697	3.44	4.98	17.13	1.97	3.72	7.32	42.70	5	53.00
558.757	3.38	4.97	16.82	1.96	3.69	7.23	43.00	5	53.50
558.860	3.31	4.96	16.44	1.92	3.63	6.96	42.30	5	53.50
559.004	3.27	4.96	16.22	1.91	3.64	6.94	42.80	5	53.50
559.064	3.20	4.97	15.88	1.92	3.63	6.97	43.90	5	54.00
559.167	3.09	4.97	15.36	1.96	3.57	7.00	45.60	5	54.00
559.311	3.21	4.98	15.97	1.97	3.57	7.02	44.00	5	54.00
559.371	3.19	4.98	15.87	1.97	3.57	7.05	44.40	5	54.50
559.474	3.16	4.97	15.70	1.96	3.51	6.89	43.90	5	54.50
559.618	3.26	4.97	16.21	1.95	3.45	6.73	41.60	5	54.50
559.678	3.25	4.96	16.13	1.96	3.45	6.77	42.00	5	55.00
559.781	3.16	4.96	15.68	2.04	3.38	6.88	43.90	5	55.00
559.925	3.10	4.97	15.43	1.98	3.40	6.74	43.60	5	55.00
559.985	3.08	4.97	15.32	2.01	3.40	6.83	44.60	5	55.00
560.088	3.13	4.97	15.52	1.99	3.34	6.64	42.80	5	55.50
560.232	3.07	4.96	15.23	1.97	3.32	6.55	43.00	5	55.50
560.292	3.04	4.96	15.09	1.98	3.32	6.58	43.60	5	55.50
560.395	2.97	4.95	14.69	1.94	3.26	6.33	43.10	5	56.00
560.539	2.96	4.96	14.71	1.92	3.21	6.17	41.90	5	56.00
560.599	2.90	4.96	14.38	1.93	3.22	6.22	43.30	5	56.00
560.702	2.85	4.96	14.13	1.92	3.17	6.08	43.00	5	56.50
560.846	2.97	4.97	14.77	1.91	3.21	6.11	41.40	5	56.50
560.906	2.94	4.96	14.61	1.88	3.19	6.00	41.10	5	56.50
561.009	2.79	4.97	13.87	1.88	3.14	5.89	42.40	5	57.00
561.153	2.86	4.96	14.18	1.87	3.10	5.81	40.90	5	57.00
561.213	2.85	4.96	14.12	1.88	3.07	5.77	40.80	5	57.00
561.316	2.84	4.97	14.10	1.87	3.03	5.65	40.00	5	57.50
561.460	2.69	4.97	13.38	1.83	3.02	5.54	41.40	5	57.50
561.520	2.64	4.97	13.09	1.85	3.04	5.64	43.10	5	57.50
561.623	2.65	4.97	13.16	1.80	3.00	5.41	41.10	5	58.00
561.767	2.63	4.97	13.06	1.81	2.97	5.39	41.30	5	58.00
561.827	2.58	4.97	12.84	1.81	2.95	5.33	41.50	5	58.00
561.930	2.59	4.97	12.86	1.81	2.92	5.28	41.00	5	58.50
562.074	2.61	4.97	12.97	1.82	2.91	5.29	40.80	5	58.50
562.134	2.61	4.96	12.96	1.80	2.89	5.20	40.10	5	58.50
562.237	2.58	4.96	12.80	1.79	2.87	5.14	40.10	5	59.00
562.381	2.55	4.97	12.68	1.72	2.85	4.89	38.50	5	59.00
562.441	2.50	4.97	12.41	1.74	2.83	4.93	39.70	5	59.00
562.544	2.53	4.96	12.56	1.75	2.81	4.91	39.10	5	59.50
562.688	2.48	4.96	12.31	1.73	2.78	4.79	38.90	5	59.50
562.748	2.42	4.95	11.99	1.73	2.77	4.80	40.00	5	59.50
562.851	2.40	4.95	11.87	1.71	2.74	4.69	39.50	5	60.00
562.995	2.26	4.96	11.24	1.69	2.69	4.54	40.40	5	60.00
563.055	2.24	4.96	11.13	1.68	2.66	4.47	40.20	5	60.00
563.158	2.23	4.96	11.08	1.65	2.64	4.37	39.40	5	60.50
563.302	2.26	4.97	11.23	1.65	2.60	4.28	38.10	5	60.50
563.362	2.31	4.97	11.47	1.65	2.60	4.28	37.30	5	60.50
563.465	2.32	4.96	11.49	1.65	2.59	4.27	37.20	5	60.50
563.609	2.32	4.98	11.54	1.70	2.56	4.34	37.60	5	61.00
563.669	2.34	4.97	11.63	1.74	2.55	4.45	38.20	5	61.00
563.772	2.28	4.96	11.29	1.74	2.52	4.39	38.90	5	61.00
563.916	2.14	4.97	10.61	1.74	2.47	4.29	40.40	5	61.50
563.976	2.25	4.97	11.18	1.71	2.47	4.24	37.90	5	61.50
564.079	2.33	4.96	11.55	1.72	2.46	4.23	36.60	5	61.50
564.223	2.53	4.97	12.57	1.95	2.44	4.74	37.70	5	62.00
564.283	2.46	4.96	12.21	2.08	2.42	5.02	41.10	5	62.00
564.386	2.52	4.96	12.49	2.17	2.39	5.17	41.40	5	62.00
564.530	2.43	4.97	12.07	2.21	2.37	5.23	43.30	5	62.50
564.590	2.48	4.96	12.30	2.22	2.35	5.22	42.50	5	62.50
564.693	2.43	4.96	12.05	2.20	2.32	5.11	42.40	5	62.50
564.837	2.48	4.97	12.29	2.18	2.29	5.00	40.70	5	63.00
564.897	2.43	4.96	12.05	2.16	2.28	4.92	40.80	5	63.00
565.000	2.45	4.97	12.17	2.13	2.27	4.82	39.70	5	63.00
565.144	2.27	4.97	11.30	2.06	2.26	4.66	41.20	5	63.50
565.204	2.26	4.96	11.20	2.05	2.21	4.53	40.50	5	63.50
565.307	2.24	4.95	11.09	2.04	2.17	4.42	39.90	5	63.50
565.451	2.15	4.96	10.69	2.02	2.17	4.37	40.90	5	64.00
565.511	2.00	4.96	9.93	1.96	2.17	4.26	42.90	5	64.00
565.614	2.04	4.96	10.14	1.99	2.14	4.26	42.00	5	64.00
565.758	2.11	4.96	10.44	1.94	2.14	4.14	39.70	5	64.50
565.818	2.12	4.96	10.52	1.91	2.11	4.05	38.50	5	64.50
565.921	2.01	4.96	9.98	1.88	2.10	3.95	39.60	5	64.50
566.065	2.02	4.96	10.03	1.83	2.09	3.83	38.20	5	65.00
566.125	1.88	4.96	9.34	1.83	2.06	3.76	40.30	5	65.00
566.228	2.01	4.96	9.97	1.84	2.01	3.70	37.10	5	65.00
566.372	1.85	4.96	9.17	1.84	1.99	3.67	40.10	5	65.50
566.432	1.85	4.96	9.17	1.79	2.02	3.61	39.30	5	65.50
566.535	1.93	4.96	9.57	1.83	2.00	3.66	38.30	5	65.50
566.679	2.07	4.95	10.24	1.82	1.99	3.62	35.30	5	66.00
566.739	1.89	4.95	9.34	1.83	1.95	3.55	38.00	5	66.00
566.842	1.95	4.95	9.67	1.85	1.91	3.53	36.50	5	66.00
566.986	1.79	4.83	8.63	1.77	1.84	3.27	37.90	5	66.50
567.046	1.70	4.72	8.02	1.72	1.77	3.05	38.00	5	66.50
567.149	1.56	4.76	7.43	1.77	1.80	3.17	42.70	5	66.50
567.293	1.73	4.91	8.51	1.79	1.84	3.29	38.60	5	67.00
567.353	1.78	4.93	8.77	1.77	1.82	3.24	36.90	5	67.00
567.456	1.80	4.94	8.86	1.75	1.84	3.22	36.30	5	67.00
567.600	1.64	4.96	8.16	1.78	1.82	3.23	39.60	5	67.50
567.660	1.78	4.96	8.82	1.74	1.77	3.08	35.00	5	67.50
567.763	1.79	4.95	8.86	1.72	1.78	3.06	34.50	5	67.50
567.907	1.64	4.95	8.11	1.72	1.78	3.07	37.80	5	68.00
567.967	1.72	4.95	8.50	1.70	1.75	2.98	35.00	5	68.00
568.070	1.59	4.95	7.89	1.71	1.72	2.94	37.30	5	68.00
568.214	1.71	4.96	8.50	1.67	1.72	2.88	33.90	5	68.50
568.274	1.68	4.96	8.35	1.67	1.73	2.88	34.40	5	68.50
568.377	1.70	4.95	8.41	1.67	1.68	2.79	33.20	5	68.50
568.521	1.68	4.95	8.33	1.66	1.65	2.74	32.90	5	69.00
568.581	1.78	4.95	8.83	1.63	1.64	2.68	30.30	5	69.00
568.684	1.65	4.95	8.18	1.62	1.63	2.63	32.10	5	69.00
568.828	1.60	4.96	7.95	1.61	1.63	2.62	33.00	5	69.50
568.888	1.60	4.97	7.96	1.58	1.57	2.48	31.20	5	69.50
568.991	1.56	4.95	7.70	1.58	1.56	2.47	32.10	5	69.50
569.135	1.67	4.97	8.27	1.58	1.56	2.46	29.70	5	69.50
569.195	1.62	4.96	8.04	1.58	1.52	2.41	30.00	5	70.00
569.298	1.66	4.95	8.22	1.56	1.53	2.39	29.00	5	70.00
569.442	1.67	4.96	8.30	1.53	1.53	2.34	28.20	5	70.00
569.502	1.63	4.94	8.04	1.52	1.49	2.26	28.10	5	70.50
569.605	1.54	4.96	7.65	1.53	1.47	2.25	29.40	5	70.50
569.749	1.58	4.96	7.86	1.54	1.44	2.22	28.20	5	70.50
569.809	1.56	4.96	7.73	1.53	1.44	2.21	28.60	5	71.00
569.912	1.52	4.97	7.56	1.54	1.43	2.20	29.10	5	71.00
570.056	1.52	4.95	7.51	1.50	1.43	2.15	28.70	5	71.00
570.116	1.45	4.96	7.17	1.50	1.42	2.14	29.80	5	71.50
570.219	1.43	4.96	7.09	1.50	1.36	2.04	28.80	5	71.50
570.363	1.50	4.96	7.44	1.47	1.38	2.04	27.40	5	71.50
570.423	1.47	4.95	7.26	1.48	1.37	2.03	27.90	5	72.00
570.526	1.38	4.95	6.80	1.43	1.34	1.92	28.30	5	72.00
570.670	1.37	4.95	6.79	1.44	1.34	1.94	28.60	5	72.00
570.730	1.28	4.95	6.33	1.44	1.34	1.93	30.50	5	72.50
570.833	1.11	4.96	5.51	1.40	1.30	1.81	32.90	5	72.50
570.977	1.33	4.96	6.62	1.43	1.30	1.86	28.10	5	72.50
571.037	1.35	4.96	6.67	1.41	1.26	1.77	26.60	5	73.00
571.140	1.21	4.96	6.03	1.38	1.26	1.73	28.70	5	73.00
571.284	1.36	4.96	6.73	1.38	1.27	1.75	26.00	5	73.00
571.344	1.29	4.96	6.41	1.37	1.26	1.72	26.90	5	73.50
571.447	1.23	4.96	6.12	1.35	1.18	1.60	26.10	5	73.50
571.591	1.29	4.97	6.41	1.39	1.20	1.67	26.10	5	73.50
571.651	1.26	4.96	6.23	1.36	1.20	1.63	26.20	5	73.50
571.754	1.27	4.96	6.31	1.34	1.18	1.58	25.00	5	74.00
571.898	1.21	4.96	6.01	1.34	1.15	1.55	25.70	5	74.00
571.958	1.20	4.96	5.95	1.33	1.13	1.50	25.30	5	74.00
572.061	1.20	4.96	5.94	1.30	1.12	1.45	24.50	5	74.50
572.205	1.27	4.95	6.27	1.27	1.12	1.43	22.80	5	74.50
572.265	1.09	4.94	5.37	1.27	1.13	1.44	26.80	5	74.50
572.368	1.16	4.95	5.77	1.26	1.10	1.38	24.00	5	75.00
572.512	1.18	4.96	5.87	1.26	1.14	1.43	24.40	5	75.00
572.572	1.20	4.97	5.96	1.25	1.10	1.37	23.00	5	75.00
572.675	1.17	4.96	5.81	1.23	1.07	1.32	22.80	5	75.50
572.819	1.14	4.96	5.64	1.20	1.05	1.26	22.30	5	75.50
572.879	1.04	4.95	5.13	1.22	1.04	1.27	24.80	5	75.50
572.982	1.02	4.96	5.04	1.23	1.02	1.26	24.90	5	76.00
573.126	1.18	4.96	5.85	1.21	0.99	1.21	20.60	5	76.00
573.186	1.20	4.96	5.94	1.21	0.98	1.18	19.90	5	76.00
573.289	1.04	4.95	5.14	1.20	0.96	1.16	22.60	5	76.50
573.433	1.11	4.96	5.50	1.19	0.97	1.15	20.90	5	76.50
573.493	1.10	4.95	5.43	1.18	0.93	1.10	20.20	5	76.50
573.596	1.01	4.95	4.99	1.18	0.88	1.04	20.90	5	77.00
573.740	1.07	4.96	5.31	1.19	0.89	1.05	19.90	5	77.00
573.800	1.08	4.96	5.35	1.16	0.89	1.04	19.40	5	77.00
573.903	0.91	4.95	4.50	1.13	0.91	1.02	22.80	5	77.50
574.047	0.85	4.96	4.22	1.12	0.87	0.98	23.20	5	77.50
574.107	0.97	4.97	4.82	1.12	0.89	0.99	20.60	5	77.50
574.210	1.04	4.97	5.15	1.12	0.88	0.99	19.20	5	78.00
574.354	1.09	4.98	5.43	1.08	0.82	0.88	16.30	5	78.00
574.414	1.04	4.98	5.16	1.07	0.84	0.89	17.30	5	78.00
574.517	0.98	4.98	4.88	1.07	0.81	0.86	17.70	5	78.50
574.661	0.90	4.97	4.46	1.07	0.81	0.87	19.50	5	78.50
574.721	0.94	4.96	4.66	1.06	0.81	0.86	18.40	5	78.50
574.824	1.05	4.95	5.20	1.02	0.81	0.82	15.80	5	79.00
574.968	0.98	4.97	4.86	0.99	0.79	0.78	16.10	5	79.00
575.028	1.00	4.97	4.95	1.01	0.76	0.77	15.60	5	79.00
575.131	1.02	4.97	5.09	1.01	0.71	0.71	14.00	5	79.50
575.275	1.04	4.98	5.19	1.00	0.70	0.70	13.60	5	79.50
575.335	0.89	4.97	4.42	1.00	0.72	0.72	16.30	5	79.50
575.438	0.82	4.96	4.09	0.98	0.71	0.69	17.00	5	80.00
575.582	0.94	4.98	4.67	0.95	0.72	0.69	14.70	5	80.00
575.642	0.92	4.97	4.60	0.97	0.71	0.69	14.90	5	80.00
575.745	0.88	4.98	4.38	0.97	0.72	0.70	15.90	5	80.00
575.889	0.84	4.98	4.17	0.95	0.64	0.61	14.50	5	80.50
575.949	0.78	4.97	3.89	0.95	0.64	0.61	15.60	5	80.50
576.052	0.87	4.96	4.29	0.93	0.64	0.59	13.90	5	80.50
576.196	0.86	4.95	4.25	0.90	0.64	0.57	13.50	5	81.00
576.256	0.90	4.97	4.47	0.89	0.64	0.57	12.80	5	81.00
576.359	0.85	4.97	4.21	0.91	0.61	0.55	13.10	5	81.00
576.503	0.99	4.96	4.92	0.89	0.58	0.51	10.40	5	81.50
576.563	0.94	4.96	4.68	0.88	0.59	0.52	11.10	5	81.50
576.666	0.81	4.96	4.03	0.87	0.57	0.50	12.30	5	81.50
576.810	0.79	4.97	3.92	0.87	0.59	0.51	13.10	5	82.00
576.870	0.83	4.96	4.10	0.87	0.57	0.49	12.00	5	82.00
576.973	0.83	4.96	4.12	0.86	0.55	0.47	11.40	5	82.00
577.117	0.74	4.96	3.69	0.84	0.52	0.44	11.90	5	82.50
577.177	0.76	4.95	3.75	0.84	0.51	0.43	11.30	5	82.50
577.280	0.78	4.96	3.85	0.81	0.52	0.42	10.90	5	82.50
577.424	0.76	4.95	3.79	0.80	0.52	0.42	11.00	5	83.00
577.484	0.79	4.96	3.91	0.80	0.50	0.40	10.30	5	83.00
577.587	0.72	4.97	3.56	0.81	0.49	0.40	11.10	5	83.00
577.731	0.72	4.97	3.57	0.76	0.48	0.37	10.20	5	83.50
577.791	0.66	4.96	3.29	0.76	0.46	0.35	10.70	5	83.50
577.894	0.67	4.96	3.34	0.76	0.46	0.35	10.40	5	83.50
578.038	0.76	4.96	3.75	0.76	0.43	0.32	8.70	5	84.00
578.098	0.76	4.96	3.77	0.75	0.43	0.33	8.60	5	84.00
578.201	0.74	4.96	3.69	0.74	0.42	0.31	8.40	5	84.00
578.345	0.80	4.95	3.96	0.73	0.39	0.29	7.30	5	84.50
578.405	0.75	4.95	3.71	0.71	0.42	0.30	8.00	5	84.50
578.508	0.65	4.96	3.22	0.72	0.40	0.29	8.90	5	84.50
578.652	0.68	4.95	3.38	0.72	0.36	0.26	7.60	5	85.00
578.712	0.60	4.95	2.99	0.70	0.35	0.24	8.10	5	85.00
578.815	0.58	4.95	2.85	0.69	0.35	0.24	8.40	5	85.00
578.959	0.55	4.96	2.75	0.67	0.33	0.22	8.10	5	85.50
579.019	0.54	4.96	2.68	0.68	0.32	0.22	8.20	5	85.50
579.122	0.58	4.96	2.86	0.68	0.30	0.21	7.20	5	85.50
579.266	0.67	4.95	3.33	0.67	0.28	0.19	5.60	5	86.00
579.326	0.63	4.96	3.12	0.65	0.29	0.19	6.00	5	86.00
579.429	0.49	4.96	2.43	0.64	0.28	0.18	7.40	5	86.00
579.573	0.50	4.97	2.48	0.62	0.30	0.18	7.40	5	86.50
579.633	0.55	4.97	2.71	0.61	0.29	0.17	6.50	5	86.50
579.736	0.58	4.96	2.88	0.62	0.29	0.18	6.30	5	86.50
579.880	0.71	4.98	3.53	0.62	0.29	0.18	5.10	5	87.00
579.940	0.75	4.98	3.73	0.60	0.27	0.16	4.30	5	87.00
580.043	0.58	4.96	2.86	0.59	0.23	0.14	4.80	5	87.00
580.187	0.54	4.96	2.68	0.60	0.25	0.15	5.60	5	87.50
580.247	0.49	4.95	2.43	0.59	0.23	0.14	5.60	5	87.50
580.350	0.54	4.96	2.67	0.57	0.23	0.13	4.80	5	87.50
580.494	0.57	4.96	2.85	0.55	0.22	0.12	4.30	5	88.00
580.554	0.58	4.95	2.87	0.54	0.21	0.11	4.00	5	88.00
580.657	0.56	4.95	2.77	0.52	0.18	0.09	3.40	5	88.00
580.801	0.61	4.96	3.03	0.56	0.17	0.10	3.10	5	88.50
580.861	0.63	4.96	3.10	0.54	0.17	0.09	3.00	5	88.50
580.964	0.47	4.95	2.32	0.52	0.12	0.06	2.70	5	88.50
581.108	0.57	4.96	2.81	0.52	0.15	0.08	2.70	5	89.00
581.168	0.52	4.95	2.60	0.53	0.12	0.06	2.40	5	89.00
581.271	0.54	4.94	2.68	0.51	0.09	0.04	1.60	5	89.00
581.415	0.51	4.95	2.51	0.47	0.09	0.04	1.70	5	89.00
581.475	0.49	4.95	2.41	0.48	0.08	0.04	1.60	5	89.50
581.578	0.54	4.94	2.67	0.48	0.07	0.04	1.30	5	89.50
581.722	0.66	4.94	3.24	0.45	0.05	0.02	0.70	5	89.50
581.782	0.59	4.94	2.89	0.45	0.06	0.03	0.90	5	90.00
581.885	0.54	4.94	2.66	0.46	0.05	0.02	0.80	5	90.00
582.029	0.61	4.94	3.03	0.47	0.02	0.01	0.20	5	90.00
582.089	0.52	4.93	2.54	0.48	0.02	0.01	0.30	5	90.50
582.192	0.42	4.93	2.08	0.43	0.03	0.01	0.60	5	90.50
582.336	0.55	4.94	2.72	0.46	0.03	0.01	0.50	5	90.50
582.396	0.55	4.94	2.72	0.43	0.01	0.00	0.10	5	91.00
582.499	0.55	4.94	2.72	0.43	0.03	0.01	0.50	5	91.00
582.643	0.58	4.94	2.87	0.42	0.00	0.00	0.00	5	91.00
582.703	0.56	4.93	2.79	0.41	0.00	0.00	0.00	5	91.50
582.806	0.58	4.93	2.86	0.40	0.00	0.00	0.00	5	91.50
582.950	0.51	4.94	2.50	0.38	0.00	0.00	0.00	5	91.50
583.010	0.57	4.94	2.80	0.41	0.00	0.00	0.00	5	92.00
583.113	0.51	4.93	2.51	0.38	0.00	0.00	0.00	5	92.00
583.257	0.44	4.94	2.15	0.35	0.00	0.00	0.00	5	92.00
583.317	0.42	4.94	2.06	0.36	0.00	0.00	0.00	5	92.50
583.420	0.43	4.94	2.15	0.36	0.00	0.00	0.00	5	92.50
583.564	0.42	4.93	2.09	0.35	0.00	0.00	0.00	5	92.50
583.624	0.51	4.93	2.49	0.35	0.00	0.00	0.00	5	92.50
583.727	0.37	4.92	1.82	0.32	0.00	0.00	0.00	5	93.00
583.871	0.31	4.94	1.53	0.30	0.00	0.00	0.00	5	93.00
583.931	0.41	4.92	2.00	0.36	0.00	0.00	0.00	5	93.00
584.034	0.48	4.93	2.36	0.33	0.00	0.00	0.00	5	93.50
584.178	0.55	4.91	2.72	0.33	0.00	0.00	0.00	5	93.50
584.238	0.45	4.90	2.22	0.31	0.00	0.00	0.00	5	93.50
584.341	0.46	4.91	2.24	0.31	0.00	0.00	0.00	5	94.00
584.485	0.54	4.92	2.64	0.31	0.00	0.00	0.00	5	94.00
584.545	0.51	4.91	2.52	0.29	0.00	0.00	0.00	5	94.00
584.648	0.45	4.92	2.19	0.29	0.00	0.00	0.00	5	94.50
584.792	0.49	4.92	2.40	0.27	0.00	0.00	0.00	5	94.50
584.852	0.48	4.91	2.34	0.28	0.00	0.00	0.00	5	94.50
584.955	0.36	4.90	1.77	0.27	0.00	0.00	0.00	5	95.00
585.099	18.47	2.61	48.14	0.15	0.00	0.00	0.00	5	0.00
585.159	28.07	1.38	38.86	0.08	0.00	0.00	0.00	5	0.00
585.262	35.26	0.48	17.06	0.05	0.00	0.00	0.00	5	0.00
585.406	38.16	0.12	4.54	0.05	0.00	0.00	0.00	5	0.50
585.466	38.64	0.06	2.45	0.06	0.00	0.00	0.00	5	0.50
585.569	38.91	0.02	0.76	0.06	0.00	0.00	0.00	5	0.50
585.713	39.23	0.03	1.13	0.17	0.00	0.00	0.00	5	1.00
585.773	39.02	0.02	0.68	0.30	0.00	0.00	0.00	5	1.00
585.876	39.00	0.02	0.61	0.39	0.01	0.00	0.40	5	1.00
586.020	39.03	0.03	1.13	0.48	0.13	0.06	5.50	5	1.50
586.080	38.85	0.03	1.08	0.57	0.23	0.13	12.00	5	1.50
586.183	38.97	0.03	1.08	0.62	0.29	0.18	16.70	5	1.50
586.327	39.12	0.03	1.32	0.71	0.39	0.28	21.10	5	2.00
586.387	38.98	0.04	1.74	0.74	0.47	0.35	20.30	5	2.00
586.490	38.96	0.04	1.68	0.80	0.53	0.42	25.20	5	2.00
586.634	38.96	0.04	1.67	0.82	0.60	0.49	29.10	5	2.50
586.694	38.90	0.05	2.11	0.95	0.73	0.69	32.90	5	2.50
