86.067	39.52	0.00	0.00	0.04	0.00	0.00	0.00	4	10.00
86.127	39.09	0.36	13.88	1.56	1.88	2.94	21.20	4	12.50
86.230	37.43	1.40	52.25	4.00	6.23	24.91	47.70	4	18.00
86.374	34.09	2.95	100.72	6.48	9.25	59.92	59.50	4	25.00
86.434	32.08	3.52	112.80	7.36	9.66	71.14	63.10	4	28.00
86.538	27.95	4.16	116.30	8.43	9.31	78.52	67.50	4	30.00
86.683	30.88	3.84	118.60	9.70	8.45	82.00	69.10	4	27.00
86.743	31.82	3.70	117.77	10.14	8.05	81.65	69.30	4	28.00
86.847	31.74	3.78	119.89	10.86	7.85	85.28	71.10	4	31.50
86.992	28.45	4.26	121.17	11.34	7.70	87.30	72.00	4	33.00
87.052	28.58	4.27	122.02	11.43	7.75	88.54	72.60	4	31.00
87.156	30.45	4.00	121.68	11.41	7.79	88.94	73.10	4	30.50
87.301	29.20	4.21	122.87	11.44	7.81	89.35	72.70	4	31.50
87.361	29.07	4.22	122.57	11.39	7.91	90.10	73.50	4	31.50
87.465	29.69	4.15	123.31	11.30	7.80	88.12	71.50	4	31.50
87.610	29.80	4.15	123.69	11.28	7.81	88.10	71.20	4	31.50
87.670	29.75	4.16	123.78	11.30	7.87	88.89	71.80	4	31.50
87.774	30.21	4.10	123.73	11.26	7.94	89.44	72.30	4	31.00
87.919	29.54	4.16	123.02	11.27	7.91	89.10	72.40	4	31.50
87.979	29.42	4.19	123.11	11.28	8.03	90.57	73.60	4	32.50
88.083	29.87	4.12	123.18	11.32	7.88	89.26	72.50	4	31.00
88.228	29.75	4.13	122.96	11.29	7.90	89.19	72.50	4	31.50
88.288	29.66	4.14	122.68	11.33	7.93	89.85	73.20	4	31.50
88.392	29.26	4.22	123.56	11.30	7.98	90.23	73.00	4	30.00
88.537	30.30	4.08	123.49	11.30	7.94	89.78	72.70	4	32.00
88.597	29.91	4.13	123.52	11.32	7.88	89.17	72.20	4	32.00
88.701	29.17	4.22	123.25	11.30	7.73	87.26	70.80	4	30.50
88.846	29.91	4.14	123.77	11.32	7.72	87.41	70.60	4	31.00
88.906	30.07	4.11	123.57	11.31	7.84	88.68	71.80	4	31.00
89.010	29.57	4.17	123.24	11.31	7.77	87.91	71.30	4	30.50
89.155	30.53	4.03	123.06	11.28	7.76	87.45	71.10	4	31.50
89.215	30.45	4.06	123.67	11.34	7.66	86.85	70.20	4	30.50
89.319	30.19	4.10	123.81	11.30	7.89	89.13	72.00	4	30.50
89.464	30.70	4.00	122.87	11.37	7.73	87.91	71.50	4	30.50
89.524	29.99	4.11	123.34	11.36	7.82	88.85	72.00	4	32.50
89.628	28.92	4.26	123.07	11.32	7.95	89.93	73.10	4	31.00
89.773	30.57	4.02	122.75	11.32	7.82	88.55	72.10	4	30.00
89.833	30.19	4.07	122.88	11.31	7.92	89.63	72.90	4	32.00
89.937	28.46	4.29	122.03	11.26	7.72	86.91	71.20	4	32.00
90.082	29.46	4.19	123.54	11.28	7.83	88.32	71.50	4	32.50
90.142	29.01	4.26	123.55	11.31	7.71	87.20	70.60	4	32.00
90.246	29.70	4.16	123.54	11.33	7.85	88.94	72.00	4	31.00
90.391	29.04	4.24	123.29	11.29	7.79	87.98	71.40	4	32.00
90.451	28.77	4.27	122.87	11.37	7.72	87.73	71.40	4	31.00
90.555	30.07	4.08	122.70	11.29	7.93	89.52	73.00	4	30.00
90.700	30.77	4.00	123.01	11.34	7.72	87.59	71.20	4	30.50
90.760	30.73	4.00	122.93	11.30	7.87	88.84	72.30	4	30.50
90.864	29.37	4.18	122.85	11.28	7.80	88.01	71.60	4	32.50
91.009	29.53	4.18	123.46	11.29	7.81	88.17	71.40	4	29.50
91.069	30.38	4.06	123.34	11.27	7.89	88.91	72.10	4	31.00
91.173	30.17	4.08	123.20	11.32	7.79	88.21	71.60	4	31.50
91.318	30.30	4.07	123.26	11.30	7.91	89.37	72.50	4	30.50
91.378	30.65	4.01	122.99	11.32	7.85	88.78	72.20	4	30.50
91.482	30.61	4.03	123.53	11.37	7.78	88.39	71.60	4	30.00
91.627	30.25	4.07	123.15	11.37	7.77	88.31	71.70	4	32.50
91.687	29.23	4.20	122.84	11.28	7.85	88.61	72.10	4	32.50
91.791	29.06	4.22	122.70	11.32	7.83	88.67	72.30	4	30.50
91.936	30.61	4.01	122.61	11.27	7.88	88.81	72.40	4	30.00
91.996	30.90	3.92	121.12	11.27	7.91	89.15	73.60	4	29.50
92.100	29.94	4.08	122.29	11.36	7.78	88.34	72.20	4	32.50
92.245	29.66	4.14	122.87	11.25	7.95	89.40	72.80	4	30.00
92.305	29.89	4.10	122.47	11.25	7.90	88.90	72.60	4	32.00
92.409	29.07	4.21	122.25	11.30	7.94	89.72	73.40	4	31.00
92.554	30.03	4.10	123.06	11.43	7.83	89.52	72.70	4	31.50
92.614	29.47	4.18	123.34	11.37	7.88	89.55	72.60	4	31.00
92.718	29.87	4.12	123.06	11.35	7.87	89.35	72.60	4	31.50
92.863	30.60	4.02	122.99	11.40	7.91	90.17	73.30	4	31.00
92.923	29.80	4.14	123.24	11.36	7.96	90.45	73.40	4	32.00
93.027	29.26	4.21	123.28	11.38	7.86	89.38	72.50	4	30.00
93.172	31.02	3.94	122.25	11.36	7.70	87.48	71.60	4	30.00
93.232	31.10	3.93	122.06	11.35	7.75	87.94	72.00	4	29.50
93.336	30.36	4.03	122.39	11.29	8.01	90.44	73.90	4	33.00
93.481	29.19	4.21	122.85	11.29	7.85	88.60	72.10	4	30.00
93.541	30.15	4.07	122.62	11.28	7.80	88.05	71.80	4	30.50
93.645	30.60	4.01	122.84	11.35	7.66	86.99	70.80	4	30.00
93.790	30.14	4.07	122.53	11.33	7.88	89.28	72.90	4	31.00
93.850	29.37	4.18	122.84	11.30	7.91	89.40	72.80	4	32.00
93.954	30.34	4.05	122.97	11.39	7.76	88.35	71.80	4	30.50
94.099	29.83	4.14	123.48	11.38	7.82	89.04	72.10	4	31.50
94.159	30.09	4.11	123.60	11.36	7.97	90.53	73.20	4	30.00
94.263	30.52	4.02	122.82	11.41	7.84	89.42	72.80	4	29.50
94.408	29.20	4.21	122.97	11.34	7.81	88.61	72.10	4	32.00
94.468	29.71	4.15	123.23	11.36	7.74	87.92	71.30	4	29.50
94.572	30.52	4.01	122.47	11.31	7.92	89.62	73.20	4	30.00
94.717	30.75	3.98	122.45	11.40	7.77	88.57	72.30	4	31.50
94.777	29.83	4.12	122.89	11.37	7.84	89.05	72.50	4	33.00
94.881	29.52	4.18	123.24	11.37	7.73	87.87	71.30	4	30.00
95.026	29.96	4.11	123.27	11.34	7.95	90.19	73.20	4	30.50
95.086	29.70	4.17	123.73	11.39	7.86	89.51	72.30	4	31.50
95.190	30.52	4.04	123.40	11.41	7.76	88.47	71.70	4	30.50
95.335	29.08	4.26	123.87	11.37	7.92	90.01	72.70	4	32.50
95.395	29.06	4.25	123.60	11.43	7.81	89.32	72.30	4	30.50
95.499	30.35	4.09	123.99	11.44	7.66	87.60	70.60	4	30.50
95.644	30.08	4.12	124.04	11.42	7.81	89.16	71.90	4	31.50
95.704	30.32	4.09	123.98	11.43	7.75	88.60	71.50	4	31.00
95.808	29.74	4.17	123.97	11.43	7.85	89.70	72.40	4	31.50
95.953	30.56	4.05	123.61	11.44	7.91	90.49	73.20	4	31.00
96.013	29.93	4.12	123.43	11.44	7.90	90.40	73.20	4	32.00
96.117	29.55	4.16	123.08	11.50	7.83	90.00	73.10	4	31.00
96.262	31.03	3.95	122.50	11.40	7.89	89.90	73.40	4	30.50
96.322	29.94	4.11	122.92	11.43	7.76	88.71	72.20	4	32.50
96.426	28.61	4.28	122.48	11.41	7.78	88.81	72.50	4	32.00
96.571	29.00	4.23	122.77	11.42	7.81	89.13	72.60	4	31.50
96.631	29.86	4.13	123.22	11.45	7.72	88.38	71.70	4	31.00
96.735	30.13	4.12	124.04	11.41	7.87	89.78	72.40	4	31.00
96.880	30.46	4.04	123.04	11.46	7.86	90.06	73.20	4	31.00
96.940	29.82	4.14	123.42	11.49	7.70	88.50	71.70	4	33.00
97.044	28.97	4.23	122.60	11.40	7.85	89.48	73.00	4	30.00
97.189	31.16	3.92	122.26	11.34	7.83	88.74	72.60	4	29.50
97.249	30.64	4.02	123.13	11.36	7.86	89.28	72.50	4	32.50
97.353	29.50	4.19	123.49	11.42	7.80	89.11	72.20	4	30.50
97.498	29.82	4.16	124.17	11.49	7.78	89.39	72.00	4	30.50
97.558	30.09	4.09	123.03	11.39	7.89	89.93	73.10	4	30.50
97.662	30.31	4.06	123.20	11.40	7.89	89.86	72.90	4	30.50
97.807	29.61	4.18	123.63	11.36	7.78	88.38	71.50	4	32.50
97.867	29.15	4.24	123.69	11.39	7.75	88.25	71.40	4	31.50
97.971	29.56	4.19	124.01	11.42	7.84	89.54	72.20	4	31.00
98.116	30.42	4.06	123.55	11.44	7.78	88.98	72.00	4	30.50
98.176	30.85	3.98	122.91	11.43	7.82	89.41	72.70	4	30.50
98.280	29.69	4.15	123.17	11.42	7.91	90.34	73.30	4	32.50
98.425	29.20	4.23	123.41	11.45	7.83	89.64	72.60	4	31.00
98.485	29.79	4.15	123.60	11.43	7.96	91.01	73.60	4	30.00
98.589	30.59	4.00	122.40	11.52	7.75	89.31	73.00	4	30.50
98.734	30.89	3.93	121.37	11.47	7.75	88.84	73.20	4	30.00
98.794	30.54	4.02	122.80	11.45	7.80	89.23	72.70	4	32.50
98.898	28.80	4.25	122.49	11.40	7.68	87.59	71.50	4	33.00
99.043	28.00	4.36	122.01	11.31	7.82	88.45	72.50	4	31.00
99.103	29.19	4.22	123.06	11.32	7.88	89.22	72.50	4	29.50
99.207	30.43	4.04	122.97	11.36	7.83	89.02	72.40	4	29.50
99.352	30.54	4.05	123.69	11.36	7.89	89.61	72.40	4	31.50
99.412	29.79	4.16	123.81	11.38	7.93	90.25	72.90	4	32.00
99.516	29.46	4.19	123.50	11.37	7.89	89.67	72.60	4	30.50
99.661	30.58	4.05	123.82	11.38	7.98	90.80	73.30	4	30.50
99.721	30.38	4.09	124.26	11.44	7.78	89.05	71.70	4	32.50
99.825	29.69	4.17	123.88	11.39	7.95	90.58	73.10	4	31.00
99.970	30.43	4.07	123.74	11.38	7.89	89.81	72.60	4	30.00
100.030	30.74	4.02	123.49	11.39	7.93	90.39	73.20	4	30.50
100.134	30.57	4.02	122.95	11.35	7.90	89.65	72.90	4	31.50
100.279	29.17	4.22	123.10	11.38	7.89	89.82	73.00	4	32.50
100.340	29.57	4.16	122.89	11.41	7.85	89.60	72.90	4	30.50
100.444	29.92	4.13	123.43	11.43	7.82	89.40	72.40	4	32.00
100.589	30.48	4.04	123.13	11.41	7.93	90.46	73.50	4	30.00
100.650	30.62	4.01	122.70	11.48	7.76	89.02	72.60	4	30.00
100.754	31.22	3.89	121.39	11.37	7.85	89.29	73.60	4	29.50
100.899	31.38	3.91	122.69	11.34	7.88	89.41	72.90	4	31.50
100.960	29.85	4.11	122.76	11.37	7.81	88.76	72.30	4	32.50
101.064	28.74	4.26	122.47	11.40	7.72	87.99	71.80	4	32.50
101.209	30.28	4.06	122.84	11.43	7.74	88.48	72.00	4	30.00
101.270	30.54	3.98	121.39	11.37	7.87	89.46	73.70	4	29.00
101.374	30.84	3.94	121.47	11.40	7.72	88.01	72.50	4	31.00
101.519	29.21	4.22	123.20	11.43	7.68	87.81	71.30	4	30.50
101.580	30.17	4.06	122.40	11.34	7.91	89.70	73.30	4	30.50
101.684	30.78	3.99	122.70	11.31	7.82	88.44	72.10	4	31.00
101.829	28.70	4.27	122.45	11.35	7.78	88.37	72.20	4	32.00
101.890	29.63	4.16	123.41	11.40	7.88	89.78	72.80	4	30.50
101.994	29.94	4.13	123.59	11.44	7.84	89.71	72.60	4	30.50
102.139	30.39	4.06	123.29	11.40	7.95	90.61	73.50	4	31.00
102.200	29.82	4.14	123.51	11.47	7.66	87.92	71.20	4	33.00
102.304	29.20	4.22	123.13	11.35	7.89	89.51	72.70	4	30.00
102.449	29.65	4.15	122.98	11.38	7.84	89.21	72.50	4	31.50
102.510	29.49	4.19	123.71	11.41	7.89	90.09	72.80	4	30.50
102.614	30.04	4.11	123.40	11.44	7.81	89.38	72.40	4	31.00
102.759	29.50	4.21	124.08	11.43	7.83	89.50	72.10	4	30.50
102.820	30.06	4.12	123.91	11.49	7.77	89.24	72.00	4	30.50
102.924	30.24	4.07	122.96	11.37	7.92	90.09	73.30	4	32.50
103.069	29.65	4.17	123.56	11.43	7.88	90.01	72.80	4	31.00
103.130	29.97	4.12	123.60	11.51	7.68	88.39	71.50	4	31.00
103.234	30.32	4.08	123.55	11.47	7.86	90.14	73.00	4	30.00
103.379	29.84	4.15	123.99	11.42	7.87	89.89	72.50	4	30.50
103.440	30.19	4.11	124.15	11.48	7.83	89.80	72.30	4	31.00
103.544	30.20	4.12	124.35	11.41	7.96	90.82	73.00	4	32.00
103.689	29.84	4.15	123.99	11.45	7.81	89.42	72.10	4	30.50
103.750	30.22	4.09	123.53	11.39	8.01	91.23	73.90	4	30.50
103.854	30.51	4.02	122.58	11.43	7.82	89.33	72.90	4	31.50
103.999	29.01	4.24	123.02	11.47	7.70	88.38	71.80	4	31.00
104.060	29.69	4.16	123.48	11.46	7.74	88.68	71.80	4	29.50
104.164	29.67	4.15	122.98	11.43	7.77	88.81	72.20	4	33.00
104.309	28.90	4.25	122.79	11.42	7.79	88.96	72.40	4	30.50
104.370	29.90	4.12	123.10	11.42	7.89	90.04	73.10	4	29.50
104.474	30.93	3.97	122.69	11.39	7.80	88.77	72.40	4	30.50
104.619	29.91	4.11	122.90	11.42	7.82	89.33	72.70	4	32.00
104.680	29.20	4.21	122.89	11.43	7.83	89.54	72.90	4	33.00
104.784	29.30	4.20	123.05	11.39	7.92	90.20	73.30	4	30.00
104.929	29.19	4.23	123.41	11.41	7.79	88.90	72.00	4	32.50
104.990	28.55	4.29	122.62	11.44	7.80	89.15	72.70	4	31.50
105.094	29.79	4.12	122.61	11.40	7.79	88.87	72.50	4	30.50
105.239	30.62	4.00	122.37	11.37	7.88	89.60	73.20	4	31.00
105.300	30.90	3.97	122.78	11.42	7.80	89.13	72.60	4	31.00
105.404	29.15	4.21	122.78	11.32	7.89	89.29	72.70	4	32.00
105.549	30.18	4.09	123.41	11.42	7.82	89.35	72.40	4	32.00
105.610	29.57	4.17	123.42	11.47	7.73	88.71	71.90	4	32.00
105.714	29.78	4.14	123.30	11.48	7.74	88.89	72.10	4	31.00
105.859	30.82	3.99	123.13	11.42	7.86	89.72	72.90	4	30.00
105.920	30.72	4.00	122.99	11.45	7.90	90.46	73.60	4	30.00
106.024	30.45	4.03	122.84	11.47	7.80	89.46	72.80	4	31.50
106.169	30.60	4.01	122.71	11.41	7.81	89.13	72.60	4	29.50
106.230	30.93	3.95	122.09	11.38	7.91	89.96	73.70	4	31.00
106.334	29.50	4.15	122.53	11.43	7.79	89.00	72.60	4	31.00
106.479	30.56	4.03	123.15	11.41	7.88	89.83	72.90	4	31.50
106.540	29.84	4.12	122.81	11.46	7.92	90.78	73.90	4	31.50
106.644	29.81	4.13	123.09	11.45	7.80	89.34	72.60	4	32.00
106.789	29.00	4.27	123.71	11.39	7.84	89.25	72.10	4	33.00
106.850	28.82	4.25	122.59	11.40	7.90	90.05	73.50	4	32.00
106.954	29.56	4.17	123.32	11.44	7.78	89.09	72.20	4	30.00
107.099	30.85	3.97	122.41	11.32	7.96	90.18	73.70	4	30.50
107.160	30.20	4.07	122.82	11.45	7.88	90.30	73.50	4	33.00
107.264	29.50	4.16	122.68	11.42	7.77	88.78	72.40	4	29.50
107.409	29.96	4.10	122.72	11.44	7.72	88.32	72.00	4	32.00
107.470	29.52	4.16	122.84	11.48	7.71	88.55	72.10	4	31.50
107.574	30.10	4.09	123.22	11.44	7.86	89.91	73.00	4	30.50
107.719	30.52	4.03	122.84	11.46	7.81	89.48	72.80	4	31.50
107.780	29.85	4.12	123.00	11.48	7.73	88.71	72.10	4	32.00
107.884	29.17	4.22	122.94	11.44	7.90	90.32	73.50	4	31.50
108.029	30.40	4.05	123.00	11.47	7.72	88.61	72.00	4	31.00
108.090	29.81	4.13	123.16	11.48	7.70	88.36	71.70	4	31.00
108.194	29.73	4.15	123.23	11.41	7.93	90.48	73.40	4	32.50
108.339	30.47	4.05	123.36	11.42	7.91	90.29	73.20	4	30.50
108.400	30.56	4.03	123.29	11.53	7.65	88.15	71.50	4	32.00
108.504	29.40	4.19	123.06	11.53	7.66	88.35	71.80	4	32.00
108.649	30.42	4.05	123.16	11.43	7.93	90.67	73.60	4	30.50
108.710	30.39	4.04	122.66	11.51	7.81	89.96	73.30	4	31.00
108.814	30.00	4.08	122.50	11.48	7.77	89.20	72.80	4	32.50
108.959	29.84	4.11	122.63	11.41	7.86	89.72	73.20	4	30.50
109.020	29.59	4.15	122.87	11.39	7.96	90.72	73.80	4	32.50
109.124	29.19	4.20	122.49	11.41	7.88	89.98	73.50	4	31.50
109.269	29.95	4.10	122.91	11.41	7.81	89.05	72.50	4	31.50
109.330	29.76	4.14	123.13	11.46	7.77	89.08	72.30	4	32.00
109.434	29.14	4.22	123.10	11.43	7.80	89.09	72.40	4	30.50
109.579	29.76	4.13	122.84	11.45	7.88	90.18	73.40	4	31.50
109.640	29.96	4.13	123.79	11.46	7.87	90.23	72.90	4	30.50
109.744	30.64	4.01	122.92	11.42	7.87	89.87	73.10	4	31.00
109.889	29.88	4.13	123.37	11.55	7.53	86.97	70.50	4	31.50
109.950	30.05	4.10	123.25	11.52	7.70	88.72	72.00	4	30.50
110.054	30.07	4.11	123.47	11.51	7.61	87.57	70.90	4	31.50
110.199	29.50	4.19	123.73	11.53	7.84	90.43	73.10	4	32.50
110.260	29.73	4.16	123.56	11.49	7.86	90.34	73.10	4	31.00
110.364	30.05	4.12	123.68	11.58	7.67	88.87	71.90	4	32.50
110.509	29.81	4.12	122.88	11.48	7.83	89.95	73.20	4	31.00
110.570	29.36	4.18	122.70	11.44	7.93	90.70	73.90	4	31.50
110.674	29.91	4.12	123.26	11.53	7.74	89.20	72.40	4	31.00
110.819	30.29	4.08	123.56	11.52	7.71	88.85	71.90	4	31.00
110.880	30.11	4.10	123.59	11.47	7.90	90.64	73.30	4	30.50
110.984	30.58	4.02	122.83	11.48	7.97	91.52	74.50	4	30.50
111.129	30.76	4.00	123.03	11.48	7.83	89.92	73.10	4	30.00
111.190	30.83	3.96	122.12	11.44	7.78	89.00	72.90	4	30.00
111.294	29.70	4.13	122.56	11.44	7.85	89.81	73.30	4	32.50
111.439	30.00	4.09	122.77	11.45	7.75	88.72	72.30	4	30.50
111.500	30.36	4.03	122.37	11.45	7.76	88.87	72.60	4	30.00
111.604	30.98	3.92	121.53	11.48	7.80	89.56	73.70	4	30.50
111.749	29.36	4.19	122.89	11.48	7.79	89.48	72.80	4	30.50
111.810	30.12	4.08	122.77	11.40	7.94	90.49	73.70	4	30.50
111.914	30.29	4.06	122.90	11.48	7.71	88.53	72.00	4	31.00
112.059	30.16	4.11	123.86	11.44	7.98	91.24	73.70	4	32.00
112.120	29.64	4.17	123.72	11.48	7.88	90.45	73.10	4	31.00
112.224	29.78	4.16	123.84	11.56	7.65	88.40	71.40	4	31.00
112.369	30.21	4.09	123.47	11.47	7.89	90.53	73.30	4	31.50
112.430	29.91	4.13	123.66	11.45	7.88	90.21	73.00	4	30.50
112.534	30.62	4.03	123.34	11.53	7.65	88.26	71.60	4	29.50
112.679	29.80	4.14	123.34	11.44	7.94	90.87	73.70	4	31.00
112.740	30.16	4.11	123.97	11.50	7.75	89.16	71.90	4	31.50
112.844	30.15	4.09	123.38	11.49	7.74	89.02	72.10	4	30.00
112.989	30.88	3.97	122.61	11.43	7.87	89.93	73.30	4	29.50
113.050	30.98	3.94	121.90	11.42	7.83	89.37	73.30	4	31.00
113.154	29.20	4.18	122.00	11.43	7.70	87.98	72.10	4	32.00
113.299	30.64	3.99	122.16	11.46	7.76	88.95	72.80	4	30.00
113.360	30.30	4.04	122.58	11.45	7.77	88.93	72.60	4	32.50
113.464	29.80	4.10	122.12	11.44	7.72	88.36	72.40	4	30.50
113.609	30.11	4.08	122.84	11.46	7.78	89.16	72.60	4	31.50
113.670	30.35	4.07	123.57	11.45	7.90	90.39	73.20	4	30.50
113.774	30.69	4.01	123.06	11.42	7.80	89.12	72.40	4	30.50
113.919	29.41	4.18	122.94	11.42	7.74	88.45	71.90	4	32.50
113.980	28.84	4.25	122.68	11.42	7.79	88.94	72.50	4	32.00
114.084	28.63	4.27	122.33	11.36	7.91	89.80	73.40	4	31.50
114.229	30.74	4.01	123.33	11.41	7.72	88.14	71.50	4	29.50
114.290	30.89	3.98	123.11	11.44	7.80	89.18	72.40	4	31.50
114.394	29.45	4.18	123.13	11.43	7.76	88.66	72.00	4	32.00
114.539	29.49	4.19	123.41	11.45	7.84	89.74	72.70	4	29.50
114.600	29.91	4.11	123.03	11.50	7.81	89.82	73.00	4	32.50
114.704	28.64	4.27	122.20	11.45	7.81	89.38	73.10	4	33.00
114.849	29.21	4.19	122.51	11.40	7.82	89.14	72.80	4	30.50
114.910	29.80	4.12	122.73	11.43	7.92	90.54	73.80	4	30.50
115.014	30.65	4.00	122.61	11.44	7.80	89.23	72.80	4	30.00
115.159	28.95	4.25	123.13	11.41	7.87	89.76	72.90	4	33.00
115.220	28.26	4.30	121.63	11.44	7.73	88.45	72.70	4	32.00
115.324	29.62	4.14	122.64	11.42	7.84	89.56	73.00	4	30.00
115.469	30.46	4.05	123.35	11.43	7.85	89.71	72.70	4	32.00
115.530	29.60	4.17	123.39	11.46	7.76	88.93	72.10	4	32.50
115.634	29.64	4.15	123.02	11.49	7.86	90.24	73.40	4	31.00
115.779	30.94	3.96	122.58	11.43	7.82	89.39	72.90	4	30.00
115.840	30.33	4.05	122.76	11.45	7.81	89.44	72.90	4	31.50
115.944	30.45	4.04	123.08	11.50	7.80	89.73	72.90	4	30.50
116.089	30.36	4.07	123.52	11.45	7.87	90.15	73.00	4	31.00
116.150	29.86	4.14	123.51	11.43	7.88	90.04	72.90	4	31.50
116.254	30.07	4.11	123.49	11.48	7.90	90.72	73.50	4	32.50
116.399	28.88	4.27	123.46	11.42	7.90	90.19	73.00	4	31.50
116.460	29.88	4.13	123.37	11.47	7.79	89.35	72.40	4	30.50
116.564	30.70	3.99	122.36	11.45	7.80	89.27	73.00	4	29.50
116.709	31.18	3.92	122.18	11.37	7.90	89.88	73.60	4	31.50
116.770	29.89	4.10	122.63	11.44	7.75	88.66	72.30	4	32.00
116.874	29.90	4.09	122.39	11.47	7.87	90.26	73.70	4	31.00
117.019	31.37	3.85	120.77	11.41	7.76	88.51	73.30	4	29.50
117.080	31.32	3.88	121.59	11.38	7.84	89.16	73.30	4	30.50
117.184	29.91	4.12	123.14	11.46	7.69	88.18	71.60	4	32.50
117.329	29.05	4.25	123.38	11.47	7.80	89.40	72.50	4	31.50
117.390	29.49	4.17	123.10	11.46	7.82	89.62	72.80	4	30.00
117.494	30.64	3.97	121.68	11.45	7.86	89.97	73.90	4	30.00
117.639	29.40	4.16	122.15	11.47	7.82	89.71	73.40	4	32.50
117.700	29.43	4.16	122.57	11.44	7.88	90.21	73.60	4	30.50
117.804	30.42	4.01	122.03	11.47	7.64	87.64	71.80	4	29.50
117.949	29.12	4.20	122.20	11.44	7.66	87.66	71.70	4	33.00
118.010	28.10	4.30	120.92	11.35	7.71	87.49	72.40	4	33.00
118.114	28.89	4.23	122.21	11.34	7.76	87.97	72.00	4	31.00
118.259	30.77	3.96	121.85	11.35	7.78	88.32	72.50	4	30.00
118.320	30.68	3.98	122.15	11.36	7.92	89.97	73.70	4	32.00
118.424	29.08	4.21	122.42	11.40	7.81	89.03	72.70	4	32.00
118.569	29.81	4.11	122.63	11.42	7.87	89.88	73.30	4	30.00
118.630	30.33	4.05	122.78	11.47	7.83	89.78	73.10	4	30.00
118.734	29.53	4.16	122.74	11.42	7.95	90.74	73.90	4	31.50
118.879	29.89	4.12	123.01	11.48	7.87	90.38	73.50	4	30.00
118.940	30.49	4.02	122.52	11.54	7.78	89.71	73.20	4	30.00
119.044	30.88	3.95	121.99	11.46	7.73	88.57	72.60	4	30.50
119.189	29.89	4.11	122.96	11.47	7.83	89.81	73.00	4	30.00
119.250	30.67	3.99	122.31	11.45	7.93	90.80	74.20	4	30.00
119.354	30.69	4.01	123.07	11.46	7.87	90.24	73.30	4	32.00
119.499	29.77	4.13	123.06	11.50	7.78	89.56	72.80	4	31.00
119.560	30.37	4.04	122.58	11.53	7.76	89.44	73.00	4	30.50
119.664	31.22	3.90	121.69	11.48	7.75	89.00	73.10	4	29.50
119.809	29.46	4.18	123.01	11.48	7.79	89.48	72.70	4	33.50
119.870	28.62	4.28	122.47	11.43	7.76	88.69	72.40	4	32.00
119.974	30.05	4.07	122.41	11.49	7.76	89.12	72.80	4	30.00
120.119	31.42	3.86	121.39	11.42	7.78	88.79	73.10	4	30.00
120.180	30.80	3.98	122.55	11.46	7.79	89.31	72.90	4	32.00
120.284	28.84	4.23	121.88	11.39	7.77	88.57	72.70	4	33.00
120.429	29.84	4.10	122.26	11.37	7.86	89.40	73.10	4	29.50
120.490	30.89	3.93	121.53	11.41	7.69	87.68	72.10	4	29.00
120.594	30.56	4.00	122.24	11.37	7.78	88.50	72.40	4	32.50
120.739	29.13	4.22	123.00	11.38	7.81	88.89	72.30	4	30.00
120.800	30.29	4.06	122.88	11.39	7.77	88.46	72.00	4	29.00
120.904	30.72	3.98	122.22	11.43	7.79	89.09	72.90	4	32.00
121.049	29.83	4.12	122.79	11.48	7.77	89.20	72.60	4	30.00
121.110	30.46	4.05	123.23	11.47	7.80	89.48	72.60	4	30.00
121.214	30.75	3.97	122.10	11.53	7.74	89.21	73.10	4	29.50
121.359	30.01	4.09	122.84	11.46	7.81	89.42	72.80	4	33.00
121.420	29.00	4.22	122.45	11.45	7.77	88.95	72.60	4	32.50
121.524	29.64	4.15	123.11	11.47	7.83	89.80	72.90	4	31.00
121.669	30.65	4.03	123.39	11.46	7.81	89.51	72.50	4	30.00
121.730	31.24	3.92	122.47	11.47	7.74	88.77	72.50	4	30.50
121.834	30.94	3.94	121.99	11.45	7.77	89.05	73.00	4	30.00
121.979	28.98	4.21	121.98	11.44	7.74	88.55	72.60	4	33.00
122.040	28.89	4.24	122.40	11.48	7.84	89.99	73.50	4	32.00
122.144	29.89	4.13	123.39	11.45	7.85	89.87	72.80	4	30.50
122.289	30.01	4.15	124.41	11.49	7.80	89.60	72.00	4	30.00
122.350	30.20	4.10	123.70	11.51	7.77	89.47	72.30	4	31.00
122.454	29.92	4.13	123.43	11.48	7.91	90.83	73.60	4	31.00
122.599	30.71	4.05	124.36	11.53	7.84	90.41	72.70	4	30.50
122.660	31.07	3.97	123.26	11.57	7.70	89.13	72.30	4	30.50
122.764	31.30	3.88	121.33	11.47	7.82	89.72	73.90	4	30.00
122.909	29.09	4.20	122.17	11.45	7.81	89.39	73.20	4	33.00
122.970	28.38	4.29	121.67	11.45	7.81	89.45	73.50	4	32.50
123.074	29.67	4.12	122.19	11.44	7.88	90.09	73.70	4	31.00
123.219	30.33	4.06	123.03	11.49	7.81	89.79	73.00	4	31.00
123.280	30.01	4.11	123.37	11.52	7.76	89.37	72.40	4	31.50
123.384	30.55	4.04	123.47	11.48	7.83	89.80	72.70	4	31.00
123.529	30.50	4.05	123.56	11.50	7.83	90.07	72.90	4	30.50
123.590	29.99	4.11	123.33	11.53	7.82	90.10	73.00	4	32.00
123.694	29.66	4.18	123.82	11.50	7.83	90.02	72.70	4	31.50
123.839	29.95	4.15	124.25	11.49	7.85	90.27	72.60	4	30.50
123.900	30.34	4.10	124.37	11.51	7.83	90.14	72.50	4	30.00
124.004	30.39	4.08	124.04	11.55	7.87	90.95	73.30	4	31.50
124.149	29.33	4.22	123.69	11.45	7.91	90.54	73.20	4	32.50
124.210	29.58	4.19	123.81	11.53	7.74	89.27	72.10	4	30.50
124.314	29.97	4.11	123.17	11.54	7.81	90.12	73.20	4	32.00
124.459	29.97	4.11	123.17	11.50	7.78	89.47	72.60	4	30.50
124.520	30.43	4.07	123.71	11.48	7.78	89.32	72.20	4	30.50
124.624	29.76	4.13	122.85	11.50	7.77	89.38	72.80	4	31.50
124.769	28.99	4.26	123.54	11.48	7.87	90.42	73.20	4	31.50
124.830	29.43	4.21	123.89	11.45	7.90	90.39	73.00	4	30.50
124.934	29.48	4.18	123.21	11.53	7.73	89.11	72.30	4	31.50
125.079	29.98	4.10	122.84	11.48	7.87	90.35	73.50	4	30.00
125.140	30.71	3.97	121.89	11.40	7.85	89.55	73.50	4	29.00
125.244	31.04	3.93	122.07	11.51	7.71	88.70	72.70	4	32.00
125.389	29.75	4.13	122.74	11.48	7.73	88.82	72.40	4	30.50
125.450	30.45	4.04	122.90	11.42	7.85	89.64	72.90	4	29.50
125.554	30.97	3.95	122.21	11.44	7.75	88.64	72.50	4	31.00
125.699	29.29	4.21	123.33	11.41	7.98	91.03	73.80	4	32.50
125.760	28.56	4.28	122.18	11.38	7.82	88.98	72.80	4	32.00
125.864	29.96	4.10	122.88	11.41	7.76	88.51	72.00	4	30.00
126.009	31.05	3.93	121.97	11.42	7.81	89.22	73.10	4	31.00
126.070	29.91	4.10	122.59	11.46	7.84	89.86	73.30	4	32.50
126.174	28.48	4.29	122.04	11.41	7.79	88.90	72.80	4	32.50
126.319	30.13	4.08	123.02	11.46	7.74	88.66	72.10	4	29.50
126.380	30.87	3.94	121.68	11.47	7.83	89.82	73.80	4	30.50
126.484	29.17	4.20	122.47	11.44	7.88	90.17	73.60	4	33.00
126.629	29.42	4.18	122.99	11.39	7.96	90.68	73.70	4	30.50
126.690	30.15	4.09	123.28	11.42	7.82	89.29	72.40	4	31.00
126.794	30.18	4.09	123.57	11.52	7.83	90.22	73.00	4	31.50
126.939	30.13	4.10	123.54	11.50	7.92	91.01	73.70	4	31.00
127.000	29.77	4.16	123.85	11.48	7.94	91.17	73.60	4	32.00
127.104	29.31	4.23	124.05	11.55	7.82	90.28	72.80	4	32.50
127.249	29.91	4.13	123.60	11.56	7.85	90.73	73.40	4	31.50
127.310	29.89	4.15	123.98	11.52	7.87	90.71	73.20	4	30.50
127.414	30.27	4.07	123.19	11.56	7.77	89.82	72.90	4	31.00
127.559	29.76	4.14	123.09	11.55	7.82	90.29	73.40	4	32.50
127.620	29.60	4.17	123.50	11.47	7.93	90.93	73.60	4	31.50
127.724	30.72	4.01	123.11	11.51	7.77	89.38	72.60	4	30.00
127.869	29.30	4.19	122.80	11.50	7.84	90.16	73.40	4	31.00
127.930	30.01	4.10	122.97	11.50	7.70	88.50	72.00	4	29.50
128.034	30.40	4.04	122.82	11.50	7.78	89.52	72.90	4	32.50
128.179	29.80	4.14	123.22	11.49	7.78	89.40	72.60	4	30.00
128.240	30.42	4.06	123.47	11.45	7.83	89.67	72.60	4	30.50
128.344	30.45	4.06	123.54	11.52	7.75	89.25	72.20	4	31.50
128.489	29.89	4.14	123.90	11.52	7.93	91.34	73.70	4	31.00
128.550	30.11	4.12	124.00	11.49	7.91	90.92	73.30	4	31.50
128.654	30.07	4.10	123.39	11.53	7.77	89.54	72.60	4	31.00
128.799	29.75	4.16	123.65	11.56	7.74	89.46	72.40	4	31.50
128.860	30.03	4.12	123.60	11.47	7.85	90.02	72.80	4	31.50
128.964	30.04	4.13	124.15	11.53	7.82	90.15	72.60	4	30.50
129.109	30.65	4.05	124.11	11.49	7.92	91.03	73.30	4	31.00
129.170	30.71	4.05	124.30	11.49	7.77	89.26	71.80	4	30.50
129.274	30.62	4.02	123.09	11.48	7.87	90.42	73.50	4	31.00
129.419	29.16	4.24	123.61	11.46	7.81	89.50	72.40	4	32.00
129.480	29.37	4.23	124.20	11.48	7.90	90.76	73.10	4	31.50
129.584	30.25	4.10	123.88	11.54	7.88	90.93	73.40	4	30.50
129.729	30.54	4.05	123.59	11.52	7.81	89.97	72.80	4	31.50
129.790	29.58	4.17	123.38	11.57	7.74	89.58	72.60	4	32.50
129.894	29.41	4.22	124.14	11.52	7.90	90.96	73.30	4	30.50
130.039	29.79	4.18	124.41	11.52	7.91	91.12	73.20	4	32.00
130.100	29.59	4.19	123.90	11.51	8.01	92.28	74.50	4	31.50
130.204	30.07	4.13	124.06	11.51	7.98	91.90	74.10	4	31.50
130.349	29.72	4.17	124.04	11.56	7.78	89.88	72.50	4	32.00
130.410	30.10	4.12	124.06	11.56	7.85	90.78	73.20	4	30.50
130.514	29.94	4.13	123.66	11.52	7.86	90.55	73.20	4	32.00
130.659	30.58	4.03	123.21	11.51	7.84	90.23	73.20	4	30.00
130.720	31.34	3.91	122.39	11.47	7.77	89.08	72.80	4	29.50
130.824	29.97	4.10	122.76	11.44	7.85	89.81	73.20	4	32.00
130.969	30.27	4.08	123.37	11.48	7.81	89.65	72.70	4	30.00
131.030	31.03	3.96	122.79	11.46	7.87	90.19	73.40	4	30.00
131.134	29.42	4.18	123.10	11.41	7.86	89.64	72.80	4	33.00
131.279	29.45	4.21	124.08	11.49	7.78	89.40	72.00	4	30.00
131.340	30.03	4.13	124.01	11.52	7.91	91.15	73.50	4	30.50
131.444	30.19	4.11	124.19	11.50	7.87	90.52	72.90	4	30.50
131.589	30.11	4.13	124.36	11.56	7.86	90.86	73.10	4	30.50
131.650	30.57	4.06	124.00	11.52	7.88	90.83	73.20	4	30.50
131.754	30.11	4.12	124.19	11.54	7.79	89.86	72.40	4	31.50
131.899	29.88	4.15	123.93	11.57	7.75	89.72	72.40	4	30.50
131.960	30.32	4.09	123.98	11.57	7.72	89.30	72.00	4	30.00
132.064	29.89	4.14	123.83	11.53	7.86	90.56	73.10	4	31.00
132.209	30.33	4.08	123.74	11.52	7.92	91.31	73.80	4	30.50
132.270	30.33	4.07	123.46	11.50	7.90	90.79	73.50	4	32.00
132.374	29.08	4.24	123.36	11.54	7.71	88.95	72.10	4	31.00
132.519	30.94	3.96	122.64	11.52	7.82	90.02	73.40	4	31.50
132.580	29.90	4.12	123.26	11.48	7.85	90.05	73.10	4	32.50
132.684	29.46	4.20	123.72	11.54	7.77	89.69	72.50	4	30.50
132.829	30.81	4.01	123.42	11.45	7.98	91.41	74.10	4	31.00
132.890	29.75	4.15	123.56	11.48	7.84	89.97	72.80	4	32.50
132.994	29.60	4.20	124.23	11.60	7.75	89.92	72.40	4	32.00
133.139	30.51	4.05	123.70	11.57	7.86	90.88	73.50	4	30.50
133.200	30.81	4.01	123.60	11.52	7.87	90.60	73.30	4	31.50
133.304	29.88	4.14	123.79	11.61	7.72	89.61	72.40	4	31.00
133.449	30.40	4.05	122.96	11.60	7.71	89.44	72.70	4	31.50
133.510	29.70	4.18	124.03	11.49	7.89	90.62	73.10	4	32.00
133.614	29.24	4.25	124.24	11.57	7.80	90.28	72.70	4	30.50
133.759	30.37	4.09	124.08	11.53	7.94	91.53	73.80	4	30.50
133.820	30.28	4.10	124.15	11.53	7.83	90.32	72.80	4	31.50
133.924	29.93	4.14	123.82	11.54	7.92	91.32	73.70	4	31.00
134.069	30.36	4.08	123.93	11.56	7.86	90.87	73.30	4	31.50
134.130	29.69	4.18	124.02	11.65	7.69	89.60	72.20	4	32.50
134.234	29.63	4.19	124.05	11.58	7.75	89.78	72.40	4	30.00
134.379	30.44	4.07	123.79	11.58	7.87	91.19	73.70	4	30.00
134.440	30.88	4.00	123.65	11.54	7.92	91.38	73.90	4	30.00
134.544	30.81	4.00	123.19	11.53	7.86	90.64	73.60	4	30.50
134.689	29.56	4.17	123.17	11.46	7.87	90.21	73.20	4	30.00
134.750	30.47	4.02	122.51	11.48	7.88	90.46	73.80	4	30.00
134.854	29.63	4.14	122.76	11.47	7.84	89.93	73.30	4	32.00
134.999	28.06	4.35	122.13	11.44	7.75	88.75	72.70	4	32.00
135.060	29.09	4.23	123.04	11.49	7.83	89.95	73.10	4	31.00
135.164	30.16	4.07	122.84	11.45	7.87	90.09	73.30	4	30.50
135.309	31.12	3.98	123.74	11.47	7.69	88.21	71.30	4	29.50
135.370	31.30	3.90	122.07	11.52	7.78	89.57	73.40	4	29.50
135.474	31.06	3.97	123.37	11.48	7.83	89.88	72.90	4	31.50
135.619	29.68	4.19	124.26	11.47	7.85	90.10	72.50	4	32.00
135.680	29.17	4.25	123.95	11.49	7.96	91.48	73.80	4	31.00
135.784	29.54	4.18	123.51	11.49	7.84	90.11	73.00	4	30.00
135.929	28.75	4.29	123.48	11.52	7.73	89.00	72.10	4	31.50
135.990	29.59	4.19	123.99	11.51	7.76	89.32	72.00	4	30.50
136.094	29.52	4.21	124.25	11.49	7.90	90.76	73.00	4	31.50
136.239	29.58	4.20	124.38	11.55	7.85	90.69	72.90	4	32.50
136.300	29.31	4.25	124.44	11.54	7.90	91.22	73.30	4	30.50
136.404	30.29	4.10	124.19	11.47	7.94	91.12	73.40	4	30.00
