588.169	38.55	0.33	12.73	1.18	1.82	2.15	16.90	4	12.00
588.229	37.60	0.90	33.79	2.57	4.75	12.23	36.20	4	15.00
588.333	35.01	2.07	72.60	4.30	8.55	36.77	50.60	4	20.00
588.478	27.68	3.21	88.84	5.88	9.23	54.28	61.10	4	25.50
588.538	28.59	3.25	93.00	6.70	8.83	59.20	63.70	4	22.50
588.642	32.12	2.85	91.51	7.70	8.10	62.36	68.10	4	22.50
588.787	33.48	2.75	92.20	8.65	7.84	67.80	73.50	4	25.50
588.847	32.60	2.93	95.53	9.09	7.56	68.71	71.90	4	28.00
588.951	29.86	3.26	97.48	9.74	7.27	70.82	72.70	4	30.00
589.096	30.98	3.16	98.01	10.62	6.67	70.79	72.20	4	27.50
589.156	31.85	3.06	97.49	10.74	6.59	70.84	72.70	4	29.00
589.260	31.62	3.09	97.60	11.12	6.55	72.82	74.60	4	29.50
589.405	29.99	3.29	98.59	11.65	5.99	69.75	70.70	4	30.50
589.465	30.54	3.24	98.80	11.83	5.77	68.29	69.10	4	30.00
589.569	30.68	3.24	99.34	11.92	6.06	72.19	72.70	4	33.00
589.714	30.40	3.26	99.00	12.01	6.20	74.51	75.30	4	30.00
589.774	30.84	3.22	99.26	12.02	6.11	73.47	74.00	4	32.00
589.878	30.69	3.25	99.71	12.09	6.18	74.79	75.00	4	31.00
590.023	30.15	3.32	100.05	11.69	6.66	77.86	77.80	4	31.00
590.084	29.91	3.35	100.22	11.55	6.56	75.76	75.60	4	31.00
590.188	30.52	3.28	100.09	11.37	6.53	74.25	74.20	4	29.00
590.333	30.56	3.28	100.15	11.00	6.66	73.22	73.10	4	29.50
590.394	30.45	3.29	100.09	10.84	6.85	74.19	74.10	4	29.50
590.498	30.94	3.23	100.07	10.71	6.35	68.04	68.00	4	27.50
590.643	30.34	3.30	100.22	10.39	6.78	70.39	70.20	4	28.00
590.704	30.44	3.27	99.65	10.25	7.15	73.31	73.60	4	28.00
590.808	31.37	3.16	99.05	10.12	7.20	72.83	73.50	4	27.00
590.953	31.43	3.12	98.16	10.15	7.14	72.39	73.70	4	27.50
591.013	30.46	3.23	98.51	10.08	7.17	72.31	73.40	4	29.00
591.117	30.65	3.22	98.75	10.01	7.14	71.52	72.40	4	26.50
591.262	31.02	3.21	99.60	10.00	7.20	72.01	72.30	4	27.50
591.322	31.26	3.17	99.20	9.91	7.28	72.14	72.70	4	26.50
591.426	30.15	3.29	99.29	9.88	7.28	71.95	72.50	4	28.50
591.571	30.68	3.26	99.94	9.95	7.29	72.52	72.60	4	27.50
591.631	31.09	3.22	100.06	10.01	7.09	70.99	70.90	4	28.00
591.735	30.77	3.25	99.88	10.05	7.08	71.15	71.20	4	27.50
591.880	30.79	3.23	99.34	10.08	7.17	72.29	72.80	4	28.00
591.940	31.15	3.20	99.54	10.07	7.13	71.78	72.10	4	27.50
592.044	30.28	3.27	99.08	10.01	7.02	70.30	70.90	4	29.00
592.189	30.65	3.23	98.98	10.01	7.11	71.19	71.90	4	26.50
592.249	31.12	3.17	98.75	10.01	7.15	71.58	72.50	4	27.00
592.353	30.14	3.27	98.53	10.02	7.17	71.90	73.00	4	29.50
592.498	30.87	3.19	98.51	9.97	7.23	72.12	73.20	4	27.00
592.558	31.11	3.16	98.41	9.99	7.11	71.08	72.20	4	27.50
592.662	29.93	3.29	98.47	9.98	7.14	71.25	72.40	4	29.00
592.807	31.08	3.20	99.35	9.96	7.25	72.21	72.70	4	27.00
592.867	30.95	3.21	99.37	9.96	7.32	72.90	73.40	4	27.00
592.971	29.77	3.33	99.13	10.04	7.10	71.24	71.90	4	29.00
593.116	31.66	3.11	98.41	9.96	7.09	70.67	71.80	4	26.00
593.176	32.07	3.05	97.84	9.93	7.13	70.83	72.40	4	27.50
593.280	29.83	3.29	98.17	9.94	7.16	71.19	72.50	4	28.50
593.425	29.96	3.31	99.07	10.01	7.19	71.98	72.70	4	26.50
593.485	31.27	3.15	98.49	10.01	7.00	70.07	71.10	4	26.00
593.589	32.47	2.97	96.44	10.01	7.04	70.48	73.10	4	26.50
593.734	29.97	3.28	98.21	10.10	7.01	70.81	72.10	4	29.50
593.794	29.27	3.34	97.82	10.05	6.99	70.26	71.80	4	28.50
593.898	30.82	3.21	98.83	10.07	7.07	71.18	72.00	4	27.00
594.043	30.97	3.22	99.84	10.11	7.08	71.61	71.70	4	28.50
594.103	30.34	3.28	99.57	10.06	7.24	72.88	73.20	4	28.50
594.207	30.93	3.22	99.45	10.10	7.19	72.55	73.00	4	27.00
594.352	31.59	3.14	99.04	10.21	7.07	72.15	72.80	4	27.00
594.412	31.49	3.15	99.06	10.14	7.18	72.80	73.50	4	26.50
594.516	31.63	3.13	98.90	10.12	7.12	72.05	72.90	4	28.00
594.661	30.94	3.22	99.75	10.10	7.11	71.82	72.00	4	27.00
594.721	31.34	3.18	99.67	10.18	7.02	71.43	71.70	4	28.00
594.825	31.01	3.23	100.22	10.27	7.16	73.50	73.30	4	29.00
594.970	30.90	3.22	99.48	10.35	7.03	72.76	73.10	4	27.50
595.030	31.39	3.17	99.49	10.25	7.04	72.19	72.60	4	28.00
595.134	31.29	3.19	99.97	10.35	7.06	73.00	73.00	4	27.50
595.279	30.85	3.24	100.02	10.23	7.10	72.61	72.60	4	28.00
595.340	31.33	3.17	99.32	10.19	7.12	72.54	73.00	4	27.50
595.444	30.81	3.24	99.96	10.16	7.10	72.19	72.20	4	29.00
595.589	30.69	3.25	99.65	10.22	7.55	77.12	77.40	4	28.00
595.649	31.06	3.22	99.91	10.27	7.52	77.28	77.40	4	28.00
595.753	31.41	3.19	100.28	10.21	7.51	76.70	76.50	4	27.50
595.898	31.28	3.19	99.70	10.26	7.25	74.41	74.60	4	27.50
595.958	31.11	3.20	99.68	10.22	7.16	73.14	73.40	4	28.00
596.062	31.19	3.22	100.28	10.28	7.16	73.65	73.40	4	29.00
596.207	30.72	3.26	100.01	10.15	7.27	73.77	73.80	4	27.50
596.268	30.91	3.23	99.97	10.15	7.16	72.71	72.70	4	26.50
596.372	31.69	3.13	99.21	10.13	7.17	72.58	73.20	4	26.50
596.517	30.01	3.30	98.97	10.05	7.19	72.27	73.00	4	28.50
596.577	29.85	3.32	99.11	10.07	7.19	72.33	73.00	4	27.50
596.681	31.14	3.18	99.09	10.00	7.39	73.86	74.50	4	26.50
596.826	31.63	3.13	98.95	9.99	7.24	72.34	73.10	4	28.50
596.886	30.95	3.21	99.19	9.99	7.37	73.58	74.20	4	26.50
596.990	31.82	3.11	99.01	10.00	7.28	72.76	73.50	4	28.00
597.135	30.43	3.29	100.09	10.02	7.37	73.82	73.80	4	29.00
597.196	30.16	3.30	99.56	10.10	7.28	73.47	73.80	4	28.00
597.300	31.23	3.16	98.83	10.02	7.27	72.88	73.70	4	27.00
597.445	30.32	3.28	99.32	10.05	7.20	72.40	72.90	4	28.00
597.505	30.38	3.28	99.72	10.06	7.22	72.63	72.80	4	27.00
597.609	31.11	3.20	99.64	10.09	7.29	73.58	73.80	4	27.50
597.754	31.06	3.22	99.86	10.15	7.06	71.71	71.80	4	27.00
597.814	30.98	3.22	99.86	10.12	7.12	72.09	72.20	4	28.00
597.918	31.32	3.17	99.26	10.14	7.16	72.57	73.10	4	28.00
598.063	30.39	3.29	100.01	10.08	7.14	71.93	71.90	4	28.50
598.124	30.61	3.28	100.40	10.08	7.23	72.93	72.60	4	27.50
598.228	31.00	3.22	99.74	10.09	7.24	73.03	73.20	4	27.50
598.373	31.21	3.19	99.46	10.10	7.18	72.47	72.90	4	27.50
598.433	30.46	3.27	99.53	10.08	7.12	71.71	72.00	4	28.50
598.537	30.50	3.26	99.55	10.09	7.15	72.14	72.50	4	27.50
598.682	31.17	3.20	99.74	10.09	7.14	72.04	72.20	4	28.00
598.742	30.72	3.26	100.10	10.08	7.22	72.76	72.70	4	28.00
598.846	30.24	3.31	100.06	10.08	7.28	73.37	73.30	4	28.00
598.991	31.39	3.17	99.48	10.10	6.97	70.41	70.80	4	26.50
599.051	31.13	3.19	99.35	10.10	7.10	71.75	72.20	4	28.50
599.155	30.84	3.22	99.42	10.12	7.09	71.67	72.10	4	28.00
599.300	31.00	3.22	99.79	10.12	7.21	72.93	73.10	4	28.00
599.360	30.80	3.24	99.72	10.14	7.11	72.11	72.30	4	28.50
599.464	31.22	3.19	99.49	10.15	7.12	72.28	72.70	4	27.50
599.609	30.42	3.29	100.18	10.10	7.24	73.08	72.90	4	28.00
599.670	30.86	3.25	100.43	10.08	7.20	72.64	72.30	4	27.00
599.774	30.24	3.30	99.93	10.07	7.27	73.21	73.30	4	28.00
599.919	31.17	3.21	100.10	10.17	7.11	72.26	72.20	4	27.00
599.980	31.34	3.19	99.89	10.12	7.15	72.40	72.50	4	28.00
600.084	30.40	3.29	99.88	10.05	7.24	72.84	72.90	4	29.00
600.229	31.24	3.18	99.29	10.05	7.35	73.81	74.30	4	26.50
600.289	31.46	3.15	99.17	10.06	7.28	73.19	73.80	4	28.50
600.393	30.30	3.29	99.76	10.06	7.13	71.69	71.90	4	28.50
600.538	31.24	3.20	99.90	10.04	7.12	71.42	71.50	4	26.50
600.598	31.57	3.14	99.20	10.03	7.13	71.57	72.10	4	26.50
600.702	31.48	3.15	99.22	10.09	7.15	72.07	72.60	4	28.50
600.847	30.93	3.20	99.05	10.06	7.22	72.64	73.30	4	27.50
600.907	30.86	3.23	99.57	10.08	7.18	72.32	72.60	4	29.00
601.011	30.72	3.24	99.58	10.08	7.19	72.49	72.80	4	27.00
601.156	30.32	3.26	98.94	10.08	7.14	71.96	72.70	4	27.50
601.216	31.01	3.19	98.89	10.09	7.14	72.07	72.90	4	27.00
601.320	30.69	3.24	99.29	10.03	7.27	72.97	73.50	4	28.00
601.465	30.64	3.24	99.34	10.05	7.27	73.09	73.60	4	28.00
601.525	30.89	3.19	98.55	10.04	7.22	72.50	73.60	4	27.00
601.629	31.75	3.09	98.10	10.01	7.22	72.30	73.70	4	27.00
601.774	30.20	3.27	98.85	10.07	7.12	71.70	72.50	4	28.00
601.834	30.06	3.29	98.89	10.09	7.10	71.65	72.50	4	28.50
601.938	31.16	3.17	98.83	10.06	7.08	71.22	72.10	4	26.50
602.083	32.32	3.02	97.75	10.01	7.18	71.84	73.50	4	27.00
602.143	31.08	3.17	98.46	10.04	7.20	72.28	73.40	4	29.00
602.247	29.57	3.32	98.09	10.05	7.23	72.63	74.10	4	29.00
602.392	31.20	3.17	98.89	10.05	7.20	72.40	73.20	4	26.00
602.452	31.54	3.13	98.68	10.00	7.25	72.52	73.50	4	27.50
602.556	30.36	3.26	98.92	10.02	7.19	72.09	72.90	4	28.00
602.701	30.81	3.23	99.56	9.95	7.19	71.54	71.90	4	28.50
602.761	30.19	3.28	99.06	9.98	7.20	71.86	72.50	4	27.50
602.865	30.47	3.25	99.06	10.04	7.11	71.40	72.10	4	28.00
603.010	30.46	3.25	98.98	10.04	7.26	72.84	73.60	4	27.50
603.070	31.06	3.19	99.16	10.01	7.28	72.88	73.50	4	27.50
603.174	30.64	3.23	99.09	10.06	7.15	71.96	72.60	4	27.50
603.319	30.68	3.23	99.12	10.09	7.09	71.57	72.20	4	27.00
603.379	30.89	3.19	98.57	10.10	7.06	71.33	72.40	4	27.50
603.483	30.94	3.18	98.38	10.08	7.07	71.25	72.40	4	28.00
603.628	30.96	3.18	98.53	10.04	7.25	72.75	73.80	4	27.00
603.688	31.41	3.10	97.32	9.99	7.26	72.49	74.50	4	26.00
603.792	31.64	3.10	97.92	9.93	7.28	72.36	73.90	4	28.50
603.937	29.92	3.29	98.33	9.93	7.32	72.67	73.90	4	27.50
603.997	30.56	3.22	98.43	9.94	7.29	72.45	73.60	4	26.50
604.101	30.83	3.20	98.59	9.99	7.20	71.94	73.00	4	27.50
604.246	30.61	3.21	98.41	9.94	7.35	73.03	74.20	4	27.50
604.306	30.54	3.22	98.19	10.04	7.21	72.32	73.70	4	29.00
604.410	30.74	3.19	98.08	10.05	7.11	71.42	72.80	4	27.50
604.555	30.56	3.21	98.20	10.00	7.06	70.60	71.90	4	29.00
604.615	30.24	3.23	97.69	10.07	6.96	70.05	71.70	4	27.50
604.719	30.50	3.21	97.81	10.04	7.00	70.26	71.80	4	27.50
604.864	30.85	3.19	98.32	10.02	7.14	71.60	72.80	4	28.00
604.924	30.83	3.19	98.27	9.99	7.05	70.45	71.70	4	26.50
605.028	30.41	3.22	98.03	10.01	7.09	71.01	72.40	4	28.00
605.173	31.78	3.06	97.30	9.93	7.12	70.76	72.70	4	26.00
605.233	31.92	3.05	97.50	9.96	7.17	71.39	73.20	4	28.00
605.337	30.71	3.17	97.45	9.97	7.18	71.61	73.50	4	27.50
605.482	30.30	3.20	96.90	10.02	7.14	71.48	73.80	4	28.50
605.542	30.11	3.23	97.14	10.03	6.96	69.81	71.90	4	27.00
605.646	30.94	3.14	97.02	10.00	6.90	69.05	71.20	4	27.00
605.791	31.16	3.11	96.87	9.97	6.90	68.80	71.00	4	26.50
605.851	31.28	3.09	96.76	9.92	7.07	70.08	72.40	4	28.00
605.955	30.90	3.14	97.11	9.96	7.06	70.25	72.30	4	26.50
606.100	31.41	3.07	96.35	9.96	7.03	70.00	72.60	4	28.50
606.160	30.39	3.17	96.36	10.01	6.96	69.69	72.30	4	29.50
606.264	29.08	3.29	95.67	9.97	6.79	67.70	70.80	4	27.50
606.409	31.18	3.09	96.27	9.90	7.09	70.22	72.90	4	27.00
606.469	31.15	3.10	96.53	9.95	7.01	69.70	72.20	4	27.50
606.573	30.89	3.13	96.80	9.93	7.05	70.02	72.30	4	28.00
606.718	30.88	3.11	95.93	9.97	7.06	70.33	73.30	4	26.50
606.778	30.95	3.09	95.53	10.01	6.92	69.23	72.50	4	27.50
606.882	31.00	3.08	95.49	10.00	6.87	68.68	71.90	4	26.50
607.027	31.72	3.01	95.47	9.93	6.97	69.20	72.50	4	26.50
607.087	32.02	2.98	95.38	9.87	7.05	69.55	72.90	4	25.50
607.191	31.58	3.01	95.00	9.83	7.07	69.53	73.20	4	29.00
607.336	31.23	3.06	95.47	9.79	7.13	69.79	73.10	4	26.00
607.396	31.13	3.06	95.35	9.79	7.13	69.80	73.20	4	28.50
607.500	31.01	3.09	95.98	9.82	7.09	69.67	72.60	4	26.00
607.645	30.64	3.14	96.08	9.88	7.03	69.47	72.30	4	28.00
607.705	30.46	3.15	96.01	9.85	7.06	69.58	72.50	4	26.50
607.809	31.65	3.01	95.22	9.81	7.11	69.74	73.20	4	26.50
607.954	31.61	3.02	95.32	9.84	7.00	68.91	72.30	4	28.00
608.014	30.58	3.12	95.49	9.87	6.95	68.58	71.80	4	27.50
608.118	30.04	3.18	95.58	9.80	6.95	68.16	71.30	4	28.50
608.263	31.09	3.08	95.88	9.79	6.99	68.43	71.40	4	27.00
608.323	31.19	3.06	95.52	9.86	6.99	68.84	72.10	4	27.00
608.427	30.46	3.14	95.57	9.87	7.06	69.71	72.90	4	27.50
608.572	30.45	3.12	94.97	9.87	7.05	69.60	73.30	4	27.50
608.632	31.01	3.06	94.81	9.85	7.06	69.57	73.40	4	27.00
608.736	30.41	3.11	94.46	9.88	6.91	68.30	72.30	4	28.00
608.881	30.75	3.08	94.57	9.89	6.94	68.72	72.70	4	26.50
608.941	31.21	3.01	94.07	9.90	6.87	68.01	72.30	4	26.50
609.045	31.07	3.04	94.40	9.86	6.91	68.16	72.20	4	28.50
609.190	30.98	3.07	95.12	9.69	7.24	70.17	73.80	4	25.50
609.250	31.01	3.04	94.32	9.65	7.21	69.59	73.80	4	27.50
609.354	30.34	3.12	94.52	9.79	7.01	68.60	72.60	4	27.00
609.499	31.08	3.05	94.81	9.72	7.10	69.06	72.80	4	28.50
609.559	30.51	3.11	94.89	9.74	7.09	69.04	72.80	4	28.50
609.663	30.33	3.11	94.43	9.82	6.88	67.60	71.60	4	26.00
609.808	30.54	3.09	94.40	9.74	7.04	68.60	72.70	4	26.50
609.868	31.02	3.04	94.35	9.76	7.03	68.66	72.80	4	27.00
609.971	30.41	3.11	94.49	9.88	6.77	66.93	70.80	4	27.00
610.116	30.26	3.11	94.25	9.75	7.07	68.87	73.10	4	27.50
610.176	30.64	3.07	93.98	9.80	6.94	68.00	72.40	4	27.00
610.280	30.47	3.10	94.34	9.85	6.92	68.16	72.30	4	27.50
610.425	31.12	3.04	94.50	9.69	7.10	68.77	72.80	4	26.50
610.485	30.88	3.07	94.66	9.75	7.03	68.51	72.40	4	27.50
610.589	31.09	3.03	94.05	9.78	6.87	67.24	71.50	4	25.50
610.734	29.86	3.12	93.16	9.79	6.80	66.56	71.40	4	28.00
610.794	30.26	3.09	93.41	9.80	6.75	66.17	70.80	4	26.50
610.898	31.31	2.97	93.11	9.69	6.88	66.66	71.60	4	28.00
611.043	30.00	3.10	93.08	9.73	6.98	67.89	72.90	4	28.00
611.103	30.57	3.05	93.28	9.81	6.78	66.48	71.30	4	26.50
611.207	31.31	2.96	92.76	9.77	6.86	66.99	72.20	4	27.00
611.352	30.84	3.01	92.96	9.71	6.97	67.69	72.80	4	29.00
611.412	29.55	3.11	91.95	9.76	6.72	65.56	71.30	4	28.00
611.516	30.55	3.04	92.84	9.64	6.96	67.11	72.30	4	25.50
611.661	31.79	2.92	92.71	9.72	6.87	66.79	72.00	4	26.00
611.721	31.90	2.90	92.41	9.69	6.87	66.59	72.10	4	26.00
611.825	30.24	3.04	92.01	9.69	6.95	67.32	73.20	4	29.00
611.970	30.62	3.00	91.90	9.64	6.95	66.98	72.90	4	25.50
612.030	31.60	2.90	91.71	9.59	6.90	66.23	72.20	4	26.50
612.134	31.71	2.90	91.95	9.65	6.85	66.13	71.90	4	26.50
612.279	30.37	3.06	92.98	9.75	6.77	66.04	71.00	4	28.00
612.339	30.48	3.04	92.69	9.70	6.93	67.25	72.60	4	26.50
612.443	30.47	3.04	92.75	9.74	6.98	68.00	73.30	4	27.00
612.588	31.31	2.98	93.24	9.73	6.98	67.92	72.90	4	26.50
612.648	31.16	2.97	92.55	9.76	6.83	66.67	72.00	4	26.50
612.752	30.34	3.06	92.90	9.69	6.93	67.16	72.30	4	27.50
612.897	31.31	2.97	92.92	9.72	6.82	66.27	71.30	4	26.00
612.957	31.04	2.98	92.56	9.63	7.04	67.84	73.30	4	27.00
613.061	30.74	3.01	92.54	9.71	7.03	68.20	73.70	4	26.50
613.206	31.69	2.90	91.85	9.66	6.86	66.27	72.20	4	26.00
613.266	31.52	2.92	92.12	9.67	6.90	66.70	72.40	4	27.50
613.370	30.15	3.06	92.11	9.73	6.82	66.32	72.00	4	27.50
613.515	31.42	2.92	91.79	9.66	7.01	67.76	73.80	4	25.50
613.575	32.16	2.85	91.74	9.63	6.78	65.36	71.20	4	25.50
613.679	30.82	3.00	92.41	9.70	6.78	65.78	71.20	4	27.00
613.824	31.36	2.94	92.31	9.68	6.94	67.25	72.90	4	26.50
613.884	31.22	2.96	92.46	9.71	6.82	66.24	71.60	4	26.00
613.988	30.29	3.06	92.56	9.73	6.82	66.36	71.70	4	27.50
614.133	30.93	3.00	92.77	9.72	7.07	68.78	74.10	4	26.50
614.193	31.02	2.99	92.68	9.77	6.98	68.17	73.60	4	27.00
614.297	30.12	3.08	92.72	9.77	6.83	66.75	72.00	4	26.50
614.442	30.68	3.03	93.06	9.77	6.92	67.61	72.60	4	26.00
614.502	31.46	2.94	92.65	9.71	7.03	68.27	73.70	4	26.50
614.606	30.27	3.07	92.94	9.78	6.81	66.56	71.60	4	27.00
614.751	30.42	3.06	93.12	9.76	6.94	67.77	72.80	4	28.50
614.811	29.48	3.14	92.60	9.77	6.78	66.23	71.50	4	28.50
614.915	30.62	3.03	92.78	9.66	7.00	67.64	72.90	4	26.00
615.060	32.32	2.85	92.11	9.66	6.82	65.92	71.60	4	25.00
615.120	32.54	2.82	91.60	9.64	6.96	67.11	73.30	4	26.50
615.224	30.28	3.06	92.55	9.67	6.90	66.76	72.10	4	28.50
615.369	28.61	3.21	91.82	9.73	6.90	67.09	73.10	4	27.50
615.429	29.58	3.14	92.94	9.71	6.95	67.52	72.60	4	25.50
615.533	31.69	2.91	92.20	9.69	6.93	67.13	72.80	4	25.50
615.678	29.84	3.10	92.42	9.69	6.91	66.93	72.40	4	28.00
615.738	30.65	3.04	93.20	9.71	6.99	67.91	72.90	4	26.00
615.842	32.01	2.90	92.85	9.76	6.86	66.99	72.20	4	26.00
615.987	30.36	3.09	93.83	9.77	6.99	68.28	72.80	4	28.50
616.047	30.03	3.14	94.19	9.77	6.97	68.09	72.30	4	27.50
616.151	31.54	2.98	94.09	9.77	6.97	68.08	72.40	4	26.50
616.296	30.40	3.11	94.53	9.71	7.12	69.06	73.10	4	29.00
616.356	29.74	3.17	94.30	9.69	7.09	68.68	72.80	4	27.00
616.460	30.75	3.09	95.13	9.85	7.01	69.06	72.60	4	26.50
616.605	30.32	3.14	95.26	9.80	7.01	68.67	72.10	4	29.00
616.665	29.89	3.19	95.42	9.80	6.99	68.53	71.80	4	27.50
616.769	31.06	3.08	95.63	9.92	6.94	68.88	72.00	4	26.00
616.914	30.30	3.15	95.44	9.83	7.07	69.53	72.80	4	27.00
616.974	31.35	3.03	95.05	9.87	6.98	68.92	72.50	4	27.00
617.078	29.97	3.18	95.22	9.87	6.94	68.46	71.90	4	27.00
617.223	29.98	3.18	95.42	9.84	7.09	69.76	73.10	4	28.50
617.283	29.49	3.24	95.53	9.89	7.02	69.45	72.70	4	27.50
617.387	31.04	3.09	95.99	9.89	7.13	70.55	73.50	4	26.50
617.532	30.47	3.18	96.83	9.91	7.00	69.43	71.70	4	28.50
617.592	30.68	3.15	96.74	9.96	6.99	69.61	72.00	4	26.50
617.696	30.91	3.13	96.69	9.97	7.00	69.71	72.10	4	28.50
617.841	31.56	3.06	96.44	9.85	7.18	70.77	73.40	4	27.50
617.901	31.13	3.12	96.99	9.93	6.96	69.15	71.30	4	28.00
618.005	30.55	3.17	96.98	9.92	7.17	71.19	73.40	4	27.50
618.150	30.69	3.17	97.41	9.97	6.98	69.56	71.40	4	29.00
618.210	30.06	3.23	97.14	9.95	7.14	71.05	73.10	4	27.50
618.314	30.74	3.18	97.88	9.99	7.15	71.45	73.00	4	27.00
618.459	31.50	3.08	97.10	9.99	7.10	70.92	73.00	4	26.50
618.519	31.96	3.04	97.18	9.95	6.99	69.56	71.60	4	27.00
618.622	30.57	3.19	97.45	9.95	7.07	70.39	72.20	4	29.00
618.767	29.10	3.32	96.71	9.96	7.01	69.84	72.20	4	27.50
618.827	30.42	3.21	97.76	9.95	7.04	69.99	71.60	4	26.00
618.931	31.43	3.10	97.31	10.07	6.91	69.67	71.60	4	27.00
619.076	29.96	3.27	98.05	9.98	7.10	70.88	72.30	4	28.00
619.136	30.60	3.20	97.86	10.00	7.14	71.38	72.90	4	27.50
619.240	31.79	3.06	97.31	9.97	7.12	71.03	73.00	4	26.00
619.385	32.52	2.97	96.58	9.91	7.01	69.42	71.90	4	27.00
619.445	31.64	3.09	97.74	9.99	7.15	71.38	73.00	4	29.00
619.549	30.52	3.23	98.68	10.09	6.99	70.50	71.40	4	27.00
619.694	30.36	3.27	99.40	9.98	7.17	71.53	72.00	4	29.00
619.754	29.78	3.32	98.78	10.00	7.12	71.16	72.00	4	28.00
619.858	30.82	3.23	99.49	9.99	7.25	72.38	72.80	4	26.50
620.003	32.10	3.07	98.46	10.01	7.15	71.60	72.70	4	26.50
620.063	31.75	3.11	98.74	10.06	7.11	71.49	72.40	4	28.50
620.167	30.44	3.25	98.93	10.03	7.14	71.66	72.40	4	28.50
620.312	31.21	3.17	98.85	10.05	7.11	71.42	72.20	4	28.00
620.372	31.20	3.16	98.69	10.10	7.12	71.91	72.90	4	28.00
620.476	30.53	3.23	98.52	10.11	7.05	71.28	72.40	4	27.50
620.621	30.91	3.21	99.26	10.15	7.02	71.28	71.80	4	28.00
620.681	30.73	3.22	98.91	10.13	6.95	70.42	71.20	4	28.00
620.785	30.38	3.26	98.93	10.13	7.02	71.15	71.90	4	27.50
620.930	30.21	3.27	98.95	10.09	6.98	70.39	71.10	4	27.00
620.990	30.52	3.24	98.97	10.02	7.17	71.86	72.60	4	28.50
621.094	30.08	3.28	98.63	10.04	7.13	71.59	72.60	4	27.00
621.239	29.94	3.31	99.21	10.06	7.13	71.75	72.30	4	29.00
621.299	29.90	3.32	99.41	10.08	7.16	72.16	72.60	4	27.50
621.403	31.29	3.17	99.27	10.07	7.12	71.75	72.30	4	27.00
621.548	30.74	3.23	99.35	10.10	7.14	72.05	72.50	4	29.00
621.608	30.62	3.25	99.46	10.06	7.17	72.10	72.50	4	27.50
621.712	31.19	3.19	99.48	10.07	7.26	73.09	73.50	4	27.50
621.857	30.71	3.24	99.49	10.05	7.28	73.15	73.50	4	28.00
621.917	30.73	3.23	99.39	10.07	7.25	73.08	73.50	4	28.50
622.021	29.98	3.29	98.75	10.06	7.18	72.20	73.10	4	28.50
622.166	30.99	3.19	98.81	10.04	7.19	72.15	73.00	4	27.00
622.226	31.49	3.16	99.55	10.08	7.12	71.76	72.10	4	28.00
622.330	30.46	3.28	99.92	10.12	7.13	72.10	72.20	4	29.00
622.475	30.02	3.31	99.32	10.09	7.20	72.62	73.10	4	27.00
622.535	31.03	3.20	99.27	10.14	7.08	71.80	72.30	4	27.00
622.639	31.95	3.10	99.01	10.01	7.24	72.46	73.20	4	27.00
622.784	30.31	3.28	99.45	10.06	7.25	72.96	73.40	4	27.50
622.844	31.17	3.18	99.17	10.03	7.24	72.62	73.20	4	26.50
622.948	31.42	3.16	99.17	10.09	7.22	72.85	73.50	4	28.50
623.093	30.77	3.24	99.73	10.07	7.18	72.33	72.50	4	26.50
623.153	31.22	3.19	99.50	10.12	7.21	72.94	73.30	4	27.50
623.257	30.84	3.21	98.85	10.09	7.28	73.49	74.30	4	27.50
623.402	32.04	3.07	98.22	10.05	7.13	71.73	73.00	4	27.00
623.462	31.18	3.18	98.99	10.05	7.07	71.05	71.80	4	28.50
623.566	30.71	3.24	99.44	10.10	7.03	71.06	71.50	4	27.50
623.711	30.30	3.27	99.07	10.13	7.04	71.31	72.00	4	27.50
623.771	30.76	3.23	99.35	10.12	7.12	71.99	72.50	4	27.00
623.875	30.45	3.26	99.18	10.11	7.19	72.61	73.20	4	29.00
624.020	30.78	3.22	99.19	10.04	7.19	72.17	72.80	4	28.00
624.080	30.73	3.24	99.46	10.09	7.12	71.86	72.20	4	28.50
624.184	30.46	3.26	99.30	10.13	7.03	71.29	71.80	4	28.50
624.329	29.98	3.31	99.21	10.15	7.06	71.61	72.20	4	28.00
624.389	30.74	3.23	99.40	10.10	7.09	71.62	72.10	4	26.50
624.493	30.54	3.23	98.67	10.07	7.13	71.85	72.80	4	28.00
624.638	30.87	3.22	99.30	10.10	7.08	71.50	72.00	4	28.00
624.698	30.63	3.24	99.24	10.14	7.18	72.79	73.30	4	28.50
624.802	30.69	3.23	99.11	10.12	7.23	73.12	73.80	4	27.50
624.947	31.50	3.15	99.13	10.07	7.21	72.61	73.20	4	26.50
625.007	31.82	3.11	98.91	10.08	7.23	72.90	73.70	4	27.00
625.111	31.57	3.13	98.65	10.10	7.16	72.25	73.20	4	28.00
625.256	30.22	3.27	98.94	10.09	7.22	72.83	73.60	4	28.00
625.316	30.50	3.24	98.77	10.07	7.09	71.40	72.30	4	28.50
625.420	30.88	3.22	99.40	10.06	7.17	72.11	72.50	4	28.00
625.565	30.40	3.25	98.97	10.11	7.01	70.87	71.60	4	28.00
625.625	30.79	3.20	98.60	10.07	7.11	71.61	72.60	4	27.50
625.729	31.39	3.15	98.78	10.14	6.90	69.98	70.80	4	27.00
625.874	30.56	3.22	98.54	10.11	7.09	71.67	72.70	4	28.00
625.934	30.39	3.24	98.43	10.08	7.19	72.52	73.70	4	27.50
626.038	30.81	3.22	99.24	10.06	7.19	72.31	72.90	4	28.50
626.183	29.97	3.27	98.03	10.12	7.04	71.31	72.70	4	28.50
626.243	29.98	3.28	98.26	10.12	7.06	71.42	72.70	4	28.00
626.347	30.91	3.18	98.27	10.07	7.09	71.38	72.60	4	27.00
626.492	29.74	3.29	97.72	10.00	7.23	72.28	74.00	4	28.50
626.552	29.87	3.28	98.09	9.96	7.18	71.50	72.90	4	27.00
626.656	31.18	3.11	97.11	10.03	7.00	70.24	72.30	4	27.50
626.801	30.68	3.20	98.26	10.04	7.14	71.69	73.00	4	26.50
626.861	31.06	3.16	98.03	10.07	7.17	72.15	73.60	4	27.50
626.965	30.48	3.22	98.28	10.05	7.27	73.03	74.30	4	29.00
627.110	30.28	3.24	98.03	10.04	7.18	72.15	73.60	4	28.50
627.170	29.98	3.25	97.44	10.06	7.07	71.13	73.00	4	27.50
627.274	31.13	3.12	96.99	9.98	7.13	71.15	73.40	4	27.00
627.419	31.64	3.08	97.30	9.98	7.15	71.41	73.40	4	26.50
627.479	31.25	3.13	97.75	10.02	7.22	72.40	74.10	4	29.00
627.583	30.65	3.19	97.72	10.04	7.06	70.86	72.50	4	28.00
627.728	30.51	3.20	97.52	10.11	6.92	69.94	71.70	4	28.50
627.788	29.65	3.27	97.02	10.01	7.04	70.46	72.60	4	28.00
627.892	30.03	3.24	97.26	9.97	7.16	71.31	73.30	4	27.50
628.037	31.62	3.08	97.50	9.97	7.07	70.53	72.30	4	27.50
628.097	30.80	3.16	97.34	9.98	7.11	70.92	72.90	4	28.50
628.201	31.02	3.14	97.51	10.10	6.93	70.01	71.80	4	27.00
628.346	31.12	3.14	97.68	10.00	7.08	70.77	72.40	4	28.00
628.406	30.46	3.21	97.84	10.01	7.10	71.08	72.70	4	29.00
628.510	30.51	3.22	98.20	9.99	7.14	71.36	72.70	4	27.00
628.655	30.62	3.22	98.57	10.03	7.17	71.88	72.90	4	28.00
628.715	31.17	3.17	98.89	10.00	7.16	71.60	72.40	4	26.50
628.819	31.47	3.13	98.54	10.08	7.17	72.32	73.40	4	28.00
628.964	30.30	3.25	98.53	10.02	7.19	72.00	73.10	4	28.50
629.024	30.20	3.26	98.45	10.06	7.02	70.59	71.70	4	27.50
629.128	30.81	3.18	98.07	10.05	7.08	71.10	72.50	4	27.00
629.273	31.20	3.14	98.08	9.98	7.19	71.69	73.10	4	26.50
629.333	31.15	3.15	98.18	10.00	7.11	71.03	72.40	4	28.50
629.437	31.28	3.13	97.95	9.98	7.10	70.81	72.30	4	26.00
629.582	31.97	3.07	98.11	9.87	7.20	71.00	72.40	4	25.50
629.642	31.98	3.04	97.11	9.92	6.94	68.84	70.90	4	28.00
629.746	29.98	3.24	97.25	9.87	7.17	70.71	72.70	4	28.50
629.891	30.24	3.25	98.19	9.96	7.16	71.37	72.70	4	29.50
629.951	29.71	3.29	97.84	9.98	7.13	71.17	72.70	4	27.00
630.055	30.96	3.16	97.95	9.94	7.17	71.29	72.80	4	28.00
630.200	30.94	3.19	98.78	9.99	7.13	71.20	72.10	4	27.00
630.260	31.34	3.13	98.24	10.04	6.99	70.12	71.40	4	27.50
630.364	31.24	3.15	98.31	10.07	6.94	69.85	71.10	4	27.50
630.509	30.34	3.22	97.74	10.07	6.94	69.94	71.60	4	28.00
630.569	30.63	3.20	97.94	10.06	7.05	70.94	72.40	4	27.50
630.673	30.56	3.21	98.05	10.01	7.13	71.42	72.80	4	26.50
630.818	31.04	3.17	98.25	9.95	7.17	71.32	72.60	4	28.50
630.878	30.21	3.24	97.93	9.96	7.25	72.20	73.70	4	28.50
630.982	30.65	3.21	98.25	9.98	7.16	71.41	72.70	4	27.00
631.127	30.27	3.25	98.34	10.01	7.05	70.53	71.70	4	28.50
631.187	30.26	3.26	98.61	9.99	7.04	70.33	71.30	4	27.50
631.291	30.35	3.23	98.06	9.97	7.05	70.24	71.60	4	27.00
631.436	31.15	3.13	97.40	10.06	6.92	69.58	71.40	4	28.00
631.496	30.89	3.16	97.75	10.03	7.07	70.87	72.50	4	27.50
631.600	31.57	3.09	97.62	10.09	6.90	69.64	71.30	4	27.50
631.745	30.78	3.20	98.38	10.02	7.21	72.26	73.40	4	26.50
631.805	31.42	3.13	98.19	10.06	7.07	71.11	72.40	4	27.50
631.909	30.35	3.24	98.40	9.98	7.16	71.48	72.60	4	28.50
632.054	30.58	3.22	98.51	10.01	7.12	71.22	72.30	4	27.00
632.114	30.34	3.23	98.12	9.99	7.12	71.13	72.50	4	28.00
632.218	31.35	3.09	96.86	10.06	6.93	69.73	72.00	4	27.00
632.363	30.24	3.25	98.21	9.94	7.04	69.97	71.20	4	28.50
632.423	29.88	3.28	97.93	9.97	7.14	71.14	72.60	4	27.50
632.527	30.75	3.18	97.73	9.99	7.08	70.72	72.40	4	28.50
632.672	29.98	3.25	97.45	10.03	6.95	69.72	71.50	4	27.50
632.732	30.54	3.19	97.52	10.01	7.08	70.90	72.70	4	27.00
632.836	30.75	3.18	97.82	10.03	7.06	70.82	72.40	4	27.50
632.981	30.18	3.24	97.89	10.01	7.07	70.78	72.30	4	28.00
633.041	30.67	3.19	97.98	10.04	7.13	71.59	73.10	4	27.00
633.145	30.26	3.22	97.48	10.01	6.99	69.95	71.80	4	28.00
633.290	31.25	3.13	97.89	9.98	7.11	70.95	72.50	4	27.50
633.350	30.93	3.16	97.64	10.01	7.06	70.68	72.40	4	28.00
633.454	30.40	3.21	97.61	10.04	7.06	70.84	72.60	4	28.50
633.599	30.85	3.15	97.07	9.97	7.10	70.79	72.90	4	26.50
633.659	31.13	3.12	97.03	9.97	7.07	70.53	72.70	4	28.00
633.763	29.96	3.24	97.13	9.94	7.15	71.05	73.20	4	28.50
633.908	31.25	3.08	96.20	9.95	6.96	69.25	72.00	4	27.50
633.968	30.24	3.18	96.04	9.91	7.02	69.58	72.40	4	28.50
634.072	29.91	3.23	96.60	9.95	7.06	70.32	72.80	4	27.00
634.217	31.56	3.06	96.42	10.00	6.90	68.94	71.50	4	27.00
634.277	31.64	3.05	96.63	9.93	6.96	69.12	71.50	4	26.50
634.381	30.36	3.19	96.94	9.93	7.06	70.07	72.30	4	28.00
634.526	29.71	3.24	96.13	9.93	7.10	70.57	73.40	4	27.00
634.586	30.60	3.14	96.22	9.92	7.04	69.88	72.60	4	25.50
634.690	31.78	3.00	95.26	9.89	7.07	69.90	73.40	4	28.00
634.835	29.77	3.21	95.43	9.83	7.08	69.60	72.90	4	27.00
634.895	30.96	3.09	95.69	9.83	7.09	69.62	72.80	4	26.50
634.999	30.91	3.11	96.08	9.94	7.02	69.83	72.70	4	27.00
635.144	30.77	3.13	96.20	9.92	7.03	69.70	72.50	4	27.00
635.204	31.18	3.08	96.17	9.85	7.05	69.52	72.30	4	28.00
635.308	30.66	3.13	96.04	9.91	7.08	70.14	73.00	4	26.50
635.452	30.63	3.14	96.17	9.89	7.07	69.97	72.80	4	26.50
635.512	31.11	3.07	95.57	9.92	6.99	69.39	72.60	4	27.00
635.616	30.04	3.18	95.37	9.87	7.01	69.15	72.50	4	28.00
635.761	30.13	3.15	95.04	9.90	6.97	69.03	72.60	4	26.50
635.821	30.67	3.10	95.18	9.89	6.99	69.21	72.70	4	27.00
635.925	30.33	3.13	95.04	9.82	7.20	70.73	74.40	4	28.00
636.070	30.48	3.13	95.36	9.90	7.01	69.38	72.80	4	27.00
636.130	30.41	3.13	95.14	9.84	7.08	69.69	73.30	4	27.50
636.234	30.17	3.15	95.01	9.89	6.97	68.96	72.60	4	28.00
636.379	30.88	3.09	95.44	9.81	7.12	69.84	73.20	4	27.50
636.439	30.76	3.10	95.21	9.87	6.95	68.63	72.10	4	27.50
636.543	30.98	3.07	95.17	9.81	7.08	69.45	73.00	4	27.00
636.688	30.21	3.13	94.59	9.86	6.91	68.14	72.00	4	27.50
636.748	30.63	3.08	94.25	9.85	6.91	68.13	72.30	4	28.00
636.852	30.94	3.04	94.13	9.81	7.06	69.24	73.60	4	26.00
636.997	31.03	3.03	93.97	9.84	6.91	67.97	72.30	4	27.50
637.057	30.75	3.05	93.78	9.87	6.84	67.53	72.00	4	27.00
637.161	30.92	3.03	93.75	9.93	6.71	66.56	71.00	4	27.50
637.306	30.73	3.06	94.16	9.88	6.84	67.53	71.70	4	27.50
637.366	30.56	3.09	94.28	9.82	6.95	68.28	72.40	4	27.50
637.470	30.52	3.06	93.37	9.76	6.92	67.58	72.40	4	27.50
637.615	30.51	3.06	93.35	9.82	6.87	67.40	72.20	4	26.00
637.675	31.16	2.98	92.71	9.75	6.89	67.14	72.40	4	26.50
637.779	30.87	3.02	93.25	9.78	6.84	66.95	71.80	4	27.00
637.924	31.14	3.00	93.33	9.73	7.00	68.08	73.00	4	26.00
637.984	31.39	2.97	93.17	9.78	6.86	67.14	72.10	4	26.50
638.088	30.38	3.07	93.30	9.73	6.96	67.74	72.60	4	28.00
638.233	30.82	3.04	93.67	9.77	6.96	67.95	72.50	4	27.00
638.293	31.19	3.01	93.77	9.72	7.01	68.12	72.60	4	26.00
638.397	31.78	2.92	92.72	9.81	6.76	66.36	71.60	4	27.00
638.542	31.15	2.97	92.43	9.71	7.01	68.05	73.60	4	26.50
638.602	31.64	2.92	92.34	9.82	6.85	67.30	72.90	4	27.00
638.706	30.84	3.02	93.03	9.79	6.89	67.39	72.40	4	28.00
638.851	30.21	3.09	93.31	9.75	6.92	67.49	72.30	4	27.00
638.911	30.85	3.03	93.37	9.78	6.75	66.02	70.70	4	27.00
639.015	31.17	2.98	92.84	9.71	6.97	67.70	72.90	4	27.50
639.160	30.44	3.03	92.36	9.74	6.88	66.95	72.50	4	27.50
639.220	30.05	3.07	92.24	9.72	6.86	66.64	72.30	4	27.00
639.324	30.62	3.01	92.24	9.77	6.76	66.03	71.60	4	26.00
639.469	29.77	3.10	92.16	9.80	6.74	66.05	71.70	4	28.00
639.529	29.83	3.09	92.30	9.72	6.75	65.58	71.10	4	26.00
639.633	30.82	3.00	92.51	9.72	6.96	67.70	73.20	4	27.00
639.778	31.03	2.99	92.73	9.70	6.81	66.12	71.30	4	25.50
639.838	31.60	2.91	91.96	9.68	6.87	66.51	72.30	4	26.00
639.942	30.64	3.00	92.03	9.70	6.68	64.77	70.40	4	28.00
640.087	30.39	2.99	90.84	9.68	6.74	65.22	71.80	4	25.50
640.147	31.14	2.92	90.88	9.69	6.81	66.01	72.60	4	26.00
640.251	30.54	2.99	91.44	9.66	6.85	66.20	72.40	4	28.00
640.396	29.82	3.09	92.08	9.70	6.90	66.93	72.70	4	26.50
640.456	30.99	2.95	91.36	9.71	6.87	66.70	73.00	4	26.00
640.560	31.46	2.92	91.84	9.69	6.98	67.70	73.70	4	26.50
640.705	30.19	3.06	92.40	9.69	6.94	67.19	72.70	4	28.50
640.765	29.53	3.12	92.11	9.68	6.86	66.35	72.00	4	27.00
640.869	31.40	2.94	92.28	9.75	6.74	65.70	71.20	4	25.50
641.014	32.45	2.84	92.02	9.74	6.75	65.71	71.40	4	25.50
641.074	32.52	2.81	91.39	9.67	6.77	65.43	71.60	4	25.50
641.178	30.47	3.02	92.09	9.60	6.85	65.74	71.40	4	28.50
641.323	30.35	3.03	92.10	9.67	6.82	65.88	71.50	4	25.50
641.383	31.54	2.91	91.76	9.67	6.86	66.35	72.30	4	26.00
641.487	31.84	2.91	92.71	9.67	6.76	65.41	70.50	4	26.50
641.632	30.34	3.08	93.32	9.73	6.95	67.63	72.50	4	27.50
641.692	30.64	3.05	93.51	9.77	6.92	67.56	72.20	4	26.00
641.795	31.36	2.98	93.54	9.66	7.11	68.73	73.50	4	26.00
641.940	29.81	3.12	93.15	9.77	6.87	67.16	72.10	4	28.50
642.000	29.07	3.17	92.20	9.73	6.89	67.07	72.70	4	27.50
642.104	31.13	2.99	92.98	9.67	6.97	67.42	72.50	4	26.00
642.249	31.15	2.99	93.14	9.74	6.85	66.73	71.60	4	28.50
642.309	29.99	3.11	93.14	9.72	6.77	65.82	70.70	4	28.50
642.413	30.41	3.10	94.12	9.75	6.98	67.99	72.20	4	27.00
642.557	31.04	3.04	94.51	9.74	7.00	68.18	72.10	4	26.00
642.617	31.40	2.97	93.37	9.78	6.99	68.29	73.10	4	26.50
642.721	30.46	3.09	93.99	9.89	6.91	68.32	72.70	4	27.50
642.866	30.02	3.15	94.69	9.93	6.83	67.81	71.60	4	27.00
642.926	30.95	3.07	94.90	9.92	6.84	67.82	71.50	4	26.00
643.029	31.63	2.98	94.21	9.86	6.90	68.02	72.20	4	25.50
643.174	31.59	3.00	94.71	9.94	6.85	68.05	71.90	4	27.00
643.234	30.71	3.08	94.57	9.90	6.93	68.57	72.50	4	28.00
643.338	31.29	3.03	94.89	9.83	6.95	68.37	72.00	4	26.00
643.483	30.20	3.15	95.08	9.87	7.01	69.19	72.80	4	29.50
643.543	28.96	3.23	93.65	9.77	6.92	67.57	72.10	4	29.50
643.647	30.21	3.12	94.27	9.84	6.89	67.78	71.90	4	26.00
643.792	32.00	2.97	95.17	9.73	7.13	69.35	72.90	4	26.50
643.852	31.05	3.08	95.69	9.73	7.14	69.52	72.60	4	28.50
643.956	29.90	3.20	95.73	9.68	7.19	69.66	72.80	4	27.50
644.101	31.22	3.06	95.61	9.80	7.17	70.30	73.50	4	27.50
644.161	31.34	3.08	96.37	9.80	7.22	70.73	73.40	4	26.00
644.265	31.66	3.03	95.77	9.84	7.12	70.01	73.10	4	28.00
644.410	29.57	3.23	95.64	9.89	7.03	69.57	72.70	4	27.00
644.470	30.83	3.10	95.41	9.90	7.01	69.37	72.70	4	26.50
644.574	31.08	3.08	95.72	9.92	7.02	69.66	72.80	4	26.50
644.719	31.80	3.02	95.95	9.88	7.04	69.50	72.40	4	28.00
644.779	30.33	3.16	95.73	9.83	7.13	70.10	73.20	4	28.50
644.883	30.53	3.16	96.43	9.93	7.01	69.63	72.20	4	26.50
645.028	31.28	3.10	96.84	9.99	6.93	69.24	71.50	4	26.50
645.088	31.06	3.13	97.37	9.91	7.12	70.54	72.40	4	28.00
645.192	30.50	3.20	97.69	9.91	7.16	71.01	72.70	4	26.50
645.337	30.93	3.14	97.26	9.91	7.14	70.74	72.70	4	28.00
645.397	30.78	3.17	97.43	9.94	7.10	70.58	72.40	4	26.50
645.501	31.56	3.08	97.11	9.92	7.17	71.11	73.20	4	27.00
645.645	30.35	3.23	97.93	9.95	7.20	71.65	73.20	4	27.50
645.705	30.92	3.14	97.23	10.02	6.91	69.25	71.20	4	26.50
645.809	31.22	3.13	97.87	10.01	7.09	71.01	72.60	4	27.00
645.954	30.34	3.20	97.15	9.96	7.08	70.50	72.60	4	28.50
646.014	29.86	3.27	97.58	9.99	7.08	70.71	72.50	4	27.50
646.118	31.14	3.14	97.65	9.97	7.14	71.16	72.90	4	26.50
646.263	30.30	3.24	98.08	10.11	6.89	69.58	70.90	4	27.50
646.323	30.90	3.19	98.69	10.03	7.08	71.02	72.00	4	26.50
646.427	30.74	3.20	98.37	10.05	7.08	71.18	72.40	4	28.00
646.572	30.81	3.19	98.37	10.07	7.05	71.00	72.20	4	28.50
646.632	30.21	3.25	98.20	10.12	6.94	70.20	71.50	4	28.00
646.736	30.14	3.26	98.19	10.07	7.11	71.66	73.00	4	29.00
646.881	30.81	3.18	97.95	10.07	7.04	70.86	72.30	4	27.50
646.941	30.40	3.23	98.09	10.03	7.12	71.45	72.80	4	29.00
647.045	29.50	3.31	97.65	10.02	7.03	70.40	72.10	4	28.00
647.190	30.80	3.18	97.97	10.07	7.18	72.30	73.80	4	28.00
647.250	30.73	3.19	98.01	10.13	7.01	71.03	72.50	4	28.00
647.354	30.29	3.25	98.42	10.15	6.90	70.05	71.20	4	27.00
647.499	31.05	3.17	98.32	10.07	7.17	72.23	73.50	4	27.50
647.559	30.88	3.19	98.43	10.10	7.13	72.01	73.20	4	28.50
647.663	30.21	3.26	98.46	10.04	7.16	71.87	73.00	4	28.50
647.808	31.13	3.16	98.48	10.06	7.13	71.76	72.90	4	27.50
647.868	31.17	3.16	98.36	10.04	7.19	72.18	73.40	4	27.50
647.972	31.18	3.14	97.78	10.00	7.26	72.53	74.20	4	27.50
648.117	31.50	3.10	97.77	10.01	7.11	71.22	72.80	4	28.00
648.177	30.48	3.20	97.56	10.01	7.07	70.77	72.50	4	29.00
648.281	29.01	3.33	96.50	9.99	7.16	71.54	74.10	4	29.50
648.426	31.27	3.11	97.30	9.99	7.03	70.18	72.10	4	26.50
648.486	31.03	3.14	97.33	10.06	7.06	71.00	72.90	4	28.50
648.590	29.40	3.28	96.37	9.97	7.10	70.78	73.40	4	27.50
648.735	31.90	3.00	95.74	9.91	7.11	70.51	73.60	4	27.50
648.795	30.93	3.13	96.77	9.88	7.20	71.10	73.50	4	29.00
648.899	30.26	3.23	97.67	9.94	7.13	70.89	72.60	4	27.00
649.044	31.41	3.12	98.03	10.00	7.12	71.22	72.60	4	26.00
649.104	32.08	3.04	97.47	9.98	7.06	70.41	72.20	4	26.00
649.208	31.20	3.11	97.16	10.11	6.90	69.80	71.80	4	29.50
649.353	30.41	3.22	97.77	10.00	7.16	71.62	73.30	4	26.50
649.413	30.91	3.14	97.01	10.09	6.91	69.70	71.80	4	27.00
649.517	31.02	3.15	97.86	9.98	7.17	71.60	73.20	4	28.50
649.662	30.63	3.21	98.25	10.05	7.07	71.12	72.40	4	27.00
649.722	31.08	3.15	97.91	10.01	7.14	71.47	73.00	4	28.00
649.826	30.52	3.22	98.44	10.05	7.10	71.41	72.50	4	28.50
649.971	30.12	3.26	98.11	10.02	7.16	71.77	73.20	4	28.50
650.031	30.24	3.26	98.60	9.99	7.22	72.11	73.10	4	28.00
650.135	30.33	3.25	98.56	10.01	7.18	71.89	72.90	4	27.50
650.280	31.45	3.11	97.72	10.04	7.01	70.31	71.90	4	28.00
650.340	30.89	3.17	97.86	10.07	7.01	70.58	72.10	4	28.00
650.444	30.29	3.24	98.08	10.04	7.11	71.37	72.80	4	28.00
650.589	31.61	3.09	97.61	10.08	7.17	72.29	74.10	4	28.00
650.649	30.66	3.19	97.94	10.04	7.01	70.40	71.90	4	27.50
650.753	30.97	3.17	98.05	10.03	7.09	71.11	72.50	4	27.50
650.898	30.34	3.21	97.48	10.04	7.14	71.64	73.50	4	27.50
650.958	31.27	3.10	97.04	10.02	7.18	71.89	74.10	4	27.00
651.062	30.55	3.20	97.67	10.05	7.00	70.35	72.00	4	28.00
651.207	31.15	3.13	97.57	10.00	7.11	71.08	72.90	4	26.50
651.267	31.54	3.09	97.48	9.98	7.14	71.22	73.10	4	27.00
651.371	29.97	3.26	97.72	9.98	7.04	70.23	71.90	4	28.50
651.516	30.32	3.19	96.67	10.04	6.87	68.97	71.30	4	27.50
651.576	30.78	3.16	97.41	10.01	7.07	70.78	72.70	4	27.50
651.680	31.14	3.13	97.33	10.07	7.12	71.71	73.70	4	27.00
651.825	30.58	3.19	97.64	10.00	7.13	71.26	73.00	4	28.50
651.885	30.21	3.22	97.25	10.01	6.99	70.01	72.00	4	28.00
651.989	31.09	3.15	97.89	9.98	7.13	71.21	72.70	4	27.00
652.134	30.62	3.20	98.07	9.96	7.19	71.65	73.10	4	28.00
652.194	30.46	3.21	97.89	9.95	7.16	71.25	72.80	4	27.50
652.298	30.81	3.17	97.56	10.04	6.93	69.60	71.30	4	27.00
652.443	30.51	3.21	97.95	10.02	7.11	71.21	72.70	4	27.50
652.503	30.49	3.22	98.12	9.98	7.11	70.94	72.30	4	27.50
652.607	31.02	3.16	98.18	9.93	7.25	71.95	73.30	4	27.50
652.752	30.57	3.22	98.33	9.94	7.34	73.03	74.30	4	27.00
652.812	30.66	3.20	98.04	9.96	7.20	71.70	73.10	4	28.50
652.916	30.74	3.18	97.82	9.91	7.24	71.82	73.40	4	27.00
653.061	30.96	3.17	98.23	9.98	7.13	71.14	72.40	4	28.50
653.121	30.55	3.21	98.22	10.01	7.01	70.19	71.50	4	27.50
653.225	30.45	3.21	97.63	9.95	7.24	71.98	73.70	4	26.50
653.370	31.42	3.10	97.37	9.96	7.18	71.50	73.40	4	27.50
653.430	30.53	3.19	97.49	9.93	7.20	71.52	73.40	4	28.00
653.534	30.90	3.18	98.22	9.94	7.16	71.21	72.50	4	27.00
653.679	30.94	3.19	98.59	10.03	7.12	71.39	72.40	4	27.50
653.739	30.98	3.18	98.36	9.94	7.18	71.33	72.50	4	27.00
653.843	31.18	3.13	97.47	9.94	7.21	71.67	73.50	4	26.00
653.988	31.00	3.14	97.25	9.93	7.12	70.72	72.70	4	27.50
654.048	31.20	3.11	96.89	9.93	7.20	71.47	73.80	4	27.00
654.152	30.70	3.16	97.12	9.92	7.14	70.82	72.90	4	27.50
654.297	30.98	3.15	97.53	9.88	7.23	71.38	73.20	4	26.00
654.357	31.42	3.10	97.41	9.91	7.22	71.53	73.40	4	27.50
654.461	31.00	3.14	97.24	9.92	7.11	70.51	72.50	4	28.00
654.606	30.55	3.19	97.57	9.96	7.05	70.19	71.90	4	27.50
654.666	30.23	3.23	97.65	9.90	7.15	70.75	72.50	4	28.00
654.770	31.26	3.10	96.81	9.93	7.16	71.05	73.40	4	26.50
654.915	30.49	3.19	97.25	9.94	7.05	70.07	72.10	4	28.50
654.975	29.89	3.23	96.66	9.93	7.09	70.41	72.80	4	28.00
655.079	30.83	3.14	96.79	9.91	7.10	70.32	72.60	4	26.50
655.223	30.81	3.16	97.48	9.92	7.15	70.89	72.70	4	27.50
655.283	31.07	3.15	97.78	9.91	7.13	70.64	72.20	4	27.50
655.387	30.58	3.19	97.58	9.95	7.11	70.75	72.50	4	27.50
655.532	31.00	3.15	97.52	9.91	7.18	71.18	73.00	4	27.50
655.592	30.76	3.17	97.55	9.93	7.03	69.85	71.60	4	28.50
655.696	30.64	3.17	96.99	9.93	7.03	69.76	71.90	4	26.00
655.841	31.38	3.08	96.51	9.89	7.13	70.55	73.10	4	26.50
655.901	30.83	3.13	96.60	9.88	7.18	70.96	73.50	4	28.50
656.005	30.85	3.13	96.43	9.88	7.16	70.73	73.30	4	27.00
656.150	30.68	3.16	97.09	9.93	7.20	71.50	73.60	4	28.00
656.210	30.38	3.20	97.26	9.95	7.06	70.24	72.20	4	28.00
656.314	30.74	3.17	97.55	9.89	7.13	70.46	72.20	4	27.50
656.459	30.41	3.21	97.65	9.89	7.17	70.87	72.60	4	27.00
656.519	30.80	3.15	97.13	9.94	7.20	71.55	73.70	4	27.50
656.623	30.96	3.12	96.55	9.94	7.12	70.71	73.20	4	27.00
656.767	31.27	3.11	97.28	9.97	7.00	69.79	71.70	4	28.50
656.827	30.79	3.16	97.35	9.92	7.09	70.38	72.30	4	28.00
656.931	30.34	3.19	96.90	9.93	7.13	70.80	73.10	4	26.50
657.076	31.25	3.09	96.45	9.88	7.14	70.59	73.20	4	28.50
657.136	30.35	3.18	96.56	9.90	7.04	69.72	72.20	4	28.50
657.240	29.77	3.22	95.95	9.89	6.97	68.92	71.80	4	26.50
657.385	31.87	2.97	94.79	9.84	7.06	69.49	73.30	4	26.00
657.445	31.92	2.98	95.15	9.79	7.09	69.39	72.90	4	26.50
657.549	30.11	3.18	95.77	9.88	7.10	70.15	73.20	4	28.00
657.694	31.34	3.06	95.94	9.88	7.05	69.68	72.60	4	26.50
657.754	31.61	3.04	96.24	9.85	7.01	69.10	71.80	4	28.00
657.858	29.96	3.21	96.13	9.86	7.05	69.46	72.30	4	27.50
658.002	31.55	3.07	96.78	9.84	7.16	70.48	72.80	4	27.00
658.062	31.40	3.09	96.90	9.92	7.08	70.27	72.50	4	27.50
658.166	31.05	3.11	96.47	9.89	7.25	71.74	74.40	4	25.50
658.311	30.99	3.15	97.53	9.94	7.01	69.73	71.50	4	27.50
658.371	30.44	3.19	97.15	9.92	7.14	70.80	72.90	4	28.00
658.475	30.40	3.19	96.97	9.86	7.20	70.95	73.20	4	27.50
658.620	29.78	3.23	96.26	9.81	7.13	70.01	72.70	4	28.50
658.680	30.03	3.21	96.51	9.91	6.94	68.80	71.30	4	27.50
658.784	30.92	3.14	97.07	9.91	7.11	70.40	72.50	4	26.50
658.929	31.33	3.07	96.28	9.92	6.96	69.01	71.70	4	28.00
658.989	30.82	3.13	96.45	9.86	7.11	70.09	72.70	4	27.00
659.093	31.41	3.03	95.32	9.87	7.06	69.65	73.10	4	26.50
659.238	31.90	3.01	95.94	9.87	7.08	69.86	72.80	4	28.00
659.298	30.46	3.15	95.93	9.82	7.06	69.38	72.30	4	28.50
659.402	30.33	3.17	96.26	9.92	7.05	69.92	72.60	4	26.00
659.547	31.94	2.98	95.22	9.86	7.04	69.40	72.90	4	26.00
659.607	32.28	2.95	95.15	9.82	7.01	68.81	72.30	4	26.00
659.711	31.47	3.03	95.26	9.87	6.86	67.67	71.00	4	29.00
659.856	29.34	3.26	95.56	9.87	6.92	68.35	71.50	4	28.00
659.916	30.19	3.19	96.25	9.78	7.16	69.98	72.70	4	25.50
660.020	30.96	3.11	96.23	9.95	6.90	68.59	71.30	4	27.00
660.165	29.95	3.23	96.74	9.87	7.16	70.61	73.00	4	27.00
660.225	30.63	3.16	96.87	9.95	6.93	68.99	71.20	4	28.00
660.329	31.06	3.12	96.91	9.92	7.04	69.79	72.00	4	27.00
660.474	31.55	3.06	96.51	9.92	7.11	70.56	73.10	4	26.50
660.534	31.44	3.08	96.83	9.94	7.14	70.99	73.30	4	27.00
660.638	30.32	3.19	96.59	9.90	7.11	70.37	72.90	4	28.00
660.783	29.72	3.26	96.98	9.94	7.16	71.16	73.40	4	28.00
660.843	29.53	3.27	96.69	9.93	7.06	70.13	72.50	4	27.50
660.947	31.15	3.10	96.58	9.90	7.11	70.42	72.90	4	27.00
661.092	30.45	3.19	97.15	9.92	7.12	70.65	72.70	4	29.00
661.152	30.33	3.21	97.45	10.03	6.97	69.83	71.70	4	27.00
661.256	31.57	3.07	96.86	9.92	7.05	69.93	72.20	4	26.50
661.401	30.86	3.14	96.96	9.91	7.11	70.50	72.70	4	28.00
661.461	30.80	3.16	97.41	9.96	7.13	70.98	72.90	4	27.00
661.565	31.23	3.12	97.53	9.95	7.15	71.20	73.00	4	26.50
661.710	31.73	3.08	97.61	9.92	7.13	70.74	72.50	4	27.00
661.770	31.53	3.09	97.30	9.91	7.07	70.03	72.00	4	27.50
661.874	31.25	3.13	97.73	9.92	7.17	71.14	72.80	4	26.00
662.019	30.66	3.17	97.30	9.91	7.18	71.16	73.10	4	28.00
662.079	30.46	3.20	97.34	9.93	7.19	71.42	73.40	4	27.00
662.183	30.40	3.20	97.14	9.94	7.16	71.17	73.30	4	27.50
662.328	31.82	3.05	97.08	9.96	7.09	70.57	72.70	4	26.00
662.388	32.15	3.00	96.39	9.91	7.08	70.20	72.80	4	26.00
662.492	31.58	3.05	96.46	9.90	7.07	69.99	72.60	4	28.50
662.637	30.69	3.18	97.73	9.93	7.12	70.72	72.40	4	28.50
662.697	30.55	3.21	97.99	9.94	7.14	70.97	72.40	4	28.00
662.801	30.93	3.16	97.60	9.99	7.16	71.53	73.30	4	27.00
662.946	31.03	3.14	97.41	9.99	7.08	70.65	72.50	4	27.00
663.006	30.77	3.17	97.65	10.04	6.95	69.76	71.40	4	27.00
663.110	30.72	3.19	97.88	9.94	7.15	71.13	72.70	4	27.50
663.255	31.11	3.14	97.67	10.02	7.16	71.77	73.50	4	27.00
663.315	30.88	3.16	97.58	9.99	7.21	72.04	73.80	4	27.50
663.419	30.20	3.24	97.98	10.00	7.13	71.28	72.80	4	28.00
663.564	30.62	3.20	98.14	10.02	7.06	70.73	72.10	4	27.50
663.624	30.72	3.20	98.41	10.08	6.97	70.19	71.30	4	28.00
663.728	31.06	3.15	97.85	9.99	7.17	71.58	73.20	4	27.00
663.873	30.95	3.17	98.22	10.02	7.17	71.90	73.20	4	27.00
663.933	31.26	3.13	97.96	9.99	7.16	71.48	73.00	4	27.00
664.037	29.97	3.24	97.01	9.97	7.11	70.88	73.10	4	28.50
664.182	31.00	3.15	97.63	9.98	7.08	70.62	72.30	4	26.50
664.242	31.21	3.13	97.67	9.97	7.13	71.07	72.80	4	28.00
664.346	30.34	3.24	98.33	9.96	7.11	70.78	72.00	4	28.00
664.491	30.60	3.18	97.35	10.02	7.00	70.08	72.00	4	26.50
664.551	31.15	3.13	97.39	9.98	7.10	70.91	72.80	4	26.50
664.655	30.15	3.22	97.01	9.96	7.03	70.04	72.20	4	29.00
664.800	30.93	3.13	96.91	9.94	7.11	70.66	72.90	4	25.50
664.860	31.72	3.04	96.33	9.93	6.95	69.06	71.70	4	25.50
664.964	32.18	3.01	96.86	9.87	7.12	70.29	72.60	4	25.50
665.109	29.86	3.24	96.82	9.97	7.00	69.81	72.10	4	28.50
665.169	30.12	3.24	97.72	9.97	7.09	70.74	72.40	4	27.00
665.273	31.20	3.13	97.67	10.00	7.11	71.12	72.80	4	27.00
665.418	30.96	3.17	98.24	10.00	7.20	71.94	73.20	4	27.00
665.478	31.02	3.18	98.54	9.98	7.30	72.81	73.90	4	27.00
665.582	31.66	3.09	97.85	9.97	7.25	72.29	73.90	4	26.00
665.727	32.22	3.01	96.92	9.90	7.11	70.45	72.70	4	28.00
665.787	31.02	3.13	97.08	9.92	7.18	71.22	73.40	4	28.50
665.891	29.76	3.29	97.83	9.94	7.14	70.96	72.50	4	28.50
666.036	30.31	3.23	97.76	10.01	7.12	71.29	72.90	4	27.00
666.096	30.19	3.24	97.85	10.00	7.21	72.18	73.80	4	28.00
666.200	30.05	3.26	97.93	10.00	7.06	70.67	72.20	4	27.50
666.345	31.67	3.06	96.91	10.04	7.02	70.46	72.70	4	26.50
666.405	31.71	3.06	97.16	9.96	7.07	70.41	72.50	4	27.50
666.509	30.68	3.19	98.03	9.99	7.10	70.94	72.40	4	27.50
666.654	31.16	3.14	97.82	10.02	7.14	71.57	73.20	4	27.50
666.714	30.78	3.20	98.39	10.04	7.11	71.43	72.60	4	28.50
666.818	30.54	3.24	98.92	9.99	7.23	72.19	73.00	4	27.00
666.962	31.29	3.15	98.64	10.01	7.22	72.23	73.20	4	27.00
667.022	30.96	3.18	98.58	9.98	7.25	72.41	73.40	4	28.00
667.126	31.27	3.14	98.06	9.99	7.27	72.59	74.00	4	26.50
667.271	30.21	3.23	97.68	9.96	7.11	70.88	72.60	4	28.50
667.331	29.98	3.27	97.98	9.96	7.22	71.98	73.50	4	27.50
667.435	30.74	3.19	98.08	10.05	7.10	71.32	72.70	4	27.50
667.580	30.53	3.22	98.40	10.01	7.11	71.23	72.40	4	27.50
667.640	30.86	3.18	98.26	10.03	7.08	70.94	72.20	4	27.50
667.744	30.97	3.20	98.99	10.05	7.10	71.29	72.00	4	27.50
667.889	30.42	3.25	98.83	10.01	7.16	71.73	72.60	4	28.00
667.949	30.50	3.24	98.76	10.07	7.11	71.59	72.50	4	28.00
668.053	29.98	3.29	98.50	10.01	7.15	71.58	72.70	4	28.00
668.198	31.12	3.16	98.45	10.02	7.14	71.57	72.70	4	27.00
668.258	30.89	3.20	98.91	10.10	7.06	71.25	72.00	4	28.50
668.362	30.58	3.24	99.02	10.06	7.05	70.95	71.70	4	28.00
668.507	30.52	3.23	98.46	10.04	7.24	72.67	73.80	4	27.00
668.567	30.91	3.18	98.37	10.03	7.23	72.45	73.70	4	27.00
668.671	31.81	3.08	98.08	9.94	7.26	72.19	73.60	4	26.50
668.816	30.42	3.24	98.49	10.00	7.21	72.09	73.20	4	28.50
668.876	29.87	3.29	98.26	9.98	7.14	71.27	72.50	4	28.00
668.980	30.54	3.22	98.31	10.05	7.23	72.70	74.00	4	28.50
669.125	31.02	3.19	98.79	9.97	7.12	70.97	71.80	4	26.50
669.185	31.19	3.16	98.54	10.05	7.12	71.49	72.60	4	28.50
669.289	30.75	3.19	97.98	10.03	6.98	70.05	71.50	4	27.50
669.434	31.17	3.15	98.12	10.11	6.91	69.88	71.20	4	28.50
669.494	30.45	3.21	97.88	10.02	6.99	70.05	71.60	4	28.00
669.598	30.59	3.21	98.22	10.01	7.02	70.33	71.60	4	27.50
669.743	31.41	3.15	98.83	10.01	7.14	71.45	72.30	4	25.50
669.803	32.05	3.04	97.59	10.03	7.02	70.45	72.20	4	27.50
669.907	30.53	3.21	98.05	9.97	7.26	72.38	73.80	4	29.00
670.052	30.57	3.21	98.20	10.03	7.10	71.21	72.50	4	27.50
670.112	30.77	3.19	98.27	10.00	7.00	69.99	71.20	4	27.50
670.216	30.91	3.19	98.66	10.00	7.12	71.25	72.20	4	27.50
670.361	30.59	3.23	98.74	10.00	7.17	71.63	72.50	4	26.50
670.421	31.19	3.11	97.03	10.01	7.06	70.66	72.80	4	26.50
670.525	32.49	2.95	95.74	9.91	7.04	69.81	72.90	4	25.50
