66.129	38.59	0.14	5.43	1.09	0.71	0.77	14.20	4	11.50
66.232	37.13	0.92	34.10	3.51	4.53	15.90	46.60	4	16.50
66.376	27.57	1.65	45.45	4.32	6.23	26.92	59.20	4	19.50
66.436	25.94	1.76	45.65	4.38	6.38	27.93	61.20	4	20.00
66.539	24.93	1.83	45.57	4.50	6.57	29.51	64.80	4	18.50
66.683	32.51	1.64	53.36	4.74	7.29	34.53	64.70	4	14.50
66.743	34.07	1.58	53.69	4.72	7.41	34.96	65.10	4	14.00
66.846	35.33	1.52	53.76	4.73	7.46	35.33	65.70	4	14.00
66.990	34.07	1.64	56.01	5.12	7.31	37.39	66.80	4	18.00
67.050	33.88	1.71	57.85	5.37	7.23	38.80	67.10	4	16.00
67.153	35.13	1.61	56.53	5.77	6.70	38.69	68.40	4	17.00
67.297	34.75	1.67	58.02	6.59	6.38	42.04	72.50	4	20.50
67.357	33.51	1.75	58.64	6.88	6.12	42.11	71.80	4	22.00
67.460	32.83	1.79	58.62	7.33	5.90	43.30	73.90	4	20.50
67.604	34.27	1.74	59.56	7.91	5.55	43.85	73.60	4	20.00
67.664	34.79	1.70	59.01	8.08	5.36	43.31	73.40	4	20.50
67.767	34.42	1.71	58.81	8.31	5.32	44.19	75.10	4	22.50
67.911	34.35	1.71	58.87	8.68	5.16	44.77	76.00	4	22.50
67.971	34.34	1.75	60.18	8.78	5.12	44.97	74.70	4	21.50
68.074	34.44	1.76	60.58	8.93	5.08	45.38	74.90	4	22.50
68.218	34.32	1.72	59.17	9.11	4.98	45.34	76.60	4	23.50
68.278	33.65	1.77	59.69	9.12	5.04	45.97	77.00	4	23.00
68.381	33.29	1.80	59.99	9.18	4.99	45.85	76.40	4	24.50
68.525	33.52	1.78	59.81	9.23	5.00	46.13	77.10	4	23.00
68.585	33.63	1.79	60.26	9.32	4.91	45.78	76.00	4	23.00
68.688	34.19	1.78	60.84	9.37	4.89	45.79	75.30	4	24.00
68.832	34.01	1.79	60.74	9.38	4.88	45.70	75.20	4	23.00
68.892	34.29	1.78	61.06	9.33	4.89	45.61	74.70	4	23.50
68.995	34.18	1.77	60.43	9.40	4.89	45.90	76.00	4	24.00
69.139	32.96	1.81	59.51	9.26	4.91	45.47	76.40	4	23.00
69.199	33.76	1.77	59.74	9.30	4.86	45.22	75.70	4	24.00
69.302	33.83	1.79	60.57	9.31	4.79	44.58	73.60	4	22.50
69.446	32.61	1.83	59.57	9.20	4.85	44.64	74.90	4	24.50
69.506	32.90	1.82	60.03	9.20	4.97	45.74	76.20	4	23.50
69.609	33.78	1.79	60.61	9.26	5.00	46.32	76.40	4	23.00
69.753	33.88	1.78	60.42	9.21	4.77	43.94	72.70	4	23.00
69.813	34.09	1.76	60.07	9.18	4.96	45.48	75.70	4	24.00
69.916	33.14	1.82	60.24	9.17	4.96	45.50	75.50	4	23.50
70.060	34.13	1.75	59.72	9.13	4.86	44.40	74.30	4	23.50
70.120	33.17	1.79	59.53	9.11	4.88	44.45	74.70	4	24.00
70.223	33.85	1.77	59.98	9.11	4.95	45.04	75.10	4	22.00
70.367	34.21	1.71	58.50	8.95	4.89	43.79	74.90	4	24.50
70.427	32.63	1.77	57.75	8.85	4.91	43.48	75.30	4	25.00
70.530	32.69	1.79	58.44	8.87	5.02	44.49	76.10	4	22.50
70.674	34.67	1.68	58.26	8.86	4.99	44.17	75.80	4	22.50
70.734	34.37	1.73	59.35	8.88	5.07	45.01	75.80	4	22.50
70.837	34.82	1.71	59.63	8.89	5.00	44.40	74.50	4	22.50
70.981	34.03	1.79	60.85	8.96	5.04	45.14	74.20	4	23.00
71.041	34.21	1.79	61.18	8.90	5.17	46.04	75.30	4	22.50
71.144	34.67	1.75	60.53	8.95	4.99	44.66	73.80	4	23.00
71.288	34.10	1.79	60.91	8.88	5.20	46.20	75.90	4	22.50
71.348	34.35	1.77	60.85	8.96	5.11	45.77	75.20	4	23.50
71.451	34.03	1.76	59.91	8.83	5.26	46.45	77.50	4	22.50
71.595	34.50	1.74	60.02	8.84	5.21	46.06	76.70	4	22.50
71.655	34.31	1.77	60.64	8.88	5.22	46.40	76.50	4	22.50
71.758	33.84	1.77	60.00	8.85	5.17	45.79	76.30	4	22.00
71.902	34.09	1.77	60.21	8.83	5.18	45.70	75.90	4	22.50
71.962	34.00	1.77	60.30	8.78	5.24	46.01	76.30	4	23.50
72.065	33.07	1.81	60.00	8.77	5.16	45.21	75.30	4	22.50
72.209	33.88	1.79	60.71	8.76	5.18	45.40	74.80	4	23.00
72.269	34.02	1.78	60.72	8.70	5.20	45.25	74.50	4	22.50
72.372	34.04	1.79	61.01	8.71	5.27	45.92	75.30	4	22.00
72.516	34.20	1.79	61.18	8.77	5.13	45.04	73.60	4	23.50
72.576	33.87	1.79	60.78	8.66	5.31	46.04	75.70	4	21.50
72.679	34.25	1.78	60.99	8.66	5.36	46.37	76.00	4	22.00
72.823	34.09	1.80	61.19	8.60	5.18	44.57	72.80	4	22.50
72.883	34.42	1.78	61.17	8.67	5.23	45.32	74.10	4	23.00
72.986	34.37	1.76	60.51	8.58	5.20	44.66	73.80	4	21.50
73.130	34.37	1.77	60.97	8.59	5.19	44.59	73.10	4	21.50
73.190	33.69	1.80	60.48	8.59	5.23	44.94	74.30	4	23.00
73.293	34.08	1.78	60.53	8.47	5.34	45.21	74.70	4	22.00
73.437	33.69	1.78	60.07	8.41	5.54	46.59	77.60	4	22.50
73.497	33.43	1.79	59.99	8.44	5.37	45.37	75.60	4	22.50
73.600	34.38	1.75	60.01	8.50	5.02	42.68	71.10	4	22.00
73.744	33.81	1.79	60.48	8.44	5.60	47.29	78.20	4	22.00
73.804	33.75	1.80	60.76	8.40	5.52	46.37	76.30	4	21.50
73.907	34.06	1.80	61.14	8.29	5.70	47.24	77.30	4	21.00
74.051	34.11	1.77	60.35	8.45	4.61	38.92	64.50	4	22.00
74.111	34.09	1.80	61.34	8.51	4.49	38.23	62.30	4	21.00
74.214	34.45	1.76	60.77	8.50	4.39	37.34	61.40	4	20.50
74.358	34.57	1.78	61.38	8.26	5.29	43.71	71.20	4	21.50
74.418	34.46	1.77	61.11	8.25	5.15	42.51	69.60	4	21.00
74.521	34.33	1.76	60.58	8.16	5.77	47.06	77.70	4	22.00
74.665	33.92	1.80	61.22	8.22	5.74	47.18	77.10	4	21.00
74.725	34.57	1.77	61.11	8.31	5.23	43.47	71.10	4	20.50
74.828	34.12	1.78	60.67	8.24	5.44	44.85	73.90	4	22.00
74.972	33.78	1.80	60.84	8.23	5.49	45.20	74.30	4	22.00
75.032	34.09	1.80	61.41	8.22	5.67	46.63	75.90	4	21.50
75.135	34.59	1.76	60.85	8.18	5.48	44.83	73.70	4	22.00
75.279	34.27	1.78	60.88	8.24	5.56	45.80	75.20	4	21.50
75.339	34.27	1.78	60.93	8.13	5.58	45.40	74.50	4	21.50
75.442	34.06	1.80	61.32	8.14	5.62	45.73	74.60	4	21.50
75.586	33.93	1.78	60.54	8.06	5.68	45.79	75.60	4	22.00
75.646	33.47	1.80	60.16	8.15	5.50	44.84	74.50	4	23.00
75.749	33.70	1.73	58.39	8.01	5.40	43.26	74.10	4	20.50
75.893	35.11	1.64	57.50	7.86	5.31	41.79	72.70	4	21.50
75.953	33.62	1.74	58.46	7.87	5.55	43.71	74.80	4	22.50
76.056	32.92	1.81	59.58	7.88	5.65	44.55	74.80	4	21.00
76.200	33.70	1.81	61.06	7.93	5.70	45.14	73.90	4	21.50
76.260	34.30	1.79	61.29	7.95	5.65	44.91	73.30	4	20.00
76.363	33.85	1.78	60.41	7.95	5.67	45.09	74.60	4	21.00
76.507	34.18	1.75	59.83	7.95	5.63	44.77	74.80	4	21.00
76.567	34.41	1.76	60.48	7.93	5.58	44.23	73.10	4	20.50
76.670	33.91	1.77	60.00	7.95	5.63	44.75	74.60	4	21.50
76.814	33.75	1.80	60.61	7.84	5.63	44.14	72.80	4	20.50
76.874	34.43	1.75	60.08	7.81	5.60	43.76	72.80	4	19.50
76.977	35.30	1.64	57.89	7.73	5.42	41.94	72.40	4	20.00
77.121	34.31	1.74	59.83	7.81	5.64	44.06	73.60	4	22.00
77.181	33.88	1.77	59.87	7.81	5.67	44.29	74.00	4	21.00
77.284	34.47	1.76	60.72	7.73	5.69	44.02	72.50	4	20.00
77.428	33.87	1.79	60.56	7.68	5.83	44.78	73.90	4	22.00
77.488	33.51	1.80	60.28	7.67	5.75	44.13	73.20	4	20.50
77.591	34.44	1.75	60.31	7.66	5.67	43.38	71.90	4	20.00
77.735	34.11	1.77	60.54	7.67	5.86	44.93	74.20	4	21.00
77.795	33.32	1.81	60.47	7.63	5.90	44.98	74.40	4	21.00
77.898	33.97	1.81	61.50	7.52	5.78	43.50	70.70	4	19.00
78.042	34.86	1.72	60.02	7.30	5.87	42.86	71.40	4	20.00
78.102	34.16	1.77	60.53	7.30	5.83	42.53	70.30	4	19.50
78.205	33.48	1.79	60.08	7.30	5.84	42.59	70.90	4	19.50
78.349	34.09	1.75	59.66	7.00	6.36	44.55	74.70	4	20.00
78.409	34.35	1.74	59.85	7.02	6.11	42.88	71.70	4	18.00
78.512	33.15	1.80	59.61	7.04	6.05	42.59	71.50	4	20.00
78.656	34.65	1.72	59.58	6.89	6.36	43.79	73.50	4	18.00
78.716	35.11	1.66	58.32	6.97	6.21	43.25	74.20	4	20.00
78.819	33.87	1.75	59.30	7.15	5.62	40.18	67.80	4	19.50
78.963	34.30	1.77	60.65	6.96	6.37	44.38	73.20	4	19.50
79.023	34.33	1.78	61.05	6.97	6.65	46.33	75.90	4	19.50
79.126	34.07	1.76	60.10	6.96	6.78	47.18	78.50	4	19.50
79.270	34.23	1.79	61.36	6.97	6.66	46.46	75.70	4	20.00
79.330	34.28	1.78	61.11	7.11	6.16	43.81	71.70	4	19.50
79.433	33.68	1.80	60.78	7.23	5.65	40.82	67.20	4	19.50
79.577	34.03	1.77	60.31	7.18	6.10	43.78	72.60	4	19.00
79.637	34.40	1.74	59.69	7.10	6.33	44.95	75.30	4	19.00
79.740	33.80	1.77	59.68	6.97	6.66	46.43	77.80	4	20.00
79.884	34.85	1.66	57.85	7.03	6.37	44.79	77.40	4	19.00
79.944	34.38	1.72	59.12	7.15	6.12	43.77	74.00	4	21.00
80.047	33.74	1.78	60.00	7.23	5.82	42.13	70.20	4	19.00
80.191	33.89	1.72	58.27	7.26	5.56	40.36	69.30	4	20.50
80.251	33.51	1.76	58.82	7.26	5.45	39.60	67.30	4	20.50
80.354	33.51	1.77	59.47	7.32	5.28	38.60	64.90	4	20.50
80.498	34.29	1.70	58.43	7.19	5.23	37.64	64.40	4	18.50
80.558	34.73	1.70	59.19	7.11	5.46	38.85	65.60	4	18.50
80.661	34.59	1.74	60.02	7.06	6.11	43.12	71.80	4	19.00
80.805	32.99	1.81	59.61	7.11	5.66	40.24	67.50	4	20.50
80.865	33.53	1.80	60.37	7.16	5.60	40.10	66.40	4	18.50
80.968	35.07	1.62	56.77	7.02	5.72	40.15	70.70	4	18.50
81.112	34.09	1.73	58.89	6.92	6.13	42.39	72.00	4	20.00
81.172	33.48	1.77	59.15	6.96	6.06	42.20	71.30	4	19.50
81.275	34.06	1.78	60.74	7.07	5.99	42.37	69.80	4	20.00
81.419	33.01	1.81	59.71	7.10	5.82	41.35	69.30	4	20.50
81.479	33.55	1.80	60.32	7.00	6.34	44.37	73.60	4	18.50
81.582	34.05	1.75	59.54	7.12	5.89	41.94	70.40	4	19.50
81.726	34.01	1.76	59.74	7.13	5.90	42.04	70.40	4	20.50
81.786	33.88	1.78	60.24	7.11	6.00	42.65	70.80	4	19.00
81.889	34.42	1.73	59.55	7.05	6.45	45.48	76.40	4	20.50
82.033	33.85	1.75	59.38	7.15	5.77	41.28	69.50	4	20.50
82.093	33.61	1.79	60.26	7.11	5.84	41.56	69.00	4	18.50
82.196	34.07	1.75	59.49	6.98	6.17	43.04	72.40	4	20.00
82.340	34.10	1.72	58.77	6.99	6.28	43.91	74.70	4	18.50
82.400	34.69	1.70	58.79	7.05	5.89	41.53	70.60	4	17.50
82.503	34.74	1.68	58.31	6.95	6.02	41.87	71.80	4	19.50
82.647	34.24	1.73	59.09	6.99	6.24	43.65	73.90	4	19.50
82.707	33.79	1.74	58.90	7.08	5.94	42.05	71.40	4	19.50
82.810	34.42	1.73	59.51	6.97	6.10	42.52	71.40	4	20.00
82.954	33.91	1.74	59.01	7.07	5.84	41.30	70.00	4	20.00
83.014	33.70	1.76	59.34	7.01	6.17	43.23	72.90	4	19.50
83.117	34.49	1.69	58.28	7.11	5.85	41.62	71.40	4	18.50
83.261	33.97	1.74	59.09	7.03	6.12	42.98	72.70	4	19.00
83.321	34.61	1.69	58.46	7.02	5.94	41.67	71.30	4	19.00
83.424	34.11	1.77	60.34	7.06	6.21	43.89	72.70	4	19.50
83.568	34.45	1.74	59.81	7.09	6.04	42.87	71.70	4	20.50
83.628	33.36	1.79	59.68	7.04	5.95	41.87	70.20	4	19.50
83.731	34.66	1.66	57.68	7.00	5.83	40.84	70.80	4	18.50
83.875	33.20	1.78	58.99	6.90	6.15	42.43	71.90	4	18.50
83.935	34.36	1.68	57.84	6.93	5.99	41.50	71.80	4	18.50
84.038	34.81	1.67	58.16	6.91	5.95	41.09	70.60	4	20.00
84.182	34.41	1.76	60.60	7.09	6.13	43.50	71.80	4	19.50
84.242	34.48	1.75	60.34	7.10	6.32	44.83	74.30	4	19.50
84.345	33.62	1.81	60.85	7.11	6.04	42.94	70.60	4	19.00
84.489	33.83	1.79	60.68	7.13	6.07	43.33	71.40	4	19.50
84.549	33.99	1.78	60.41	7.15	5.89	42.11	69.70	4	18.50
84.652	34.23	1.74	59.53	7.00	6.26	43.80	73.60	4	20.00
84.796	34.35	1.71	58.69	6.96	6.16	42.85	73.00	4	18.50
84.856	34.01	1.74	59.30	7.01	5.95	41.71	70.30	4	20.50
84.959	34.11	1.76	59.97	7.03	6.02	42.35	70.60	4	18.00
85.103	34.61	1.72	59.60	6.94	6.25	43.35	72.70	4	19.50
85.163	34.44	1.74	59.88	7.01	6.02	42.22	70.50	4	19.50
85.266	34.29	1.75	59.94	6.93	6.45	44.71	74.60	4	19.50
85.410	34.50	1.78	61.43	7.11	5.84	41.55	67.60	4	18.50
85.470	34.59	1.75	60.59	6.97	6.29	43.81	72.30	4	19.00
85.573	34.35	1.77	60.76	7.06	6.30	44.50	73.20	4	20.00
85.717	33.62	1.77	59.64	7.13	5.67	40.43	67.80	4	19.50
85.777	33.70	1.79	60.44	7.03	6.02	42.28	69.90	4	18.00
85.880	34.31	1.74	59.75	7.04	5.98	42.10	70.50	4	20.50
86.024	34.21	1.79	61.08	7.09	6.15	43.61	71.40	4	20.50
86.084	33.62	1.81	60.86	7.13	5.87	41.88	68.80	4	19.50
86.187	34.63	1.74	60.10	7.07	6.17	43.66	72.70	4	20.00
86.331	34.13	1.75	59.74	7.03	6.38	44.83	75.00	4	19.50
86.391	34.17	1.77	60.53	7.14	6.06	43.26	71.50	4	19.50
86.494	33.77	1.81	60.98	7.05	6.07	42.83	70.20	4	19.00
86.638	33.67	1.76	59.12	7.07	6.05	42.76	72.30	4	19.00
86.698	34.38	1.70	58.45	7.03	6.11	42.91	73.40	4	19.00
86.801	33.95	1.72	58.26	6.96	6.20	43.18	74.10	4	19.00
86.945	33.72	1.74	58.71	6.98	6.03	42.13	71.80	4	20.50
87.005	34.12	1.72	58.67	7.00	5.98	41.85	71.30	4	19.00
87.108	34.46	1.73	59.69	7.01	6.01	42.11	70.60	4	20.00
87.252	34.16	1.77	60.48	7.05	6.28	44.30	73.30	4	19.50
87.312	33.31	1.81	60.21	7.05	6.05	42.65	70.80	4	19.50
87.415	34.17	1.75	59.78	7.07	5.98	42.24	70.70	4	19.00
87.559	34.66	1.72	59.74	7.00	6.30	44.09	73.80	4	19.00
87.619	34.63	1.73	60.02	7.08	5.99	42.42	70.70	4	19.00
87.722	34.36	1.73	59.36	7.06	5.95	41.96	70.70	4	21.00
87.866	34.89	1.67	58.21	6.87	6.11	41.99	72.10	4	18.00
87.926	35.04	1.66	58.04	6.89	6.17	42.51	73.20	4	20.00
88.029	34.42	1.72	59.18	6.91	6.20	42.85	72.40	4	19.50
88.173	34.27	1.71	58.45	7.02	6.04	42.36	72.50	4	19.50
88.233	34.18	1.72	58.73	6.95	6.29	43.75	74.50	4	19.00
88.336	35.02	1.67	58.61	6.97	6.04	42.11	71.80	4	19.00
88.480	33.75	1.79	60.56	7.00	6.16	43.17	71.30	4	19.00
88.540	34.04	1.78	60.68	7.05	6.11	43.12	71.10	4	20.00
88.643	34.09	1.76	59.84	7.00	6.33	44.29	74.00	4	19.50
88.787	34.15	1.75	59.82	7.01	6.34	44.48	74.40	4	20.00
88.847	33.97	1.78	60.32	7.04	6.12	43.09	71.40	4	18.50
88.950	33.80	1.77	59.71	7.05	6.24	43.99	73.70	4	20.50
89.094	34.45	1.70	58.73	6.98	6.20	43.32	73.80	4	19.50
89.154	33.74	1.76	59.41	7.01	6.21	43.53	73.30	4	20.50
89.257	32.66	1.80	58.79	6.93	6.15	42.62	72.50	4	19.00
89.401	35.08	1.63	57.13	6.90	5.89	40.59	71.00	4	18.00
89.461	34.53	1.69	58.33	6.95	5.95	41.38	70.90	4	21.00
89.564	33.55	1.74	58.52	6.88	6.21	42.76	73.10	4	19.00
89.708	34.34	1.75	60.23	6.96	6.21	43.25	71.80	4	19.00
89.768	34.27	1.78	60.88	7.04	6.07	42.71	70.10	4	20.50
89.871	34.28	1.71	58.61	6.96	6.09	42.43	72.40	4	18.50
90.015	34.43	1.73	59.50	6.93	6.08	42.08	70.70	4	20.50
90.075	34.31	1.75	60.12	6.99	6.08	42.48	70.70	4	20.00
90.178	34.13	1.76	60.05	6.87	6.28	43.10	71.80	4	19.50
90.322	34.25	1.74	59.67	7.02	6.01	42.21	70.70	4	18.50
90.382	34.90	1.66	58.00	6.89	5.91	40.77	70.30	4	18.50
90.485	35.24	1.65	58.23	6.91	5.94	41.05	70.50	4	18.50
90.629	34.55	1.71	59.24	6.96	6.30	43.90	74.10	4	19.00
90.689	34.07	1.76	59.94	6.98	6.31	44.05	73.50	4	19.00
90.792	34.28	1.77	60.68	7.03	6.24	43.82	72.20	4	20.50
90.936	34.22	1.75	59.85	6.91	6.29	43.49	72.70	4	19.50
90.996	33.46	1.77	59.34	6.93	6.19	42.84	72.20	4	19.50
91.099	33.75	1.79	60.48	6.98	6.30	43.96	72.70	4	19.50
91.243	35.08	1.69	59.25	6.95	6.06	42.11	71.10	4	18.00
91.303	34.91	1.69	59.03	6.99	5.98	41.80	70.80	4	20.50
91.406	34.07	1.77	60.21	6.97	6.35	44.23	73.50	4	20.50
91.550	34.02	1.78	60.64	7.03	6.10	42.86	70.70	4	19.00
91.610	34.06	1.77	60.45	7.05	6.33	44.60	73.80	4	20.00
91.713	34.05	1.78	60.54	7.06	6.35	44.79	74.00	4	19.50
91.857	34.57	1.72	59.31	7.07	6.06	42.85	72.20	4	20.00
91.917	33.89	1.76	59.79	7.02	6.22	43.63	73.00	4	19.50
92.020	33.27	1.80	59.96	7.06	6.15	43.38	72.30	4	19.50
92.164	34.56	1.70	58.63	6.92	6.22	43.01	73.40	4	19.50
92.224	33.83	1.76	59.46	6.96	6.22	43.32	72.80	4	20.50
92.327	34.34	1.74	59.88	6.93	6.20	42.96	71.70	4	17.50
92.471	34.85	1.70	59.38	6.96	6.01	41.83	70.40	4	19.00
92.531	34.86	1.71	59.56	7.02	6.08	42.71	71.70	4	19.50
92.634	33.76	1.78	60.25	7.03	6.13	43.07	71.50	4	20.50
92.778	33.21	1.78	59.17	6.98	6.05	42.24	71.40	4	19.50
92.838	34.26	1.69	58.01	6.98	6.13	42.75	73.70	4	18.50
92.941	34.37	1.75	60.03	7.01	6.15	43.14	71.90	4	19.00
93.085	33.36	1.78	59.37	6.95	6.15	42.77	72.00	4	20.00
93.145	33.76	1.79	60.28	6.99	6.19	43.28	71.80	4	18.50
93.248	34.27	1.78	60.84	7.12	5.93	42.20	69.40	4	19.00
93.392	33.77	1.79	60.42	7.02	6.19	43.40	71.80	4	19.50
93.452	33.33	1.80	59.85	7.02	6.12	42.94	71.80	4	19.00
93.555	33.26	1.80	59.80	7.02	6.24	43.87	73.40	4	20.00
93.699	33.92	1.78	60.46	6.93	6.40	44.34	73.30	4	19.50
93.759	33.27	1.78	59.14	6.96	6.09	42.37	71.60	4	20.50
93.862	33.93	1.75	59.28	6.99	6.34	44.27	74.70	4	19.50
94.006	33.42	1.81	60.38	7.01	6.21	43.53	72.10	4	19.00
94.066	34.28	1.74	59.73	6.98	6.32	44.13	73.90	4	19.00
94.169	34.85	1.70	59.30	6.99	6.18	43.16	72.80	4	20.00
94.313	34.06	1.74	59.12	6.99	6.15	42.97	72.70	4	18.50
94.373	34.63	1.70	58.84	6.90	6.21	42.86	72.80	4	18.50
94.476	33.91	1.73	58.82	6.96	6.27	43.59	74.10	4	20.50
94.620	33.81	1.74	58.89	7.01	6.08	42.62	72.40	4	19.00
94.680	34.68	1.67	57.79	6.95	6.03	41.96	72.60	4	18.50
94.783	34.68	1.72	59.51	7.02	6.06	42.50	71.40	4	20.50
94.927	34.26	1.71	58.68	6.98	5.98	41.80	71.20	4	18.50
94.987	34.73	1.67	58.02	6.91	6.16	42.58	73.40	4	18.50
95.090	34.03	1.77	60.26	6.98	6.08	42.45	70.40	4	20.00
95.234	34.11	1.75	59.62	6.87	6.26	43.01	72.10	4	18.50
95.294	34.46	1.72	59.43	6.95	6.02	41.85	70.40	4	20.50
95.397	34.59	1.71	59.12	6.96	5.97	41.49	70.20	4	18.00
95.541	34.60	1.72	59.43	6.97	5.99	41.73	70.20	4	19.00
95.601	34.01	1.76	59.77	6.98	6.07	42.40	70.90	4	19.50
95.704	34.73	1.73	59.92	6.97	6.02	41.96	70.00	4	19.00
95.848	34.13	1.78	60.81	6.95	6.23	43.32	71.20	4	18.00
95.908	34.06	1.75	59.72	6.92	6.17	42.70	71.50	4	20.00
96.011	33.93	1.76	59.77	6.97	6.32	44.05	73.70	4	19.50
96.155	34.97	1.69	59.21	6.92	6.32	43.74	73.90	4	19.00
96.215	34.27	1.74	59.65	7.04	5.95	41.88	70.20	4	20.00
96.318	33.89	1.74	58.84	6.98	5.98	41.74	70.90	4	20.00
96.462	34.32	1.70	58.46	6.96	6.02	41.89	71.70	4	18.00
96.522	34.81	1.68	58.32	6.90	6.11	42.15	72.30	4	19.00
96.625	34.52	1.74	60.03	6.95	6.29	43.72	72.80	4	21.00
96.769	34.54	1.71	59.07	7.02	5.97	41.93	71.00	4	18.50
96.829	34.87	1.72	59.86	6.94	6.31	43.82	73.20	4	19.50
96.932	34.32	1.77	60.64	7.00	6.21	43.47	71.70	4	20.00
97.076	33.64	1.82	61.20	7.04	6.18	43.51	71.10	4	18.50
97.136	34.32	1.76	60.42	6.96	6.31	43.96	72.80	4	19.50
97.239	34.19	1.77	60.66	7.03	6.21	43.66	72.00	4	19.00
97.383	32.80	1.83	60.10	6.97	6.26	43.66	72.60	4	20.00
97.443	34.00	1.77	60.08	6.98	6.30	43.96	73.20	4	18.00
97.546	34.54	1.68	57.99	6.95	6.08	42.26	72.90	4	18.50
97.690	34.07	1.76	59.93	6.91	6.23	43.02	71.80	4	18.00
97.750	34.60	1.72	59.49	6.92	6.07	42.05	70.70	4	18.00
97.853	34.40	1.73	59.68	6.84	6.24	42.64	71.40	4	20.00
97.997	33.91	1.78	60.49	7.04	6.20	43.61	72.10	4	20.50
98.057	33.75	1.78	60.23	6.98	6.25	43.62	72.40	4	20.00
98.160	34.42	1.74	59.80	6.92	6.31	43.68	73.00	4	18.50
98.304	34.84	1.73	60.28	7.00	6.00	41.98	69.60	4	19.00
98.364	34.27	1.77	60.54	6.93	6.26	43.33	71.60	4	20.00
98.467	33.79	1.80	60.69	7.02	6.17	43.30	71.40	4	19.50
98.611	33.81	1.76	59.47	6.97	6.03	42.03	70.70	4	20.00
98.671	33.74	1.78	60.14	6.94	6.40	44.45	73.90	4	18.50
98.774	33.73	1.74	58.64	6.92	6.19	42.84	73.10	4	20.00
98.918	34.56	1.71	59.20	6.92	6.40	44.27	74.80	4	18.00
98.978	34.51	1.70	58.81	6.96	6.15	42.84	72.80	4	20.50
99.081	32.87	1.78	58.66	6.93	6.03	41.83	71.30	4	20.00
99.225	34.00	1.81	61.47	7.00	6.26	43.82	71.30	4	19.00
99.285	34.72	1.73	59.91	6.93	6.31	43.75	73.00	4	18.50
99.388	33.54	1.79	60.07	6.90	6.37	43.94	73.10	4	18.50
99.532	33.71	1.74	58.63	6.95	6.30	43.73	74.60	4	19.50
99.592	33.64	1.75	58.97	7.02	6.23	43.73	74.20	4	19.50
99.695	33.64	1.79	60.12	7.03	6.31	44.36	73.80	4	20.50
99.839	33.80	1.76	59.54	6.95	6.32	43.91	73.70	4	19.50
99.899	34.65	1.69	58.40	6.94	6.19	42.96	73.60	4	18.50
100.002	34.83	1.66	57.71	6.91	6.19	42.76	74.10	4	19.00
100.146	33.55	1.76	59.15	6.92	6.10	42.21	71.30	4	20.00
100.206	33.95	1.79	60.81	6.92	6.40	44.32	72.90	4	18.00
100.310	33.59	1.78	59.86	6.99	6.34	44.30	74.00	4	20.00
100.454	34.25	1.77	60.71	6.95	6.38	44.35	73.10	4	19.00
100.514	33.99	1.78	60.36	7.04	6.15	43.29	71.70	4	19.50
100.618	34.36	1.74	59.76	6.94	6.40	44.42	74.30	4	19.50
100.763	33.07	1.82	60.13	6.95	6.17	42.86	71.30	4	18.50
100.823	33.97	1.74	59.10	6.93	6.24	43.25	73.20	4	18.50
100.927	34.50	1.75	60.33	6.92	6.35	43.94	72.80	4	18.50
101.072	32.87	1.79	58.91	6.91	6.27	43.31	73.50	4	20.00
101.132	33.92	1.73	58.78	7.01	6.06	42.48	72.30	4	18.00
101.236	35.10	1.63	57.24	6.79	5.96	40.50	70.80	4	18.50
101.381	33.03	1.79	59.01	6.94	5.99	41.56	70.40	4	19.00
101.441	34.04	1.72	58.64	6.87	6.22	42.76	72.90	4	19.00
101.545	34.22	1.72	58.90	6.86	6.37	43.71	74.20	4	19.00
101.690	34.34	1.76	60.30	7.00	6.09	42.62	70.70	4	19.00
101.750	34.28	1.76	60.26	6.96	6.27	43.63	72.40	4	19.00
101.854	33.03	1.79	59.05	7.03	5.89	41.38	70.10	4	20.50
101.999	34.82	1.66	57.83	6.87	6.05	41.53	71.80	4	18.50
102.059	34.47	1.70	58.43	6.98	5.89	41.15	70.40	4	19.50
102.163	34.49	1.73	59.62	6.95	6.01	41.73	70.00	4	20.50
102.308	34.41	1.72	59.20	6.94	6.11	42.42	71.60	4	19.50
102.368	34.56	1.72	59.56	7.01	6.10	42.75	71.80	4	20.00
102.472	34.38	1.74	59.67	7.00	6.24	43.71	73.30	4	20.50
102.617	33.99	1.78	60.59	7.08	5.92	41.92	69.20	4	19.00
102.677	34.56	1.74	60.17	6.94	6.23	43.19	71.80	4	19.00
102.781	34.17	1.75	59.71	7.06	6.13	43.28	72.50	4	20.00
102.926	33.33	1.79	59.54	7.08	5.96	42.25	71.00	4	19.50
102.986	33.95	1.77	60.14	7.05	6.16	43.44	72.20	4	19.50
103.090	33.87	1.78	60.33	6.97	6.29	43.83	72.60	4	19.50
103.235	33.96	1.78	60.49	7.06	6.22	43.88	72.50	4	21.00
103.295	32.62	1.82	59.38	6.99	6.12	42.75	72.00	4	19.50
103.399	34.22	1.71	58.60	6.93	6.07	42.05	71.70	4	19.50
103.544	33.98	1.73	58.88	7.00	6.22	43.50	73.90	4	19.00
103.604	34.61	1.69	58.50	6.97	6.09	42.40	72.50	4	18.50
103.708	34.41	1.72	59.24	7.04	6.10	43.00	72.60	4	21.00
103.852	32.81	1.79	58.84	6.87	6.28	43.10	73.30	4	20.00
103.912	33.79	1.75	59.22	6.95	6.10	42.42	71.60	4	19.00
104.016	34.69	1.71	59.34	6.88	6.27	43.17	72.70	4	18.00
104.161	33.42	1.79	59.78	6.98	6.34	44.28	74.10	4	19.50
104.221	33.58	1.79	59.95	7.03	6.19	43.52	72.60	4	19.00
104.325	34.80	1.71	59.46	6.93	6.07	42.04	70.70	4	17.50
104.470	34.01	1.76	59.86	6.97	6.27	43.69	73.00	4	21.00
104.530	33.78	1.77	59.90	7.00	6.11	42.73	71.30	4	20.00
104.634	34.12	1.76	60.02	7.00	6.00	41.96	69.90	4	19.50
104.779	34.54	1.72	59.46	6.92	6.22	43.10	72.50	4	18.50
104.839	34.36	1.74	59.88	6.98	5.99	41.82	69.80	4	20.00
104.943	34.23	1.74	59.66	7.03	6.04	42.45	71.20	4	18.50
105.088	34.06	1.76	60.03	6.95	6.12	42.52	70.80	4	19.00
105.148	34.17	1.77	60.34	6.93	6.42	44.55	73.80	4	20.00
105.252	33.73	1.82	61.30	6.94	6.47	44.93	73.30	4	19.50
105.397	34.01	1.80	61.10	6.99	6.42	44.89	73.50	4	19.50
105.457	34.03	1.78	60.71	7.07	6.17	43.63	71.90	4	19.00
105.561	34.77	1.70	59.15	6.97	6.06	42.22	71.40	4	19.50
105.706	33.66	1.79	60.10	6.98	6.29	43.88	73.00	4	19.00
105.766	34.42	1.74	59.80	7.05	6.11	43.02	71.90	4	20.00
105.870	34.08	1.75	59.80	6.96	6.28	43.71	73.10	4	19.50
106.015	34.21	1.74	59.41	7.04	6.04	42.49	71.50	4	19.50
106.075	34.00	1.77	60.13	7.00	6.14	43.01	71.50	4	19.00
106.179	33.28	1.78	59.35	6.97	6.18	43.03	72.50	4	20.50
106.324	34.87	1.65	57.57	6.87	5.98	41.14	71.50	4	18.50
106.384	35.22	1.65	58.27	6.84	6.12	41.82	71.80	4	18.00
106.488	33.53	1.75	58.73	6.88	6.16	42.37	72.10	4	19.50
106.633	34.23	1.74	59.47	6.94	6.15	42.64	71.70	4	18.00
106.693	34.96	1.64	57.22	6.90	5.99	41.33	72.20	4	18.50
106.797	34.97	1.67	58.30	6.83	6.32	43.15	74.00	4	20.00
106.942	34.39	1.72	59.15	6.97	6.04	42.06	71.10	4	20.50
107.002	33.89	1.72	58.37	6.90	6.15	42.42	72.70	4	19.00
107.106	34.71	1.68	58.41	6.85	6.05	41.41	70.90	4	18.50
107.251	32.62	1.78	58.00	6.77	6.28	42.51	73.30	4	20.50
107.311	33.30	1.79	59.51	6.81	6.37	43.37	72.90	4	18.00
107.415	34.78	1.64	57.08	6.78	6.10	41.36	72.50	4	17.00
107.560	34.81	1.66	57.87	6.77	6.06	41.05	70.90	4	20.00
107.620	34.09	1.74	59.43	6.77	6.28	42.50	71.50	4	19.50
107.724	34.71	1.71	59.40	6.93	6.26	43.34	73.00	4	19.50
107.868	33.13	1.80	59.73	6.92	6.33	43.80	73.30	4	18.50
107.928	34.03	1.74	59.08	6.92	6.21	43.03	72.80	4	18.50
108.032	35.19	1.59	55.95	6.76	5.92	40.05	71.60	4	18.50
108.177	34.34	1.71	58.88	6.93	6.07	42.04	71.40	4	20.00
108.237	33.75	1.78	59.92	6.84	6.35	43.46	72.50	4	18.50
108.341	33.83	1.73	58.67	6.86	6.16	42.28	72.10	4	20.50
108.486	34.33	1.70	58.45	6.91	6.13	42.32	72.40	4	18.00
108.546	34.53	1.68	58.03	6.83	6.23	42.55	73.30	4	19.00
108.650	33.90	1.73	58.76	6.89	6.18	42.58	72.50	4	20.50
108.795	34.28	1.71	58.56	6.84	6.24	42.69	72.90	4	20.00
108.855	33.46	1.78	59.41	6.92	6.15	42.58	71.70	4	20.00
108.959	32.86	1.81	59.62	6.94	6.22	43.12	72.30	4	19.50
109.104	34.99	1.66	57.96	6.88	6.14	42.24	72.90	4	17.50
109.164	35.20	1.64	57.74	6.89	6.01	41.41	71.70	4	20.00
109.268	33.47	1.77	59.24	6.95	6.17	42.92	72.50	4	20.00
109.413	34.66	1.64	57.00	6.91	6.14	42.47	74.50	4	19.00
109.473	35.02	1.63	56.94	6.85	6.08	41.60	73.10	4	18.00
109.577	33.82	1.75	59.10	6.94	6.00	41.60	70.40	4	19.50
109.722	33.79	1.77	59.67	6.97	6.18	43.02	72.10	4	18.50
109.782	33.93	1.75	59.42	6.90	6.31	43.51	73.20	4	19.50
109.886	34.18	1.74	59.59	6.95	6.24	43.38	72.80	4	19.50
110.031	33.66	1.80	60.44	6.99	6.22	43.47	71.90	4	18.50
110.091	33.96	1.76	59.82	7.01	6.19	43.42	72.60	4	20.50
110.195	34.24	1.72	58.84	6.92	6.25	43.27	73.50	4	19.50
110.340	32.99	1.77	58.49	7.02	5.88	41.27	70.60	4	20.50
110.400	33.49	1.75	58.60	6.95	6.23	43.29	73.90	4	18.50
110.504	35.08	1.60	56.06	6.89	5.89	40.60	72.40	4	18.00
110.649	33.15	1.71	56.61	6.76	5.96	40.31	71.20	4	21.00
110.709	31.97	1.78	56.97	6.74	6.09	41.04	72.00	4	20.50
110.813	33.33	1.74	58.13	6.77	6.19	41.93	72.10	4	18.50
110.958	35.21	1.62	56.93	6.78	6.07	41.10	72.20	4	17.50
111.018	35.59	1.54	54.98	6.74	5.93	39.98	72.70	4	18.50
111.122	34.93	1.67	58.21	6.82	6.02	41.03	70.50	4	19.50
111.266	35.02	1.68	58.87	6.84	6.17	42.15	71.60	4	20.00
111.326	34.42	1.75	60.06	6.87	6.32	43.43	72.30	4	19.50
111.430	33.49	1.79	60.08	6.94	6.21	43.10	71.70	4	18.50
111.575	34.33	1.75	60.11	6.97	6.03	42.06	70.00	4	19.00
111.635	34.45	1.73	59.66	6.89	6.23	42.90	71.90	4	20.00
111.739	34.14	1.78	60.85	7.01	6.12	42.90	70.50	4	19.00
111.884	33.59	1.77	59.48	6.92	6.31	43.66	73.40	4	20.00
111.944	34.11	1.77	60.52	7.01	6.13	42.98	71.00	4	18.00
112.048	34.85	1.72	60.12	6.97	6.10	42.52	70.70	4	19.50
112.193	34.16	1.75	59.71	7.08	6.16	43.58	73.00	4	19.00
112.253	34.25	1.76	60.24	7.03	6.16	43.29	71.90	4	19.00
112.356	33.97	1.80	61.10	7.01	6.23	43.67	71.50	4	18.50
112.501	33.59	1.75	58.94	7.04	6.17	43.42	73.70	4	19.00
112.561	34.46	1.71	58.84	6.96	6.12	42.57	72.30	4	18.50
112.665	33.98	1.74	59.18	6.99	6.12	42.76	72.30	4	18.50
112.810	34.05	1.76	59.86	7.10	5.94	42.13	70.40	4	19.00
112.870	34.36	1.72	58.93	6.95	6.24	43.34	73.50	4	18.50
112.974	33.85	1.76	59.65	6.92	6.46	44.67	74.90	4	20.00
113.119	34.39	1.70	58.45	6.85	6.17	42.26	72.30	4	18.50
113.179	34.66	1.73	59.93	6.88	6.05	41.59	69.40	4	18.50
113.283	34.10	1.71	58.43	6.91	6.04	41.75	71.50	4	20.50
113.428	33.69	1.77	59.49	6.90	6.23	42.94	72.20	4	18.50
113.488	34.29	1.73	59.24	6.88	6.16	42.39	71.60	4	19.00
113.592	33.82	1.78	60.26	6.96	6.27	43.66	72.50	4	19.50
113.737	33.87	1.78	60.44	6.95	6.41	44.58	73.80	4	19.50
113.797	33.98	1.79	60.84	7.06	6.22	43.92	72.20	4	19.50
113.901	34.49	1.77	61.21	6.95	6.37	44.28	72.30	4	19.50
114.046	33.99	1.78	60.63	7.03	6.34	44.59	73.50	4	20.50
114.106	33.96	1.80	61.20	7.06	6.03	42.62	69.60	4	18.50
114.210	34.09	1.73	59.06	6.99	5.94	41.53	70.30	4	20.00
114.355	34.51	1.71	58.94	6.91	6.14	42.48	72.10	4	18.00
114.415	34.81	1.65	57.27	6.94	5.88	40.84	71.30	4	20.00
114.519	33.58	1.75	58.86	7.02	6.20	43.53	73.90	4	20.50
114.664	34.73	1.71	59.27	6.87	6.30	43.25	73.00	4	18.50
114.724	34.84	1.70	59.35	6.89	6.23	42.89	72.30	4	19.50
114.828	34.17	1.72	58.79	7.02	6.07	42.60	72.50	4	19.00
114.972	34.54	1.68	58.02	7.01	6.04	42.36	73.00	4	20.00
115.032	34.57	1.65	57.09	6.95	6.04	42.02	73.60	4	18.50
115.136	34.73	1.67	57.86	6.92	6.09	42.15	72.90	4	19.00
115.281	33.75	1.77	59.67	6.99	6.03	42.13	70.60	4	20.50
115.341	33.07	1.79	59.32	6.94	6.20	43.03	72.60	4	19.00
115.444	34.22	1.72	58.98	6.89	6.23	42.94	72.80	4	20.00
