1155.089	37.57	0.58	21.70	2.30	3.08	7.10	32.70	2	14.00
1155.233	28.77	1.50	43.02	3.82	5.92	22.61	52.60	2	21.00
1155.293	23.36	1.69	39.48	3.73	5.75	21.45	54.30	2	24.00
1155.397	18.19	2.33	42.46	3.96	6.11	24.20	57.00	2	29.00
1155.542	13.82	3.63	50.15	4.37	6.68	29.15	58.10	2	36.50
1155.602	11.94	4.00	47.80	4.28	6.50	27.81	58.20	2	39.50
1155.706	9.08	4.31	39.10	3.90	5.75	22.43	57.40	2	44.50
1155.851	5.74	4.46	25.63	3.15	4.37	13.80	53.80	2	52.00
1155.911	4.71	4.48	21.12	2.94	3.86	11.36	53.80	2	55.00
1156.015	3.67	4.51	16.52	2.71	3.12	8.45	51.10	2	60.00
1156.159	2.50	4.52	11.30	2.42	2.16	5.22	46.20	2	67.50
1156.219	2.16	4.52	9.78	2.24	1.82	4.08	41.70	2	70.50
1156.322	1.63	4.52	7.37	2.00	1.32	2.64	35.90	2	75.50
1156.466	1.10	4.53	4.97	1.60	0.78	1.25	25.20	2	82.50
1156.526	0.86	4.54	3.88	1.49	0.59	0.87	22.50	2	85.50
1156.629	0.57	4.52	2.58	1.27	0.22	0.28	10.90	2	91.00
1156.773	4.20	4.46	18.74	2.10	2.27	4.77	25.40	2	36.00
1156.833	7.44	4.39	32.70	3.08	4.33	13.35	40.80	2	35.60
1156.937	9.85	4.34	42.73	3.83	5.96	22.84	53.50	2	35.60
1157.082	11.77	4.22	49.68	4.22	6.79	28.67	57.70	2	33.90
1157.142	12.09	4.17	50.39	4.28	6.89	29.50	58.50	2	33.90
1157.246	11.95	4.18	49.93	4.30	6.95	29.91	59.90	2	34.30
1157.391	12.61	4.02	50.67	4.38	7.05	30.88	60.90	2	32.10
1157.451	12.91	3.93	50.68	4.39	7.05	30.95	61.10	2	32.10
1157.555	12.86	3.99	51.29	4.37	7.07	30.90	60.20	2	33.90
1157.700	10.98	4.27	46.90	4.16	6.65	27.69	59.00	2	37.90
1157.760	11.47	4.17	47.82	4.22	6.67	28.13	58.80	2	31.80
1157.864	13.18	3.75	49.48	4.29	6.83	29.31	59.20	2	27.70
1158.009	13.97	3.55	49.65	4.31	6.87	29.63	59.70	2	32.40
1158.069	13.24	3.75	49.71	4.36	6.90	30.10	60.50	2	30.10
1158.173	13.82	3.53	48.76	4.38	6.91	30.25	62.00	2	30.10
1158.318	14.40	3.32	47.77	4.29	6.72	28.78	60.20	2	25.60
1158.378	15.13	2.92	44.19	4.13	6.44	26.61	60.20	2	25.60
1158.482	14.89	3.09	46.01	4.24	6.62	28.07	61.00	2	29.50
1158.627	6.94	4.09	28.41	2.96	4.37	12.94	45.50	2	31.80
1158.687	9.65	3.94	38.04	3.57	5.44	19.41	51.00	2	31.80
1158.791	12.50	3.73	46.70	4.17	6.53	27.24	58.30	2	30.80
1158.936	14.59	3.06	44.68	4.10	6.51	26.67	59.70	2	26.20
1158.996	13.75	3.21	44.17	4.01	6.29	25.23	57.10	2	31.10
1159.100	14.36	3.22	46.20	4.18	6.66	27.83	60.20	2	28.10
1159.245	14.73	3.11	45.81	4.22	6.71	28.31	61.80	2	28.10
1159.305	14.85	3.08	45.70	4.19	6.70	28.07	61.40	2	27.60
1159.409	15.01	2.98	44.79	4.17	6.62	27.62	61.70	2	27.60
1159.554	14.64	3.18	46.61	4.28	6.77	28.99	62.20	2	31.60
1159.614	13.82	3.56	49.25	4.36	6.91	30.12	61.20	2	34.60
1159.718	12.22	4.03	49.31	4.35	6.85	29.79	60.40	2	35.10
1159.863	12.59	4.02	50.61	4.42	6.95	30.71	60.70	2	31.10
1159.923	13.17	3.83	50.45	4.40	6.96	30.66	60.80	2	31.10
1160.027	13.61	3.68	50.09	4.41	6.97	30.72	61.30	2	30.60
1160.172	14.09	3.51	49.46	4.39	6.93	30.40	61.50	2	30.10
1160.232	14.10	3.48	49.00	4.41	6.90	30.40	62.00	2	30.60
1160.336	14.30	3.42	48.93	4.33	6.90	29.90	61.10	2	29.60
1160.481	14.26	3.44	49.04	4.30	6.96	29.92	61.00	2	32.10
1160.541	13.50	3.72	50.17	4.35	6.98	30.35	60.50	2	35.10
1160.645	12.44	4.04	50.25	4.39	6.89	30.23	60.20	2	34.60
1160.790	13.00	3.85	50.07	4.43	6.94	30.78	61.50	2	31.10
1160.850	13.36	3.75	50.11	4.45	6.94	30.88	61.60	2	31.60
1160.954	13.81	3.66	50.55	4.40	7.00	30.81	60.90	2	30.60
1161.099	14.02	3.55	49.81	4.36	7.00	30.50	61.20	2	29.60
1161.159	14.11	3.49	49.23	4.34	6.99	30.35	61.60	2	30.10
1161.263	14.26	3.44	48.99	4.32	6.95	30.05	61.30	2	30.10
1161.408	14.59	3.33	48.62	4.32	6.86	29.64	60.90	2	29.60
1161.468	14.51	3.33	48.31	4.33	6.85	29.70	61.50	2	29.60
1161.572	14.61	3.25	47.45	4.33	6.79	29.42	62.00	2	29.10
1161.717	14.89	3.13	46.57	4.25	6.75	28.68	61.60	2	28.10
1161.777	14.96	3.09	46.23	4.21	6.73	28.35	61.30	2	28.10
1161.881	14.16	3.45	48.84	4.33	6.87	29.78	61.00	2	33.60
1162.026	12.19	4.07	49.64	4.30	6.87	29.59	59.60	2	35.10
1162.086	11.97	4.15	49.64	4.31	6.86	29.56	59.50	2	34.10
1162.190	12.69	3.99	50.63	4.39	6.95	30.55	60.40	2	31.10
1162.335	13.54	3.76	50.93	4.39	6.99	30.65	60.20	2	31.10
1162.395	13.69	3.67	50.26	4.38	6.99	30.62	60.90	2	30.60
1162.499	13.93	3.56	49.57	4.41	6.90	30.39	61.30	2	31.10
1162.644	13.18	3.85	50.76	4.42	6.94	30.67	60.40	2	34.60
1162.704	12.76	3.97	50.60	4.40	6.96	30.64	60.50	2	34.10
1162.808	13.01	3.89	50.56	4.40	6.99	30.73	60.80	2	31.60
1162.953	13.81	3.63	50.11	4.40	6.99	30.73	61.30	2	30.10
1163.013	13.84	3.59	49.62	4.41	6.96	30.65	61.80	2	30.10
1163.117	14.02	3.53	49.49	4.40	6.94	30.53	61.70	2	30.10
1163.262	14.29	3.43	48.96	4.38	6.87	30.10	61.50	2	29.10
1163.322	14.33	3.36	48.12	4.34	6.85	29.75	61.80	2	29.60
1163.426	14.44	3.32	47.90	4.32	6.85	29.60	61.80	2	29.10
1163.571	14.56	3.22	46.83	4.34	6.81	29.56	63.10	2	28.60
1163.631	14.63	3.13	45.86	4.27	6.75	28.81	62.80	2	28.10
1163.735	14.87	3.08	45.87	4.17	6.79	28.29	61.70	2	27.10
1163.880	15.10	2.92	44.06	4.05	6.69	27.13	61.60	2	27.10
1163.940	15.26	2.84	43.37	3.98	6.64	26.43	60.90	2	26.60
1164.044	15.37	2.77	42.64	3.97	6.58	26.10	61.20	2	26.60
1164.189	15.68	2.65	41.54	3.90	6.45	25.17	60.60	2	26.10
1164.249	15.60	2.67	41.69	3.91	6.47	25.33	60.80	2	26.10
1164.353	15.68	2.63	41.21	3.92	6.43	25.21	61.20	2	26.10
1164.498	15.62	2.58	40.25	3.85	6.46	24.88	61.80	2	25.10
1164.558	15.80	2.53	40.00	3.81	6.38	24.32	60.80	2	24.60
1164.662	15.78	2.49	39.35	3.78	6.38	24.10	61.20	2	25.10
1164.807	15.47	2.68	41.51	3.89	6.57	25.57	61.60	2	28.60
1164.867	14.83	3.00	44.44	4.04	6.77	27.35	61.60	2	31.10
1164.971	13.08	3.77	49.35	4.21	6.91	29.09	58.90	2	35.10
1165.116	11.91	4.15	49.43	4.21	6.91	29.12	58.90	2	35.10
1165.176	11.78	4.20	49.41	4.22	6.93	29.27	59.20	2	34.60
1165.280	12.33	4.08	50.32	4.29	7.01	30.07	59.80	2	31.10
1165.425	13.78	3.63	49.95	4.33	7.04	30.46	61.00	2	30.60
1165.485	13.90	3.60	50.05	4.33	7.04	30.46	60.90	2	30.10
1165.589	14.25	3.48	49.63	4.30	7.00	30.10	60.70	2	29.10
1165.734	14.53	3.35	48.74	4.25	6.95	29.56	60.60	2	29.10
1165.794	14.51	3.35	48.66	4.24	6.95	29.47	60.60	2	29.60
1165.898	14.38	3.41	49.08	4.27	7.01	29.91	60.90	2	31.60
1166.043	12.54	3.99	50.00	4.27	7.05	30.06	60.10	2	34.60
1166.103	12.24	4.08	49.99	4.27	7.04	30.06	60.10	2	34.60
1166.207	12.41	4.05	50.29	4.30	7.09	30.44	60.50	2	31.60
1166.352	13.74	3.62	49.75	4.31	7.03	30.33	61.00	2	30.10
1166.412	13.99	3.53	49.37	4.28	7.02	30.05	60.90	2	30.10
1166.516	14.19	3.47	49.24	4.28	7.01	30.03	61.00	2	30.10
1166.661	14.46	3.39	49.08	4.29	6.96	29.84	60.80	2	29.10
1166.721	14.46	3.34	48.33	4.25	6.95	29.53	61.10	2	28.10
1166.825	14.66	3.25	47.59	4.21	6.85	28.86	60.60	2	29.60
1166.970	14.86	3.21	47.66	4.21	6.87	28.90	60.60	2	28.10
1167.030	14.88	3.16	46.96	4.19	6.83	28.64	61.00	2	28.10
1167.134	14.94	3.06	45.78	4.15	6.78	28.13	61.40	2	27.10
1167.279	15.29	2.92	44.65	4.12	6.63	27.30	61.20	2	27.10
1167.339	15.30	2.88	44.00	4.10	6.59	27.02	61.40	2	26.60
1167.443	15.28	2.83	43.27	4.06	6.56	26.66	61.60	2	27.10
1167.588	15.40	2.77	42.67	4.03	6.53	26.33	61.70	2	26.10
1167.648	15.38	2.73	41.92	4.02	6.48	26.06	62.20	2	26.10
1167.752	15.44	2.69	41.51	4.01	6.41	25.69	61.90	2	26.60
1167.897	15.57	2.61	40.57	3.92	6.39	25.08	61.80	2	25.60
1167.957	15.63	2.60	40.65	3.91	6.42	25.06	61.70	2	25.60
1168.061	15.57	2.57	40.01	3.87	6.40	24.74	61.80	2	25.10
1168.206	15.81	2.50	39.58	3.82	6.33	24.19	61.10	2	25.10
1168.266	16.05	2.40	38.58	3.77	6.22	23.49	60.90	2	24.60
1168.370	15.42	2.76	42.52	3.91	6.60	25.80	60.70	2	29.60
1168.515	12.78	3.79	48.43	4.06	7.04	28.54	58.90	2	34.60
1168.575	12.06	4.02	48.49	4.02	7.05	28.30	58.40	2	34.60
1168.679	12.10	4.11	49.79	4.05	7.14	28.91	58.10	2	31.60
1168.824	13.49	3.73	50.34	4.12	7.26	29.88	59.40	2	30.10
1168.884	13.64	3.68	50.20	4.10	7.27	29.82	59.40	2	30.10
1168.988	13.90	3.58	49.76	4.09	7.27	29.70	59.70	2	29.60
1169.133	14.06	3.52	49.52	4.07	7.26	29.53	59.60	2	29.60
1169.193	14.09	3.50	49.35	4.07	7.26	29.53	59.80	2	29.10
1169.297	14.28	3.36	48.00	4.02	7.19	28.91	60.20	2	29.10
1169.442	14.54	3.26	47.42	4.01	7.13	28.57	60.30	2	27.60
1169.502	14.70	3.22	47.39	3.99	7.09	28.29	59.70	2	28.10
1169.606	14.68	3.19	46.90	3.99	7.08	28.26	60.30	2	27.60
1169.751	14.75	3.13	46.13	3.96	7.07	27.99	60.70	2	27.10
1169.811	14.84	3.07	45.59	3.94	7.02	27.64	60.60	2	27.10
1169.915	14.61	3.20	46.79	3.99	7.09	28.28	60.40	2	30.60
1170.060	12.40	3.96	49.16	4.07	7.14	29.06	59.10	2	33.60
1170.120	12.03	4.10	49.30	4.06	7.12	28.93	58.70	2	34.10
1170.224	12.84	3.92	50.32	4.12	7.22	29.77	59.20	2	30.10
1170.369	13.75	3.70	50.95	4.10	7.29	29.90	58.70	2	29.60
1170.429	13.96	3.63	50.69	4.11	7.30	29.98	59.10	2	30.10
1170.533	14.12	3.49	49.32	4.08	7.25	29.60	60.00	2	29.10
1170.678	14.16	3.45	48.81	4.08	7.24	29.51	60.50	2	29.10
1170.738	14.31	3.40	48.72	4.08	7.21	29.43	60.40	2	29.10
1170.842	14.36	3.35	48.15	4.04	7.17	28.99	60.20	2	28.60
1170.987	14.46	3.30	47.74	4.03	7.16	28.89	60.50	2	28.10
1171.047	14.49	3.27	47.40	4.05	7.14	28.90	61.00	2	28.60
1171.151	14.61	3.21	46.84	4.02	7.08	28.43	60.70	2	27.60
1171.296	14.59	3.24	47.21	4.03	7.11	28.68	60.70	2	30.60
1171.356	13.77	3.56	49.07	4.09	7.21	29.50	60.10	2	33.10
1171.460	12.22	4.01	49.06	4.06	7.17	29.10	59.30	2	34.60
1171.605	11.89	4.19	49.77	4.05	7.15	28.99	58.30	2	32.60
1171.665	12.38	4.06	50.22	4.10	7.25	29.72	59.20	2	30.60
1171.769	13.58	3.69	50.05	4.10	7.25	29.73	59.40	2	29.60
1171.914	14.16	3.58	50.72	4.14	7.26	30.10	59.30	2	29.60
1171.974	14.14	3.54	49.99	4.11	7.24	29.76	59.50	2	29.10
1172.078	14.29	3.44	49.11	4.10	7.18	29.47	60.00	2	29.10
1172.223	14.12	3.50	49.35	4.13	7.21	29.76	60.30	2	29.10
1172.283	14.41	3.43	49.40	4.11	7.21	29.65	60.00	2	29.10
1172.387	14.32	3.39	48.54	4.09	7.17	29.32	60.40	2	29.10
1172.532	14.67	3.21	47.03	4.03	7.05	28.42	60.40	2	28.10
1172.592	14.81	3.17	46.92	4.01	7.02	28.17	60.00	2	28.10
1172.696	14.73	3.13	46.17	4.02	7.03	28.23	61.10	2	27.10
1172.841	15.01	3.03	45.46	3.97	6.95	27.59	60.70	2	27.10
1172.901	15.09	3.00	45.30	3.99	6.92	27.61	60.90	2	27.10
1173.005	15.10	2.94	44.46	3.95	6.85	27.06	60.90	2	26.60
1173.150	14.43	3.30	47.67	4.09	7.03	28.75	60.30	2	32.10
1173.210	13.34	3.69	49.21	4.12	7.11	29.27	59.50	2	35.10
1173.314	12.19	4.02	48.98	4.10	7.13	29.24	59.70	2	32.60
1173.459	13.30	3.74	49.71	4.16	7.24	30.12	60.60	2	30.10
1173.519	13.60	3.61	49.04	4.14	7.21	29.85	60.90	2	29.10
1173.623	14.04	3.49	49.07	4.13	7.17	29.62	60.40	2	29.60
1173.768	13.79	3.61	49.86	4.17	7.24	30.14	60.40	2	32.10
1173.828	13.11	3.85	50.52	4.13	7.24	29.89	59.20	2	33.60
1173.932	12.86	3.91	50.32	4.14	7.27	30.07	59.80	2	30.60
1174.077	13.69	3.67	50.29	4.16	7.29	30.31	60.30	2	30.10
1174.137	13.79	3.60	49.63	4.15	7.27	30.17	60.80	2	30.10
1174.241	14.01	3.53	49.51	4.10	7.28	29.87	60.30	2	29.60
1174.386	14.15	3.45	48.79	4.11	7.23	29.74	60.90	2	29.10
1174.446	14.33	3.40	48.77	4.11	7.19	29.54	60.60	2	29.10
1174.550	14.51	3.31	47.99	4.10	7.14	29.30	61.00	2	28.10
1174.695	14.63	3.29	48.13	4.10	7.14	29.25	60.80	2	28.10
1174.755	14.43	3.26	47.06	4.09	7.10	29.03	61.70	2	27.60
1174.859	14.39	3.26	46.96	4.09	7.07	28.93	61.60	2	29.60
1175.004	12.93	3.85	49.74	4.17	7.14	29.79	59.90	2	34.10
1175.064	12.31	4.03	49.60	4.15	7.13	29.54	59.60	2	34.10
1175.168	12.17	4.08	49.71	4.14	7.15	29.63	59.60	2	32.10
1175.313	13.40	3.76	50.37	4.20	7.21	30.27	60.10	2	30.10
1175.373	13.45	3.74	50.26	4.21	7.21	30.34	60.40	2	31.60
1175.477	13.58	3.68	50.03	4.20	7.21	30.28	60.50	2	30.10
1175.622	14.08	3.55	50.00	4.16	7.18	29.89	59.80	2	29.10
1175.682	14.22	3.50	49.84	4.15	7.19	29.81	59.80	2	29.60
1175.786	14.34	3.39	48.64	4.10	7.14	29.28	60.20	2	29.10
1175.931	14.43	3.33	48.04	4.07	7.12	28.95	60.30	2	28.60
1175.991	14.54	3.27	47.55	4.06	7.13	28.91	60.80	2	27.60
1176.095	14.70	3.18	46.73	4.02	7.07	28.40	60.80	2	27.60
1176.240	14.84	3.11	46.23	4.02	7.00	28.16	60.90	2	27.60
1176.300	14.92	3.07	45.85	4.00	6.96	27.86	60.80	2	27.60
1176.404	15.05	3.01	45.27	3.97	6.91	27.42	60.60	2	26.60
1176.549	15.13	2.96	44.83	3.98	6.84	27.21	60.70	2	27.10
1176.609	15.14	2.94	44.52	3.97	6.82	27.04	60.70	2	27.60
1176.713	14.34	3.35	48.00	4.11	7.01	28.85	60.10	2	32.60
1176.858	12.13	4.06	49.17	4.09	7.05	28.84	58.70	2	34.60
1176.918	12.24	4.06	49.68	4.17	7.08	29.55	59.50	2	31.60
1177.022	13.27	3.80	50.42	4.22	7.14	30.12	59.80	2	30.10
1177.167	13.77	3.63	49.97	4.20	7.21	30.28	60.60	2	30.10
1177.227	13.94	3.59	50.04	4.21	7.19	30.25	60.50	2	29.60
1177.331	14.00	3.52	49.34	4.19	7.15	29.95	60.70	2	30.10
1177.476	13.97	3.53	49.29	4.20	7.18	30.14	61.20	2	29.60
1177.536	14.05	3.49	48.97	4.15	7.18	29.84	60.90	2	29.10
1177.640	14.32	3.41	48.80	4.12	7.16	29.52	60.50	2	29.60
1177.785	14.46	3.35	48.41	4.09	7.13	29.15	60.20	2	28.60
1177.845	14.39	3.29	47.35	4.04	7.14	28.89	61.00	2	28.10
1177.949	14.54	3.21	46.69	3.93	7.17	28.22	60.40	2	28.10
1178.094	12.98	3.80	49.35	3.97	7.31	29.02	58.80	2	33.10
1178.154	12.31	4.00	49.23	3.93	7.27	28.60	58.10	2	33.10
1178.258	12.65	3.96	50.09	3.98	7.41	29.44	58.80	2	31.10
1178.403	13.27	3.81	50.53	4.02	7.43	29.87	59.10	2	30.10
1178.463	13.54	3.72	50.39	4.01	7.42	29.75	59.00	2	30.60
1178.567	13.22	3.83	50.61	4.04	7.42	29.97	59.20	2	31.10
1178.712	13.64	3.72	50.75	4.00	7.44	29.79	58.70	2	29.10
1178.772	13.77	3.66	50.34	4.00	7.41	29.62	58.80	2	30.10
1178.876	13.79	3.62	49.99	4.01	7.42	29.73	59.50	2	29.10
1179.021	14.06	3.46	48.63	3.98	7.30	29.05	59.70	2	29.10
1179.081	14.22	3.40	48.35	4.03	7.18	28.92	59.80	2	28.60
1179.185	14.47	3.28	47.45	4.03	7.11	28.63	60.30	2	28.10
1179.330	14.54	3.22	46.85	3.99	7.12	28.44	60.70	2	27.60
1179.390	14.67	3.18	46.59	3.94	7.16	28.22	60.60	2	27.60
1179.494	14.89	3.12	46.41	3.88	7.15	27.76	59.80	2	27.10
1179.639	14.86	3.04	45.19	3.82	7.10	27.11	60.00	2	26.10
1179.699	14.96	2.99	44.79	3.80	7.07	26.89	60.00	2	26.60
1179.803	15.08	2.96	44.58	3.80	7.05	26.80	60.10	2	26.10
1179.948	15.29	2.90	44.29	3.75	7.00	26.23	59.20	2	26.10
1180.008	15.01	3.00	44.98	3.80	7.08	26.90	59.80	2	28.60
1180.112	13.61	3.57	48.59	3.96	7.29	28.90	59.50	2	33.60
1180.257	11.71	4.09	47.90	3.90	7.23	28.20	58.90	2	33.10
1180.317	12.18	4.05	49.34	3.94	7.29	28.76	58.30	2	30.60
1180.421	13.40	3.72	49.86	3.98	7.40	29.43	59.00	2	29.60
1180.566	13.82	3.59	49.56	4.01	7.39	29.63	59.80	2	28.60
1180.626	14.00	3.53	49.43	4.02	7.37	29.63	59.90	2	29.10
1180.730	14.22	3.44	48.87	4.11	7.19	29.55	60.50	2	29.60
1180.875	14.40	3.36	48.39	4.14	7.13	29.49	60.90	2	29.10
1180.935	14.51	3.34	48.51	4.13	7.11	29.37	60.50	2	28.60
1181.039	14.37	3.29	47.32	4.13	7.06	29.14	61.60	2	28.10
1181.184	14.64	3.17	46.43	4.12	6.99	28.83	62.10	2	27.60
1181.244	14.68	3.13	45.98	4.10	6.94	28.41	61.80	2	28.10
1181.348	14.41	3.28	47.32	4.17	6.99	29.14	61.60	2	31.10
1181.493	12.56	3.93	49.33	4.31	6.94	29.88	60.60	2	34.60
1181.553	12.23	4.03	49.27	4.34	6.91	29.98	60.80	2	34.10
1181.657	12.64	3.95	49.92	4.40	6.96	30.63	61.30	2	31.60
1181.802	13.60	3.67	49.91	4.37	7.02	30.69	61.50	2	31.10
1181.862	13.77	3.62	49.90	4.38	7.01	30.67	61.50	2	30.60
1181.966	13.89	3.59	49.91	4.39	7.00	30.74	61.60	2	30.60
1182.111	14.01	3.53	49.46	4.35	6.93	30.16	61.00	2	30.10
1182.171	14.20	3.47	49.26	4.31	6.92	29.78	60.50	2	29.60
1182.275	13.66	3.66	50.06	4.35	7.00	30.44	60.80	2	34.10
1182.420	12.42	4.01	49.77	4.33	6.98	30.23	60.70	2	32.10
1182.480	13.00	3.87	50.35	4.35	7.03	30.57	60.70	2	30.60
1182.584	13.43	3.69	49.50	4.33	7.05	30.51	61.60	2	30.60
1182.729	13.84	3.55	49.19	4.35	6.99	30.43	61.90	2	30.10
1182.789	14.11	3.47	49.01	4.33	6.97	30.18	61.60	2	29.60
1182.893	14.13	3.44	48.65	4.31	7.02	30.30	62.30	2	29.10
1183.038	12.96	3.83	49.59	4.19	7.23	30.31	61.10	2	33.60
1183.098	12.55	3.96	49.71	4.16	7.18	29.86	60.10	2	33.60
1183.202	12.94	3.88	50.26	4.15	7.24	30.04	59.80	2	30.10
1183.347	13.64	3.65	49.84	4.11	7.30	30.02	60.20	2	29.60
1183.407	13.88	3.59	49.83	4.13	7.28	30.05	60.30	2	29.10
1183.511	13.93	3.50	48.76	4.10	7.24	29.69	60.90	2	29.10
1183.656	14.22	3.41	48.48	4.08	7.20	29.40	60.60	2	29.10
1183.716	14.29	3.37	48.22	4.05	7.21	29.17	60.50	2	28.60
1183.820	14.45	3.27	47.26	4.01	7.13	28.61	60.50	2	28.60
1183.965	14.86	3.10	46.12	3.97	7.02	27.90	60.50	2	27.10
1184.025	14.90	3.06	45.53	3.96	6.98	27.65	60.70	2	27.10
1184.129	14.95	3.09	46.25	3.98	7.04	28.03	60.60	2	27.60
1184.274	14.89	3.04	45.24	3.99	6.99	27.87	61.60	2	27.10
1184.334	14.99	3.01	45.08	3.96	6.95	27.55	61.10	2	27.10
1184.438	15.07	2.96	44.55	3.93	6.90	27.16	61.00	2	26.60
1184.583	15.32	2.87	43.94	3.91	6.81	26.61	60.60	2	26.60
1184.643	15.31	2.85	43.68	3.90	6.80	26.51	60.70	2	26.60
1184.747	15.18	2.92	44.31	3.94	6.84	26.95	60.80	2	29.10
1184.892	12.82	3.80	48.72	4.10	7.07	28.97	59.50	2	34.60
1184.952	12.19	4.00	48.79	4.06	7.04	28.54	58.50	2	34.60
1185.056	11.76	4.14	48.65	4.07	7.05	28.69	59.00	2	33.10
1185.201	13.38	3.73	49.87	4.18	7.18	30.04	60.20	2	30.10
1185.261	13.57	3.66	49.66	4.20	7.19	30.17	60.80	2	30.60
1185.365	13.91	3.55	49.39	4.19	7.17	30.06	60.90	2	29.60
1185.510	14.12	3.40	47.96	4.17	7.07	29.49	61.50	2	28.60
1185.570	14.22	3.35	47.59	4.17	7.05	29.37	61.70	2	29.10
1185.674	14.53	3.23	46.88	4.14	6.99	28.94	61.70	2	28.10
1185.819	14.70	3.16	46.50	4.14	6.94	28.73	61.80	2	28.60
1185.879	14.77	3.15	46.52	4.13	6.92	28.55	61.40	2	28.10
1185.983	14.76	3.13	46.28	4.13	6.94	28.64	61.90	2	28.10
1186.128	15.02	3.04	45.62	4.08	6.82	27.83	61.00	2	26.60
1186.188	15.16	2.95	44.76	4.06	6.76	27.45	61.30	2	26.60
1186.292	15.19	2.88	43.78	4.04	6.69	27.02	61.70	2	27.10
1186.437	15.02	3.00	45.14	4.06	6.81	27.67	61.30	2	30.10
1186.497	14.33	3.29	47.19	4.16	6.93	28.84	61.10	2	32.60
1186.601	12.50	3.89	48.68	4.18	6.93	28.97	59.50	2	34.60
1186.746	12.10	4.04	48.86	4.21	7.07	29.77	60.90	2	31.60
1186.806	12.80	3.86	49.40	4.22	7.12	30.04	60.80	2	30.10
1186.910	13.60	3.64	49.54	4.24	7.11	30.12	60.80	2	30.10
1187.055	13.95	3.55	49.53	4.22	7.16	30.19	60.90	2	30.10
1187.115	14.00	3.51	49.22	4.22	7.13	30.11	61.20	2	30.10
1187.219	14.17	3.44	48.70	4.21	7.07	29.76	61.10	2	29.10
1187.364	14.33	3.37	48.21	4.23	7.00	29.61	61.40	2	28.60
1187.424	14.19	3.39	48.14	4.24	7.02	29.74	61.80	2	30.60
1187.528	13.01	3.81	49.57	4.28	7.02	30.03	60.60	2	33.60
1187.673	12.94	3.89	50.34	4.37	7.09	31.01	61.60	2	30.60
1187.733	13.33	3.74	49.88	4.31	7.06	30.47	61.10	2	30.60
1187.837	13.72	3.62	49.67	4.30	7.06	30.32	61.10	2	30.10
1187.982	13.38	3.74	50.07	4.28	7.07	30.30	60.50	2	33.10
1188.042	12.88	3.88	50.00	4.28	7.09	30.34	60.70	2	32.60
1188.146	13.13	3.83	50.31	4.29	7.13	30.60	60.80	2	31.10
1188.291	13.75	3.66	50.32	4.25	7.14	30.30	60.20	2	30.10
1188.351	13.88	3.60	49.99	4.25	7.12	30.26	60.50	2	30.60
1188.455	13.76	3.62	49.81	4.26	7.15	30.45	61.10	2	29.60
1188.600	14.06	3.48	48.91	4.23	7.09	29.99	61.30	2	29.60
1188.660	14.11	3.44	48.50	4.24	7.08	30.02	61.90	2	29.60
1188.764	14.25	3.39	48.26	4.21	7.04	29.60	61.30	2	29.10
1188.909	14.52	3.30	47.93	4.21	6.98	29.36	61.30	2	28.60
1188.969	14.54	3.27	47.48	4.22	6.95	29.34	61.80	2	29.10
1189.073	14.57	3.24	47.28	4.22	6.93	29.25	61.90	2	30.10
1189.218	12.79	3.86	49.39	4.26	7.06	30.09	60.90	2	34.10
1189.278	12.44	4.00	49.72	4.25	7.01	29.78	59.90	2	34.60
1189.382	12.18	4.08	49.71	4.23	7.03	29.76	59.90	2	33.10
1189.527	13.17	3.79	49.98	4.28	7.12	30.42	60.90	2	31.10
1189.587	13.30	3.74	49.77	4.31	7.10	30.63	61.50	2	31.10
1189.691	13.80	3.59	49.56	4.30	7.09	30.49	61.50	2	30.10
1189.836	14.15	3.47	49.08	4.25	7.07	30.07	61.30	2	29.60
1189.896	14.22	3.44	48.91	4.25	7.06	29.98	61.30	2	29.60
1190.000	14.14	3.48	49.26	4.24	7.13	30.23	61.40	2	31.60
1190.145	12.66	3.95	50.04	4.22	7.12	30.07	60.10	2	33.60
1190.205	12.41	4.04	50.09	4.21	7.12	29.98	59.80	2	34.10
1190.309	12.35	4.04	49.88	4.26	7.11	30.33	60.80	2	32.10
1190.454	13.38	3.76	50.36	4.32	7.09	30.62	60.80	2	31.10
1190.514	13.51	3.72	50.32	4.32	7.11	30.70	61.00	2	31.10
1190.618	13.74	3.65	50.22	4.28	7.09	30.38	60.50	2	31.60
1190.763	14.03	3.58	50.27	4.30	7.07	30.36	60.40	2	30.60
1190.823	13.96	3.60	50.22	4.30	7.08	30.46	60.70	2	30.60
1190.927	14.02	3.56	49.92	4.30	7.07	30.44	61.00	2	30.10
1191.072	14.21	3.47	49.36	4.28	7.04	30.14	61.10	2	29.60
1191.132	14.20	3.45	49.01	4.27	7.03	30.02	61.20	2	30.10
1191.236	14.17	3.39	48.04	4.23	7.04	29.77	62.00	2	28.10
1191.381	14.56	3.28	47.76	4.19	6.99	29.27	61.30	2	27.60
1191.441	14.62	3.22	47.13	4.14	6.96	28.77	61.10	2	28.10
1191.545	14.74	3.18	46.86	4.15	6.95	28.88	61.60	2	28.10
1191.690	13.97	3.52	49.23	4.24	7.04	29.83	60.60	2	33.60
1191.750	12.91	3.83	49.46	4.21	7.01	29.52	59.70	2	34.60
1191.854	12.12	4.05	49.07	4.14	7.05	29.20	59.50	2	33.10
1191.999	13.25	3.69	48.89	4.20	7.18	30.18	61.70	2	29.60
1192.059	13.78	3.56	48.99	4.18	7.12	29.73	60.70	2	29.10
1192.163	14.13	3.46	48.86	4.17	7.12	29.69	60.80	2	29.60
1192.308	14.45	3.35	48.40	4.12	7.09	29.20	60.30	2	29.10
1192.368	14.53	3.29	47.76	4.11	7.07	29.08	60.90	2	28.60
1192.472	14.64	3.23	47.26	4.10	7.03	28.82	61.00	2	28.60
1192.617	14.72	3.18	46.81	4.10	7.01	28.72	61.40	2	28.10
1192.677	14.75	3.16	46.54	4.08	6.97	28.42	61.10	2	28.10
1192.781	14.80	3.13	46.29	4.08	6.96	28.39	61.30	2	28.10
1192.926	13.99	3.48	48.75	4.18	7.13	29.76	61.00	2	33.10
1192.986	13.02	3.81	49.56	4.17	7.12	29.68	59.90	2	34.10
1193.090	12.26	4.03	49.44	4.18	7.12	29.74	60.20	2	32.10
1193.235	13.31	3.78	50.29	4.21	7.18	30.21	60.10	2	30.10
1193.295	13.62	3.70	50.39	4.21	7.16	30.12	59.80	2	30.10
1193.399	13.94	3.56	49.66	4.19	7.19	30.16	60.70	2	29.60
1193.544	14.16	3.47	49.10	4.16	7.16	29.77	60.60	2	29.60
1193.604	14.22	3.40	48.41	4.11	7.13	29.28	60.50	2	28.60
1193.708	14.36	3.32	47.75	4.10	7.09	29.09	60.90	2	28.60
1193.853	14.62	3.20	46.82	4.10	7.01	28.71	61.30	2	27.60
1193.913	14.70	3.16	46.42	4.07	6.99	28.45	61.30	2	28.10
1194.017	14.91	3.11	46.39	4.07	6.94	28.27	60.90	2	28.10
1194.162	14.95	2.99	44.75	4.02	6.86	27.58	61.60	2	27.60
1194.222	15.01	2.98	44.75	4.02	6.84	27.48	61.40	2	27.60
1194.326	15.04	2.95	44.31	4.02	6.80	27.35	61.70	2	26.60
1194.471	15.17	2.86	43.39	3.99	6.71	26.78	61.70	2	26.60
1194.531	15.31	2.83	43.35	3.98	6.72	26.77	61.70	2	26.60
1194.635	14.84	3.07	45.53	4.04	6.87	27.80	61.10	2	30.60
1194.780	12.33	3.96	48.80	4.08	7.02	28.64	58.70	2	35.10
1194.840	11.86	4.08	48.41	4.08	7.04	28.73	59.30	2	34.10
1194.944	12.43	3.99	49.66	4.17	7.14	29.81	60.00	2	30.10
1195.089	13.55	3.66	49.60	4.21	7.23	30.41	61.30	2	30.10
1195.149	13.90	3.58	49.75	4.18	7.19	30.07	60.50	2	29.60
1195.253	14.02	3.48	48.84	4.18	7.17	29.95	61.30	2	29.10
1195.398	14.25	3.42	48.72	4.18	7.15	29.90	61.40	2	28.60
1195.458	14.40	3.35	48.31	4.16	7.10	29.56	61.20	2	28.60
1195.562	14.59	3.25	47.49	4.12	7.07	29.13	61.30	2	28.60
1195.707	14.75	3.14	46.33	4.06	7.00	28.44	61.40	2	27.60
1195.767	14.77	3.13	46.25	4.06	6.98	28.37	61.30	2	28.10
1195.871	14.85	3.13	46.48	4.05	6.99	28.30	60.90	2	28.10
1196.016	14.94	3.09	46.20	4.04	6.96	28.12	60.90	2	28.60
1196.076	14.49	3.30	47.80	4.12	7.08	29.20	61.10	2	31.60
1196.180	12.64	3.89	49.20	4.13	7.12	29.42	59.80	2	34.10
1196.325	11.79	4.14	48.87	4.12	7.05	29.06	59.50	2	34.10
1196.385	11.91	4.13	49.18	4.14	7.13	29.52	60.00	2	32.10
1196.489	13.34	3.74	49.94	4.20	7.17	30.12	60.30	2	29.60
1196.634	13.92	3.56	49.50	4.18	7.18	29.99	60.60	2	29.60
1196.694	13.95	3.54	49.41	4.19	7.19	30.08	60.90	2	29.60
1196.798	14.24	3.45	49.14	4.16	7.13	29.69	60.40	2	29.60
1196.943	14.27	3.39	48.38	4.19	7.11	29.80	61.60	2	29.10
1197.003	14.44	3.32	48.00	4.17	7.05	29.44	61.30	2	29.10
1197.107	14.66	3.26	47.83	4.15	7.01	29.06	60.70	2	28.60
