132.252	38.83	0.00	0.00	0.03	0.00	0.00	0.00	2	10.00
132.312	37.78	0.53	19.93	1.74	3.20	5.56	27.90	2	13.00
132.415	32.83	1.36	44.52	3.31	6.56	21.72	48.80	2	18.00
132.560	20.13	2.13	42.91	3.44	6.93	23.83	55.50	2	25.50
132.620	17.73	2.64	46.78	3.60	7.32	26.37	56.40	2	28.50
132.724	14.67	3.58	52.54	3.86	7.82	30.14	57.40	2	33.50
132.868	10.02	4.44	44.51	3.48	7.11	24.75	55.60	2	41.00
132.928	8.23	4.56	37.54	3.20	6.48	20.76	55.30	2	44.00
133.031	5.91	4.66	27.57	2.72	5.40	14.72	53.40	2	49.00
133.175	3.76	4.71	17.71	2.21	4.11	9.07	51.20	2	56.00
133.235	3.05	4.73	14.41	1.99	3.60	7.16	49.70	2	59.00
133.338	2.34	4.74	11.09	1.69	2.83	4.78	43.00	2	64.50
133.482	1.49	4.74	7.05	1.33	2.04	2.72	38.60	2	71.50
133.542	1.30	4.75	6.16	1.18	1.73	2.04	33.20	2	74.50
133.645	1.04	4.75	4.95	0.94	1.28	1.21	24.40	2	79.50
133.789	0.62	4.75	2.94	0.65	0.74	0.48	16.20	2	87.00
133.849	0.63	4.75	2.97	0.53	0.56	0.30	10.00	2	90.00
133.952	0.48	4.75	2.29	0.37	0.25	0.09	4.00	2	95.00
134.096	7.96	4.60	36.56	2.80	5.71	16.02	43.80	2	34.90
134.156	9.11	4.60	41.86	3.22	6.65	21.44	51.20	2	34.90
134.259	10.42	4.55	47.41	3.62	7.47	27.06	57.10	2	34.00
134.404	10.60	4.55	48.28	3.73	7.73	28.85	59.70	2	34.00
134.464	11.00	4.52	49.70	3.78	7.90	29.88	60.10	2	33.20
134.568	7.61	4.59	34.93	2.96	5.91	17.51	50.10	2	58.60
134.712	8.51	4.59	39.03	3.16	6.46	20.43	52.30	2	34.00
134.772	8.27	4.61	38.17	3.16	6.50	20.55	53.80	2	43.20
134.875	7.83	4.63	36.25	3.09	6.36	19.67	54.30	2	34.10
135.019	10.44	4.54	47.43	3.60	7.68	27.68	58.40	2	33.40
135.079	10.86	4.52	49.07	3.70	7.84	29.02	59.20	2	26.00
135.183	13.66	3.57	48.83	3.67	7.81	28.64	58.60	2	26.00
135.328	6.28	4.40	27.66	1.97	3.95	7.76	28.10	2	34.10
135.388	8.48	4.47	37.90	2.78	5.83	16.19	42.70	2	34.10
135.491	23.64	2.63	62.24	3.13	6.52	20.43	32.80	2	10.00
135.636	13.04	3.79	49.40	2.74	5.55	15.22	30.80	2	45.90
135.696	7.98	4.23	33.77	2.20	4.37	9.59	28.40	2	59.90
135.799	16.63	3.26	54.22	2.46	4.96	12.19	22.50	2	10.00
135.944	32.42	1.49	48.30	3.03	6.44	19.51	40.40	2	10.00
136.004	28.70	1.96	56.33	2.97	6.41	19.07	33.90	2	43.10
136.108	18.90	3.14	59.37	2.81	6.08	17.06	28.70	2	10.00
136.252	32.96	1.49	49.21	3.08	6.87	21.16	43.00	2	11.50
136.312	34.59	1.40	48.51	3.32	7.37	24.50	50.50	2	12.00
136.416	35.78	1.35	48.19	3.48	7.77	27.02	56.10	2	11.50
136.561	36.25	1.30	47.20	3.55	7.86	27.91	59.10	2	12.00
136.621	35.76	1.46	52.10	3.74	8.31	31.05	59.60	2	15.00
136.725	31.09	1.72	53.60	3.78	8.40	31.73	59.20	2	16.00
136.870	33.00	1.69	55.82	3.87	8.62	33.34	59.70	2	13.00
136.930	34.32	1.61	55.14	3.86	8.57	33.04	59.90	2	13.00
137.034	35.31	1.55	54.61	3.85	8.53	32.84	60.10	2	12.50
137.179	32.81	1.72	56.51	3.94	8.59	33.89	60.00	2	15.50
137.239	31.53	1.80	56.63	3.96	8.60	34.04	60.10	2	16.00
137.343	30.55	1.84	56.13	3.96	8.67	34.33	61.20	2	14.00
137.488	34.70	1.64	56.97	3.98	8.68	34.57	60.70	2	13.00
137.548	35.19	1.62	56.95	3.98	8.68	34.53	60.60	2	13.00
137.652	35.52	1.60	56.66	3.98	8.65	34.42	60.70	2	13.50
137.797	32.75	1.78	58.20	4.01	8.73	35.05	60.20	2	16.00
137.857	31.91	1.81	57.87	4.01	8.73	34.98	60.50	2	14.50
137.961	34.33	1.71	58.55	4.07	8.78	35.74	61.00	2	13.00
138.106	35.32	1.62	57.15	3.98	8.70	34.65	60.60	2	13.50
138.166	35.01	1.67	58.53	4.05	8.80	35.61	60.80	2	15.50
138.270	32.17	1.81	58.15	4.06	8.81	35.74	61.50	2	15.00
138.415	34.19	1.71	58.36	4.06	8.84	35.89	61.50	2	13.00
138.475	34.91	1.66	57.92	4.04	8.80	35.55	61.40	2	13.00
138.579	35.42	1.63	57.65	4.05	8.78	35.55	61.70	2	13.00
138.724	33.32	1.75	58.19	4.06	8.82	35.81	61.50	2	15.00
138.784	32.38	1.80	58.29	4.06	8.82	35.83	61.50	2	15.00
138.888	31.52	1.85	58.30	4.05	8.84	35.80	61.40	2	14.00
139.033	34.61	1.69	58.44	4.06	8.83	35.81	61.30	2	13.00
139.093	35.04	1.65	57.92	4.04	8.78	35.44	61.20	2	13.50
139.197	35.52	1.62	57.47	4.02	8.76	35.23	61.30	2	13.50
139.342	32.54	1.80	58.56	4.08	8.86	36.14	61.70	2	15.50
139.402	31.77	1.83	58.25	4.05	8.82	35.68	61.30	2	15.50
139.506	33.75	1.72	58.15	4.06	8.80	35.72	61.40	2	13.50
139.651	35.27	1.64	57.77	4.05	8.78	35.53	61.50	2	14.00
139.711	35.42	1.64	58.05	4.06	8.80	35.73	61.50	2	12.50
139.815	34.24	1.70	58.22	4.07	8.84	35.95	61.70	2	15.00
139.960	31.66	1.83	57.98	4.04	8.79	35.50	61.20	2	15.00
140.020	33.24	1.77	58.81	4.05	8.84	35.79	60.90	2	13.50
140.124	34.69	1.67	58.01	4.04	8.83	35.63	61.40	2	13.00
140.269	33.86	1.73	58.71	4.06	8.85	35.91	61.20	2	15.00
140.329	32.74	1.80	58.80	4.04	8.85	35.79	60.90	2	15.00
140.433	33.35	1.78	59.48	4.05	8.96	36.30	61.00	2	14.00
140.578	35.27	1.66	58.42	4.03	8.80	35.46	60.70	2	13.50
140.638	35.44	1.63	57.76	4.02	8.75	35.21	61.00	2	13.50
140.742	35.04	1.65	57.89	4.06	8.81	35.73	61.70	2	15.50
140.887	34.78	1.67	58.14	4.02	8.81	35.43	60.90	2	13.50
140.947	35.07	1.65	57.77	4.03	8.79	35.43	61.30	2	13.00
141.051	35.53	1.62	57.41	4.01	8.75	35.14	61.20	2	13.50
141.196	32.36	1.80	58.37	4.04	8.78	35.49	60.80	2	15.00
141.256	32.37	1.83	59.29	4.07	8.83	35.96	60.60	2	13.50
141.360	34.50	1.70	58.77	4.06	8.82	35.78	60.90	2	13.00
141.505	35.38	1.63	57.55	4.04	8.72	35.27	61.30	2	13.50
141.565	35.58	1.58	56.40	3.98	8.62	34.33	60.90	2	13.50
141.669	32.97	1.77	58.38	4.05	8.79	35.62	61.00	2	15.50
141.814	32.79	1.80	59.05	4.07	8.88	36.13	61.20	2	13.50
141.874	34.18	1.71	58.45	4.05	8.81	35.67	61.00	2	13.50
141.978	35.04	1.64	57.31	4.03	8.76	35.31	61.60	2	12.50
142.123	32.36	1.79	57.80	4.04	8.77	35.45	61.30	2	15.50
142.183	31.95	1.82	58.02	4.05	8.82	35.72	61.60	2	14.00
142.287	34.37	1.70	58.53	4.05	8.83	35.79	61.20	2	13.00
142.432	35.29	1.63	57.66	4.05	8.80	35.64	61.80	2	14.00
142.492	33.90	1.74	58.97	4.07	8.86	36.09	61.20	2	15.50
142.596	32.13	1.82	58.58	4.07	8.83	35.98	61.40	2	15.00
142.741	34.46	1.72	59.25	4.10	8.89	36.44	61.50	2	14.00
142.801	34.96	1.69	59.25	4.10	8.89	36.40	61.40	2	14.00
142.905	34.37	1.74	59.93	4.13	8.95	36.99	61.70	2	14.00
143.050	33.81	1.79	60.51	4.17	9.04	37.70	62.30	2	13.50
143.110	34.38	1.75	60.21	4.17	8.98	37.48	62.20	2	14.00
143.214	34.93	1.71	59.74	4.15	8.96	37.19	62.30	2	14.00
143.359	32.86	1.82	59.90	4.13	8.96	37.02	61.80	2	14.00
143.419	33.96	1.78	60.36	4.17	8.95	37.31	61.80	2	13.50
143.523	34.61	1.75	60.59	4.18	8.97	37.50	61.90	2	13.50
143.668	33.17	1.82	60.33	4.14	8.93	36.95	61.20	2	15.50
143.728	33.12	1.83	60.67	4.14	8.92	36.94	60.90	2	13.50
143.832	34.49	1.75	60.45	4.14	8.94	36.97	61.20	2	14.00
143.977	34.89	1.72	60.06	4.16	8.95	37.28	62.10	2	14.00
144.037	35.08	1.72	60.40	4.15	8.96	37.21	61.60	2	13.50
144.141	35.20	1.70	59.83	4.12	8.89	36.62	61.20	2	15.00
144.286	32.80	1.83	59.89	4.15	8.90	36.98	61.70	2	14.00
144.346	33.86	1.77	60.09	4.16	8.92	37.12	61.80	2	14.00
144.450	34.67	1.72	59.61	4.15	8.92	37.04	62.10	2	13.50
144.595	33.58	1.79	60.10	4.18	8.92	37.26	62.00	2	15.50
144.655	33.73	1.77	59.81	4.17	8.90	37.08	62.00	2	13.50
144.759	34.82	1.73	60.10	4.14	8.88	36.73	61.10	2	13.50
144.904	32.91	1.82	60.01	4.15	8.89	36.90	61.50	2	15.00
144.964	32.35	1.84	59.64	4.13	8.87	36.64	61.40	2	15.00
145.068	33.81	1.79	60.65	4.16	8.93	37.16	61.30	2	13.50
145.213	34.26	1.78	61.02	4.19	8.98	37.63	61.70	2	14.50
145.273	33.73	1.81	60.94	4.19	8.98	37.67	61.80	2	14.00
145.377	33.88	1.80	61.01	4.20	9.03	37.93	62.20	2	14.00
145.522	34.97	1.72	60.11	4.19	8.97	37.60	62.60	2	13.50
145.582	35.14	1.69	59.45	4.15	8.89	36.94	62.10	2	14.50
145.686	33.65	1.79	60.39	4.15	8.95	37.12	61.50	2	14.50
145.831	33.94	1.78	60.47	4.16	9.00	37.42	61.90	2	14.00
145.891	34.58	1.76	60.87	4.15	9.01	37.37	61.40	2	13.50
145.995	34.45	1.77	60.95	4.17	9.02	37.62	61.70	2	15.00
146.140	33.77	1.82	61.54	4.19	9.08	38.08	61.90	2	14.00
146.200	33.92	1.82	61.61	4.19	9.08	37.99	61.70	2	14.00
146.304	34.64	1.78	61.62	4.16	9.04	37.55	60.90	2	14.00
146.449	34.98	1.73	60.57	4.16	9.03	37.55	62.00	2	14.00
146.509	34.26	1.78	60.95	4.20	9.07	38.13	62.60	2	14.50
146.613	33.98	1.79	60.86	4.18	9.06	37.89	62.20	2	14.00
146.758	34.74	1.75	60.88	4.18	9.05	37.83	62.10	2	13.50
146.818	34.56	1.77	61.04	4.18	9.07	37.93	62.10	2	15.00
146.922	33.60	1.81	60.87	4.16	9.01	37.49	61.60	2	13.50
147.067	34.77	1.76	61.29	4.16	8.99	37.39	61.00	2	15.00
147.127	34.03	1.80	61.34	4.18	8.98	37.52	61.20	2	14.00
147.231	34.42	1.79	61.46	4.19	9.01	37.76	61.40	2	13.50
147.376	34.47	1.78	61.34	4.16	9.03	37.58	61.30	2	15.00
147.436	33.93	1.79	60.72	4.15	8.97	37.27	61.40	2	14.00
147.540	34.80	1.74	60.39	4.12	8.94	36.85	61.00	2	13.50
147.685	33.37	1.80	60.08	4.14	8.90	36.86	61.30	2	14.50
147.745	34.16	1.77	60.48	4.17	8.94	37.27	61.60	2	14.00
147.849	34.96	1.72	60.14	4.15	8.92	37.03	61.60	2	14.00
147.994	34.01	1.78	60.44	4.14	8.99	37.22	61.60	2	13.50
148.054	34.55	1.75	60.45	4.14	9.01	37.32	61.70	2	13.50
148.158	34.98	1.73	60.45	4.14	8.99	37.20	61.50	2	14.50
148.303	33.03	1.82	60.24	4.15	8.99	37.34	62.00	2	14.00
148.363	34.03	1.77	60.31	4.14	8.98	37.21	61.70	2	14.00
148.467	34.75	1.73	60.15	4.14	8.98	37.15	61.80	2	14.00
148.612	34.65	1.75	60.76	4.12	9.01	37.09	61.00	2	14.50
148.672	33.87	1.79	60.73	4.16	9.05	37.63	62.00	2	14.00
148.775	34.80	1.75	60.78	4.15	9.04	37.52	61.70	2	13.50
148.920	34.18	1.76	60.27	4.12	9.00	37.07	61.50	2	14.00
148.980	34.65	1.73	60.11	4.10	9.01	36.97	61.50	2	14.00
149.084	34.08	1.78	60.76	4.13	9.07	37.50	61.70	2	15.00
149.229	34.65	1.75	60.61	4.12	9.06	37.37	61.70	2	14.00
149.289	34.74	1.76	61.00	4.15	9.07	37.62	61.70	2	15.00
149.393	34.08	1.79	61.08	4.13	9.03	37.28	61.00	2	13.50
149.538	34.92	1.74	60.59	4.12	9.00	37.09	61.20	2	13.50
149.598	34.30	1.78	61.01	4.13	9.00	37.18	60.90	2	15.00
149.702	33.86	1.80	60.82	4.14	9.04	37.45	61.60	2	14.00
149.847	35.05	1.72	60.41	4.12	8.97	36.93	61.10	2	13.50
149.907	34.59	1.76	60.83	4.13	9.00	37.18	61.10	2	15.00
150.011	33.68	1.81	60.94	4.15	9.05	37.58	61.70	2	14.00
150.156	34.07	1.78	60.71	4.15	9.05	37.52	61.80	2	14.00
150.216	34.50	1.76	60.56	4.13	9.04	37.39	61.70	2	14.00
150.320	34.92	1.73	60.51	4.14	9.05	37.45	61.90	2	13.50
150.465	33.77	1.79	60.36	4.15	9.04	37.50	62.10	2	13.50
150.525	34.40	1.75	60.03	4.13	9.00	37.22	62.00	2	14.50
150.629	33.82	1.79	60.54	4.16	9.02	37.52	62.00	2	13.50
150.774	34.98	1.69	59.19	4.12	8.92	36.74	62.10	2	13.50
150.834	34.58	1.74	60.00	4.16	8.97	37.29	62.10	2	15.00
150.938	33.92	1.77	60.04	4.16	8.98	37.31	62.10	2	13.50
151.083	34.84	1.73	60.32	4.16	9.02	37.53	62.20	2	14.50
151.143	33.97	1.78	60.61	4.19	9.05	37.87	62.50	2	14.50
151.247	34.12	1.77	60.34	4.17	9.05	37.70	62.50	2	14.00
151.392	35.01	1.72	60.16	4.16	8.97	37.34	62.10	2	14.00
151.452	34.43	1.76	60.48	4.16	9.00	37.45	61.90	2	15.50
151.556	34.47	1.75	60.36	4.16	8.95	37.23	61.70	2	13.50
151.701	34.15	1.78	60.92	4.17	9.04	37.73	61.90	2	14.50
151.761	34.04	1.81	61.48	4.18	9.09	37.95	61.70	2	15.00
151.865	34.20	1.80	61.41	4.22	9.07	38.23	62.20	2	13.50
152.010	34.22	1.78	61.01	4.19	9.02	37.84	62.00	2	14.00
152.070	34.84	1.75	60.94	4.19	9.00	37.74	61.90	2	14.00
152.174	34.99	1.73	60.40	4.20	8.96	37.64	62.30	2	14.50
152.319	34.15	1.78	60.88	4.22	9.08	38.31	62.90	2	14.00
152.379	34.60	1.77	61.07	4.19	9.07	37.97	62.20	2	15.00
152.483	33.99	1.79	61.00	4.18	9.02	37.72	61.80	2	14.00
152.628	34.08	1.80	61.36	4.23	9.04	38.20	62.30	2	14.50
152.688	33.48	1.83	61.23	4.23	9.04	38.21	62.40	2	14.50
152.792	33.95	1.81	61.39	4.21	9.06	38.12	62.10	2	15.00
152.937	34.57	1.76	60.93	4.16	9.04	37.59	61.70	2	14.00
152.997	34.82	1.75	61.00	4.17	9.03	37.70	61.80	2	14.00
153.101	35.04	1.73	60.65	4.17	9.03	37.63	62.00	2	14.00
153.246	33.71	1.81	60.86	4.19	9.04	37.84	62.20	2	15.00
153.306	33.92	1.78	60.53	4.19	9.03	37.84	62.50	2	13.50
153.410	34.77	1.73	60.21	4.17	9.02	37.60	62.50	2	14.00
153.555	34.59	1.76	60.85	4.19	9.04	37.82	62.20	2	15.00
153.615	34.07	1.79	61.03	4.20	9.03	37.92	62.10	2	14.00
153.719	35.04	1.73	60.51	4.15	8.97	37.20	61.50	2	14.50
153.864	34.49	1.76	60.58	4.19	8.99	37.64	62.10	2	14.00
153.924	34.82	1.74	60.54	4.21	8.99	37.79	62.40	2	13.50
154.028	35.13	1.73	60.71	4.21	8.96	37.68	62.10	2	15.00
154.173	32.94	1.83	60.39	4.18	8.96	37.43	62.00	2	15.00
154.233	33.65	1.80	60.44	4.15	8.98	37.24	61.60	2	13.50
154.337	34.79	1.74	60.47	4.16	8.99	37.38	61.80	2	13.50
154.482	35.10	1.69	59.40	4.15	8.92	37.01	62.30	2	14.50
154.542	33.50	1.77	59.44	4.15	8.93	37.08	62.40	2	15.00
154.646	34.08	1.75	59.61	4.18	8.92	37.24	62.50	2	14.00
154.791	34.71	1.74	60.54	4.20	8.95	37.63	62.20	2	15.50
154.851	33.79	1.78	60.24	4.23	8.93	37.81	62.80	2	14.00
154.955	34.81	1.72	59.99	4.22	8.91	37.62	62.70	2	14.00
155.100	34.41	1.77	60.88	4.23	8.97	37.91	62.30	2	13.50
155.160	34.77	1.74	60.37	4.21	8.93	37.57	62.20	2	13.50
155.264	34.80	1.74	60.58	4.24	8.91	37.79	62.40	2	15.50
155.409	33.95	1.77	59.92	4.25	8.87	37.67	62.90	2	14.00
155.469	34.64	1.73	60.01	4.23	8.83	37.38	62.30	2	14.00
155.573	33.74	1.78	60.11	4.27	8.86	37.79	62.90	2	15.50
155.718	34.35	1.76	60.56	4.36	8.79	38.38	63.40	2	14.00
155.778	34.73	1.75	60.87	4.38	8.81	38.60	63.40	2	15.00
155.882	34.21	1.78	60.95	4.39	8.81	38.64	63.40	2	15.00
156.027	34.68	1.77	61.26	4.47	8.72	38.96	63.60	2	14.00
156.087	34.87	1.76	61.32	4.48	8.65	38.73	63.20	2	15.50
156.191	34.49	1.77	61.11	4.70	8.40	39.46	64.60	2	15.50
156.336	34.64	1.76	61.13	4.82	8.32	40.09	65.60	2	15.50
156.396	34.84	1.77	61.51	4.77	8.41	40.09	65.20	2	15.00
156.500	33.63	1.82	61.36	4.64	8.54	39.61	64.60	2	15.50
156.645	34.59	1.75	60.41	4.62	8.50	39.25	65.00	2	15.00
156.705	34.90	1.72	59.95	4.58	8.47	38.76	64.70	2	14.50
156.809	32.95	1.81	59.53	4.51	8.45	38.08	64.00	2	15.50
156.954	34.11	1.76	60.00	4.54	8.42	38.21	63.70	2	14.00
157.014	34.70	1.73	60.05	4.53	8.42	38.10	63.50	2	14.50
157.118	35.18	1.69	59.62	4.56	8.43	38.47	64.50	2	15.00
157.263	33.01	1.83	60.41	4.52	8.48	38.32	63.40	2	16.00
157.323	33.51	1.80	60.27	4.54	8.46	38.41	63.70	2	14.50
157.427	34.68	1.73	59.97	4.52	8.45	38.16	63.60	2	14.50
157.572	34.02	1.78	60.42	4.56	8.47	38.62	63.90	2	15.50
157.632	33.42	1.81	60.58	4.60	8.46	38.97	64.30	2	15.00
157.736	34.42	1.78	61.14	4.62	8.50	39.25	64.20	2	15.00
157.881	33.13	1.84	61.00	4.58	8.49	38.93	63.80	2	16.00
157.941	33.67	1.82	61.15	4.57	8.54	39.05	63.90	2	14.50
158.045	33.47	1.82	61.00	4.59	8.54	39.16	64.20	2	15.50
158.190	33.85	1.79	60.72	4.58	8.53	39.11	64.40	2	14.50
158.250	34.38	1.77	60.93	4.57	8.55	39.07	64.10	2	14.50
158.354	34.89	1.75	60.90	4.61	8.48	39.13	64.20	2	14.50
158.499	35.26	1.70	59.96	4.55	8.43	38.38	64.00	2	14.50
158.559	34.48	1.75	60.25	4.59	8.49	38.93	64.60	2	15.50
158.663	34.40	1.77	60.84	4.61	8.48	39.11	64.30	2	14.50
158.808	34.22	1.77	60.62	4.62	8.41	38.87	64.10	2	14.50
158.868	34.76	1.73	60.23	4.66	8.40	39.11	64.90	2	15.00
158.972	35.11	1.71	60.04	4.67	8.33	38.89	64.80	2	15.00
159.117	34.41	1.77	60.82	4.80	8.26	39.68	65.30	2	15.50
159.177	34.77	1.74	60.46	4.87	8.08	39.30	65.00	2	15.50
159.281	33.37	1.79	59.83	5.29	7.65	40.48	67.70	2	17.00
159.426	34.67	1.73	59.96	5.04	7.92	39.92	66.60	2	15.50
159.486	34.93	1.72	59.94	5.07	7.89	39.99	66.70	2	15.00
159.590	35.33	1.69	59.65	5.04	7.88	39.70	66.60	2	15.50
159.734	33.54	1.80	60.21	5.09	7.89	40.13	66.60	2	16.50
159.794	33.18	1.82	60.51	5.10	7.90	40.26	66.50	2	15.50
159.898	34.70	1.73	59.94	5.12	7.84	40.15	67.00	2	15.50
160.043	35.20	1.69	59.48	5.12	7.79	39.84	67.00	2	15.50
160.103	35.38	1.68	59.42	5.12	7.77	39.76	66.90	2	15.00
160.207	33.91	1.76	59.76	5.17	7.75	40.06	67.00	2	17.00
160.352	34.76	1.74	60.40	5.24	7.76	40.61	67.20	2	15.50
160.412	35.06	1.71	59.97	5.23	7.69	40.24	67.10	2	16.00
160.516	34.00	1.78	60.38	5.23	7.72	40.39	66.90	2	16.50
160.661	34.91	1.73	60.56	5.23	7.70	40.32	66.60	2	16.00
160.721	34.61	1.76	60.83	5.42	7.55	40.88	67.20	2	17.00
160.825	34.15	1.79	61.29	5.39	7.67	41.37	67.50	2	15.50
160.970	35.34	1.66	58.79	5.36	7.49	40.13	68.20	2	16.00
161.030	34.92	1.74	60.63	5.56	7.52	41.78	68.90	2	17.00
161.134	34.24	1.76	60.34	5.96	7.22	43.02	71.30	2	19.00
161.279	34.71	1.71	59.20	6.41	6.59	42.26	71.40	2	18.50
161.339	33.86	1.76	59.47	6.55	6.62	43.39	73.00	2	20.00
161.443	34.20	1.74	59.64	6.97	5.86	40.83	68.50	2	19.00
161.588	34.02	1.81	61.57	7.30	5.97	43.59	70.80	2	20.50
161.648	34.38	1.76	60.55	7.41	5.89	43.70	72.20	2	19.50
161.752	33.81	1.78	60.11	7.53	5.79	43.58	72.50	2	21.50
161.897	34.17	1.78	60.75	7.83	5.74	44.94	74.00	2	21.00
161.957	34.41	1.77	60.88	7.88	5.63	44.35	72.90	2	20.50
162.061	33.23	1.80	59.87	7.95	5.56	44.21	73.80	2	21.50
162.206	33.49	1.84	61.63	8.09	5.65	45.74	74.20	2	22.00
162.266	33.21	1.85	61.39	8.11	5.38	43.65	71.10	2	20.50
162.370	33.80	1.79	60.61	8.06	5.64	45.45	75.00	2	21.50
162.515	34.08	1.77	60.29	8.30	5.38	44.65	74.10	2	21.00
162.575	34.50	1.74	60.06	8.23	5.74	47.25	78.70	2	21.50
162.679	33.87	1.79	60.54	8.35	5.12	42.76	70.60	2	23.00
162.824	34.42	1.72	59.11	8.12	5.10	41.43	70.10	2	20.50
162.884	34.74	1.69	58.85	8.07	5.17	41.70	70.90	2	21.50
162.988	33.71	1.78	60.02	8.19	5.51	45.14	75.20	2	22.00
163.133	33.91	1.80	61.10	8.21	5.38	44.17	72.30	2	21.50
163.193	34.05	1.79	61.09	8.13	5.57	45.26	74.10	2	21.50
163.297	33.95	1.76	59.63	8.07	5.76	46.45	77.90	2	22.00
163.442	33.34	1.82	60.60	8.20	5.57	45.72	75.40	2	20.50
163.502	34.29	1.75	60.17	8.22	5.21	42.87	71.30	2	20.00
163.606	34.15	1.74	59.30	8.05	5.60	45.05	76.00	2	21.50
163.751	34.15	1.76	60.27	8.07	5.40	43.59	72.30	2	20.50
163.811	34.58	1.72	59.60	8.02	5.56	44.61	74.80	2	21.50
163.915	34.13	1.77	60.24	8.12	5.30	43.00	71.40	2	21.50
164.060	33.98	1.78	60.61	8.09	5.75	46.48	76.70	2	21.00
164.120	34.53	1.76	60.73	8.14	5.41	44.04	72.50	2	21.00
164.224	34.43	1.74	59.91	8.01	5.69	45.61	76.10	2	22.00
164.369	33.27	1.83	60.82	8.01	5.69	45.61	75.00	2	21.00
164.429	33.59	1.81	60.90	8.08	5.73	46.25	75.90	2	20.50
164.533	34.57	1.73	59.86	8.02	5.49	44.05	73.60	2	20.50
164.678	33.91	1.78	60.45	7.97	5.58	44.43	73.50	2	20.50
164.738	34.14	1.76	60.16	7.95	5.50	43.75	72.70	2	21.00
164.842	33.64	1.81	61.02	7.94	5.60	44.44	72.80	2	21.00
164.987	33.73	1.80	60.68	7.93	5.65	44.84	73.90	2	21.00
165.047	33.85	1.79	60.45	8.03	5.65	45.36	75.00	2	21.50
165.151	34.51	1.77	60.97	7.96	5.63	44.80	73.50	2	20.50
165.296	34.60	1.74	60.24	7.93	5.57	44.13	73.30	2	21.00
165.356	34.25	1.76	60.40	7.95	5.79	46.08	76.30	2	22.50
165.460	33.30	1.80	60.10	7.97	5.71	45.52	75.70	2	20.50
165.605	32.89	1.80	59.18	7.88	5.59	44.08	74.50	2	21.50
165.665	33.28	1.82	60.66	7.94	5.73	45.46	74.90	2	20.50
165.769	33.64	1.81	61.06	7.93	5.79	45.86	75.10	2	20.50
165.914	34.24	1.79	61.41	7.87	5.75	45.26	73.70	2	20.50
165.974	34.27	1.77	60.76	7.91	5.82	46.03	75.80	2	20.50
166.078	33.86	1.78	60.18	7.84	5.73	44.94	74.70	2	22.00
166.223	34.56	1.72	59.55	7.73	5.67	43.80	73.50	2	19.50
166.283	34.96	1.70	59.34	7.75	5.55	43.04	72.50	2	21.00
166.387	33.22	1.81	60.10	7.77	5.61	43.56	72.50	2	20.00
166.532	34.61	1.71	59.04	7.54	5.83	43.94	74.40	2	20.50
166.592	33.71	1.76	59.28	7.67	5.77	44.27	74.70	2	20.50
166.696	33.66	1.79	60.11	7.68	5.73	43.97	73.10	2	21.50
166.841	34.18	1.76	60.27	7.56	6.07	45.94	76.20	2	20.00
166.901	33.67	1.79	60.14	7.65	5.92	45.27	75.30	2	21.00
167.005	33.44	1.80	60.30	7.68	5.91	45.36	75.20	2	20.50
167.150	33.85	1.77	59.86	7.53	5.85	44.08	73.60	2	19.50
167.210	34.19	1.79	61.21	7.46	6.01	44.83	73.20	2	19.00
167.314	35.11	1.69	59.34	7.28	5.90	43.00	72.50	2	20.00
167.459	34.09	1.77	60.36	7.26	6.00	43.56	72.20	2	19.00
167.519	34.37	1.73	59.30	7.21	6.16	44.41	74.90	2	21.00
167.623	33.46	1.80	60.22	7.18	5.89	42.30	70.30	2	18.50
167.768	35.10	1.63	57.12	6.94	6.38	44.26	77.50	2	18.00
167.828	34.59	1.66	57.30	6.96	6.30	43.84	76.50	2	20.50
167.932	33.81	1.71	57.75	7.15	5.67	40.55	70.20	2	19.00
168.077	34.17	1.75	59.74	7.00	6.26	43.82	73.30	2	19.00
168.137	34.14	1.76	59.97	6.92	6.60	45.65	76.10	2	19.50
168.241	33.95	1.77	60.23	6.96	6.83	47.53	78.90	2	19.00
168.386	33.87	1.79	60.71	6.96	6.75	46.97	77.40	2	19.00
168.446	33.90	1.78	60.41	7.12	6.06	43.17	71.50	2	19.00
168.550	34.79	1.68	58.55	7.09	5.42	38.39	65.60	2	19.00
168.695	34.42	1.77	60.83	7.13	5.75	40.96	67.30	2	18.50
168.755	34.22	1.79	61.34	7.02	6.18	43.36	70.70	2	18.50
168.859	33.80	1.80	60.82	6.89	6.69	46.07	75.70	2	19.00
169.004	33.94	1.76	59.72	6.83	6.73	46.01	77.00	2	19.50
169.064	34.27	1.76	60.27	6.96	6.43	44.72	74.20	2	19.50
169.168	33.81	1.79	60.45	7.16	5.96	42.64	70.50	2	19.50
169.313	33.79	1.78	60.16	7.16	5.79	41.42	68.90	2	19.50
169.373	34.01	1.78	60.55	7.18	5.85	42.03	69.40	2	20.00
169.477	34.41	1.74	59.81	7.16	5.92	42.39	70.90	2	19.50
169.622	34.17	1.77	60.55	7.08	6.41	45.37	74.90	2	19.50
169.682	34.10	1.79	61.11	7.03	6.73	47.34	77.50	2	20.50
169.786	33.82	1.82	61.57	7.00	6.52	45.62	74.10	2	19.00
169.931	34.51	1.72	59.26	7.20	5.71	41.13	69.40	2	18.50
169.991	35.00	1.63	57.10	7.15	5.73	40.96	71.70	2	19.50
170.095	34.13	1.70	58.18	7.26	5.70	41.42	71.20	2	20.50
170.240	33.57	1.77	59.53	7.32	5.56	40.71	68.40	2	19.50
170.300	34.38	1.71	58.89	7.31	5.44	39.82	67.60	2	20.00
170.404	33.69	1.76	59.47	7.28	5.39	39.20	65.90	2	20.50
170.549	34.59	1.71	59.00	7.28	5.43	39.54	67.00	2	19.00
170.609	34.34	1.73	59.33	7.32	5.49	40.23	67.80	2	19.00
170.712	33.76	1.75	59.03	7.27	5.60	40.67	68.90	2	20.50
170.857	33.35	1.80	60.00	7.10	6.40	45.42	75.70	2	19.00
170.917	34.27	1.72	58.85	7.06	6.37	44.97	76.40	2	18.50
171.021	33.36	1.75	58.45	7.15	5.80	41.47	71.00	2	20.00
171.166	34.22	1.75	60.00	7.21	5.47	39.41	65.70	2	19.50
171.226	34.08	1.77	60.28	7.23	5.42	39.19	65.00	2	19.50
171.330	33.87	1.77	60.10	7.33	5.44	39.92	66.40	2	21.00
171.475	33.55	1.79	60.10	7.37	5.42	39.96	66.50	2	20.50
171.535	33.73	1.76	59.52	7.35	5.39	39.59	66.50	2	20.00
171.639	33.97	1.77	60.28	7.29	5.34	38.89	64.50	2	19.50
171.784	33.80	1.78	60.26	7.34	5.57	40.91	67.90	2	21.00
171.844	34.06	1.75	59.66	7.24	5.94	42.98	72.00	2	19.00
171.948	34.50	1.68	57.89	7.21	5.85	42.15	72.80	2	20.00
172.093	34.73	1.66	57.53	7.12	5.42	38.60	67.10	2	19.50
172.153	33.97	1.75	59.47	6.98	6.16	43.00	72.30	2	19.50
172.257	34.39	1.75	60.26	7.05	6.31	44.47	73.80	2	19.50
172.402	34.23	1.78	61.03	7.09	5.89	41.80	68.50	2	18.50
172.462	33.99	1.80	61.30	7.03	6.16	43.33	70.70	2	19.00
172.566	33.72	1.81	60.94	6.96	6.81	47.39	77.80	2	19.50
172.711	33.79	1.75	59.28	7.07	6.25	44.22	74.60	2	20.00
172.771	33.71	1.78	60.12	7.18	5.86	42.03	69.90	2	19.50
172.875	33.73	1.80	60.63	7.20	5.48	39.46	65.10	2	18.50
173.020	34.48	1.72	59.24	6.89	6.32	43.56	73.50	2	19.00
173.080	34.89	1.68	58.75	6.92	6.24	43.23	73.60	2	19.00
173.184	33.80	1.79	60.63	6.98	6.08	42.48	70.10	2	19.50
173.329	34.72	1.72	59.85	6.97	6.33	44.16	73.80	2	20.50
173.389	33.65	1.77	59.44	7.10	5.89	41.78	70.30	2	20.50
173.493	33.49	1.80	60.41	7.11	5.66	40.27	66.70	2	18.00
173.637	34.88	1.70	59.37	6.85	6.06	41.49	69.90	2	18.50
173.697	35.03	1.68	58.72	6.92	6.26	43.30	73.70	2	19.50
173.801	33.69	1.77	59.62	6.92	6.23	43.11	72.30	2	18.00
173.946	34.05	1.75	59.68	6.91	6.42	44.34	74.30	2	19.00
174.006	34.78	1.69	58.74	7.00	6.06	42.42	72.20	2	19.50
174.110	33.94	1.77	60.22	6.87	6.49	44.55	74.00	2	19.50
174.255	33.52	1.79	60.12	7.04	6.03	42.48	70.70	2	19.00
174.315	34.22	1.75	59.89	6.92	6.42	44.44	74.20	2	18.50
174.419	33.94	1.73	58.55	7.03	5.86	41.23	70.40	2	19.50
174.564	34.37	1.73	59.32	6.99	6.10	42.63	71.90	2	20.00
174.624	33.75	1.76	59.46	6.92	6.58	45.51	76.60	2	20.00
174.728	33.20	1.80	59.65	7.05	5.87	41.38	69.40	2	19.00
174.873	34.23	1.74	59.55	6.96	6.19	43.03	72.30	2	20.50
174.933	34.21	1.74	59.50	6.97	6.30	43.87	73.70	2	19.00
175.037	34.51	1.74	60.09	6.95	6.35	44.10	73.40	2	18.50
175.182	34.74	1.67	57.85	6.90	6.26	43.18	74.60	2	18.50
175.242	35.15	1.63	57.38	6.80	6.14	41.75	72.80	2	18.50
175.346	34.27	1.74	59.67	6.88	6.45	44.36	74.40	2	19.50
175.490	33.66	1.77	59.67	6.97	6.40	44.61	74.80	2	19.50
175.550	33.99	1.77	60.02	7.01	6.09	42.71	71.20	2	20.00
175.654	34.47	1.72	59.39	6.95	6.53	45.43	76.50	2	19.50
175.799	34.06	1.74	59.27	6.96	6.06	42.17	71.20	2	18.00
175.859	34.76	1.67	57.99	6.87	6.00	41.24	71.10	2	18.50
175.963	35.24	1.60	56.49	6.76	6.10	41.24	73.00	2	19.50
176.108	33.40	1.78	59.32	6.83	6.39	43.62	73.50	2	18.00
176.168	33.85	1.75	59.30	6.90	6.47	44.64	75.30	2	20.00
176.272	33.62	1.80	60.38	6.89	6.43	44.32	73.40	2	18.00
176.417	33.98	1.74	59.20	7.01	6.14	43.00	72.60	2	18.50
176.477	34.55	1.70	58.79	6.89	6.15	42.39	72.10	2	18.00
176.581	33.97	1.76	59.76	6.96	6.31	43.93	73.50	2	19.00
176.726	33.58	1.79	60.24	7.01	6.14	43.02	71.40	2	19.50
176.786	34.29	1.77	60.59	6.92	6.41	44.31	73.10	2	18.50
176.889	34.00	1.75	59.55	6.93	6.34	44.00	73.90	2	19.00
177.034	34.38	1.71	58.83	6.94	6.18	42.86	72.80	2	19.50
177.094	33.16	1.75	58.10	6.87	6.34	43.54	74.90	2	19.50
177.198	34.26	1.69	57.93	6.91	6.24	43.13	74.40	2	19.00
177.343	34.82	1.68	58.54	6.85	6.41	43.92	75.00	2	18.50
177.403	34.88	1.68	58.47	6.89	6.25	43.08	73.70	2	18.00
177.506	34.07	1.73	59.09	6.93	6.33	43.82	74.20	2	21.00
177.651	34.59	1.66	57.35	6.88	6.09	41.88	73.00	2	19.00
177.711	34.83	1.64	57.00	6.85	6.09	41.67	73.10	2	18.00
177.815	33.85	1.74	58.79	6.92	6.10	42.19	71.80	2	19.00
177.960	33.55	1.73	58.16	6.80	6.17	41.95	72.10	2	20.50
178.020	32.71	1.80	58.89	6.84	6.25	42.76	72.60	2	19.00
178.124	34.25	1.69	57.79	6.81	6.13	41.77	72.30	2	19.00
178.269	34.48	1.69	58.40	6.84	6.15	42.09	72.10	2	18.00
178.329	34.86	1.66	57.79	6.85	6.11	41.86	72.40	2	18.50
178.433	34.85	1.71	59.53	6.93	6.33	43.82	73.60	2	19.50
178.578	33.75	1.78	59.95	6.84	6.42	43.93	73.30	2	19.50
178.638	34.33	1.74	59.90	6.92	6.26	43.30	72.30	2	18.00
178.742	34.70	1.74	60.40	6.97	6.22	43.33	71.70	2	19.00
178.887	35.03	1.69	59.14	6.96	6.02	41.94	70.90	2	19.00
178.947	34.90	1.71	59.79	6.93	6.20	42.99	71.90	2	18.50
179.051	33.88	1.79	60.57	6.95	6.17	42.87	70.80	2	20.00
179.196	33.29	1.80	60.03	7.11	5.91	42.04	70.00	2	18.50
179.256	34.31	1.71	58.52	6.94	6.16	42.73	73.00	2	19.00
179.360	34.60	1.74	60.07	6.96	6.28	43.72	72.80	2	19.50
179.505	34.29	1.73	59.46	6.98	6.20	43.30	72.80	2	18.50
179.565	34.52	1.74	60.12	6.94	6.33	43.91	73.00	2	19.00
179.669	33.67	1.78	59.90	7.06	5.84	41.19	68.80	2	19.50
179.814	33.61	1.75	58.91	7.01	6.13	43.00	73.00	2	18.50
179.874	34.32	1.69	57.93	6.89	6.24	42.95	74.10	2	18.50
179.978	33.53	1.76	59.02	6.87	6.33	43.44	73.60	2	18.00
180.123	35.21	1.60	56.26	6.76	6.08	41.05	73.00	2	18.50
180.183	34.66	1.69	58.73	6.77	6.31	42.74	72.80	2	20.00
180.287	34.07	1.77	60.45	6.87	6.21	42.70	70.60	2	20.00
180.432	33.79	1.77	59.97	6.88	6.33	43.55	72.60	2	19.50
180.492	34.16	1.78	60.88	6.94	6.39	44.31	72.80	2	19.50
180.596	33.99	1.81	61.38	6.90	6.60	45.56	74.20	2	19.50
180.741	33.62	1.80	60.43	6.95	6.06	42.13	69.70	2	19.50
180.801	34.24	1.75	59.95	6.84	6.48	44.29	73.90	2	18.00
180.905	33.32	1.76	58.80	6.89	6.16	42.48	72.20	2	19.50
181.050	33.89	1.78	60.36	6.97	5.99	41.77	69.20	2	19.00
181.110	34.30	1.74	59.57	6.86	6.40	43.93	73.70	2	19.50
181.214	33.81	1.76	59.51	6.90	6.29	43.39	72.90	2	19.50
181.359	34.81	1.71	59.49	6.90	6.30	43.49	73.10	2	19.00
181.419	33.85	1.75	59.27	6.98	6.10	42.58	71.80	2	20.00
181.523	33.81	1.75	59.23	6.96	6.08	42.32	71.40	2	18.00
