1266.287	23.25	2.07	48.06	1.57	1.77	2.76	5.80	1	54.90
1266.431	9.64	3.93	37.89	3.02	3.83	11.57	30.50	1	40.00
1266.491	9.64	4.12	39.69	3.57	4.86	17.36	43.70	1	32.50
1266.595	13.59	3.07	41.68	3.94	5.64	22.22	53.30	1	22.50
1266.740	31.41	1.31	41.17	3.74	5.08	18.97	46.10	1	10.00
1266.800	34.10	1.02	34.86	3.64	4.91	17.87	51.30	1	10.00
1266.904	35.68	1.08	38.41	4.00	5.63	22.49	58.50	1	14.00
1267.049	29.26	1.61	46.96	4.41	6.52	28.78	61.30	1	18.00
1267.109	27.71	1.69	46.72	4.42	6.66	29.40	62.90	1	18.00
1267.213	26.87	1.75	47.06	4.47	6.73	30.09	63.90	1	17.90
1267.358	27.35	1.78	48.79	4.55	6.87	31.28	64.10	1	17.40
1267.418	27.81	1.78	49.54	4.61	6.90	31.80	64.20	1	17.40
1267.522	28.21	1.78	50.20	4.64	7.03	32.62	65.00	1	17.10
1267.667	29.02	1.79	51.82	4.68	7.19	33.64	64.90	1	16.80
1267.727	29.40	1.78	52.38	4.69	7.21	33.84	64.60	1	16.70
1267.831	30.05	1.77	53.26	4.70	7.36	34.58	64.90	1	16.50
1267.976	30.99	1.76	54.66	4.72	7.51	35.40	64.80	1	16.20
1268.036	31.43	1.76	55.44	4.74	7.58	35.90	64.70	1	16.10
1268.140	32.24	1.75	56.57	4.78	7.64	36.48	64.50	1	15.80
1268.285	33.30	1.76	58.70	4.83	7.77	37.48	63.90	1	15.50
1268.345	33.56	1.75	58.84	4.81	7.82	37.58	63.90	1	15.30
1268.449	34.23	1.73	59.20	4.81	7.83	37.67	63.60	1	15.20
1268.594	34.37	1.72	59.09	4.85	7.87	38.19	64.60	1	15.30
1268.654	34.22	1.73	59.17	4.81	7.88	37.93	64.10	1	15.30
1268.758	33.96	1.74	59.15	4.76	7.96	37.91	64.10	1	15.30
1268.903	33.42	1.76	58.80	4.71	7.97	37.54	63.90	1	15.30
1268.963	33.70	1.75	59.10	4.76	7.97	37.94	64.20	1	15.30
1269.067	34.17	1.74	59.33	4.76	7.94	37.81	63.70	1	15.20
1269.212	34.22	1.73	59.25	4.75	7.97	37.86	63.90	1	15.20
1269.272	34.33	1.73	59.32	4.73	7.99	37.82	63.80	1	15.20
1269.376	34.28	1.74	59.51	4.77	7.97	37.98	63.80	1	15.20
1269.521	34.58	1.72	59.36	4.80	7.93	38.04	64.10	1	15.20
1269.581	34.36	1.73	59.40	4.80	7.94	38.11	64.20	1	15.30
1269.685	34.12	1.73	59.01	4.79	7.94	38.06	64.50	1	15.20
1269.830	34.51	1.71	59.12	4.78	7.90	37.73	63.80	1	15.20
1269.890	34.49	1.71	58.98	4.80	7.89	37.87	64.20	1	15.20
1269.994	34.56	1.71	59.11	4.83	7.81	37.73	63.80	1	15.20
1270.139	34.66	1.72	59.59	4.85	7.82	37.92	63.60	1	15.30
1270.199	34.58	1.72	59.38	4.87	7.81	38.08	64.10	1	15.50
1270.303	34.46	1.73	59.53	4.89	7.80	38.14	64.10	1	15.20
1270.448	34.46	1.72	59.29	4.87	7.83	38.12	64.30	1	15.30
1270.508	34.49	1.72	59.27	4.87	7.82	38.11	64.30	1	15.30
1270.612	34.61	1.71	59.35	4.91	7.78	38.20	64.40	1	15.30
1270.757	34.78	1.69	58.81	4.94	7.72	38.16	64.90	1	15.30
1270.817	34.69	1.71	59.21	4.92	7.74	38.10	64.40	1	15.50
1270.921	34.42	1.73	59.53	4.95	7.71	38.18	64.10	1	15.60
1271.066	34.04	1.73	58.92	5.03	7.72	38.81	65.90	1	15.60
1271.126	34.10	1.72	58.82	5.03	7.71	38.77	65.90	1	15.80
1271.230	34.41	1.71	58.69	5.14	7.53	38.67	65.90	1	15.80
1271.375	34.03	1.68	57.21	5.05	7.42	37.45	65.50	1	15.80
1271.435	33.93	1.65	56.14	5.05	7.24	36.56	65.10	1	15.60
1271.539	35.03	1.55	54.43	5.33	6.73	35.88	65.90	1	15.80
1271.684	35.82	1.40	50.16	5.56	6.12	33.98	67.70	1	15.80
1271.744	35.92	1.35	48.37	5.67	5.75	32.61	67.40	1	15.60
1271.848	36.01	1.31	47.33	5.78	5.55	32.11	67.80	1	15.80
1271.993	27.60	1.79	49.49	5.74	5.19	29.80	60.20	1	35.80
1272.053	19.64	2.89	56.78	5.87	4.85	28.49	50.20	1	50.80
1272.157	9.98	3.90	38.94	4.79	3.78	18.11	46.50	1	50.00
1272.302	11.65	3.85	44.80	5.33	5.13	27.32	61.00	1	27.50
1272.362	14.63	2.91	42.56	5.19	4.77	24.80	58.30	1	25.00
1272.466	26.34	1.75	46.20	4.75	4.88	23.20	50.20	1	10.00
1272.611	22.86	2.23	50.94	5.10	5.35	27.28	53.60	1	40.00
1272.671	15.63	3.23	50.53	5.03	4.90	24.63	48.70	1	55.00
1272.775	8.41	4.02	33.79	4.05	3.82	15.45	45.70	1	51.00
1272.920	4.65	4.36	20.25	2.95	3.38	9.99	49.30	1	47.50
1272.980	4.98	4.40	21.90	3.03	3.78	11.46	52.40	1	47.00
1273.083	4.07	4.44	18.08	2.65	3.43	9.09	50.30	1	55.00
1273.227	4.26	4.46	18.97	2.70	3.62	9.77	51.50	1	40.00
1273.287	5.91	4.43	26.15	3.17	4.49	14.21	54.30	1	40.00
1273.391	11.64	3.46	40.21	3.92	5.58	21.89	54.40	1	25.00
1273.536	27.45	1.68	46.18	3.74	5.44	20.36	44.10	1	10.00
1273.596	32.09	1.25	40.15	3.62	5.29	19.12	47.60	1	10.00
1273.700	35.36	1.03	36.25	3.70	5.47	20.25	55.90	1	14.00
1273.845	30.53	1.55	47.20	4.37	6.61	28.84	61.10	1	18.00
1273.905	28.49	1.66	47.22	4.43	6.66	29.49	62.40	1	18.00
1274.009	27.16	1.75	47.51	4.50	6.71	30.21	63.60	1	17.90
1274.154	27.39	1.77	48.57	4.57	6.85	31.34	64.50	1	17.60
1274.214	27.83	1.77	49.29	4.65	6.89	32.02	64.90	1	17.40
1274.318	28.79	1.77	50.88	4.73	7.03	33.26	65.40	1	17.30
1274.463	30.06	1.78	53.52	4.84	7.16	34.70	64.80	1	17.00
1274.523	30.25	1.77	53.64	4.86	7.26	35.31	65.80	1	16.80
1274.627	29.22	1.77	51.69	4.58	7.30	33.39	64.60	1	17.00
1274.772	28.80	1.77	50.84	4.51	7.28	32.87	64.70	1	17.00
1274.832	28.65	1.76	50.39	4.50	7.29	32.79	65.10	1	16.80
1274.936	29.10	1.77	51.40	4.52	7.33	33.10	64.40	1	16.70
1275.081	30.23	1.79	54.11	4.62	7.46	34.47	63.70	1	16.40
1275.141	30.58	1.78	54.59	4.62	7.57	34.96	64.00	1	16.20
1275.245	30.52	1.78	54.45	4.57	7.63	34.83	64.00	1	16.10
1275.390	31.39	1.79	56.21	4.62	7.72	35.72	63.50	1	15.80
1275.450	31.49	1.78	55.99	4.62	7.76	35.83	64.00	1	15.80
1275.554	32.03	1.77	56.60	4.62	7.82	36.08	63.80	1	15.60
1275.699	33.02	1.76	58.00	4.67	7.98	37.23	64.20	1	15.30
1275.759	33.33	1.75	58.44	4.66	8.02	37.36	63.90	1	15.20
1275.863	33.46	1.75	58.64	4.58	8.07	36.95	63.00	1	15.20
1276.008	34.21	1.73	59.32	4.61	8.14	37.51	63.20	1	14.70
1276.068	34.35	1.71	58.71	4.59	8.12	37.24	63.40	1	14.70
1276.172	34.32	1.72	59.10	4.61	8.13	37.49	63.40	1	14.90
1276.317	34.20	1.74	59.39	4.62	8.12	37.51	63.20	1	15.20
1276.377	34.15	1.73	59.05	4.66	8.06	37.56	63.60	1	15.00
1276.481	34.21	1.72	58.80	4.69	8.01	37.56	63.90	1	15.20
1276.626	34.23	1.72	58.97	4.70	8.04	37.79	64.10	1	15.20
1276.686	34.15	1.72	58.83	4.70	8.04	37.77	64.20	1	15.20
1276.790	34.27	1.71	58.61	4.70	8.00	37.61	64.20	1	15.20
1276.935	33.88	1.74	58.94	4.72	8.00	37.75	64.10	1	15.30
1276.995	33.88	1.74	59.04	4.74	8.01	37.97	64.30	1	15.50
1277.099	33.76	1.75	59.02	4.76	7.98	37.99	64.40	1	15.30
1277.244	33.45	1.76	58.74	4.69	7.99	37.48	63.80	1	15.50
1277.304	33.22	1.76	58.35	4.68	7.99	37.38	64.10	1	15.50
1277.408	33.39	1.75	58.47	4.67	8.02	37.46	64.10	1	15.20
1277.553	34.23	1.72	58.89	4.74	7.98	37.87	64.30	1	15.00
1277.613	34.42	1.71	58.95	4.75	7.94	37.71	64.00	1	15.00
1277.717	34.49	1.71	58.94	4.75	7.94	37.68	63.90	1	15.00
1277.862	34.47	1.72	59.14	4.72	7.99	37.69	63.70	1	15.00
1277.922	34.35	1.72	59.18	4.71	8.01	37.74	63.80	1	15.20
1278.026	34.16	1.73	59.25	4.69	8.03	37.66	63.60	1	15.20
1278.171	33.97	1.76	59.66	4.70	7.99	37.54	62.90	1	15.30
1278.231	33.77	1.76	59.44	4.73	7.94	37.58	63.20	1	15.50
1278.335	33.71	1.76	59.22	4.77	7.92	37.77	63.80	1	15.30
1278.480	34.33	1.73	59.55	4.77	7.89	37.67	63.30	1	15.00
1278.540	34.40	1.71	58.69	4.77	7.90	37.68	64.20	1	15.20
1278.644	34.35	1.71	58.64	4.77	7.91	37.71	64.30	1	15.00
1278.789	34.87	1.68	58.58	4.75	7.85	37.29	63.70	1	15.00
1278.849	34.71	1.67	58.04	4.77	7.82	37.32	64.30	1	15.00
1278.953	34.78	1.65	57.44	4.75	7.79	37.03	64.50	1	15.00
1279.098	34.46	1.71	58.80	4.74	7.91	37.50	63.80	1	15.30
1279.158	34.32	1.73	59.27	4.76	7.92	37.69	63.60	1	15.50
1279.262	33.87	1.74	58.90	4.74	7.94	37.67	64.00	1	15.30
1279.407	34.23	1.73	59.17	4.78	7.96	38.07	64.30	1	15.20
1279.467	34.15	1.73	58.91	4.78	7.96	38.05	64.60	1	15.30
1279.571	34.42	1.72	59.07	4.80	7.90	37.91	64.20	1	15.20
1279.716	34.35	1.73	59.27	4.82	7.90	38.10	64.30	1	15.30
1279.776	33.93	1.74	59.07	4.78	7.91	37.82	64.00	1	15.50
1279.880	34.02	1.74	59.21	4.77	7.92	37.79	63.80	1	15.30
1280.025	34.26	1.73	59.44	4.79	7.95	38.10	64.10	1	15.30
1280.085	34.28	1.73	59.44	4.79	7.92	37.97	63.90	1	15.50
1280.189	33.97	1.75	59.42	4.81	7.87	37.87	63.70	1	15.50
1280.334	34.17	1.74	59.52	4.90	7.84	38.41	64.50	1	15.50
1280.394	34.19	1.74	59.58	4.90	7.83	38.39	64.40	1	15.60
1280.498	34.07	1.74	59.24	4.92	7.83	38.50	65.00	1	15.50
1280.643	34.77	1.66	57.56	5.13	7.38	37.89	65.80	1	15.50
1280.703	35.02	1.59	55.74	5.21	7.09	36.94	66.30	1	15.60
1280.807	34.77	1.63	56.51	5.14	7.27	37.37	66.10	1	15.60
1280.952	35.32	1.55	54.84	5.28	6.94	36.63	66.80	1	15.60
1281.012	35.69	1.46	52.18	5.46	6.40	34.91	66.90	1	15.60
1281.116	36.10	1.32	47.78	5.63	5.80	32.67	68.40	1	15.50
1281.261	29.49	1.59	47.03	5.77	5.22	30.12	64.00	1	33.10
1281.321	20.97	2.73	57.32	5.82	5.23	30.48	53.20	1	48.10
1281.425	10.47	3.84	40.20	4.80	3.83	18.41	45.80	1	52.50
1281.570	11.29	3.95	44.58	5.52	4.84	26.71	59.90	1	30.00
1281.630	14.38	3.04	43.68	5.27	4.84	25.50	58.40	1	25.00
1281.734	25.21	1.82	45.78	5.02	4.52	22.69	49.60	1	10.00
1281.879	23.73	2.08	49.35	4.84	5.45	26.37	53.40	1	37.50
1281.939	17.73	3.09	54.75	5.13	5.56	28.52	52.10	1	40.00
1282.043	14.51	3.60	52.21	5.58	5.63	31.41	60.20	1	38.50
1282.188	12.01	3.89	46.72	5.64	5.25	29.59	63.30	1	32.00
1282.248	13.26	3.40	45.13	5.73	5.21	29.86	66.20	1	34.50
1282.352	12.45	3.86	48.06	5.95	5.29	31.50	65.50	1	40.00
1282.497	12.07	4.06	48.99	6.24	5.33	33.30	68.00	1	40.30
1282.557	11.91	4.10	48.87	6.22	5.36	33.33	68.20	1	40.30
1282.661	11.98	4.12	49.39	6.41	5.15	32.99	66.80	1	40.60
1282.806	11.90	4.14	49.31	6.50	4.91	31.94	64.80	1	40.80
1282.866	11.64	4.17	48.54	6.34	5.21	33.07	68.10	1	40.60
1282.970	11.77	4.16	48.94	6.51	4.90	31.92	65.20	1	40.60
1283.115	12.20	4.07	49.64	6.64	5.05	33.50	67.50	1	40.30
1283.175	12.53	4.01	50.30	6.77	5.18	35.03	69.70	1	40.20
1283.279	12.57	4.01	50.39	6.80	5.00	34.00	67.50	1	40.00
1283.424	12.91	3.94	50.84	6.90	5.00	34.50	67.90	1	40.00
1283.484	12.87	3.94	50.67	6.91	5.00	34.55	68.20	1	39.80
1283.588	13.01	3.91	50.85	6.93	5.09	35.25	69.30	1	39.80
1283.733	12.78	3.94	50.28	6.92	5.07	35.07	69.70	1	40.00
1283.793	12.69	3.96	50.22	6.81	5.14	35.01	69.70	1	40.00
1283.897	12.80	3.94	50.46	6.90	5.03	34.73	68.80	1	39.70
1284.042	13.05	3.87	50.46	6.96	5.06	35.26	69.90	1	39.70
1284.102	12.99	3.89	50.51	6.97	4.94	34.44	68.20	1	39.70
1284.206	12.98	3.88	50.33	6.93	4.97	34.42	68.40	1	39.70
1284.351	13.00	3.89	50.57	6.89	5.23	36.05	71.30	1	39.80
1284.411	12.96	3.92	50.78	6.85	5.03	34.49	67.90	1	39.70
1284.515	13.08	3.87	50.65	6.99	4.85	33.88	66.90	1	39.50
1284.660	13.09	3.89	50.89	6.92	5.09	35.26	69.30	1	39.40
1284.720	12.94	3.89	50.38	6.94	5.06	35.10	69.70	1	39.40
1284.824	12.85	3.91	50.17	6.90	4.99	34.46	68.70	1	39.70
1284.969	12.84	3.89	49.88	6.90	5.09	35.13	70.40	1	39.40
1285.029	12.83	3.89	49.88	6.87	5.09	34.97	70.10	1	39.50
1285.133	12.89	3.89	50.08	6.90	5.02	34.64	69.20	1	39.50
1285.278	12.74	3.94	50.24	6.79	5.15	34.97	69.60	1	39.80
1285.338	12.71	3.93	49.95	6.89	5.12	35.28	70.60	1	39.80
1285.442	13.08	3.88	50.74	6.99	5.04	35.23	69.40	1	39.50
1285.587	12.77	3.92	50.02	6.82	5.10	34.81	69.60	1	39.70
1285.647	12.79	3.92	50.11	6.82	5.08	34.61	69.10	1	39.50
1285.751	12.79	3.92	50.20	6.77	5.15	34.89	69.50	1	39.40
1285.896	12.95	3.90	50.57	6.77	5.30	35.85	70.90	1	39.20
1285.956	13.09	3.88	50.75	6.79	5.17	35.09	69.10	1	39.10
1286.060	12.99	3.89	50.53	6.79	5.27	35.77	70.80	1	39.20
1286.205	13.09	3.89	50.94	6.84	5.04	34.46	67.60	1	39.40
1286.265	12.94	3.90	50.46	6.74	5.34	36.00	71.30	1	39.40
1286.369	12.89	3.89	50.19	6.72	5.33	35.79	71.30	1	39.40
1286.514	12.69	3.97	50.34	6.73	4.71	31.72	63.00	1	39.10
1286.574	12.78	3.94	50.39	6.59	5.15	33.98	67.40	1	38.90
1286.678	12.71	3.95	50.25	6.52	5.27	34.38	68.40	1	39.10
1286.823	12.60	4.00	50.37	6.40	5.36	34.28	68.10	1	39.10
1286.883	12.50	4.01	50.13	6.29	5.50	34.61	69.00	1	39.10
1286.987	12.36	4.03	49.78	6.23	5.55	34.57	69.50	1	38.90
1287.132	12.31	4.05	49.87	6.24	5.46	34.06	68.30	1	39.10
1287.192	12.33	4.03	49.71	6.22	5.49	34.16	68.70	1	39.20
1287.296	12.20	4.06	49.56	6.20	5.37	33.28	67.10	1	39.20
1287.441	12.36	4.04	49.97	6.18	5.45	33.72	67.50	1	38.90
1287.501	12.43	4.01	49.79	6.25	5.38	33.63	67.50	1	38.80
1287.605	12.46	4.00	49.84	6.29	5.39	33.91	68.00	1	39.10
1287.750	12.61	4.01	50.63	6.21	5.39	33.51	66.20	1	38.80
1287.810	12.56	4.04	50.74	6.19	5.47	33.84	66.70	1	38.60
1287.914	12.56	3.99	50.09	6.27	5.43	34.04	68.00	1	38.80
1288.059	12.32	4.02	49.48	6.21	5.53	34.38	69.50	1	38.80
1288.119	12.39	4.01	49.68	6.29	5.35	33.63	67.70	1	38.90
1288.223	12.16	4.05	49.29	6.18	5.53	34.19	69.40	1	38.90
1288.368	12.22	4.07	49.79	6.15	5.50	33.81	67.90	1	39.20
1288.428	12.25	4.04	49.45	6.30	5.37	33.79	68.30	1	39.20
1288.532	12.25	4.06	49.67	6.18	5.41	33.42	67.30	1	38.90
1288.677	12.45	4.04	50.30	6.15	5.52	33.96	67.50	1	38.80
1288.737	12.48	4.03	50.29	6.22	5.57	34.67	69.00	1	38.60
1288.841	12.40	4.02	49.87	6.22	5.42	33.70	67.60	1	38.60
1288.986	12.41	4.03	49.97	6.20	5.43	33.69	67.40	1	38.60
1289.046	12.44	4.02	50.04	6.15	5.52	33.99	67.90	1	38.50
1289.150	12.46	4.00	49.80	6.21	5.51	34.25	68.80	1	38.50
1289.295	12.70	3.97	50.47	6.27	5.44	34.15	67.70	1	38.60
1289.355	12.63	3.99	50.38	6.24	5.44	33.94	67.40	1	38.60
1289.459	12.51	3.98	49.83	6.26	5.30	33.23	66.70	1	38.60
1289.604	12.48	4.00	49.94	6.17	5.57	34.36	68.80	1	38.30
1289.664	12.72	3.93	50.02	6.30	5.41	34.12	68.20	1	38.20
1289.768	12.71	3.93	49.97	6.30	5.48	34.49	69.00	1	38.00
1289.913	13.00	3.91	50.78	6.30	5.37	33.85	66.70	1	37.90
1289.973	12.85	3.92	50.37	6.23	5.56	34.64	68.80	1	37.90
1290.077	12.94	3.89	50.36	6.28	5.42	34.08	67.70	1	37.90
1290.222	12.84	3.90	50.03	6.27	5.49	34.41	68.80	1	38.00
1290.282	12.92	3.92	50.68	6.20	5.58	34.61	68.30	1	38.20
1290.386	12.80	3.93	50.34	6.28	5.50	34.49	68.50	1	38.30
1290.531	12.64	3.95	49.99	6.25	5.50	34.32	68.70	1	38.30
1290.591	12.73	3.97	50.52	6.21	5.47	33.96	67.20	1	38.30
1290.695	12.65	3.97	50.29	6.22	5.51	34.24	68.10	1	38.30
1290.840	12.76	3.95	50.36	6.24	5.52	34.39	68.30	1	38.20
1290.900	12.78	3.94	50.35	6.22	5.48	34.10	67.70	1	38.30
1291.004	12.90	3.93	50.72	6.27	5.44	34.09	67.20	1	38.30
1291.149	12.75	3.97	50.63	6.24	5.46	34.04	67.20	1	38.30
1291.209	12.47	4.02	50.09	6.11	5.48	33.49	66.80	1	38.50
1291.313	12.68	3.99	50.65	6.22	5.49	34.14	67.40	1	38.20
1291.458	12.72	3.96	50.35	6.23	5.51	34.36	68.20	1	38.50
1291.518	12.69	3.99	50.56	6.22	5.50	34.20	67.70	1	38.60
1291.622	12.53	4.00	50.18	6.18	5.47	33.82	67.40	1	38.50
1291.767	12.47	4.02	50.08	6.17	5.50	33.90	67.70	1	38.60
1291.827	12.50	4.01	50.20	6.23	5.41	33.70	67.10	1	38.60
1291.931	12.59	3.98	50.16	6.20	5.51	34.14	68.10	1	38.50
1292.076	12.37	4.01	49.59	6.13	5.55	34.02	68.60	1	38.50
1292.136	12.54	3.98	49.88	6.20	5.57	34.54	69.20	1	38.30
1292.240	12.52	3.97	49.69	6.22	5.46	33.96	68.30	1	38.50
1292.385	12.57	3.97	49.94	6.21	5.56	34.50	69.10	1	38.50
1292.445	12.50	4.00	50.05	6.17	5.54	34.20	68.30	1	38.30
1292.549	12.56	3.97	49.91	6.16	5.53	34.04	68.20	1	38.30
1292.694	12.71	3.95	50.23	6.26	5.50	34.43	68.60	1	38.20
1292.754	12.43	3.99	49.63	6.14	5.57	34.20	68.90	1	38.20
1292.858	12.73	3.97	50.52	6.20	5.56	34.48	68.30	1	38.50
1293.003	12.61	4.00	50.50	6.16	5.52	33.99	67.30	1	38.20
1293.063	12.67	3.98	50.43	6.22	5.50	34.16	67.70	1	38.30
1293.167	12.56	4.00	50.28	6.16	5.61	34.55	68.70	1	38.20
1293.312	12.56	3.98	50.04	6.13	5.59	34.27	68.50	1	38.20
1293.372	12.71	3.95	50.16	6.23	5.51	34.33	68.40	1	38.30
1293.476	12.70	3.95	50.14	6.25	5.51	34.46	68.70	1	38.50
1293.621	12.65	3.97	50.26	6.25	5.40	33.73	67.10	1	38.60
1293.681	12.47	4.03	50.20	6.11	5.56	33.98	67.70	1	38.60
1293.785	12.61	3.99	50.34	6.25	5.48	34.26	68.00	1	38.60
1293.930	12.50	4.00	50.04	6.21	5.47	33.98	67.90	1	38.50
1293.990	12.58	3.99	50.21	6.23	5.50	34.28	68.30	1	38.50
1294.094	12.56	3.99	50.15	6.22	5.48	34.09	68.00	1	38.30
1294.239	12.67	3.98	50.43	6.18	5.61	34.66	68.70	1	38.20
1294.299	12.54	4.01	50.24	6.12	5.51	33.70	67.10	1	38.20
1294.403	12.77	3.97	50.70	6.18	5.56	34.36	67.80	1	38.20
1294.548	12.80	3.95	50.56	6.21	5.57	34.59	68.40	1	38.20
1294.608	12.71	3.95	50.20	6.19	5.54	34.29	68.30	1	38.20
1294.712	12.55	3.98	49.93	6.16	5.59	34.45	69.00	1	38.20
1294.857	12.70	3.96	50.24	6.14	5.59	34.35	68.40	1	38.00
1294.917	12.67	3.95	50.12	6.15	5.61	34.50	68.80	1	37.90
1295.021	12.71	3.94	50.10	6.13	5.61	34.36	68.60	1	37.90
1295.166	12.93	3.93	50.76	6.19	5.59	34.61	68.20	1	37.70
1295.226	12.83	3.96	50.77	6.14	5.65	34.66	68.30	1	37.70
1295.330	12.81	3.94	50.52	6.10	5.66	34.51	68.30	1	37.90
1295.475	12.88	3.92	50.50	6.14	5.63	34.55	68.40	1	37.60
1295.535	12.71	3.94	50.08	6.11	5.69	34.75	69.40	1	37.60
1295.639	12.84	3.92	50.28	6.13	5.64	34.56	68.70	1	37.70
1295.784	12.95	3.92	50.72	6.21	5.48	34.00	67.00	1	37.90
1295.844	12.94	3.94	51.03	6.16	5.61	34.56	67.70	1	38.00
1295.948	12.55	4.01	50.28	6.07	5.67	34.39	68.40	1	38.00
1296.093	12.92	3.97	51.32	6.15	5.58	34.31	66.90	1	37.90
1296.153	12.72	4.00	50.90	6.07	5.68	34.51	67.80	1	37.70
1296.257	12.86	3.94	50.65	6.15	5.58	34.32	67.80	1	37.70
1296.402	12.83	3.95	50.69	6.16	5.55	34.16	67.40	1	38.00
1296.462	12.77	3.98	50.81	6.12	5.67	34.68	68.30	1	38.00
1296.566	12.54	4.00	50.13	6.11	5.51	33.69	67.20	1	37.90
1296.711	12.47	4.00	49.88	6.09	5.54	33.75	67.70	1	38.00
1296.771	12.70	3.97	50.45	6.15	5.56	34.22	67.80	1	38.20
1296.875	12.67	3.97	50.34	6.15	5.57	34.22	68.00	1	38.00
1297.020	12.77	3.98	50.85	6.08	5.72	34.75	68.30	1	37.90
1297.080	12.80	3.96	50.71	6.12	5.64	34.49	68.00	1	37.70
1297.184	12.72	3.94	50.10	6.14	5.60	34.39	68.60	1	37.90
1297.329	12.65	3.96	50.12	6.12	5.65	34.56	69.00	1	37.90
1297.389	12.72	3.96	50.44	6.14	5.54	34.04	67.50	1	37.90
1297.493	12.63	3.97	50.15	6.14	5.50	33.76	67.30	1	37.90
1297.638	12.84	3.97	50.94	6.14	5.60	34.40	67.50	1	37.90
1297.698	12.78	3.97	50.77	6.13	5.66	34.68	68.30	1	37.70
1297.802	12.73	3.97	50.53	6.12	5.53	33.86	67.00	1	37.70
1297.947	12.71	3.96	50.28	6.10	5.67	34.63	68.90	1	37.90
1298.007	12.76	3.93	50.15	6.16	5.57	34.28	68.40	1	37.70
1298.111	12.91	3.91	50.45	6.18	5.62	34.68	68.70	1	37.70
1298.256	12.93	3.94	50.99	6.09	5.67	34.48	67.60	1	37.60
1298.316	13.01	3.93	51.07	6.16	5.58	34.36	67.30	1	37.40
1298.420	12.94	3.91	50.57	6.20	5.53	34.24	67.70	1	37.60
1298.565	12.85	3.90	50.08	6.19	5.51	34.09	68.10	1	37.40
1298.625	12.96	3.90	50.52	6.18	5.60	34.61	68.50	1	37.40
1298.729	12.98	3.87	50.26	6.16	5.61	34.52	68.70	1	37.30
1298.874	13.11	3.90	51.11	6.15	5.59	34.38	67.30	1	37.00
1298.934	13.31	3.82	50.80	6.23	5.60	34.88	68.70	1	37.00
1299.038	13.20	3.83	50.55	6.23	5.57	34.66	68.60	1	37.30
1299.183	13.11	3.85	50.51	6.16	5.60	34.53	68.40	1	37.30
1299.243	13.08	3.87	50.65	6.17	5.55	34.26	67.60	1	37.40
1299.347	13.06	3.86	50.46	6.21	5.58	34.69	68.70	1	37.40
1299.492	13.09	3.87	50.70	6.26	5.49	34.41	67.90	1	37.40
1299.552	12.91	3.92	50.54	6.14	5.63	34.59	68.40	1	37.60
1299.656	13.07	3.88	50.76	6.21	5.58	34.66	68.30	1	37.40
1299.801	13.18	3.87	51.06	6.20	5.52	34.27	67.10	1	37.30
1299.861	13.14	3.88	50.98	6.13	5.70	34.96	68.60	1	37.10
1299.965	13.17	3.83	50.39	6.22	5.62	34.95	69.40	1	37.30
1300.110	13.22	3.84	50.83	6.23	5.57	34.66	68.20	1	37.10
1300.170	13.11	3.84	50.28	6.20	5.61	34.77	69.20	1	37.00
1300.274	13.10	3.86	50.63	6.16	5.63	34.69	68.50	1	37.30
1300.419	13.22	3.84	50.78	6.16	5.65	34.81	68.60	1	37.00
1300.479	13.22	3.84	50.75	6.19	5.53	34.24	67.50	1	37.00
1300.583	13.08	3.83	50.09	6.14	5.65	34.66	69.20	1	37.10
1300.728	13.22	3.85	50.87	6.18	5.56	34.33	67.50	1	36.80
1300.788	13.36	3.79	50.62	6.20	5.57	34.54	68.20	1	36.80
1300.892	13.30	3.81	50.66	6.16	5.65	34.82	68.70	1	36.80
1301.037	13.16	3.81	50.18	6.15	5.63	34.59	68.90	1	36.80
1301.097	13.27	3.80	50.45	6.16	5.62	34.65	68.70	1	36.80
1301.201	13.19	3.82	50.36	6.10	5.65	34.51	68.50	1	36.80
1301.346	13.20	3.80	50.18	6.15	5.63	34.61	69.00	1	36.80
1301.406	13.33	3.77	50.25	6.23	5.55	34.60	68.90	1	36.80
1301.510	13.31	3.79	50.44	6.19	5.64	34.89	69.20	1	36.80
1301.655	13.26	3.81	50.47	6.16	5.64	34.76	68.90	1	37.00
1301.715	13.12	3.80	49.89	6.17	5.56	34.35	68.80	1	37.00
1301.819	13.11	3.80	49.79	6.17	5.62	34.67	69.60	1	36.80
1301.964	13.25	3.79	50.17	6.14	5.65	34.65	69.10	1	36.50
1302.024	13.52	3.75	50.72	6.18	5.60	34.61	68.20	1	36.40
1302.128	13.43	3.74	50.21	6.15	5.60	34.46	68.60	1	36.50
1302.273	13.51	3.71	50.12	6.18	5.59	34.58	69.00	1	36.40
1302.333	13.49	3.74	50.38	6.13	5.66	34.71	68.90	1	36.40
1302.437	13.50	3.72	50.18	6.15	5.61	34.48	68.70	1	36.20
1302.582	13.55	3.73	50.57	6.17	5.61	34.60	68.40	1	36.70
1302.642	13.50	3.76	50.78	6.14	5.58	34.24	67.40	1	36.70
1302.746	13.50	3.74	50.47	6.21	5.52	34.26	67.90	1	36.50
1302.891	13.40	3.73	50.00	6.21	5.55	34.47	68.90	1	36.50
1302.951	13.48	3.76	50.66	6.12	5.66	34.65	68.40	1	36.40
1303.055	13.39	3.74	50.04	6.11	5.67	34.62	69.20	1	36.40
1303.200	13.41	3.75	50.36	6.12	5.68	34.76	69.00	1	36.50
1303.260	13.57	3.71	50.40	6.18	5.53	34.17	67.80	1	36.50
1303.364	13.60	3.73	50.78	6.14	5.53	33.98	66.90	1	36.20
1303.509	13.67	3.69	50.44	6.13	5.52	33.83	67.10	1	36.10
1303.569	13.64	3.67	50.07	6.17	5.61	34.58	69.10	1	36.20
1303.673	13.58	3.69	50.09	6.13	5.62	34.46	68.80	1	36.40
1303.818	13.66	3.68	50.22	6.19	5.55	34.38	68.50	1	36.10
1303.878	13.69	3.66	50.15	6.17	5.60	34.57	68.90	1	36.10
1303.982	13.71	3.65	50.09	6.18	5.58	34.48	68.80	1	36.40
1304.127	13.47	3.66	49.29	6.16	5.50	33.87	68.70	1	36.40
1304.187	13.45	3.68	49.46	6.10	5.50	33.58	67.90	1	36.40
1304.291	13.54	3.69	49.96	6.09	5.57	33.93	67.90	1	36.10
1304.436	13.68	3.67	50.21	6.17	5.57	34.40	68.50	1	36.40
1304.496	13.49	3.71	50.11	6.12	5.67	34.69	69.20	1	36.20
1304.600	13.60	3.69	50.20	6.13	5.59	34.26	68.20	1	36.10
1304.745	13.63	3.68	50.20	6.16	5.54	34.11	68.00	1	36.10
1304.805	13.76	3.65	50.20	6.19	5.54	34.26	68.30	1	36.10
1304.909	13.57	3.67	49.81	6.16	5.61	34.54	69.30	1	36.20
1305.054	13.63	3.67	50.09	6.19	5.53	34.23	68.30	1	35.90
1305.114	13.49	3.67	49.47	6.12	5.61	34.33	69.40	1	35.90
1305.218	13.64	3.66	49.88	6.11	5.66	34.61	69.40	1	35.90
1305.363	13.71	3.64	49.85	6.11	5.61	34.25	68.70	1	35.90
1305.423	13.81	3.61	49.84	6.12	5.57	34.07	68.30	1	35.80
1305.527	13.84	3.62	50.07	6.09	5.58	34.01	67.90	1	35.80
1305.672	13.75	3.64	50.12	6.12	5.55	33.93	67.70	1	36.10
1305.732	13.73	3.63	49.81	6.14	5.58	34.26	68.80	1	35.90
1305.836	13.84	3.64	50.36	6.12	5.63	34.48	68.50	1	35.80
1305.981	13.85	3.61	49.97	6.15	5.60	34.44	68.90	1	35.80
1306.041	13.83	3.61	49.92	6.15	5.59	34.34	68.80	1	35.90
1306.145	13.84	3.64	50.38	6.14	5.59	34.33	68.10	1	35.90
1306.290	13.71	3.64	49.95	6.17	5.53	34.10	68.30	1	36.10
1306.350	13.65	3.68	50.19	6.14	5.59	34.27	68.30	1	36.10
1306.454	13.75	3.64	50.03	6.22	5.44	33.84	67.60	1	36.20
1306.599	13.73	3.65	50.08	6.21	5.52	34.25	68.40	1	36.10
1306.659	13.64	3.69	50.28	6.13	5.66	34.64	68.90	1	35.90
1306.763	13.65	3.67	50.09	6.13	5.59	34.29	68.50	1	36.10
1306.908	13.58	3.67	49.87	6.18	5.53	34.18	68.50	1	36.20
1306.968	13.54	3.68	49.79	6.15	5.56	34.19	68.70	1	36.10
1307.072	13.57	3.69	50.11	6.13	5.60	34.33	68.50	1	36.10
1307.217	13.60	3.67	49.91	6.17	5.50	33.93	68.00	1	36.10
1307.277	13.66	3.65	49.88	6.17	5.49	33.86	67.90	1	36.20
1307.381	13.67	3.68	50.30	6.18	5.55	34.30	68.20	1	36.40
1307.526	13.51	3.74	50.47	6.17	5.52	34.09	67.50	1	36.70
1307.586	13.49	3.77	50.91	6.15	5.62	34.59	67.90	1	36.70
1307.690	13.44	3.77	50.63	6.20	5.61	34.77	68.70	1	36.70
1307.835	13.42	3.77	50.63	6.18	5.57	34.42	68.00	1	36.70
1307.895	13.33	3.81	50.74	6.13	5.54	33.98	67.00	1	36.70
1307.999	13.37	3.81	50.90	6.14	5.68	34.84	68.40	1	36.50
1308.144	13.39	3.78	50.67	6.14	5.67	34.82	68.70	1	36.80
1308.204	13.39	3.76	50.42	6.21	5.57	34.62	68.70	1	36.80
1308.308	13.25	3.81	50.44	6.18	5.61	34.64	68.70	1	36.80
1308.453	13.27	3.78	50.19	6.19	5.62	34.76	69.30	1	36.80
1308.513	13.23	3.82	50.52	6.15	5.59	34.41	68.10	1	37.00
1308.617	13.19	3.82	50.32	6.22	5.50	34.22	68.00	1	37.10
1308.762	13.20	3.83	50.53	6.17	5.64	34.84	69.00	1	37.00
1308.822	13.19	3.83	50.57	6.15	5.65	34.69	68.60	1	36.80
1308.926	13.34	3.79	50.63	6.22	5.56	34.61	68.40	1	36.80
1309.071	13.39	3.76	50.41	6.24	5.52	34.44	68.30	1	36.70
1309.131	13.45	3.79	50.99	6.20	5.51	34.17	67.00	1	36.80
1309.235	13.33	3.81	50.72	6.19	5.59	34.63	68.30	1	36.80
1309.380	13.39	3.81	51.00	6.19	5.62	34.83	68.30	1	36.80
1309.440	13.49	3.76	50.78	6.22	5.60	34.82	68.60	1	36.80
1309.544	13.42	3.79	50.89	6.18	5.60	34.57	67.90	1	37.00
1309.689	13.27	3.83	50.85	6.13	5.62	34.45	67.70	1	37.10
1309.749	13.24	3.84	50.77	6.18	5.54	34.25	67.50	1	37.10
1309.853	13.11	3.86	50.61	6.13	5.65	34.59	68.30	1	37.00
1309.998	13.23	3.83	50.72	6.16	5.56	34.27	67.60	1	37.30
1310.058	13.29	3.84	51.02	6.20	5.57	34.51	67.60	1	37.30
1310.162	13.26	3.87	51.31	6.20	5.49	34.04	66.30	1	37.60
1310.307	12.88	3.93	50.61	6.11	5.62	34.38	67.90	1	37.60
1310.367	13.02	3.90	50.76	6.21	5.55	34.48	67.90	1	37.60
1310.471	13.01	3.91	50.91	6.19	5.51	34.15	67.10	1	37.60
1310.616	12.94	3.91	50.67	6.17	5.59	34.49	68.10	1	37.60
1310.676	13.00	3.89	50.57	6.23	5.53	34.43	68.10	1	37.60
1310.780	12.96	3.91	50.72	6.21	5.51	34.23	67.50	1	37.90
1310.925	12.86	3.91	50.27	6.22	5.50	34.22	68.10	1	37.70
1310.985	12.75	3.92	49.98	6.18	5.60	34.58	69.20	1	37.70
1311.089	12.82	3.89	49.93	6.21	5.54	34.38	68.80	1	37.70
1311.234	12.87	3.89	50.06	6.21	5.53	34.32	68.60	1	37.60
1311.294	12.90	3.90	50.33	6.18	5.59	34.55	68.70	1	37.60
1311.398	12.88	3.92	50.47	6.17	5.56	34.30	68.00	1	37.60
1311.543	13.04	3.89	50.74	6.25	5.51	34.44	67.90	1	37.60
1311.603	12.86	3.93	50.47	6.17	5.62	34.69	68.70	1	37.60
1311.707	12.76	3.90	49.76	6.25	5.53	34.58	69.50	1	37.60
1311.852	13.05	3.90	50.88	6.19	5.56	34.42	67.70	1	37.30
1311.912	13.04	3.88	50.56	6.17	5.62	34.70	68.60	1	37.30
1312.016	13.05	3.90	50.84	6.16	5.59	34.43	67.70	1	37.30
1312.161	12.95	3.88	50.29	6.13	5.62	34.48	68.60	1	37.30
1312.221	13.12	3.86	50.59	6.23	5.56	34.63	68.40	1	37.40
1312.325	12.93	3.88	50.11	6.20	5.55	34.40	68.70	1	37.40
1312.470	12.98	3.92	50.84	6.15	5.62	34.59	68.00	1	37.60
1312.530	12.94	3.90	50.43	6.20	5.50	34.09	67.60	1	37.40
1312.634	12.96	3.93	50.89	6.14	5.62	34.48	67.70	1	37.30
1312.779	12.98	3.90	50.61	6.14	5.56	34.16	67.50	1	37.30
1312.839	13.05	3.89	50.79	6.15	5.65	34.75	68.40	1	37.40
1312.943	13.07	3.89	50.85	6.16	5.63	34.69	68.20	1	37.40
1313.088	12.99	3.91	50.85	6.17	5.52	34.10	67.10	1	37.40
1313.148	12.97	3.90	50.62	6.17	5.62	34.69	68.50	1	37.30
1313.252	13.16	3.85	50.63	6.20	5.58	34.62	68.40	1	37.10
1313.397	13.23	3.82	50.54	6.24	5.53	34.54	68.30	1	37.00
1313.457	13.23	3.84	50.81	6.20	5.57	34.50	67.90	1	37.00
1313.561	13.39	3.78	50.66	6.21	5.51	34.22	67.50	1	36.80
1313.706	13.43	3.79	50.87	6.18	5.63	34.78	68.40	1	36.80
1313.766	13.36	3.79	50.71	6.13	5.69	34.86	68.70	1	36.70
1313.870	13.33	3.78	50.33	6.15	5.62	34.59	68.70	1	36.80
1314.015	13.35	3.76	50.21	6.15	5.61	34.51	68.70	1	36.80
1314.075	13.42	3.77	50.59	6.16	5.61	34.58	68.40	1	37.00
1314.179	13.33	3.82	50.88	6.14	5.61	34.48	67.80	1	37.10
1314.324	13.31	3.79	50.41	6.23	5.59	34.81	69.10	1	37.10
1314.384	13.30	3.80	50.57	6.21	5.55	34.45	68.10	1	37.10
1314.488	13.00	3.87	50.26	6.17	5.61	34.65	68.90	1	37.30
1314.633	13.07	3.86	50.53	6.17	5.63	34.78	68.80	1	37.40
1314.693	13.01	3.89	50.55	6.20	5.56	34.48	68.20	1	37.30
1314.797	12.94	3.89	50.36	6.12	5.68	34.79	69.10	1	37.30
1314.942	12.99	3.87	50.33	6.19	5.60	34.67	68.90	1	37.40
1315.002	12.85	3.88	49.90	6.15	5.63	34.63	69.40	1	37.40
1315.106	12.91	3.90	50.32	6.11	5.70	34.81	69.20	1	37.30
1315.251	13.09	3.84	50.31	6.19	5.60	34.68	68.90	1	37.10
1315.311	13.26	3.82	50.71	6.23	5.57	34.70	68.40	1	37.10
1315.415	13.20	3.83	50.54	6.21	5.58	34.66	68.60	1	37.10
1315.560	13.17	3.82	50.35	6.24	5.59	34.90	69.30	1	37.00
1315.620	13.18	3.81	50.24	6.24	5.55	34.62	68.90	1	37.00
1315.724	13.28	3.80	50.54	6.17	5.61	34.59	68.40	1	37.00
1315.869	13.40	3.78	50.66	6.20	5.61	34.76	68.60	1	37.00
1315.929	13.38	3.79	50.75	6.19	5.59	34.61	68.20	1	37.10
1316.033	13.17	3.81	50.16	6.22	5.56	34.58	68.90	1	37.00
1316.178	13.19	3.81	50.34	6.22	5.57	34.62	68.80	1	37.10
1316.238	13.25	3.79	50.20	6.26	5.48	34.32	68.40	1	37.10
1316.342	13.13	3.84	50.37	6.13	5.62	34.49	68.50	1	37.10
1316.487	13.20	3.84	50.73	6.17	5.64	34.82	68.60	1	37.30
1316.547	13.16	3.87	50.88	6.16	5.60	34.50	67.80	1	37.30
1316.651	13.11	3.88	50.83	6.12	5.60	34.28	67.40	1	37.30
1316.796	13.24	3.83	50.72	6.21	5.63	34.99	69.00	1	37.00
1316.856	13.23	3.85	50.92	6.18	5.63	34.83	68.40	1	37.00
1316.960	13.21	3.84	50.75	6.14	5.65	34.69	68.40	1	37.00
1317.105	13.23	3.83	50.70	6.18	5.63	34.79	68.60	1	37.00
1317.165	13.35	3.80	50.77	6.18	5.61	34.66	68.30	1	36.80
1317.269	13.18	3.82	50.30	6.11	5.69	34.79	69.20	1	37.00
1317.414	13.32	3.79	50.55	6.16	5.60	34.53	68.30	1	36.70
1317.474	13.36	3.77	50.33	6.21	5.53	34.31	68.20	1	36.70
1317.578	13.49	3.74	50.37	6.20	5.55	34.41	68.30	1	36.50
1317.723	13.52	3.77	50.97	6.14	5.67	34.79	68.20	1	36.40
1317.783	13.55	3.74	50.61	6.17	5.60	34.54	68.20	1	36.50
1317.887	13.52	3.73	50.40	6.18	5.51	34.05	67.60	1	36.50
1318.032	13.46	3.75	50.53	6.11	5.64	34.42	68.10	1	36.40
1318.092	13.61	3.70	50.40	6.15	5.58	34.35	68.20	1	36.20
1318.196	13.58	3.70	50.21	6.15	5.49	33.81	67.30	1	36.40
1318.341	13.58	3.76	51.08	6.13	5.66	34.73	68.00	1	36.50
1318.401	13.50	3.76	50.79	6.14	5.59	34.35	67.60	1	36.70
1318.505	13.37	3.77	50.44	6.17	5.52	34.06	67.50	1	36.50
