137.633	35.34	1.71	60.41	3.24	4.98	16.16	26.70	1	30.00
137.778	12.41	4.07	50.56	3.67	4.35	15.96	31.60	1	55.00
137.838	8.91	4.36	38.88	3.37	4.16	14.02	36.10	1	42.50
137.941	9.48	4.54	43.04	3.93	5.54	21.76	50.60	1	32.50
138.085	27.02	3.48	93.93	6.65	8.06	53.60	57.10	1	12.50
138.145	32.68	2.05	66.86	5.50	5.48	30.17	45.10	1	10.00
138.249	33.66	2.56	86.00	6.73	7.30	49.09	57.10	1	25.00
138.393	34.17	2.81	96.07	8.27	7.65	63.29	65.90	1	29.00
138.453	31.75	3.47	110.34	9.09	8.16	74.17	67.20	1	29.00
138.557	27.80	4.15	115.34	9.96	8.13	80.97	70.20	1	33.00
138.702	26.75	4.42	118.16	10.61	7.96	84.46	71.50	1	33.10
138.763	26.49	4.46	118.04	10.65	8.22	87.58	74.20	1	33.30
138.867	26.37	4.48	118.08	10.94	7.80	85.33	72.30	1	33.50
139.012	26.46	4.49	118.77	11.07	7.68	84.97	71.50	1	33.10
139.073	26.44	4.48	118.56	11.05	7.87	86.93	73.30	1	33.10
139.177	26.54	4.48	118.79	11.13	7.63	84.92	71.50	1	33.50
139.322	26.37	4.50	118.66	11.10	7.84	87.08	73.40	1	33.10
139.383	26.61	4.49	119.53	11.15	7.75	86.36	72.20	1	33.00
139.487	26.86	4.47	119.94	11.12	8.00	88.98	74.20	1	32.80
139.632	27.45	4.45	122.05	11.19	7.93	88.71	72.70	1	32.50
139.693	27.58	4.42	121.95	11.25	7.82	88.06	72.20	1	32.40
139.797	27.95	4.40	122.99	11.32	7.73	87.55	71.20	1	32.20
139.942	28.41	4.35	123.58	11.40	7.98	91.01	73.60	1	31.80
140.003	28.73	4.32	124.05	11.43	7.91	90.40	72.90	1	31.80
140.107	29.09	4.28	124.54	11.44	7.99	91.48	73.40	1	31.50
140.252	29.55	4.23	124.93	11.54	7.86	90.75	72.60	1	31.30
140.313	29.41	4.24	124.62	11.45	8.02	91.88	73.70	1	31.50
140.417	29.46	4.26	125.56	11.51	7.86	90.44	72.00	1	31.60
140.562	29.25	4.28	125.21	11.48	7.92	90.94	72.60	1	31.60
140.623	29.33	4.26	124.99	11.51	7.96	91.61	73.30	1	31.50
140.727	29.24	4.27	124.87	11.52	7.98	91.85	73.60	1	31.60
140.872	29.30	4.25	124.55	11.50	7.96	91.61	73.60	1	31.50
140.933	29.54	4.23	125.01	11.54	8.05	92.92	74.30	1	31.50
141.037	29.32	4.25	124.57	11.49	8.03	92.29	74.10	1	31.60
141.182	29.38	4.25	124.89	11.56	7.89	91.18	73.00	1	31.50
141.243	29.50	4.24	125.18	11.52	7.94	91.54	73.10	1	31.30
141.347	29.96	4.19	125.47	11.57	8.00	92.54	73.80	1	31.20
141.492	30.08	4.18	125.74	11.54	7.97	91.96	73.10	1	31.20
141.553	29.79	4.20	125.21	11.51	7.90	90.90	72.60	1	31.20
141.657	29.89	4.18	125.06	11.62	7.73	89.85	71.80	1	31.30
141.802	29.79	4.20	125.21	11.62	7.94	92.27	73.70	1	31.30
141.863	29.71	4.21	125.09	11.57	7.92	91.67	73.30	1	31.50
141.967	29.72	4.21	125.21	11.63	7.80	90.70	72.40	1	31.50
142.112	29.45	4.27	125.67	11.62	7.93	92.12	73.30	1	31.60
142.173	29.37	4.27	125.30	11.55	7.93	91.67	73.20	1	31.60
142.277	29.34	4.27	125.29	11.59	7.83	90.74	72.40	1	31.60
142.422	29.69	4.24	125.95	11.57	7.96	92.13	73.10	1	31.50
142.483	29.63	4.24	125.72	11.58	7.92	91.62	72.90	1	31.30
142.587	29.71	4.23	125.74	11.64	7.84	91.32	72.60	1	31.50
142.732	29.79	4.22	125.75	11.60	7.90	91.66	72.90	1	31.50
142.793	29.51	4.23	124.95	11.57	7.91	91.51	73.20	1	31.50
142.897	29.67	4.21	125.04	11.64	7.93	92.32	73.80	1	31.20
143.042	29.90	4.19	125.13	11.69	7.86	91.84	73.40	1	31.30
143.103	29.75	4.20	124.87	11.57	7.93	91.78	73.50	1	31.20
143.207	29.90	4.18	125.02	11.57	8.08	93.46	74.80	1	31.20
143.352	29.98	4.18	125.29	11.63	7.88	91.67	73.20	1	31.20
143.413	30.02	4.18	125.55	11.59	7.93	91.88	73.20	1	31.00
143.517	30.20	4.16	125.61	11.58	7.97	92.32	73.50	1	30.90
143.662	30.58	4.10	125.55	11.60	7.95	92.17	73.40	1	30.70
143.723	30.56	4.11	125.67	11.58	7.88	91.24	72.60	1	30.90
143.827	30.44	4.11	125.05	11.61	7.87	91.30	73.00	1	30.70
143.972	30.54	4.11	125.44	11.58	7.91	91.63	73.00	1	30.90
144.033	30.39	4.14	125.81	11.55	7.88	91.00	72.30	1	31.00
144.137	30.31	4.14	125.41	11.57	7.85	90.79	72.40	1	30.90
144.282	30.30	4.10	124.36	11.61	7.94	92.15	74.10	1	31.00
144.343	30.25	4.13	125.09	11.55	7.97	92.12	73.60	1	31.00
144.447	30.19	4.16	125.46	11.65	7.77	90.55	72.20	1	31.30
144.592	30.11	4.16	125.35	11.59	7.99	92.57	73.90	1	31.00
144.653	30.19	4.18	126.21	11.59	7.93	91.95	72.90	1	30.90
144.757	30.44	4.12	125.49	11.63	7.89	91.73	73.10	1	30.90
144.902	30.27	4.14	125.21	11.57	7.97	92.26	73.70	1	30.90
144.963	30.43	4.13	125.66	11.54	7.92	91.38	72.70	1	30.70
145.067	30.57	4.08	124.74	11.59	7.94	91.97	73.70	1	30.70
145.212	30.26	4.12	124.58	11.63	7.87	91.50	73.50	1	30.90
145.273	30.38	4.11	124.89	11.63	7.81	90.80	72.70	1	30.70
145.377	30.59	4.09	125.18	11.54	8.03	92.73	74.10	1	30.60
145.522	30.68	4.07	124.83	11.53	8.05	92.77	74.30	1	30.70
145.583	30.79	4.06	124.94	11.59	7.82	90.69	72.60	1	30.60
145.687	30.79	4.05	124.73	11.60	7.81	90.56	72.60	1	30.40
145.832	30.81	4.06	125.11	11.55	7.93	91.58	73.20	1	30.70
145.893	30.77	4.06	124.92	11.55	8.02	92.62	74.10	1	30.70
145.997	30.68	4.08	125.15	11.57	7.84	90.68	72.50	1	30.90
146.142	30.41	4.15	126.16	11.56	7.79	90.01	71.30	1	31.00
146.203	30.38	4.15	126.18	11.63	7.73	89.92	71.30	1	31.20
146.307	30.04	4.18	125.51	11.59	7.96	92.26	73.50	1	31.20
146.452	30.21	4.16	125.78	11.61	7.89	91.66	72.90	1	30.90
146.513	30.44	4.13	125.57	11.57	8.10	93.73	74.60	1	30.90
146.617	30.33	4.13	125.33	11.60	7.88	91.39	72.90	1	30.90
146.762	30.42	4.11	125.15	11.67	7.78	90.76	72.50	1	31.00
146.823	30.16	4.16	125.33	11.65	7.80	90.88	72.50	1	31.20
146.927	30.19	4.16	125.66	11.61	7.83	90.95	72.40	1	31.20
147.072	30.00	4.20	125.92	11.65	7.86	91.64	72.80	1	31.30
147.133	29.98	4.21	126.33	11.57	8.05	93.20	73.80	1	31.50
147.237	29.77	4.22	125.61	11.66	7.91	92.23	73.40	1	31.50
147.382	29.69	4.24	125.94	11.63	7.90	91.81	72.90	1	31.80
147.443	29.37	4.27	125.31	11.60	7.74	89.76	71.60	1	31.80
147.547	29.39	4.27	125.43	11.62	7.77	90.29	72.00	1	31.60
147.692	29.40	4.27	125.68	11.55	7.98	92.23	73.40	1	31.80
147.753	29.21	4.29	125.30	11.54	7.96	91.90	73.30	1	31.90
147.857	29.18	4.30	125.48	11.61	7.86	91.18	72.70	1	31.90
148.002	29.06	4.31	125.26	11.60	7.79	90.27	72.10	1	31.90
148.063	28.99	4.30	124.76	11.61	7.82	90.72	72.70	1	31.90
148.167	28.88	4.33	124.96	11.58	8.00	92.62	74.10	1	32.10
148.312	29.03	4.32	125.39	11.55	8.04	92.84	74.00	1	31.80
148.373	29.19	4.30	125.52	11.61	7.95	92.29	73.50	1	31.80
148.477	28.96	4.29	124.36	11.60	7.77	90.10	72.40	1	31.90
148.622	29.30	4.29	125.78	11.57	7.95	92.02	73.20	1	31.50
148.683	29.63	4.24	125.76	11.69	7.85	91.76	73.00	1	31.50
148.787	29.56	4.25	125.58	11.64	7.82	90.99	72.50	1	31.60
148.932	29.53	4.26	125.75	11.68	7.63	89.11	70.90	1	31.60
148.993	29.39	4.27	125.63	11.65	7.73	90.02	71.70	1	31.60
149.097	29.48	4.25	125.27	11.62	7.83	91.07	72.70	1	31.60
149.242	29.62	4.26	126.21	11.65	7.94	92.49	73.30	1	31.80
149.303	29.27	4.30	126.00	11.62	7.97	92.63	73.50	1	31.90
149.407	29.26	4.30	125.96	11.62	7.89	91.63	72.80	1	31.90
149.552	29.14	4.30	125.38	11.57	8.09	93.62	74.70	1	31.80
149.613	29.10	4.31	125.40	11.58	7.92	91.69	73.10	1	31.60
149.717	29.42	4.26	125.48	11.59	7.95	92.12	73.40	1	31.60
149.862	29.40	4.28	125.71	11.58	7.92	91.70	72.90	1	31.80
149.923	29.22	4.29	125.24	11.67	7.70	89.90	71.80	1	31.90
150.027	29.19	4.29	125.30	11.60	7.87	91.33	72.90	1	31.60
150.172	29.40	4.27	125.51	11.63	7.87	91.55	72.90	1	31.60
150.233	29.48	4.26	125.65	11.63	7.91	92.01	73.20	1	31.60
150.337	29.53	4.25	125.45	11.57	8.06	93.28	74.40	1	31.50
150.482	29.48	4.24	124.97	11.61	7.93	92.05	73.70	1	31.60
150.543	29.52	4.24	125.29	11.63	7.93	92.21	73.60	1	31.80
150.647	29.24	4.28	125.25	11.60	7.84	90.96	72.60	1	31.80
150.792	29.17	4.31	125.84	11.60	7.76	89.97	71.50	1	31.90
150.853	28.93	4.31	124.80	11.53	7.98	92.00	73.70	1	31.90
150.957	29.25	4.30	125.66	11.60	7.95	92.19	73.40	1	31.60
151.102	29.54	4.26	125.94	11.70	7.89	92.32	73.30	1	31.30
151.163	29.78	4.24	126.29	11.60	8.02	92.97	73.60	1	31.20
151.267	29.96	4.19	125.52	11.63	8.09	94.17	75.00	1	31.30
151.412	30.29	4.15	125.70	11.72	7.82	91.66	72.90	1	31.00
151.473	30.22	4.16	125.75	11.63	7.91	91.99	73.20	1	31.20
151.577	30.38	4.14	125.78	11.70	7.90	92.48	73.50	1	31.30
151.722	29.93	4.19	125.26	11.59	7.95	92.13	73.50	1	31.20
151.783	30.03	4.18	125.43	11.63	7.89	91.82	73.20	1	31.00
151.887	30.28	4.15	125.70	11.62	7.86	91.35	72.70	1	30.90
152.032	30.27	4.12	124.79	11.66	7.79	90.83	72.80	1	31.00
152.093	30.31	4.10	124.26	11.66	7.75	90.35	72.70	1	30.90
152.197	30.25	4.14	125.23	11.69	7.76	90.71	72.40	1	31.20
152.342	30.07	4.16	125.11	11.64	7.86	91.53	73.20	1	31.00
152.403	30.31	4.15	125.75	11.66	7.92	92.34	73.40	1	30.90
152.507	30.40	4.12	125.33	11.63	7.91	91.99	73.40	1	31.00
152.652	30.36	4.12	125.23	11.67	7.79	90.92	72.60	1	30.90
152.713	30.62	4.10	125.53	11.70	7.80	91.32	72.80	1	30.70
152.817	30.63	4.08	125.11	11.61	7.92	92.00	73.50	1	30.60
152.962	30.81	4.05	124.83	11.59	7.98	92.44	74.10	1	30.60
153.023	30.95	4.03	124.79	11.66	7.82	91.20	73.10	1	30.60
153.127	30.78	4.04	124.42	11.54	7.92	91.40	73.50	1	30.30
153.272	30.87	4.03	124.44	11.52	7.93	91.43	73.50	1	30.60
153.333	30.89	4.03	124.54	11.58	7.90	91.43	73.40	1	30.60
153.437	30.77	4.04	124.21	11.57	7.92	91.64	73.80	1	30.60
153.582	31.01	4.02	124.73	11.57	7.90	91.42	73.30	1	30.30
153.643	31.10	4.00	124.45	11.59	7.83	90.74	72.90	1	30.30
153.747	31.03	4.02	124.78	11.58	7.88	91.23	73.10	1	30.60
153.892	31.01	4.01	124.38	11.65	7.78	90.66	72.90	1	30.40
153.953	30.93	4.04	124.91	11.60	7.80	90.51	72.50	1	30.30
154.057	31.14	3.99	124.27	11.56	7.89	91.27	73.40	1	30.30
154.202	31.27	4.01	125.26	11.59	7.95	92.14	73.60	1	30.60
154.263	30.95	4.03	124.84	11.63	7.79	90.64	72.60	1	30.70
154.367	30.71	4.06	124.69	11.66	7.73	90.15	72.30	1	30.60
154.512	30.69	4.08	125.16	11.64	7.88	91.70	73.30	1	30.90
154.573	30.48	4.10	125.01	11.58	7.93	91.79	73.40	1	30.90
154.677	30.54	4.11	125.41	11.59	8.09	93.72	74.70	1	31.00
154.822	30.38	4.12	125.18	11.66	7.96	92.77	74.10	1	31.00
154.883	30.32	4.14	125.58	11.61	8.00	92.89	74.00	1	31.00
154.987	30.33	4.13	125.13	11.68	7.88	92.11	73.60	1	31.00
155.132	30.13	4.17	125.50	11.66	7.87	91.74	73.10	1	31.20
155.193	30.19	4.15	125.32	11.62	7.94	92.31	73.70	1	31.20
155.297	30.05	4.16	125.06	11.57	8.14	94.17	75.30	1	31.20
155.442	29.91	4.21	126.01	11.67	7.94	92.70	73.60	1	31.50
155.503	29.82	4.22	125.84	11.71	7.90	92.49	73.50	1	31.60
155.607	29.58	4.24	125.42	11.61	7.97	92.55	73.80	1	31.50
155.752	29.48	4.25	125.44	11.59	8.02	92.88	74.00	1	31.80
155.813	29.51	4.25	125.40	11.64	8.04	93.53	74.60	1	31.60
155.917	29.28	4.28	125.17	11.61	7.85	91.14	72.80	1	31.60
156.062	29.61	4.26	126.04	11.70	7.79	91.06	72.20	1	31.60
156.123	29.37	4.29	125.99	11.68	7.74	90.47	71.80	1	31.80
156.227	29.29	4.28	125.22	11.65	7.70	89.73	71.70	1	31.60
156.372	29.41	4.26	125.16	11.61	7.94	92.22	73.70	1	31.60
156.433	29.38	4.27	125.39	11.61	7.97	92.54	73.80	1	31.50
156.537	29.55	4.25	125.49	11.66	7.89	91.97	73.30	1	31.30
156.682	29.90	4.20	125.45	11.58	8.08	93.57	74.60	1	31.50
156.743	29.59	4.22	125.00	11.59	8.00	92.68	74.10	1	31.30
156.847	29.74	4.20	124.94	11.67	7.87	91.80	73.50	1	31.30
156.992	30.04	4.19	125.94	11.71	7.67	89.79	71.30	1	31.20
157.053	30.21	4.15	125.50	11.73	7.68	90.10	71.80	1	31.00
157.157	30.34	4.14	125.76	11.67	7.83	91.39	72.70	1	31.00
157.302	30.28	4.15	125.65	11.64	7.78	90.59	72.10	1	31.20
157.363	30.30	4.15	125.74	11.68	7.81	91.24	72.60	1	31.20
157.467	29.97	4.19	125.65	11.65	7.87	91.72	73.00	1	31.20
157.612	30.38	4.16	126.29	11.60	7.97	92.43	73.20	1	31.00
157.673	30.30	4.14	125.40	11.68	7.91	92.40	73.70	1	31.20
157.777	30.20	4.15	125.44	11.62	7.85	91.24	72.70	1	31.20
157.922	30.15	4.17	125.75	11.74	7.71	90.49	72.00	1	31.20
157.983	29.90	4.20	125.54	11.70	7.72	90.36	72.00	1	31.30
158.087	29.90	4.20	125.59	11.62	7.87	91.45	72.80	1	31.30
158.232	30.14	4.19	126.20	11.68	7.90	92.22	73.10	1	31.00
158.293	30.06	4.18	125.75	11.63	7.89	91.79	73.00	1	31.00
158.397	30.28	4.15	125.54	11.59	8.10	93.88	74.80	1	31.00
158.542	30.37	4.12	125.13	11.66	7.85	91.59	73.20	1	31.00
158.603	30.27	4.14	125.31	11.61	7.85	91.22	72.80	1	31.00
158.707	30.31	4.14	125.43	11.71	7.64	89.38	71.30	1	30.90
158.852	30.21	4.14	125.18	11.56	8.10	93.63	74.80	1	31.00
158.913	30.21	4.14	125.11	11.61	7.97	92.51	73.90	1	30.90
159.017	30.44	4.11	125.22	11.63	7.92	92.08	73.50	1	30.90
159.162	30.31	4.12	124.96	11.61	8.08	93.75	75.00	1	31.20
159.223	30.41	4.10	124.80	11.68	7.92	92.53	74.10	1	31.00
159.327	30.25	4.12	124.76	11.74	7.68	90.14	72.20	1	31.20
159.472	30.04	4.17	125.22	11.65	7.95	92.60	74.00	1	31.50
159.533	29.83	4.20	125.34	11.68	7.92	92.48	73.80	1	31.50
159.637	29.41	4.25	124.99	11.64	7.86	91.43	73.10	1	31.50
159.782	29.79	4.23	126.15	11.74	7.62	89.41	70.90	1	31.30
159.843	29.77	4.23	126.01	11.70	7.66	89.65	71.10	1	31.20
159.947	29.85	4.20	125.51	11.72	7.62	89.37	71.20	1	31.30
160.092	29.89	4.20	125.41	11.70	7.80	91.22	72.70	1	31.30
160.153	29.84	4.23	126.19	11.65	7.83	91.23	72.30	1	31.30
160.257	29.83	4.21	125.65	11.69	7.84	91.63	72.90	1	31.30
160.402	29.73	4.21	125.14	11.65	7.86	91.53	73.10	1	31.50
160.463	29.83	4.20	125.39	11.70	7.85	91.80	73.20	1	31.60
160.567	29.66	4.23	125.44	11.61	7.83	90.89	72.50	1	31.50
160.712	29.93	4.20	125.57	11.65	7.79	90.72	72.20	1	31.30
160.773	29.96	4.19	125.39	11.69	7.72	90.32	72.00	1	31.50
160.877	29.77	4.21	125.21	11.67	7.69	89.78	71.70	1	31.30
161.022	30.17	4.17	125.72	11.74	7.69	90.20	71.70	1	31.20
161.083	30.20	4.17	125.80	11.66	7.83	91.30	72.60	1	31.00
161.187	30.20	4.15	125.28	11.67	7.77	90.63	72.30	1	31.20
161.332	30.38	4.13	125.54	11.69	7.79	91.06	72.50	1	30.90
161.393	30.38	4.13	125.43	11.67	7.68	89.62	71.50	1	30.70
161.497	30.65	4.09	125.34	11.72	7.75	90.78	72.40	1	30.70
161.642	30.48	4.09	124.73	11.69	7.98	93.30	74.80	1	30.70
161.703	30.77	4.06	125.06	11.69	8.01	93.61	74.80	1	30.70
161.807	30.84	4.05	124.83	11.61	8.09	93.96	75.30	1	30.60
161.952	30.72	4.06	124.76	11.63	7.86	91.37	73.20	1	30.70
162.013	30.68	4.06	124.53	11.68	7.82	91.38	73.40	1	30.90
162.117	30.51	4.11	125.41	11.68	7.65	89.30	71.20	1	31.00
162.262	30.28	4.13	125.01	11.70	7.63	89.31	71.40	1	31.00
162.323	30.31	4.13	125.04	11.68	7.66	89.47	71.60	1	30.90
162.427	30.61	4.09	125.12	11.69	7.79	91.01	72.70	1	30.70
162.572	30.58	4.11	125.61	11.64	7.91	92.02	73.30	1	31.00
162.633	30.43	4.13	125.69	11.61	7.94	92.23	73.40	1	31.20
162.737	30.38	4.14	125.86	11.59	8.10	93.96	74.60	1	31.20
162.882	30.13	4.19	126.17	11.63	7.93	92.24	73.10	1	31.20
162.943	30.13	4.19	126.23	11.71	7.82	91.56	72.50	1	31.30
163.047	29.93	4.22	126.19	11.65	7.89	91.93	72.90	1	31.30
163.192	30.17	4.19	126.38	11.57	8.05	93.06	73.60	1	31.00
163.253	30.22	4.18	126.18	11.55	8.13	93.92	74.40	1	30.90
163.357	30.36	4.14	125.71	11.62	7.73	89.87	71.50	1	31.00
163.502	30.36	4.11	124.78	11.69	7.80	91.24	73.10	1	30.90
163.563	30.35	4.11	124.85	11.65	7.91	92.17	73.80	1	30.90
163.667	30.73	4.09	125.76	11.66	7.94	92.54	73.60	1	30.90
163.812	30.73	4.07	125.16	11.64	7.86	91.46	73.10	1	31.00
163.873	30.43	4.09	124.46	11.73	7.80	91.50	73.50	1	31.00
163.977	30.43	4.12	125.24	11.63	7.94	92.29	73.70	1	30.70
164.122	30.85	4.07	125.56	11.60	7.83	90.84	72.40	1	30.40
164.183	30.85	4.05	125.06	11.63	7.91	92.02	73.60	1	30.60
164.287	30.82	4.06	125.14	11.58	7.90	91.45	73.10	1	30.60
164.432	30.90	4.03	124.40	11.60	7.81	90.61	72.80	1	30.60
164.493	30.86	4.04	124.57	11.58	7.83	90.69	72.80	1	30.40
164.597	30.95	4.04	124.92	11.65	7.70	89.72	71.80	1	30.70
164.742	30.63	4.10	125.62	11.65	7.76	90.42	72.00	1	30.90
164.803	30.56	4.10	125.22	11.68	7.62	89.02	71.10	1	31.00
164.907	30.32	4.14	125.41	11.69	7.70	90.00	71.80	1	31.00
165.052	30.44	4.13	125.55	11.65	7.77	90.46	72.10	1	30.90
165.113	30.66	4.09	125.45	11.70	7.68	89.85	71.60	1	30.70
165.217	30.69	4.10	125.87	11.62	7.72	89.74	71.30	1	30.60
165.362	30.70	4.07	124.88	11.57	7.90	91.38	73.20	1	30.60
165.423	30.74	4.06	124.80	11.54	8.02	92.50	74.10	1	30.70
165.527	30.56	4.10	125.39	11.62	7.91	91.93	73.30	1	30.90
165.672	30.34	4.14	125.62	11.67	7.76	90.54	72.10	1	30.90
165.733	30.26	4.15	125.54	11.65	7.82	91.16	72.60	1	30.90
165.837	30.33	4.13	125.27	11.65	7.79	90.81	72.50	1	30.90
165.982	30.46	4.12	125.49	11.62	7.90	91.72	73.10	1	30.90
166.043	30.49	4.13	126.04	11.60	7.86	91.19	72.40	1	30.90
166.147	30.36	4.14	125.56	11.65	7.88	91.74	73.10	1	30.90
166.292	30.19	4.16	125.59	11.60	8.01	92.88	74.00	1	31.00
166.353	30.31	4.16	126.13	11.63	8.02	93.21	73.90	1	31.20
166.457	30.04	4.20	126.18	11.54	8.07	93.15	73.80	1	31.30
166.602	29.89	4.20	125.43	11.67	7.71	90.02	71.80	1	31.20
166.663	29.88	4.20	125.59	11.67	7.72	90.06	71.70	1	31.20
166.767	30.03	4.18	125.51	11.68	7.70	89.93	71.70	1	31.20
166.912	30.26	4.14	125.42	11.67	7.90	92.25	73.60	1	31.00
166.973	30.20	4.15	125.29	11.65	7.72	89.97	71.80	1	31.20
167.077	30.19	4.16	125.55	11.70	7.74	90.60	72.20	1	31.00
167.222	30.33	4.15	125.73	11.62	7.99	92.82	73.80	1	31.00
167.283	30.29	4.14	125.51	11.61	8.08	93.82	74.70	1	31.20
167.387	30.13	4.17	125.55	11.54	8.13	93.85	74.70	1	31.20
167.532	29.90	4.21	125.79	11.61	7.87	91.29	72.60	1	31.30
167.593	29.92	4.21	126.05	11.62	7.99	92.83	73.60	1	31.30
167.697	29.92	4.20	125.52	11.56	8.05	93.02	74.10	1	31.20
167.842	29.95	4.18	125.07	11.73	7.77	91.15	72.90	1	31.30
167.903	29.82	4.21	125.57	11.69	7.78	91.02	72.50	1	31.30
168.007	29.97	4.20	125.91	11.73	7.89	92.61	73.60	1	31.30
168.152	29.86	4.20	125.56	11.62	7.90	91.87	73.20	1	31.30
168.213	29.96	4.17	125.08	11.66	7.83	91.31	73.00	1	31.30
168.317	29.70	4.20	124.78	11.62	7.81	90.70	72.70	1	31.60
168.462	29.65	4.22	125.19	11.67	7.71	90.01	71.90	1	31.30
168.523	29.86	4.19	125.25	11.76	7.73	90.88	72.60	1	31.20
168.627	29.89	4.20	125.59	11.67	7.85	91.57	72.90	1	31.30
168.772	30.03	4.20	126.03	11.59	8.11	93.92	74.50	1	31.30
168.833	30.12	4.19	126.30	11.55	8.14	94.00	74.40	1	31.20
168.937	30.35	4.14	125.63	11.61	8.17	94.92	75.60	1	31.20
169.082	30.24	4.16	125.91	11.61	8.01	93.01	73.90	1	31.20
169.143	30.21	4.17	126.04	11.63	7.86	91.35	72.50	1	31.20
169.247	30.11	4.18	125.77	11.63	7.94	92.39	73.50	1	31.20
169.392	30.11	4.17	125.42	11.68	7.87	91.91	73.30	1	31.00
169.453	30.23	4.15	125.34	11.72	7.79	91.27	72.80	1	30.90
169.557	30.39	4.12	125.12	11.66	7.84	91.42	73.10	1	31.00
169.702	30.31	4.15	125.66	11.60	7.96	92.38	73.50	1	31.20
169.763	30.31	4.14	125.53	11.64	7.97	92.81	73.90	1	31.20
169.867	30.13	4.17	125.51	11.67	7.73	90.19	71.90	1	31.00
170.012	30.20	4.15	125.23	11.73	7.64	89.60	71.50	1	31.30
170.073	30.02	4.18	125.45	11.65	7.78	90.59	72.20	1	31.50
170.177	29.68	4.22	125.18	11.72	7.72	90.50	72.30	1	31.60
170.322	29.83	4.21	125.65	11.73	7.70	90.32	71.90	1	31.30
170.383	29.83	4.22	125.89	11.67	7.74	90.36	71.80	1	31.30
170.487	30.01	4.19	125.76	11.67	7.72	90.11	71.70	1	31.50
170.632	29.64	4.24	125.67	11.55	8.11	93.70	74.60	1	31.50
170.693	29.77	4.23	125.84	11.63	7.97	92.72	73.70	1	31.30
170.797	29.86	4.21	125.68	11.66	8.02	93.49	74.40	1	31.30
170.942	29.66	4.22	125.12	11.67	7.88	91.99	73.50	1	31.30
171.003	29.86	4.20	125.28	11.70	7.89	92.28	73.70	1	31.30
171.107	29.96	4.19	125.43	11.61	8.05	93.49	74.50	1	31.30
171.252	30.17	4.18	125.98	11.68	7.94	92.69	73.60	1	31.00
171.313	30.18	4.15	125.30	11.72	7.96	93.29	74.50	1	31.20
171.417	30.03	4.16	124.92	11.68	7.75	90.48	72.40	1	31.00
171.562	30.47	4.11	125.20	11.72	7.58	88.77	70.90	1	31.00
171.623	30.37	4.12	125.09	11.68	7.64	89.23	71.30	1	31.20
171.727	30.41	4.12	125.34	11.71	7.73	90.54	72.20	1	31.20
171.872	30.33	4.14	125.49	11.71	7.82	91.55	73.00	1	31.00
171.933	30.07	4.16	125.17	11.67	7.78	90.72	72.50	1	31.00
172.037	30.25	4.13	124.83	11.71	7.70	90.20	72.30	1	31.00
172.182	30.23	4.14	125.09	11.56	8.01	92.54	74.00	1	30.90
172.243	30.48	4.11	125.19	11.58	8.03	92.98	74.30	1	30.90
172.347	30.45	4.12	125.38	11.57	8.14	94.15	75.10	1	30.90
172.492	30.44	4.12	125.43	11.65	7.93	92.39	73.70	1	30.90
172.553	30.62	4.10	125.41	11.63	8.08	93.97	74.90	1	30.90
172.657	30.58	4.08	124.77	11.60	8.01	92.94	74.50	1	30.70
172.802	30.87	4.06	125.27	11.57	7.93	91.73	73.20	1	30.70
172.863	30.85	4.04	124.48	11.63	7.85	91.22	73.30	1	30.60
172.967	30.79	4.07	125.17	11.58	7.85	90.94	72.70	1	30.70
173.112	30.51	4.11	125.50	11.56	7.98	92.29	73.50	1	31.00
173.173	30.52	4.12	125.60	11.64	7.94	92.41	73.60	1	31.00
173.277	30.35	4.12	125.06	11.60	7.91	91.71	73.30	1	30.90
173.422	30.51	4.10	124.96	11.71	7.65	89.56	71.70	1	30.90
173.483	30.36	4.11	124.79	11.59	7.93	91.96	73.70	1	30.90
173.587	30.40	4.10	124.64	11.62	7.84	91.15	73.10	1	30.70
173.732	30.83	4.06	125.25	11.60	8.04	93.31	74.50	1	30.60
173.793	30.87	4.05	125.06	11.61	7.89	91.58	73.20	1	30.40
173.897	30.87	4.04	124.70	11.66	7.76	90.46	72.50	1	30.60
174.042	30.91	4.03	124.53	11.60	7.76	90.00	72.30	1	30.40
174.103	30.87	4.03	124.31	11.53	7.94	91.60	73.70	1	30.40
174.207	31.03	4.01	124.54	11.61	7.79	90.44	72.60	1	30.40
174.352	31.06	4.00	124.30	11.58	7.80	90.32	72.70	1	30.40
174.413	30.87	4.04	124.64	11.53	7.90	91.10	73.10	1	30.60
174.517	30.92	4.03	124.57	11.64	7.81	90.93	73.00	1	30.60
174.662	30.98	4.02	124.45	11.62	7.81	90.70	72.90	1	30.30
174.723	30.87	4.02	124.21	11.57	7.87	91.00	73.30	1	30.30
174.827	30.97	4.02	124.47	11.56	7.90	91.34	73.40	1	30.60
174.972	30.87	4.03	124.42	11.61	7.83	90.88	73.00	1	30.60
175.033	30.80	4.05	124.80	11.54	7.87	90.88	72.80	1	30.60
175.137	30.68	4.08	125.05	11.62	7.86	91.30	73.00	1	30.70
175.282	30.72	4.06	124.82	11.54	7.96	91.83	73.60	1	30.60
175.343	30.78	4.07	125.30	11.57	7.85	90.81	72.50	1	30.60
175.447	30.89	4.02	124.08	11.56	7.96	92.08	74.20	1	30.60
175.592	30.62	4.07	124.52	11.59	7.87	91.26	73.30	1	30.60
175.653	30.71	4.06	124.56	11.58	7.82	90.53	72.70	1	30.70
175.757	30.59	4.10	125.27	11.55	8.05	92.93	74.20	1	30.90
175.902	30.31	4.15	125.68	11.60	7.85	91.07	72.50	1	30.90
175.963	30.39	4.12	125.35	11.61	7.92	92.03	73.40	1	30.70
176.067	30.48	4.11	125.11	11.54	8.06	93.05	74.40	1	30.90
176.212	30.54	4.11	125.54	11.60	7.85	91.06	72.50	1	30.60
176.273	30.66	4.06	124.51	11.61	7.90	91.70	73.60	1	30.70
176.377	30.55	4.09	125.08	11.54	8.00	92.37	73.90	1	30.70
176.522	30.39	4.13	125.51	11.66	7.72	90.00	71.70	1	31.00
176.583	30.09	4.17	125.40	11.63	7.78	90.48	72.20	1	31.20
176.687	29.97	4.16	124.58	11.62	7.68	89.28	71.70	1	31.00
176.832	30.15	4.17	125.83	11.67	7.82	91.18	72.50	1	31.30
176.893	29.96	4.21	126.14	11.60	7.84	90.98	72.10	1	31.30
176.997	29.91	4.21	125.88	11.70	7.75	90.64	72.00	1	31.30
177.142	29.65	4.24	125.71	11.67	7.63	89.13	70.90	1	31.30
177.203	29.87	4.21	125.66	11.72	7.62	89.34	71.10	1	31.20
177.307	29.75	4.21	125.23	11.71	7.70	90.15	72.00	1	31.30
177.452	29.79	4.23	125.89	11.67	7.76	90.57	71.90	1	31.50
177.513	29.63	4.23	125.29	11.71	7.68	89.94	71.80	1	31.60
177.617	29.39	4.26	125.12	11.68	7.76	90.66	72.50	1	31.60
177.762	29.42	4.24	124.70	11.68	7.74	90.40	72.50	1	31.50
177.823	29.37	4.24	124.55	11.59	7.89	91.42	73.40	1	31.30
177.927	29.83	4.21	125.61	11.57	7.97	92.19	73.40	1	31.20
178.072	29.99	4.19	125.64	11.62	7.97	92.64	73.70	1	31.20
178.133	29.76	4.23	125.74	11.59	7.96	92.23	73.30	1	31.30
178.237	29.69	4.23	125.60	11.67	7.81	91.13	72.60	1	31.20
178.382	29.90	4.21	125.85	11.59	7.98	92.41	73.40	1	31.20
178.443	29.91	4.21	125.81	11.62	7.88	91.49	72.70	1	31.20
178.547	29.85	4.19	125.11	11.59	7.98	92.42	73.90	1	31.20
178.692	29.61	4.24	125.54	11.63	7.83	91.08	72.50	1	31.50
178.753	29.59	4.24	125.55	11.69	7.75	90.64	72.20	1	31.50
178.857	29.48	4.26	125.48	11.62	7.84	91.06	72.60	1	31.50
179.002	29.51	4.26	125.69	11.68	7.78	90.87	72.30	1	31.60
179.063	29.33	4.26	124.88	11.66	7.86	91.63	73.40	1	31.60
179.167	29.47	4.26	125.43	11.63	7.79	90.63	72.30	1	31.30
179.312	29.67	4.24	125.68	11.61	7.93	92.09	73.30	1	31.60
179.373	29.45	4.26	125.54	11.50	8.08	92.96	74.00	1	31.80
179.477	29.40	4.27	125.57	11.51	8.20	94.44	75.20	1	31.80
179.622	29.21	4.30	125.50	11.53	8.10	93.42	74.40	1	31.80
179.683	29.10	4.30	125.19	11.55	7.93	91.56	73.10	1	31.80
179.787	29.28	4.28	125.29	11.63	7.89	91.73	73.20	1	31.60
179.932	29.27	4.27	125.07	11.62	7.78	90.36	72.30	1	31.60
179.993	29.35	4.27	125.19	11.67	7.74	90.28	72.10	1	31.80
180.097	29.19	4.28	124.82	11.61	7.76	90.17	72.20	1	31.80
180.242	29.13	4.30	125.25	11.47	8.08	92.66	74.00	1	31.90
180.303	29.03	4.30	124.72	11.58	8.03	92.97	74.50	1	31.90
180.407	28.92	4.32	124.86	11.55	7.92	91.44	73.20	1	31.60
180.552	29.04	4.30	124.77	11.57	7.74	89.52	71.80	1	31.90
180.613	29.00	4.30	124.82	11.49	7.95	91.36	73.20	1	31.90
180.717	28.88	4.32	124.86	11.53	7.91	91.23	73.10	1	31.90
180.862	29.00	4.33	125.46	11.63	7.78	90.48	72.10	1	31.90
180.923	29.01	4.32	125.46	11.52	7.99	92.09	73.40	1	32.10
181.027	29.11	4.30	125.24	11.60	7.97	92.48	73.80	1	31.90
181.172	29.24	4.29	125.47	11.57	7.95	91.89	73.20	1	31.80
181.233	29.11	4.30	125.12	11.54	7.93	91.50	73.10	1	31.80
181.337	29.10	4.29	124.70	11.64	7.75	90.20	72.30	1	31.80
181.482	29.42	4.28	125.84	11.65	7.97	92.82	73.80	1	31.60
181.543	29.44	4.27	125.73	11.59	7.91	91.65	72.90	1	31.50
181.647	29.69	4.22	125.45	11.62	8.01	93.06	74.20	1	31.30
181.792	29.65	4.23	125.50	11.59	7.92	91.75	73.10	1	31.50
181.853	29.70	4.23	125.71	11.62	7.91	91.89	73.10	1	31.50
181.957	29.39	4.25	125.03	11.56	7.94	91.78	73.40	1	31.50
182.102	29.38	4.27	125.43	11.60	7.84	90.93	72.50	1	31.80
182.163	29.35	4.27	125.27	11.63	7.71	89.72	71.60	1	31.60
182.267	29.36	4.26	125.20	11.55	7.85	90.66	72.40	1	31.60
182.412	29.57	4.27	126.13	11.59	8.01	92.92	73.70	1	31.50
182.473	29.58	4.25	125.84	11.60	8.01	92.94	73.90	1	31.30
182.577	29.55	4.25	125.62	11.65	7.81	90.97	72.40	1	31.30
182.722	29.90	4.20	125.71	11.60	7.93	92.06	73.20	1	31.20
182.783	29.95	4.20	125.69	11.53	8.06	92.93	73.90	1	31.20
182.887	30.06	4.18	125.74	11.51	8.20	94.42	75.10	1	31.30
183.032	29.92	4.24	126.76	11.53	8.11	93.57	73.80	1	31.60
183.093	29.56	4.27	126.15	11.55	8.02	92.68	73.50	1	31.80
183.197	29.30	4.27	125.17	11.63	7.94	92.34	73.80	1	31.60
183.342	29.09	4.30	125.07	11.63	7.79	90.61	72.40	1	31.80
183.403	29.06	4.28	124.28	11.65	7.77	90.58	72.90	1	31.80
183.507	29.18	4.27	124.57	11.64	7.72	89.92	72.20	1	31.50
183.652	29.53	4.24	125.22	11.56	8.01	92.57	73.90	1	31.30
183.713	29.77	4.21	125.19	11.59	8.01	92.90	74.20	1	31.30
183.817	29.86	4.21	125.77	11.53	8.15	93.97	74.70	1	31.30
183.962	30.15	4.17	125.84	11.60	7.98	92.53	73.50	1	31.30
184.023	29.82	4.21	125.44	11.59	8.00	92.67	73.90	1	31.50
184.127	29.72	4.21	125.04	11.63	7.93	92.20	73.70	1	31.50
184.272	29.65	4.24	125.68	11.66	7.94	92.56	73.60	1	31.60
184.333	29.31	4.26	125.01	11.60	7.99	92.70	74.20	1	31.50
184.437	29.67	4.24	125.66	11.70	7.82	91.43	72.80	1	31.30
184.582	29.83	4.23	126.08	11.70	7.72	90.39	71.70	1	31.20
184.643	29.94	4.21	125.91	11.72	7.64	89.52	71.10	1	31.20
184.747	30.04	4.19	125.73	11.66	7.79	90.85	72.30	1	31.30
184.892	29.98	4.18	125.46	11.55	7.97	92.10	73.40	1	31.00
184.953	30.26	4.15	125.51	11.60	7.97	92.41	73.60	1	31.00
185.057	30.40	4.14	125.82	11.51	8.08	93.00	73.90	1	30.90
185.202	30.54	4.13	126.02	11.54	8.02	92.55	73.40	1	30.90
185.263	30.40	4.14	125.76	11.52	8.03	92.49	73.50	1	30.90
185.367	30.36	4.12	125.13	11.63	7.77	90.27	72.10	1	30.90
185.512	30.46	4.12	125.44	11.70	7.71	90.21	71.90	1	30.70
185.573	30.38	4.13	125.34	11.63	7.76	90.32	72.10	1	30.70
185.677	30.46	4.11	125.07	11.68	7.75	90.57	72.40	1	30.70
185.822	30.57	4.08	124.75	11.63	7.81	90.86	72.80	1	30.70
185.883	30.68	4.06	124.41	11.65	7.83	91.22	73.30	1	30.90
185.987	30.55	4.09	125.04	11.59	7.96	92.22	73.80	1	30.90
186.132	30.20	4.14	125.05	11.56	8.05	93.08	74.40	1	31.20
186.193	30.18	4.14	124.98	11.60	7.95	92.20	73.80	1	31.20
186.297	30.11	4.14	124.72	11.61	7.85	91.06	73.00	1	31.20
186.442	30.01	4.17	125.19	11.71	7.72	90.39	72.20	1	31.30
186.503	29.93	4.19	125.55	11.70	7.74	90.55	72.10	1	31.50
186.607	29.88	4.20	125.56	11.70	7.94	92.92	74.00	1	31.30
186.752	29.85	4.20	125.50	11.60	8.04	93.26	74.30	1	31.30
186.813	29.86	4.22	125.92	11.65	7.89	91.94	73.00	1	31.30
186.917	29.94	4.20	125.88	11.61	8.06	93.61	74.40	1	31.20
187.062	29.92	4.20	125.71	11.58	7.92	91.68	72.90	1	31.30
187.123	29.94	4.21	126.07	11.65	7.79	90.78	72.00	1	31.50
187.227	29.63	4.23	125.32	11.62	7.88	91.57	73.10	1	31.30
187.372	30.03	4.19	125.69	11.69	7.80	91.18	72.50	1	31.30
187.433	30.00	4.18	125.46	11.69	7.76	90.75	72.30	1	31.20
187.537	30.12	4.17	125.75	11.69	7.93	92.77	73.80	1	31.30
187.682	29.89	4.21	125.71	11.54	8.11	93.59	74.50	1	31.20
187.743	30.02	4.19	125.91	11.57	7.99	92.45	73.40	1	31.20
187.847	30.12	4.17	125.65	11.55	8.04	92.86	73.90	1	31.20
187.992	30.10	4.18	125.79	11.64	7.86	91.51	72.80	1	31.00
188.053	30.22	4.16	125.65	11.67	7.83	91.43	72.80	1	30.90
188.157	30.32	4.13	125.20	11.57	8.01	92.71	74.00	1	30.90
188.302	30.24	4.15	125.51	11.66	7.82	91.19	72.70	1	31.20
188.363	29.91	4.17	124.75	11.63	7.80	90.71	72.70	1	31.20
188.467	30.20	4.16	125.56	11.71	7.61	89.16	71.00	1	30.90
188.612	30.30	4.13	125.08	11.69	7.78	90.93	72.70	1	31.00
188.673	30.25	4.16	125.90	11.63	7.85	91.28	72.50	1	31.20
188.777	30.23	4.16	125.72	11.68	7.91	92.33	73.40	1	31.20
188.922	30.36	4.15	125.87	11.62	7.92	92.06	73.10	1	31.00
188.983	30.48	4.13	125.76	11.63	7.82	90.93	72.30	1	30.90
189.087	30.40	4.14	125.73	11.65	7.74	90.15	71.70	1	31.20
189.232	30.24	4.16	125.81	11.60	7.92	91.89	73.00	1	30.90
189.293	30.41	4.12	125.25	11.57	8.02	92.79	74.10	1	31.00
189.397	30.24	4.15	125.42	11.64	7.85	91.42	72.90	1	31.00
189.542	30.11	4.18	125.80	11.63	7.94	92.36	73.40	1	31.30
189.603	29.89	4.20	125.49	11.58	7.92	91.71	73.10	1	31.30
189.707	29.92	4.20	125.52	11.69	7.80	91.23	72.70	1	31.20
189.852	30.04	4.17	125.33	11.63	7.83	91.07	72.70	1	31.30
189.913	29.99	4.19	125.64	11.65	7.88	91.81	73.10	1	31.30
190.017	29.74	4.24	126.06	11.59	8.00	92.66	73.50	1	31.60
190.162	29.60	4.24	125.53	11.62	7.95	92.41	73.60	1	31.30
190.223	29.69	4.23	125.54	11.64	7.89	91.83	73.10	1	31.30
190.327	29.94	4.19	125.59	11.70	7.71	90.25	71.90	1	31.20
190.472	30.01	4.20	126.07	11.68	7.75	90.52	71.80	1	31.30
190.533	29.78	4.22	125.75	11.67	7.74	90.35	71.80	1	31.50
190.637	29.94	4.20	125.74	11.62	8.02	93.19	74.10	1	31.30
190.782	29.90	4.21	125.79	11.62	7.98	92.74	73.70	1	31.30
190.843	29.98	4.20	125.79	11.61	7.88	91.47	72.70	1	31.50
190.947	29.66	4.23	125.60	11.64	7.86	91.40	72.80	1	31.30
191.092	29.92	4.18	125.14	11.65	7.76	90.47	72.30	1	31.30
191.153	29.82	4.20	125.26	11.65	7.82	91.16	72.80	1	31.30
191.257	29.96	4.19	125.46	11.63	8.03	93.40	74.40	1	31.50
191.402	29.53	4.26	125.91	11.59	8.03	93.11	74.00	1	31.60
191.463	29.47	4.25	125.30	11.60	7.95	92.29	73.70	1	31.50
191.567	29.50	4.26	125.61	11.61	7.83	90.94	72.40	1	31.50
191.712	29.57	4.24	125.30	11.57	7.90	91.38	72.90	1	31.50
191.773	29.65	4.21	124.89	11.63	7.81	90.84	72.70	1	31.30
191.877	29.71	4.23	125.57	11.63	7.80	90.74	72.30	1	31.30
192.022	30.09	4.20	126.38	11.67	7.90	92.14	72.90	1	31.00
192.083	30.16	4.18	126.13	11.59	8.01	92.84	73.60	1	31.00
192.187	30.33	4.14	125.66	11.68	7.85	91.66	72.90	1	31.20
192.332	30.32	4.19	126.90	11.67	7.81	91.10	71.80	1	31.30
192.393	30.15	4.18	125.91	11.73	7.82	91.78	72.90	1	31.50
