811.515	34.41	0.75	25.91	0.93	1.04	0.97	3.80	1	34.80
811.575	21.93	2.59	56.84	2.21	3.24	7.16	12.60	1	49.80
811.678	9.65	4.05	39.12	2.79	3.38	9.43	24.10	1	47.50
811.822	10.41	4.39	45.71	3.94	5.80	22.86	50.00	1	27.50
811.882	15.43	3.96	61.13	4.53	7.26	32.88	53.80	1	25.00
811.986	27.45	2.61	71.66	4.46	7.68	34.30	47.90	1	10.00
812.131	35.66	1.23	43.93	3.60	6.30	22.71	51.70	1	10.00
812.191	36.31	1.23	44.78	3.81	6.63	25.25	56.40	1	14.00
812.295	35.91	1.69	60.59	5.02	7.45	37.42	61.80	1	18.00
812.440	37.30	1.06	39.52	4.35	5.41	23.52	59.50	1	15.00
812.500	34.17	1.93	66.00	5.41	7.02	37.99	57.60	1	30.00
812.604	18.22	3.58	65.22	5.25	5.79	30.39	46.60	1	55.00
812.749	9.59	4.45	42.66	4.46	4.89	21.80	51.10	1	40.00
812.809	10.37	4.46	46.25	4.76	5.51	26.22	56.70	1	32.50
812.912	20.76	3.75	77.92	6.41	7.33	46.99	60.30	1	22.50
813.056	33.98	1.42	48.31	5.26	4.26	22.39	46.30	1	17.50
813.116	32.45	2.16	70.02	6.27	6.15	38.53	55.00	1	25.00
813.220	33.28	2.42	80.53	7.40	7.21	53.38	66.30	1	21.00
813.365	26.84	3.16	84.78	8.38	7.08	59.33	70.00	1	33.00
813.425	24.10	3.30	79.62	8.46	6.40	54.12	68.00	1	29.00
813.529	25.76	3.38	87.11	8.83	7.24	63.90	73.30	1	29.00
813.674	26.89	3.40	91.54	9.39	6.90	64.75	70.70	1	29.30
813.734	26.88	3.40	91.43	9.43	7.03	66.32	72.50	1	29.50
813.838	27.17	3.39	92.14	9.49	7.03	66.74	72.40	1	29.10
813.983	27.68	3.39	93.78	9.68	6.99	67.65	72.10	1	28.80
814.043	28.09	3.37	94.57	9.72	7.04	68.43	72.40	1	28.80
814.147	28.38	3.36	95.32	9.71	7.10	68.97	72.40	1	28.50
814.292	28.74	3.33	95.57	9.79	7.04	68.93	72.10	1	28.40
814.352	28.94	3.31	95.82	9.86	6.98	68.82	71.80	1	28.40
814.456	29.13	3.31	96.35	9.76	7.25	70.73	73.40	1	28.20
814.601	29.60	3.29	97.34	9.72	7.28	70.80	72.70	1	27.90
814.661	29.84	3.26	97.25	9.77	7.36	71.92	74.00	1	27.80
814.765	29.82	3.26	97.08	9.77	7.33	71.62	73.80	1	27.80
814.910	30.12	3.24	97.60	9.84	7.29	71.69	73.50	1	27.50
814.970	30.32	3.22	97.48	9.80	7.32	71.76	73.60	1	27.50
815.074	30.42	3.21	97.58	9.91	7.08	70.12	71.90	1	27.60
815.219	29.97	3.24	97.03	9.87	7.13	70.36	72.50	1	27.90
815.279	29.94	3.24	97.03	9.81	7.29	71.53	73.70	1	27.80
815.383	29.99	3.25	97.40	9.78	7.30	71.41	73.30	1	27.50
815.528	30.64	3.20	97.91	9.83	7.30	71.81	73.30	1	27.20
815.588	30.52	3.19	97.31	9.81	7.20	70.56	72.50	1	27.30
815.692	30.76	3.18	97.75	9.81	7.26	71.16	72.80	1	27.30
815.837	30.72	3.20	98.30	9.84	7.26	71.39	72.60	1	27.30
815.897	30.67	3.20	98.12	9.86	7.19	70.90	72.30	1	27.20
816.001	30.89	3.18	98.08	9.87	7.11	70.16	71.50	1	27.00
816.146	31.29	3.15	98.65	9.86	7.32	72.14	73.10	1	27.00
816.206	31.16	3.17	98.65	9.89	7.18	70.96	71.90	1	26.90
816.310	31.26	3.14	98.14	9.92	7.14	70.87	72.20	1	27.00
816.455	31.33	3.15	98.56	9.88	7.27	71.80	72.80	1	27.20
816.515	31.09	3.16	98.22	9.94	7.07	70.27	71.50	1	27.20
816.619	30.94	3.17	98.00	9.87	7.17	70.75	72.20	1	27.20
816.764	31.14	3.15	98.06	9.83	7.31	71.90	73.30	1	27.00
816.824	31.12	3.15	97.98	9.86	7.23	71.27	72.70	1	26.90
816.928	31.15	3.14	97.75	9.91	7.09	70.23	71.80	1	27.00
817.073	31.17	3.15	98.26	9.88	7.25	71.64	72.90	1	27.20
817.133	31.11	3.16	98.16	9.91	7.13	70.60	71.90	1	27.20
817.237	31.07	3.17	98.43	9.89	7.27	71.87	73.00	1	27.20
817.382	30.98	3.18	98.40	9.87	7.25	71.56	72.70	1	27.20
817.442	30.98	3.17	98.12	9.91	7.12	70.54	71.90	1	27.20
817.546	31.01	3.16	97.94	9.89	7.28	72.03	73.50	1	27.20
817.691	31.14	3.15	98.15	9.88	7.21	71.17	72.50	1	27.00
817.751	31.17	3.15	98.25	9.91	7.17	70.99	72.30	1	27.00
817.855	31.09	3.14	97.51	9.89	7.21	71.34	73.20	1	27.00
818.000	31.41	3.12	97.90	9.93	7.20	71.50	73.00	1	26.70
818.060	31.36	3.11	97.38	9.86	7.24	71.39	73.30	1	26.90
818.164	31.32	3.12	97.71	9.83	7.28	71.57	73.30	1	26.90
818.309	30.98	3.15	97.65	9.89	7.23	71.49	73.20	1	27.20
818.369	31.15	3.13	97.55	9.89	7.18	71.07	72.80	1	27.00
818.473	30.96	3.16	97.95	9.94	7.09	70.48	72.00	1	27.30
818.618	30.93	3.17	98.10	9.90	7.21	71.41	72.80	1	27.30
818.678	30.82	3.18	98.12	9.92	7.22	71.60	73.00	1	27.30
818.782	30.77	3.19	98.12	9.86	7.20	71.01	72.40	1	27.30
818.927	30.61	3.20	98.08	9.84	7.25	71.38	72.80	1	27.50
818.987	30.60	3.21	98.17	9.85	7.27	71.61	72.90	1	27.50
819.091	30.55	3.22	98.32	9.83	7.30	71.77	73.00	1	27.50
819.236	30.65	3.21	98.27	9.84	7.31	71.97	73.20	1	27.20
819.296	30.93	3.18	98.33	9.91	7.11	70.41	71.60	1	27.20
819.400	30.95	3.16	97.85	9.88	7.15	70.71	72.30	1	27.20
819.545	30.72	3.18	97.82	9.87	7.13	70.39	72.00	1	27.50
819.605	30.77	3.19	98.11	9.88	7.20	71.15	72.50	1	27.50
819.709	30.54	3.21	97.91	9.88	7.27	71.83	73.40	1	27.50
819.854	30.62	3.20	97.89	9.92	7.24	71.84	73.40	1	27.30
819.914	30.67	3.19	97.85	9.86	7.27	71.67	73.20	1	27.30
820.018	30.51	3.20	97.67	9.90	7.09	70.22	71.90	1	27.50
820.163	30.47	3.23	98.45	9.88	7.26	71.68	72.80	1	27.60
820.223	30.51	3.22	98.35	9.89	7.15	70.72	71.90	1	27.80
820.327	30.05	3.25	97.54	9.92	7.08	70.16	71.90	1	27.80
820.472	30.46	3.22	97.98	9.88	7.22	71.37	72.80	1	27.50
820.532	30.21	3.22	97.32	9.87	7.27	71.80	73.80	1	27.50
820.636	30.47	3.22	98.06	9.90	7.20	71.28	72.70	1	27.80
820.781	30.26	3.24	98.05	9.86	7.32	72.18	73.60	1	27.60
820.841	30.28	3.24	98.05	9.90	7.07	69.98	71.40	1	27.50
820.944	30.46	3.22	98.18	9.87	7.18	70.90	72.20	1	27.50
821.089	30.40	3.23	98.12	9.90	7.22	71.47	72.80	1	27.60
821.149	30.40	3.22	97.96	9.91	7.21	71.41	72.90	1	27.80
821.253	30.29	3.24	98.16	9.92	7.08	70.23	71.50	1	27.80
821.398	30.25	3.27	98.89	9.91	7.24	71.71	72.50	1	27.90
821.458	30.07	3.27	98.28	9.88	7.19	71.06	72.30	1	27.90
821.562	30.04	3.26	97.81	9.87	7.23	71.37	73.00	1	27.80
821.707	30.04	3.27	98.22	9.83	7.27	71.47	72.80	1	27.90
821.767	29.91	3.27	97.82	9.87	7.17	70.74	72.30	1	27.90
821.871	29.97	3.26	97.57	9.85	7.26	71.54	73.30	1	27.80
822.016	30.00	3.25	97.51	9.94	7.05	70.14	71.90	1	27.90
822.076	29.96	3.27	97.89	9.88	7.26	71.75	73.30	1	27.90
822.180	29.91	3.26	97.54	9.94	7.15	71.15	72.90	1	27.90
822.325	29.63	3.28	97.26	9.87	7.17	70.83	72.80	1	28.20
822.385	29.69	3.28	97.45	9.86	7.18	70.74	72.60	1	28.20
822.489	29.53	3.30	97.31	9.90	7.10	70.27	72.20	1	28.10
822.634	29.74	3.28	97.45	9.91	7.17	71.13	73.00	1	27.90
822.694	29.97	3.26	97.71	9.92	7.28	72.21	73.90	1	27.80
822.798	29.97	3.23	96.94	9.89	7.19	71.17	73.40	1	27.90
822.943	29.83	3.27	97.64	9.89	7.16	70.85	72.60	1	28.20
823.003	29.58	3.27	96.80	9.90	7.16	70.89	73.20	1	28.20
823.107	29.51	3.29	97.02	9.88	7.16	70.73	72.90	1	27.90
823.252	29.93	3.25	97.16	9.92	7.14	70.81	72.90	1	27.90
823.312	29.89	3.25	96.99	9.87	7.27	71.73	74.00	1	27.80
823.416	30.15	3.23	97.32	9.89	7.19	71.14	73.10	1	27.60
823.561	30.72	3.21	98.52	9.89	7.23	71.51	72.60	1	27.30
823.621	31.08	3.17	98.63	9.93	7.30	72.43	73.40	1	27.20
823.725	30.84	3.17	97.72	9.98	7.10	70.79	72.40	1	27.20
823.870	31.27	3.15	98.46	9.93	7.14	70.91	72.00	1	27.20
823.930	31.13	3.16	98.50	9.93	7.25	71.91	73.00	1	27.30
824.034	30.93	3.18	98.23	9.89	7.24	71.58	72.90	1	27.30
824.179	30.96	3.15	97.53	9.97	7.14	71.12	72.90	1	27.30
824.239	31.00	3.15	97.75	9.89	7.20	71.27	72.90	1	27.20
824.343	31.22	3.14	98.09	9.87	7.27	71.82	73.20	1	26.90
824.488	31.52	3.11	98.07	9.87	7.17	70.76	72.20	1	26.70
824.548	31.73	3.09	98.14	9.90	7.12	70.45	71.80	1	26.70
824.652	31.54	3.09	97.59	9.90	7.22	71.44	73.20	1	26.90
824.797	31.30	3.14	98.20	9.82	7.30	71.66	73.00	1	27.00
824.857	31.22	3.15	98.46	9.87	7.28	71.92	73.00	1	27.20
824.961	31.05	3.17	98.43	9.83	7.35	72.33	73.50	1	27.30
825.106	30.97	3.17	98.27	9.83	7.26	71.34	72.60	1	27.30
825.166	31.06	3.18	98.67	9.88	7.30	72.07	73.00	1	27.30
825.270	30.84	3.19	98.28	9.87	7.26	71.65	72.90	1	27.30
825.415	31.09	3.15	98.07	9.89	7.20	71.16	72.60	1	27.00
825.475	31.21	3.15	98.32	9.87	7.28	71.82	73.10	1	27.00
825.579	31.22	3.15	98.38	9.88	7.25	71.65	72.80	1	27.00
825.724	31.23	3.15	98.46	9.91	7.15	70.91	72.00	1	27.00
825.784	31.19	3.16	98.50	9.86	7.25	71.46	72.60	1	27.20
825.888	31.30	3.14	98.39	9.87	7.23	71.36	72.50	1	26.90
826.033	31.41	3.13	98.47	9.86	7.24	71.34	72.50	1	27.00
826.093	31.34	3.13	97.93	9.95	7.10	70.60	72.10	1	26.90
826.197	31.38	3.12	98.02	9.90	7.19	71.18	72.60	1	26.90
826.342	31.45	3.13	98.37	9.86	7.27	71.63	72.80	1	26.70
826.402	31.59	3.11	98.29	9.91	7.20	71.34	72.60	1	26.60
826.506	31.71	3.10	98.39	9.85	7.32	72.04	73.20	1	26.70
826.651	31.57	3.11	98.10	9.86	7.30	71.93	73.30	1	26.60
826.711	31.62	3.11	98.22	9.87	7.19	70.93	72.20	1	26.60
826.815	31.57	3.09	97.57	9.83	7.22	71.01	72.80	1	26.70
826.960	31.54	3.10	97.83	9.95	7.17	71.38	73.00	1	26.90
827.020	31.39	3.12	98.06	9.89	7.29	72.12	73.50	1	27.00
827.124	31.34	3.13	98.11	9.89	7.27	71.91	73.30	1	27.00
827.269	31.17	3.17	98.88	9.86	7.30	71.97	72.80	1	27.30
827.329	30.88	3.20	98.81	9.97	7.06	70.46	71.30	1	27.50
827.433	30.73	3.19	98.07	9.91	7.17	71.00	72.40	1	27.30
827.578	30.65	3.20	98.14	9.90	7.31	72.40	73.80	1	27.50
827.638	30.51	3.21	97.89	9.91	7.33	72.63	74.20	1	27.50
827.742	30.53	3.21	98.12	9.96	7.18	71.49	72.90	1	27.50
827.887	30.40	3.23	98.17	9.92	7.05	69.91	71.20	1	27.60
827.947	30.31	3.24	98.28	9.89	7.17	70.86	72.10	1	27.60
828.051	30.29	3.25	98.58	9.84	7.21	70.93	72.00	1	27.80
828.196	30.06	3.27	98.19	9.86	7.26	71.59	72.90	1	27.60
828.256	30.36	3.24	98.40	9.83	7.37	72.49	73.70	1	27.60
828.360	30.13	3.25	98.04	9.88	7.19	71.05	72.50	1	27.80
828.505	29.92	3.28	98.01	9.89	7.11	70.37	71.80	1	27.90
828.565	29.88	3.28	97.87	9.86	7.18	70.77	72.30	1	27.90
828.669	29.85	3.29	98.14	9.90	7.06	69.90	71.20	1	28.10
828.814	29.92	3.27	97.90	9.90	7.21	71.33	72.90	1	27.90
828.874	29.80	3.28	97.67	9.88	7.18	70.98	72.70	1	27.80
828.978	30.18	3.25	98.00	9.90	7.23	71.57	73.00	1	27.80
829.123	30.37	3.23	98.24	9.88	7.29	72.02	73.30	1	27.50
829.183	30.51	3.22	98.28	9.79	7.35	71.91	73.20	1	27.30
829.287	30.65	3.20	97.96	9.85	7.21	71.01	72.50	1	27.30
829.432	30.66	3.20	98.09	9.91	7.25	71.92	73.30	1	27.30
829.492	30.91	3.17	98.12	9.90	7.27	71.99	73.40	1	27.30
829.596	30.74	3.21	98.54	9.91	7.26	71.92	73.00	1	27.20
829.741	30.88	3.19	98.42	9.86	7.26	71.55	72.70	1	27.20
829.801	30.83	3.18	98.17	9.83	7.29	71.69	73.00	1	27.20
829.905	31.02	3.17	98.34	9.90	7.14	70.66	71.90	1	27.20
830.050	30.93	3.17	98.04	9.98	7.09	70.73	72.10	1	27.30
830.110	30.84	3.18	98.01	9.84	7.27	71.58	73.00	1	27.30
830.214	30.77	3.18	97.92	9.90	7.21	71.36	72.90	1	27.20
830.359	30.99	3.15	97.66	9.90	7.21	71.36	73.10	1	27.30
830.419	30.81	3.17	97.62	9.88	7.16	70.78	72.50	1	27.30
830.523	30.79	3.17	97.68	9.78	7.27	71.08	72.80	1	27.50
830.668	30.45	3.22	97.95	9.86	7.22	71.21	72.70	1	27.60
830.728	30.46	3.21	97.90	9.84	7.30	71.80	73.30	1	27.60
830.832	30.40	3.23	98.17	9.87	7.12	70.22	71.50	1	27.50
830.977	30.49	3.21	98.01	9.86	7.27	71.66	73.10	1	27.50
831.037	30.68	3.21	98.39	9.85	7.25	71.40	72.60	1	27.50
831.141	30.46	3.21	97.79	9.97	7.05	70.23	71.80	1	27.30
831.286	30.68	3.20	98.16	9.88	7.29	72.03	73.40	1	27.20
831.346	30.78	3.19	98.28	9.89	7.25	71.70	73.00	1	27.00
831.450	31.22	3.16	98.77	9.86	7.25	71.47	72.40	1	26.90
831.595	31.40	3.14	98.47	9.84	7.27	71.51	72.60	1	26.90
831.655	31.26	3.14	98.21	9.93	7.03	69.87	71.10	1	27.00
831.759	31.29	3.13	97.83	9.84	7.24	71.23	72.80	1	26.90
831.904	31.20	3.14	98.04	9.90	7.11	70.42	71.80	1	26.70
831.964	31.48	3.13	98.40	9.92	7.14	70.84	72.00	1	26.70
832.068	31.53	3.09	97.51	9.81	7.31	71.68	73.50	1	26.70
832.213	31.57	3.10	97.84	9.91	7.07	70.10	71.60	1	26.60
832.273	31.70	3.09	98.12	9.93	7.06	70.10	71.40	1	26.40
832.377	31.85	3.05	97.20	9.82	7.30	71.69	73.80	1	26.60
832.522	32.23	3.04	97.98	9.77	7.29	71.20	72.70	1	26.30
832.582	32.32	3.01	97.43	9.77	7.32	71.49	73.40	1	26.10
832.686	32.16	3.02	96.96	9.73	7.37	71.70	73.90	1	26.10
832.831	32.46	2.99	97.13	9.79	7.18	70.29	72.40	1	26.40
832.891	32.15	3.03	97.46	9.75	7.29	71.09	72.90	1	26.60
832.995	31.80	3.06	97.24	9.84	7.17	70.59	72.60	1	26.60
833.140	32.18	3.02	97.19	9.82	7.33	72.03	74.10	1	26.30
833.200	32.04	3.03	96.93	9.84	7.20	70.82	73.10	1	26.40
833.304	32.04	3.03	97.13	9.97	7.00	69.79	71.90	1	26.40
833.449	31.70	3.07	97.37	9.87	7.28	71.87	73.80	1	26.70
833.509	31.61	3.08	97.32	9.84	7.25	71.35	73.30	1	26.60
833.613	31.76	3.06	97.26	9.84	7.30	71.83	73.90	1	26.60
833.758	31.89	3.05	97.29	9.81	7.22	70.88	72.90	1	26.40
833.818	32.07	3.05	97.71	9.77	7.28	71.11	72.80	1	26.40
833.922	32.13	3.03	97.32	9.77	7.30	71.36	73.30	1	26.30
834.067	32.16	3.04	97.65	9.73	7.38	71.83	73.60	1	26.40
834.127	32.13	3.02	97.05	9.74	7.33	71.44	73.60	1	26.40
834.231	32.16	3.00	96.53	9.75	7.30	71.23	73.80	1	26.30
834.376	32.15	3.02	97.13	9.76	7.37	71.95	74.10	1	26.60
834.436	32.08	3.04	97.64	9.83	7.30	71.77	73.50	1	26.70
834.540	31.67	3.09	97.78	9.87	7.23	71.36	73.00	1	26.90
834.685	31.78	3.09	98.17	9.82	7.25	71.24	72.60	1	26.60
834.745	31.90	3.07	97.84	9.85	7.20	70.86	72.40	1	26.40
834.849	31.78	3.08	98.00	9.91	7.06	69.98	71.40	1	26.60
834.994	32.02	3.08	98.46	9.84	7.19	70.72	71.80	1	26.60
835.054	31.68	3.09	97.86	9.80	7.30	71.56	73.10	1	26.40
835.158	31.67	3.07	97.10	9.99	6.98	69.68	71.80	1	26.60
835.303	32.01	3.05	97.70	10.01	7.05	70.56	72.20	1	26.30
835.363	32.02	3.03	96.97	9.98	7.00	69.81	72.00	1	26.10
835.467	32.14	3.00	96.42	9.84	7.18	70.61	73.20	1	26.30
835.612	32.40	2.98	96.42	9.79	7.32	71.65	74.30	1	26.00
835.672	32.50	2.97	96.60	9.78	7.26	71.00	73.50	1	26.00
835.776	32.66	2.97	96.88	9.81	7.07	69.40	71.60	1	25.80
835.921	32.69	2.93	95.73	9.82	7.09	69.65	72.80	1	26.00
835.981	32.60	2.96	96.50	9.79	7.18	70.28	72.80	1	26.10
836.085	32.39	2.98	96.39	9.78	7.29	71.36	74.00	1	26.10
836.230	32.18	3.02	97.09	9.83	7.24	71.12	73.20	1	26.40
836.290	32.21	3.01	96.83	9.81	7.27	71.26	73.60	1	26.30
836.394	32.14	3.04	97.80	9.81	7.30	71.64	73.30	1	26.60
836.539	32.15	3.03	97.35	9.88	7.18	70.93	72.90	1	26.60
836.599	32.03	3.04	97.39	9.81	7.31	71.76	73.70	1	26.40
836.703	32.07	3.03	97.16	9.81	7.21	70.75	72.80	1	26.60
836.848	31.87	3.07	97.79	9.75	7.44	72.55	74.20	1	26.70
836.908	31.74	3.08	97.79	9.75	7.36	71.72	73.30	1	26.90
837.012	31.56	3.09	97.61	9.81	7.39	72.49	74.30	1	26.70
837.157	31.64	3.08	97.50	9.87	7.21	71.22	73.00	1	26.70
837.217	31.71	3.09	97.82	9.88	7.29	72.11	73.70	1	26.70
837.321	31.67	3.07	97.16	9.84	7.29	71.75	73.90	1	26.70
837.465	31.88	3.07	97.86	9.82	7.28	71.47	73.00	1	26.70
837.525	31.87	3.06	97.63	9.81	7.35	72.09	73.80	1	26.90
837.629	31.55	3.10	97.92	9.80	7.40	72.53	74.10	1	26.90
837.774	31.45	3.11	97.65	9.96	7.15	71.20	72.90	1	26.70
837.834	31.39	3.11	97.75	9.99	7.09	70.81	72.40	1	26.90
837.938	31.31	3.13	97.98	9.96	7.21	71.81	73.30	1	26.90
838.083	31.61	3.12	98.60	9.90	7.25	71.77	72.80	1	27.00
838.143	31.42	3.12	98.03	9.90	7.28	72.07	73.50	1	27.00
838.247	31.19	3.15	98.12	9.98	7.11	70.97	72.30	1	26.90
838.392	31.33	3.14	98.22	9.96	7.25	72.20	73.50	1	27.20
838.452	31.21	3.16	98.51	9.89	7.25	71.78	72.90	1	27.30
838.556	30.99	3.17	98.30	9.89	7.24	71.56	72.80	1	27.30
838.701	31.00	3.17	98.34	9.96	7.10	70.70	71.90	1	27.20
838.761	31.08	3.17	98.40	9.94	7.16	71.19	72.30	1	27.20
838.864	31.20	3.16	98.43	9.91	7.21	71.45	72.60	1	27.20
839.009	31.24	3.15	98.43	9.83	7.35	72.23	73.40	1	27.30
839.069	31.10	3.16	98.38	9.86	7.21	71.12	72.30	1	27.50
839.173	30.87	3.19	98.38	9.98	7.23	72.16	73.30	1	27.30
839.318	31.17	3.16	98.64	9.99	7.15	71.43	72.40	1	27.20
839.378	31.38	3.14	98.46	9.98	7.21	71.96	73.10	1	27.20
839.482	31.49	3.13	98.66	9.95	7.21	71.74	72.70	1	27.00
839.627	31.05	3.17	98.41	9.99	7.09	70.84	72.00	1	27.30
839.687	30.99	3.18	98.44	10.00	7.14	71.35	72.50	1	27.30
839.791	30.81	3.19	98.16	10.11	6.95	70.24	71.60	1	27.50
839.936	30.58	3.22	98.31	10.06	7.05	70.89	72.10	1	27.50
839.996	30.48	3.21	97.99	10.02	7.03	70.41	71.90	1	27.60
840.100	30.43	3.23	98.22	10.02	7.13	71.42	72.70	1	27.60
840.245	30.46	3.23	98.38	10.02	7.12	71.31	72.50	1	27.60
840.305	30.35	3.24	98.39	9.98	7.19	71.76	72.90	1	27.60
840.409	30.44	3.23	98.22	9.99	7.13	71.20	72.50	1	27.50
840.554	30.86	3.19	98.52	9.92	7.31	72.50	73.60	1	27.30
840.614	31.07	3.18	98.69	9.99	7.15	71.42	72.40	1	27.20
840.718	31.00	3.17	98.33	9.99	7.13	71.27	72.50	1	27.30
840.863	31.09	3.19	99.10	9.91	7.26	71.94	72.60	1	27.50
840.923	30.99	3.19	99.00	10.01	7.21	72.15	72.90	1	27.50
841.027	30.83	3.20	98.51	10.05	7.04	70.76	71.80	1	27.30
841.172	30.86	3.22	99.25	9.94	7.22	71.75	72.30	1	27.60
841.232	30.79	3.21	98.86	9.93	7.23	71.76	72.60	1	27.80
841.336	30.53	3.22	98.23	9.99	7.22	72.06	73.40	1	27.60
841.481	30.52	3.23	98.62	9.97	7.09	70.73	71.70	1	27.80
841.541	30.38	3.24	98.44	9.90	7.27	71.96	73.10	1	27.90
841.645	30.29	3.23	97.89	9.90	7.26	71.90	73.40	1	27.90
841.790	30.06	3.27	98.20	9.85	7.42	73.12	74.50	1	27.90
841.850	29.91	3.27	97.66	9.81	7.33	71.91	73.60	1	28.10
841.954	29.76	3.29	98.00	9.88	7.23	71.48	72.90	1	28.20
842.099	29.30	3.30	96.74	9.98	7.00	69.85	72.20	1	28.20
842.159	29.34	3.32	97.42	9.93	7.09	70.33	72.20	1	28.40
842.263	29.10	3.33	96.84	9.87	7.15	70.58	72.90	1	28.50
842.408	29.20	3.34	97.41	9.91	7.15	70.91	72.80	1	28.70
842.468	28.87	3.34	96.45	9.92	6.97	69.17	71.70	1	28.50
842.572	28.87	3.35	96.64	9.80	7.11	69.67	72.10	1	28.50
842.717	29.09	3.34	97.22	9.89	7.06	69.76	71.80	1	28.50
842.777	29.06	3.34	96.98	9.89	7.00	69.27	71.40	1	28.40
842.881	29.38	3.31	97.35	9.87	7.16	70.65	72.60	1	28.20
843.026	29.31	3.31	96.88	9.85	7.16	70.51	72.80	1	28.40
843.086	29.31	3.31	96.92	9.86	7.12	70.17	72.40	1	28.40
843.190	29.12	3.32	96.53	9.92	7.03	69.78	72.30	1	28.40
843.335	29.52	3.31	97.55	9.88	7.18	70.96	72.70	1	28.10
843.395	29.46	3.30	97.10	9.97	7.04	70.20	72.30	1	28.20
843.499	29.42	3.29	96.80	9.90	7.10	70.25	72.60	1	28.10
843.644	29.43	3.30	97.21	9.80	7.28	71.41	73.50	1	28.40
843.704	29.37	3.31	97.15	9.82	7.17	70.39	72.50	1	28.40
843.808	29.28	3.31	97.00	9.85	7.16	70.48	72.70	1	28.40
843.953	29.49	3.31	97.53	9.86	7.16	70.61	72.40	1	28.10
844.013	29.68	3.29	97.67	9.87	7.12	70.21	71.90	1	27.90
844.117	29.93	3.27	97.99	9.91	7.13	70.69	72.10	1	27.80
844.262	30.01	3.27	98.17	9.95	7.14	71.02	72.30	1	27.90
844.322	29.88	3.25	97.23	9.96	7.18	71.52	73.60	1	27.90
844.426	30.07	3.25	97.58	9.87	7.33	72.32	74.10	1	27.80
844.571	30.44	3.21	97.74	9.98	7.20	71.78	73.40	1	27.60
844.631	30.47	3.21	97.85	9.99	7.27	72.70	74.30	1	27.60
844.735	30.59	3.21	98.19	9.95	7.23	71.94	73.30	1	27.80
844.880	30.23	3.27	98.75	10.02	7.10	71.16	72.10	1	27.80
844.940	30.31	3.25	98.55	10.04	7.16	71.88	72.90	1	27.60
845.044	30.48	3.23	98.39	9.98	7.29	72.75	73.90	1	27.80
845.189	30.77	3.20	98.45	9.97	7.17	71.55	72.70	1	27.60
845.249	30.69	3.21	98.38	9.93	7.30	72.45	73.60	1	27.50
845.353	30.63	3.21	98.18	10.00	7.10	70.95	72.30	1	27.50
845.498	30.56	3.22	98.49	10.07	7.02	70.72	71.80	1	27.80
845.558	30.35	3.23	97.95	9.96	7.13	71.02	72.50	1	27.60
845.662	30.58	3.21	98.26	9.89	7.24	71.61	72.90	1	27.60
845.807	30.62	3.23	98.78	9.97	7.16	71.38	72.30	1	27.60
845.867	30.59	3.23	98.75	10.02	7.22	72.35	73.30	1	27.80
845.971	30.44	3.25	98.87	9.97	7.14	71.21	72.00	1	27.90
846.116	30.37	3.24	98.29	9.85	7.32	72.08	73.30	1	27.80
846.176	30.45	3.23	98.30	9.88	7.23	71.47	72.70	1	27.80
846.280	30.23	3.26	98.43	9.97	7.17	71.49	72.60	1	27.80
846.425	29.99	3.27	98.03	10.13	6.91	70.04	71.40	1	27.80
846.485	30.19	3.26	98.35	10.09	7.03	70.92	72.10	1	27.60
846.589	30.26	3.22	97.56	10.02	7.08	70.98	72.80	1	27.60
846.734	30.46	3.22	97.96	10.00	7.18	71.80	73.30	1	27.80
846.794	30.35	3.24	98.21	9.93	7.20	71.46	72.80	1	27.90
846.898	30.25	3.25	98.36	9.92	7.10	70.44	71.60	1	28.10
847.043	30.33	3.25	98.57	9.97	7.13	71.10	72.10	1	27.80
847.103	30.42	3.24	98.70	9.89	7.26	71.76	72.70	1	27.60
847.207	30.72	3.22	98.85	9.86	7.28	71.82	72.70	1	27.50
847.352	30.75	3.21	98.63	10.03	7.14	71.60	72.60	1	27.60
847.412	30.47	3.23	98.48	10.03	7.10	71.25	72.30	1	27.80
847.516	30.32	3.24	98.24	9.97	7.07	70.51	71.80	1	27.60
847.661	30.66	3.22	98.77	9.89	7.29	72.04	72.90	1	27.50
847.721	30.68	3.20	98.32	9.94	7.14	70.99	72.20	1	27.60
847.825	30.46	3.22	98.20	10.00	7.11	71.07	72.40	1	27.80
847.970	30.55	3.22	98.29	9.95	7.21	71.74	73.00	1	27.60
848.030	30.75	3.21	98.81	9.92	7.31	72.49	73.40	1	27.50
848.134	30.88	3.19	98.58	9.97	7.16	71.39	72.40	1	27.30
848.279	30.81	3.19	98.16	10.01	7.11	71.15	72.50	1	27.30
848.339	31.01	3.16	98.15	10.10	7.12	71.93	73.30	1	27.30
848.443	31.12	3.16	98.44	9.97	7.20	71.78	72.90	1	27.20
848.588	31.34	3.14	98.42	9.86	7.27	71.62	72.80	1	27.00
848.648	31.28	3.12	97.72	9.86	7.26	71.57	73.20	1	27.20
848.752	31.22	3.14	98.13	10.04	7.10	71.26	72.60	1	27.30
848.897	31.02	3.17	98.37	10.07	7.02	70.63	71.80	1	27.20
848.957	31.14	3.16	98.40	10.03	7.10	71.21	72.40	1	27.00
849.061	31.07	3.14	97.61	10.03	7.08	71.04	72.80	1	27.20
849.206	30.88	3.17	97.95	10.00	7.11	71.06	72.50	1	27.50
849.266	30.92	3.17	97.88	10.00	7.07	70.63	72.20	1	27.50
849.370	30.82	3.18	98.13	9.88	7.39	73.04	74.40	1	27.50
849.515	30.49	3.20	97.65	9.98	7.16	71.49	73.20	1	27.50
849.575	30.56	3.20	97.79	10.06	7.00	70.41	72.00	1	27.60
849.679	30.37	3.22	97.91	10.07	6.95	69.93	71.40	1	27.60
849.824	30.58	3.23	98.74	10.01	7.11	71.19	72.10	1	27.30
849.884	30.89	3.18	98.16	10.05	7.20	72.38	73.70	1	27.30
849.988	30.92	3.19	98.63	9.96	7.21	71.87	72.90	1	27.50
850.133	30.80	3.20	98.62	9.87	7.31	72.19	73.20	1	27.50
850.193	30.91	3.19	98.55	9.94	7.26	72.18	73.20	1	27.30
850.297	30.88	3.18	98.33	10.04	7.10	71.29	72.50	1	27.50
850.442	31.14	3.18	98.90	9.90	7.11	70.36	71.10	1	27.20
850.502	31.28	3.15	98.49	9.88	7.15	70.64	71.70	1	27.00
850.606	31.17	3.15	98.05	9.97	7.20	71.71	73.10	1	27.20
850.751	31.21	3.14	98.04	10.01	7.05	70.58	72.00	1	27.20
850.811	31.22	3.15	98.41	9.93	7.25	71.97	73.10	1	27.20
850.915	31.33	3.13	98.08	9.92	7.16	71.00	72.40	1	27.00
851.060	31.39	3.12	98.11	9.96	7.17	71.39	72.80	1	26.70
851.120	31.54	3.12	98.37	9.87	7.23	71.35	72.50	1	26.90
851.224	31.42	3.12	98.15	9.84	7.27	71.58	72.90	1	27.00
851.369	31.28	3.13	97.76	10.00	7.07	70.69	72.30	1	27.00
851.429	31.24	3.12	97.36	10.04	6.96	69.89	71.80	1	26.90
851.533	31.39	3.10	97.31	10.09	7.02	70.82	72.80	1	27.00
851.678	31.22	3.15	98.25	10.04	7.05	70.80	72.10	1	27.30
851.738	31.10	3.14	97.60	10.07	7.05	70.97	72.70	1	27.20
851.842	30.98	3.16	97.92	9.99	7.17	71.66	73.20	1	27.30
851.987	30.96	3.18	98.43	9.91	7.27	71.99	73.10	1	27.60
852.047	30.85	3.19	98.37	9.90	7.30	72.22	73.40	1	27.60
852.151	30.70	3.20	98.25	9.98	7.18	71.70	73.00	1	27.60
852.296	30.54	3.21	98.11	10.06	7.14	71.90	73.30	1	27.60
852.356	30.61	3.22	98.56	9.98	7.13	71.22	72.30	1	27.80
852.460	30.52	3.22	98.18	10.01	7.13	71.36	72.70	1	27.80
852.605	30.54	3.21	97.91	10.05	7.12	71.55	73.10	1	27.60
852.665	30.43	3.22	97.96	9.95	7.20	71.62	73.10	1	27.60
852.769	30.58	3.20	97.77	9.94	7.20	71.55	73.20	1	27.80
852.914	30.22	3.23	97.48	10.06	7.06	71.04	72.90	1	27.60
852.974	30.48	3.22	98.13	10.05	7.09	71.26	72.60	1	27.50
853.078	30.79	3.19	98.33	9.91	7.19	71.26	72.50	1	27.50
853.223	30.79	3.19	98.15	9.91	7.12	70.60	71.90	1	27.50
853.283	30.87	3.18	98.05	10.04	7.13	71.60	73.00	1	27.50
853.387	30.87	3.17	98.01	9.98	7.14	71.31	72.80	1	27.50
853.532	30.64	3.20	98.17	10.02	7.12	71.29	72.60	1	27.60
853.592	30.65	3.19	97.91	10.11	7.02	70.96	72.50	1	27.60
853.696	30.85	3.18	98.07	10.07	7.16	72.07	73.50	1	27.50
853.841	31.34	3.14	98.46	10.03	7.05	70.72	71.80	1	27.20
853.901	31.29	3.14	98.21	9.95	7.22	71.83	73.10	1	27.30
854.005	31.24	3.14	98.17	9.92	7.23	71.69	73.00	1	27.30
854.150	31.10	3.17	98.71	10.00	7.17	71.66	72.60	1	27.50
854.210	30.71	3.20	98.35	10.03	7.10	71.23	72.40	1	27.60
854.314	30.68	3.20	98.22	10.02	7.06	70.76	72.00	1	27.50
854.459	30.92	3.18	98.39	10.00	7.16	71.67	72.80	1	27.50
854.519	30.81	3.19	98.22	10.02	7.11	71.25	72.50	1	27.50
854.623	30.73	3.20	98.38	9.96	7.18	71.52	72.70	1	27.60
854.768	30.47	3.22	98.08	10.03	7.07	70.98	72.40	1	27.50
854.828	30.74	3.18	97.81	10.07	7.00	70.43	72.00	1	27.30
854.932	30.85	3.17	97.74	9.90	7.24	71.72	73.40	1	27.30
855.077	31.11	3.16	98.43	10.03	7.12	71.39	72.50	1	27.20
855.137	31.10	3.16	98.19	10.02	7.07	70.84	72.20	1	27.20
855.241	31.34	3.13	98.22	10.03	7.02	70.43	71.70	1	27.20
855.386	31.29	3.12	97.77	10.00	7.16	71.59	73.20	1	27.30
855.446	31.00	3.16	98.08	9.99	7.09	70.89	72.30	1	27.30
855.550	31.11	3.15	98.04	10.09	6.96	70.26	71.70	1	27.30
855.695	31.09	3.16	98.32	10.02	7.18	71.99	73.20	1	27.30
855.755	30.69	3.19	97.88	10.04	7.10	71.31	72.90	1	27.50
855.859	30.97	3.16	97.73	9.96	7.25	72.19	73.90	1	27.20
856.004	30.87	3.17	97.79	9.98	7.17	71.57	73.20	1	27.50
856.064	30.87	3.17	97.90	9.94	7.27	72.25	73.80	1	27.60
856.168	30.55	3.20	97.71	10.00	7.09	70.95	72.60	1	27.60
856.313	30.56	3.21	98.07	9.98	7.07	70.55	71.90	1	27.80
856.373	30.37	3.23	98.07	10.05	7.06	70.95	72.30	1	27.80
856.477	30.50	3.22	98.33	9.97	7.12	71.04	72.30	1	27.90
856.622	30.16	3.26	98.18	9.89	7.15	70.72	72.00	1	27.90
856.682	30.05	3.26	97.92	9.93	7.10	70.53	72.00	1	27.80
856.786	30.27	3.24	98.20	9.86	7.32	72.17	73.50	1	27.60
856.931	30.63	3.23	99.03	9.87	7.31	72.13	72.80	1	27.50
856.991	30.71	3.21	98.53	9.92	7.14	70.86	71.90	1	27.30
857.095	30.79	3.20	98.42	9.93	7.21	71.67	72.80	1	27.50
857.240	30.86	3.19	98.46	9.98	7.17	71.59	72.70	1	27.30
857.300	30.98	3.17	98.28	9.99	7.17	71.59	72.80	1	27.30
857.404	30.91	3.18	98.25	10.05	7.05	70.84	72.10	1	27.50
857.549	30.69	3.20	98.09	9.99	7.13	71.31	72.70	1	27.50
857.609	30.65	3.20	97.95	10.01	7.09	70.99	72.50	1	27.50
857.713	30.81	3.19	98.14	9.96	7.17	71.36	72.70	1	27.60
857.858	30.43	3.23	98.22	9.94	7.09	70.53	71.80	1	27.80
857.918	30.20	3.24	98.01	9.87	7.28	71.80	73.30	1	27.90
858.022	30.07	3.24	97.40	9.98	7.15	71.29	73.20	1	27.80
858.167	30.19	3.25	98.00	9.97	7.11	70.94	72.40	1	28.10
858.227	30.04	3.26	97.93	10.05	6.98	70.14	71.60	1	28.20
858.331	29.74	3.27	97.17	9.94	7.21	71.65	73.70	1	28.10
858.476	29.56	3.30	97.41	9.88	7.22	71.39	73.30	1	28.20
858.536	29.49	3.30	97.23	9.94	7.19	71.45	73.50	1	28.40
858.640	29.48	3.29	96.92	10.01	7.04	70.41	72.60	1	28.40
858.785	29.11	3.32	96.73	10.03	6.97	69.85	72.20	1	28.40
858.845	29.19	3.30	96.43	10.06	6.91	69.56	72.10	1	28.40
858.949	28.81	3.33	95.90	9.99	7.03	70.17	73.20	1	28.40
859.094	29.27	3.32	97.26	9.89	7.10	70.19	72.20	1	28.20
859.154	29.53	3.29	97.30	9.88	7.25	71.68	73.70	1	28.10
859.258	29.84	3.27	97.58	9.81	7.29	71.49	73.30	1	27.90
859.403	30.00	3.26	97.90	9.94	7.15	71.05	72.60	1	27.90
859.463	30.01	3.26	97.70	10.00	7.11	71.12	72.80	1	27.80
859.567	30.34	3.24	98.32	10.00	7.20	71.99	73.20	1	27.60
859.712	30.68	3.20	98.31	10.04	7.14	71.70	72.90	1	27.60
859.772	30.57	3.22	98.41	9.97	7.18	71.66	72.80	1	27.60
859.876	30.45	3.22	98.10	9.96	7.15	71.20	72.60	1	27.60
860.021	30.59	3.22	98.34	9.99	7.20	71.90	73.10	1	27.50
860.081	30.85	3.19	98.48	9.97	7.13	71.14	72.20	1	27.50
860.185	30.67	3.20	98.18	10.00	7.18	71.81	73.10	1	27.60
860.330	30.55	3.23	98.54	9.96	7.21	71.83	72.90	1	27.80
860.390	30.30	3.22	97.69	10.02	7.13	71.41	73.10	1	27.60
860.494	30.65	3.19	97.89	10.01	7.11	71.19	72.70	1	27.50
860.639	30.77	3.19	98.14	9.94	7.12	70.78	72.10	1	27.50
860.699	30.73	3.19	97.95	9.98	7.03	70.13	71.60	1	27.30
860.803	30.84	3.18	98.09	9.92	7.29	72.28	73.70	1	27.30
860.947	30.97	3.19	98.72	9.96	7.26	72.34	73.30	1	27.60
861.007	30.89	3.18	98.36	10.03	7.15	71.68	72.90	1	27.60
861.111	30.80	3.19	98.35	9.94	7.21	71.66	72.90	1	27.60
861.256	30.55	3.22	98.24	9.92	7.28	72.20	73.50	1	27.60
861.316	30.47	3.23	98.50	9.96	7.17	71.38	72.50	1	27.50
861.420	30.81	3.20	98.47	9.91	7.17	71.09	72.20	1	27.30
861.565	31.02	3.15	97.87	10.01	7.19	71.97	73.50	1	27.30
861.625	30.74	3.18	97.82	9.97	7.15	71.35	72.90	1	27.50
861.729	30.83	3.18	97.91	10.00	7.25	72.49	74.00	1	27.50
861.874	30.70	3.21	98.50	10.03	7.15	71.70	72.80	1	27.80
861.934	30.69	3.21	98.62	9.99	7.07	70.65	71.60	1	27.90
862.038	30.28	3.24	98.16	10.04	7.11	71.43	72.80	1	27.80
862.183	30.19	3.25	98.18	9.92	7.23	71.67	73.00	1	28.10
862.243	30.13	3.26	98.20	10.01	7.17	71.76	73.10	1	28.10
862.347	30.01	3.27	98.12	10.02	7.04	70.54	71.90	1	28.10
862.492	30.07	3.27	98.18	9.91	7.26	71.88	73.20	1	27.80
862.552	30.32	3.24	98.36	10.03	7.09	71.14	72.30	1	27.80
862.656	30.40	3.23	98.16	10.10	7.13	72.04	73.40	1	27.80
862.801	30.43	3.25	98.84	9.97	7.12	70.97	71.80	1	27.90
862.861	30.17	3.25	98.08	9.95	7.13	70.91	72.30	1	27.90
862.965	30.13	3.23	97.39	10.05	7.05	70.86	72.80	1	27.80
863.110	30.68	3.20	98.08	10.07	6.98	70.33	71.70	1	27.50
863.170	30.64	3.20	98.12	9.93	7.18	71.32	72.70	1	27.50
863.274	30.72	3.20	98.25	10.00	7.12	71.19	72.50	1	27.30
863.419	30.77	3.17	97.69	10.01	7.18	71.85	73.60	1	27.60
863.479	30.62	3.20	97.86	10.02	7.15	71.64	73.20	1	27.50
863.583	30.73	3.18	97.84	9.97	7.23	72.08	73.70	1	27.60
863.728	30.31	3.23	97.87	10.04	6.99	70.23	71.80	1	27.90
863.788	30.30	3.23	97.83	10.05	7.05	70.87	72.40	1	27.80
863.892	30.47	3.21	97.91	9.94	7.17	71.21	72.70	1	27.60
864.037	30.64	3.20	98.16	10.03	7.11	71.28	72.60	1	27.50
864.097	30.64	3.20	97.95	9.99	7.11	71.08	72.60	1	27.50
864.201	30.55	3.19	97.54	10.01	7.07	70.83	72.60	1	27.60
864.346	30.93	3.18	98.24	9.93	7.23	71.79	73.10	1	27.30
864.406	30.86	3.18	98.12	9.96	7.21	71.82	73.20	1	27.20
864.510	31.38	3.13	98.09	9.98	7.20	71.81	73.20	1	27.00
864.655	31.59	3.12	98.44	10.04	7.15	71.79	72.90	1	27.00
864.715	31.64	3.10	98.04	10.01	7.21	72.11	73.60	1	26.90
864.819	31.55	3.10	97.74	10.06	7.10	71.47	73.10	1	27.00
864.964	31.51	3.10	97.82	10.02	7.10	71.11	72.70	1	26.90
865.024	31.63	3.11	98.23	10.03	7.11	71.36	72.60	1	26.90
865.128	31.70	3.09	98.01	9.97	7.10	70.82	72.30	1	26.70
865.273	31.77	3.10	98.38	9.97	7.16	71.39	72.60	1	26.90
865.333	31.75	3.10	98.28	10.03	7.12	71.39	72.60	1	27.00
865.437	31.35	3.13	98.23	9.96	7.10	70.73	72.00	1	26.90
865.582	31.67	3.10	98.18	10.02	7.10	71.14	72.50	1	26.90
865.642	31.59	3.10	98.05	9.96	7.23	72.04	73.50	1	26.90
865.746	31.59	3.09	97.68	9.95	7.16	71.31	73.00	1	27.00
865.891	31.50	3.13	98.45	9.99	7.14	71.34	72.50	1	27.20
865.951	31.39	3.13	98.16	10.10	6.95	70.13	71.40	1	27.30
866.055	31.14	3.15	98.07	10.03	7.07	70.90	72.30	1	27.30
866.200	31.08	3.16	98.36	10.01	7.21	72.17	73.40	1	27.30
866.260	31.11	3.15	98.12	9.95	7.26	72.25	73.60	1	27.30
866.364	31.16	3.14	97.78	10.03	7.08	71.01	72.60	1	27.20
866.509	31.48	3.12	98.10	10.04	7.07	71.00	72.40	1	27.30
866.569	31.19	3.15	98.26	10.02	7.14	71.53	72.80	1	27.30
866.673	30.85	3.17	97.80	9.98	7.14	71.23	72.80	1	27.50
866.818	30.98	3.16	97.98	10.02	7.11	71.25	72.70	1	27.30
866.878	31.18	3.14	98.04	10.00	7.09	70.84	72.30	1	27.20
866.982	31.28	3.14	98.13	9.98	7.17	71.57	72.90	1	27.00
867.127	31.20	3.14	97.99	9.97	7.09	70.71	72.20	1	27.20
867.187	31.22	3.14	98.05	9.95	7.15	71.13	72.50	1	27.20
867.291	31.25	3.12	97.37	10.04	7.00	70.31	72.20	1	27.30
867.436	31.30	3.13	98.04	9.94	7.27	72.29	73.70	1	27.00
867.496	31.29	3.12	97.76	10.02	7.02	70.34	72.00	1	27.20
867.600	31.24	3.12	97.58	9.94	7.17	71.28	73.00	1	27.00
867.745	31.40	3.13	98.16	9.91	7.14	70.76	72.10	1	26.90
867.805	31.59	3.10	98.05	9.95	7.20	71.61	73.00	1	26.90
867.909	31.42	3.11	97.82	9.97	7.10	70.80	72.40	1	27.00
868.054	31.40	3.12	97.81	9.98	7.05	70.37	71.90	1	26.90
868.114	31.41	3.11	97.75	9.95	7.08	70.44	72.10	1	26.90
868.218	31.69	3.09	97.94	9.95	7.07	70.35	71.80	1	26.70
868.363	31.62	3.09	97.80	9.98	7.09	70.75	72.30	1	26.70
868.423	31.82	3.09	98.16	9.93	7.22	71.66	73.00	1	26.70
868.527	31.89	3.07	97.75	9.98	7.09	70.71	72.30	1	26.70
868.672	31.82	3.07	97.56	9.98	7.12	71.06	72.80	1	26.60
868.732	31.92	3.06	97.54	9.95	7.16	71.30	73.10	1	26.70
868.836	31.70	3.10	98.32	9.96	7.05	70.15	71.30	1	26.90
868.981	31.60	3.12	98.62	9.91	7.19	71.30	72.30	1	27.00
869.041	31.61	3.12	98.55	9.97	7.13	71.06	72.10	1	26.90
869.145	31.66	3.11	98.55	9.96	7.15	71.25	72.30	1	26.70
869.290	31.75	3.10	98.41	10.03	6.94	69.57	70.70	1	26.90
869.350	31.69	3.10	98.28	9.94	7.20	71.60	72.90	1	26.90
869.454	31.72	3.09	97.98	9.94	7.21	71.65	73.10	1	26.70
869.599	31.65	3.11	98.59	9.97	7.13	71.10	72.10	1	27.00
869.659	31.61	3.11	98.26	9.98	7.07	70.53	71.80	1	27.20
869.763	31.35	3.13	98.01	9.95	7.13	70.89	72.30	1	27.00
869.908	31.38	3.13	98.21	9.96	7.06	70.34	71.60	1	26.90
869.968	31.59	3.10	98.01	9.96	7.15	71.21	72.70	1	26.90
870.072	31.63	3.10	98.12	9.96	7.25	72.25	73.60	1	26.90
870.217	31.64	3.11	98.43	9.99	7.07	70.65	71.80	1	26.90
870.277	31.63	3.12	98.71	9.96	7.17	71.41	72.30	1	26.70
870.381	31.57	3.10	97.80	9.97	7.13	71.11	72.70	1	26.90
870.526	31.72	3.08	97.70	9.97	7.17	71.48	73.20	1	26.70
870.586	31.71	3.07	97.48	9.94	7.26	72.09	74.00	1	26.90
870.690	31.45	3.10	97.39	9.93	7.18	71.35	73.30	1	26.90
870.835	31.42	3.10	97.25	9.98	7.14	71.31	73.30	1	27.00
870.895	31.45	3.10	97.53	9.96	7.21	71.77	73.60	1	27.20
870.999	31.43	3.10	97.46	10.02	7.13	71.46	73.30	1	27.20
871.144	31.12	3.15	97.96	10.02	7.08	70.89	72.40	1	27.30
871.204	31.07	3.17	98.36	9.93	7.25	72.00	73.20	1	27.50
871.308	30.78	3.18	97.93	9.97	7.17	71.49	73.00	1	27.50
871.453	30.86	3.19	98.49	9.92	7.22	71.63	72.70	1	27.30
871.513	30.87	3.18	98.10	10.00	6.99	69.93	71.30	1	27.30
871.617	30.77	3.18	98.00	9.94	7.12	70.81	72.30	1	27.50
871.762	31.00	3.18	98.59	9.92	7.23	71.73	72.80	1	27.20
871.822	31.20	3.15	98.18	9.94	7.26	72.10	73.40	1	27.00
871.926	31.29	3.13	97.90	9.99	7.12	71.16	72.70	1	27.20
872.071	31.61	3.10	98.10	9.99	7.13	71.25	72.60	1	26.90
872.131	31.48	3.11	97.81	9.96	7.22	71.88	73.50	1	26.90
872.235	31.47	3.11	98.02	9.93	7.18	71.28	72.70	1	27.00
872.380	31.28	3.12	97.69	9.94	7.16	71.12	72.80	1	26.90
872.440	31.47	3.12	98.11	9.94	7.19	71.51	72.90	1	26.70
872.544	31.54	3.09	97.54	9.95	7.13	70.92	72.70	1	26.90
872.689	31.72	3.09	98.01	9.89	7.20	71.24	72.70	1	26.60
872.749	31.77	3.07	97.44	9.93	7.21	71.55	73.40	1	26.40
872.853	31.95	3.05	97.60	9.95	7.15	71.16	72.90	1	26.70
872.998	31.90	3.07	97.81	9.97	7.07	70.51	72.10	1	26.70
873.058	31.64	3.09	97.64	9.94	7.17	71.27	73.00	1	26.70
873.162	31.80	3.06	97.36	9.96	7.02	69.86	71.80	1	26.60
873.307	31.88	3.07	97.83	9.92	7.10	70.45	72.00	1	26.70
873.367	31.90	3.08	98.21	10.00	7.08	70.82	72.10	1	26.90
873.471	31.64	3.09	97.84	9.95	7.15	71.12	72.70	1	26.90
873.616	31.59	3.10	97.78	10.01	7.02	70.24	71.80	1	26.90
873.676	31.60	3.10	97.83	9.99	7.07	70.66	72.20	1	27.00
873.780	31.42	3.10	97.57	10.03	7.01	70.29	72.00	1	26.90
873.925	31.66	3.09	97.73	10.04	7.17	72.01	73.70	1	26.90
873.985	31.66	3.11	98.53	10.02	7.08	70.99	72.00	1	26.70
874.089	32.06	3.06	98.17	10.02	7.14	71.51	72.80	1	26.60
874.234	31.88	3.07	97.95	9.95	7.22	71.88	73.40	1	26.70
874.294	31.80	3.08	97.79	9.92	7.16	71.02	72.60	1	26.60
874.398	31.97	3.06	97.68	10.02	7.05	70.70	72.40	1	26.60
874.543	31.95	3.06	97.79	9.97	7.13	71.13	72.70	1	26.70
874.603	31.76	3.06	97.11	9.95	7.17	71.35	73.50	1	26.60
874.707	31.52	3.08	97.17	9.98	7.05	70.33	72.40	1	26.70
874.852	31.55	3.10	97.68	9.88	7.29	72.02	73.70	1	26.90
874.912	31.54	3.10	97.81	9.98	7.12	71.04	72.60	1	26.90
875.016	31.72	3.08	97.61	9.97	7.18	71.63	73.40	1	26.90
875.161	31.55	3.13	98.75	9.96	7.20	71.74	72.60	1	27.30
875.221	31.17	3.16	98.36	9.95	7.16	71.27	72.50	1	27.30
875.325	31.16	3.16	98.37	10.01	7.09	71.00	72.20	1	27.30
875.470	31.17	3.15	98.05	10.01	7.08	70.91	72.30	1	27.20
875.530	30.82	3.16	97.34	9.92	7.22	71.63	73.60	1	27.20
875.634	31.02	3.16	97.94	9.92	7.24	71.89	73.40	1	27.30
875.779	30.66	3.21	98.43	9.96	7.21	71.82	73.00	1	27.60
875.839	30.69	3.19	97.96	10.05	7.04	70.77	72.20	1	27.60
875.943	30.79	3.20	98.42	10.00	7.19	71.91	73.10	1	27.30
876.088	30.88	3.18	98.22	9.94	7.20	71.59	72.90	1	27.30
876.148	31.09	3.17	98.57	10.00	7.14	71.41	72.50	1	27.20
876.252	31.07	3.16	98.16	9.94	7.27	72.27	73.60	1	27.30
876.397	31.06	3.18	98.85	9.99	7.18	71.79	72.60	1	27.30
876.457	31.15	3.17	98.79	9.98	7.30	72.78	73.70	1	27.50
876.561	30.83	3.18	98.17	10.00	7.05	70.51	71.80	1	27.30
876.706	30.84	3.17	97.76	9.99	7.20	71.93	73.60	1	27.50
876.766	30.76	3.19	98.11	9.95	7.25	72.07	73.50	1	27.50
876.870	30.95	3.17	98.21	10.03	7.03	70.56	71.90	1	27.50
877.015	30.99	3.18	98.49	9.96	7.26	72.33	73.40	1	27.20
877.075	31.06	3.15	97.92	9.97	7.13	71.04	72.50	1	27.30
877.179	31.04	3.15	97.92	9.95	7.22	71.89	73.40	1	27.20
877.324	31.30	3.16	98.81	10.00	7.16	71.61	72.50	1	27.20
877.384	31.35	3.14	98.35	9.99	7.14	71.36	72.60	1	27.00
877.488	31.31	3.14	98.44	9.94	7.23	71.86	73.00	1	27.20
877.633	31.38	3.14	98.59	9.95	7.20	71.61	72.60	1	27.30
877.693	31.19	3.15	98.35	10.00	7.10	70.97	72.20	1	27.20
877.797	31.15	3.15	98.21	9.96	7.10	70.69	72.00	1	27.30
877.942	31.04	3.18	98.79	9.95	7.18	71.45	72.30	1	27.50
878.002	30.76	3.21	98.79	9.95	7.07	70.33	71.20	1	27.60
878.106	30.63	3.22	98.75	9.93	7.19	71.47	72.40	1	27.60
878.251	30.82	3.22	99.09	9.90	7.21	71.43	72.10	1	27.30
878.311	31.08	3.17	98.66	9.96	7.27	72.39	73.40	1	27.30
878.415	31.16	3.16	98.44	10.00	7.07	70.66	71.80	1	27.50
878.560	30.88	3.17	97.90	9.95	7.12	70.83	72.40	1	27.50
878.620	30.78	3.19	98.04	9.89	7.22	71.45	72.90	1	27.60
878.724	30.77	3.19	98.27	9.99	7.11	71.03	72.30	1	27.50
878.869	31.08	3.16	98.31	10.00	7.25	72.46	73.70	1	27.30
878.929	30.87	3.17	97.79	9.99	7.07	70.65	72.20	1	27.30
879.033	31.11	3.16	98.23	9.95	7.22	71.85	73.10	1	27.00
879.178	31.47	3.13	98.49	9.95	7.16	71.31	72.40	1	26.90
879.238	31.48	3.11	97.98	9.96	7.18	71.55	73.00	1	26.90
879.342	31.46	3.11	97.90	9.99	7.24	72.34	73.90	1	27.00
879.487	31.64	3.11	98.53	10.07	6.96	70.15	71.20	1	26.90
879.547	31.69	3.10	98.09	9.98	7.15	71.34	72.70	1	26.70
879.651	31.49	3.10	97.61	9.94	7.19	71.53	73.30	1	26.70
879.796	31.47	3.11	97.91	9.92	7.19	71.40	72.90	1	27.00
879.856	31.33	3.13	98.23	9.93	7.16	71.08	72.40	1	27.20
879.960	31.32	3.12	97.64	9.96	7.11	70.79	72.50	1	27.20
880.105	31.39	3.13	98.21	9.96	7.12	70.91	72.20	1	26.90
880.165	31.37	3.13	98.08	9.86	7.26	71.61	73.00	1	26.70
880.269	31.45	3.10	97.50	9.91	7.24	71.78	73.60	1	26.70
880.414	31.61	3.09	97.71	9.90	7.17	70.99	72.70	1	26.70
880.474	31.70	3.08	97.53	9.88	7.27	71.84	73.70	1	26.70
880.578	31.70	3.08	97.64	9.90	7.14	70.64	72.30	1	26.60
880.723	32.02	3.06	98.07	9.95	7.18	71.45	72.90	1	26.60
880.783	31.97	3.06	97.80	9.87	7.26	71.69	73.30	1	26.60
880.887	31.80	3.06	97.29	9.90	7.12	70.51	72.50	1	26.60
881.032	31.85	3.04	96.97	9.87	7.11	70.19	72.40	1	26.60
881.092	31.71	3.08	97.53	9.91	7.15	70.83	72.60	1	26.70
881.195	31.52	3.10	97.55	9.96	7.02	69.93	71.70	1	26.90
881.340	31.47	3.12	98.05	9.95	7.18	71.43	72.80	1	26.90
881.400	31.64	3.07	97.18	9.94	7.18	71.32	73.40	1	26.70
881.504	31.75	3.07	97.53	9.91	7.16	70.93	72.70	1	26.60
881.649	31.67	3.05	96.60	9.90	7.12	70.52	73.00	1	26.70
881.709	31.68	3.07	97.17	9.91	7.13	70.64	72.70	1	26.60
881.813	31.90	3.04	96.81	9.94	7.08	70.37	72.70	1	26.60
881.958	32.06	3.05	97.66	9.92	7.21	71.59	73.30	1	26.70
882.018	31.87	3.07	97.84	9.89	7.17	70.95	72.50	1	26.70
882.122	31.65	3.08	97.55	9.87	7.20	71.08	72.90	1	26.70
882.267	31.76	3.07	97.38	9.92	7.19	71.31	73.20	1	26.60
882.327	31.80	3.07	97.56	9.93	7.13	70.80	72.60	1	26.60
882.431	31.80	3.05	97.13	9.94	7.02	69.76	71.80	1	26.60
882.576	31.77	3.05	97.05	9.98	7.14	71.32	73.50	1	26.70
882.636	31.72	3.07	97.27	9.89	7.23	71.50	73.50	1	26.70
882.740	31.63	3.07	97.05	9.92	7.19	71.38	73.50	1	26.70
882.885	31.71	3.07	97.40	9.92	7.18	71.19	73.10	1	26.60
882.945	31.63	3.07	97.00	9.90	7.28	72.16	74.40	1	26.60
883.049	31.90	3.05	97.44	9.93	7.09	70.38	72.20	1	26.60
883.194	31.95	3.04	97.07	9.92	7.10	70.46	72.60	1	26.60
883.254	32.05	3.03	97.13	10.00	7.04	70.36	72.40	1	26.60
883.358	31.87	3.05	97.16	9.95	7.06	70.25	72.30	1	26.70
883.502	31.77	3.07	97.68	9.94	7.24	71.96	73.70	1	26.90
883.562	31.62	3.09	97.67	9.89	7.28	71.96	73.70	1	26.90
883.666	31.60	3.10	98.00	9.89	7.20	71.15	72.60	1	26.90
883.811	31.43	3.11	97.62	9.92	7.21	71.53	73.30	1	26.90
883.871	31.36	3.11	97.66	9.90	7.19	71.16	72.90	1	26.90
883.975	31.47	3.09	97.33	9.89	7.23	71.53	73.50	1	26.70
884.120	31.39	3.12	97.78	9.92	7.20	71.42	73.00	1	27.00
884.180	31.48	3.12	98.09	9.90	7.28	72.02	73.40	1	27.00
884.284	31.36	3.12	97.79	9.93	7.24	71.90	73.50	1	27.00
884.429	31.26	3.12	97.61	9.91	7.24	71.71	73.50	1	27.00
884.489	31.21	3.13	97.60	9.89	7.20	71.22	73.00	1	27.20
884.593	31.17	3.14	97.99	9.90	7.17	71.01	72.50	1	27.30
884.738	31.09	3.15	97.85	9.92	7.12	70.66	72.20	1	27.20
884.798	31.24	3.15	98.34	9.91	7.24	71.70	72.90	1	27.00
884.902	31.44	3.12	97.96	9.94	7.26	72.14	73.60	1	27.00
885.047	31.39	3.10	97.43	9.91	7.14	70.75	72.60	1	26.90
885.107	31.35	3.10	97.23	9.94	7.09	70.45	72.50	1	27.00
885.211	31.17	3.13	97.53	9.94	7.19	71.46	73.30	1	27.20
885.356	31.04	3.15	97.83	9.89	7.33	72.48	74.10	1	27.30
885.416	31.02	3.15	97.81	9.87	7.31	72.11	73.70	1	27.30
885.520	30.85	3.17	97.83	9.92	7.04	69.82	71.40	1	27.20
885.665	31.09	3.17	98.44	9.94	7.23	71.89	73.00	1	27.00
885.725	31.30	3.14	98.41	9.90	7.26	71.88	73.00	1	27.00
885.829	31.33	3.12	97.59	9.94	7.15	71.02	72.80	1	27.20
885.974	31.07	3.16	98.11	9.86	7.28	71.72	73.10	1	27.20
886.034	31.04	3.15	97.78	9.89	7.30	72.27	73.90	1	27.30
886.138	30.99	3.16	97.85	9.84	7.13	70.13	71.70	1	27.20
886.283	30.86	3.17	97.87	9.89	7.22	71.40	73.00	1	27.20
886.343	31.08	3.16	98.09	9.86	7.23	71.29	72.70	1	27.00
886.447	31.28	3.14	98.23	9.90	7.20	71.27	72.50	1	27.00
886.592	31.38	3.14	98.38	9.90	7.26	71.92	73.10	1	26.90
886.652	31.36	3.14	98.34	9.92	7.05	69.98	71.20	1	26.70
886.756	31.30	3.13	97.99	9.87	7.24	71.52	73.00	1	26.90
886.901	31.42	3.13	98.42	9.89	7.08	69.96	71.10	1	26.90
886.961	31.63	3.10	98.13	9.92	7.17	71.11	72.50	1	26.70
887.065	31.49	3.11	97.97	9.97	7.11	70.83	72.30	1	26.90
887.210	31.56	3.08	97.19	9.92	7.17	71.16	73.20	1	26.90
887.270	31.41	3.11	97.62	9.90	7.15	70.83	72.60	1	27.00
887.374	31.30	3.12	97.73	9.87	7.24	71.45	73.10	1	27.00
887.519	31.20	3.15	98.17	9.89	7.21	71.36	72.70	1	27.20
887.579	31.06	3.15	97.71	9.97	7.01	69.92	71.60	1	27.30
887.683	31.05	3.16	98.07	9.89	7.30	72.17	73.60	1	27.20
887.828	31.47	3.14	98.90	9.97	7.10	70.79	71.60	1	27.30
887.888	31.13	3.16	98.23	9.95	7.19	71.49	72.80	1	27.30
887.992	31.00	3.16	98.08	9.89	7.18	70.97	72.40	1	27.30
888.137	31.09	3.15	97.99	9.88	7.25	71.58	73.00	1	27.00
888.197	31.13	3.15	97.91	9.88	7.17	70.84	72.40	1	27.00
888.301	31.07	3.16	98.29	9.84	7.32	72.00	73.30	1	27.20
888.446	31.18	3.15	98.32	9.89	7.37	72.90	74.10	1	27.20
888.506	31.15	3.16	98.39	9.90	7.18	71.08	72.20	1	27.00
888.610	31.27	3.14	98.04	9.90	7.15	70.80	72.20	1	27.20
888.755	30.92	3.19	98.52	9.88	7.29	72.01	73.10	1	27.30
888.815	30.99	3.18	98.40	9.91	7.33	72.65	73.80	1	27.30
888.919	30.86	3.18	98.13	9.92	7.16	71.05	72.40	1	27.30
889.064	30.80	3.18	98.04	9.95	7.07	70.37	71.80	1	27.30
889.124	30.60	3.21	98.09	9.89	7.26	71.77	73.20	1	27.50
889.228	30.81	3.18	97.95	9.91	7.35	72.83	74.40	1	27.30
889.373	30.79	3.19	98.20	9.92	7.15	70.94	72.20	1	27.60
889.433	30.73	3.19	97.88	9.94	7.11	70.65	72.20	1	27.60
889.537	30.67	3.19	97.97	9.98	7.01	69.97	71.40	1	27.50
889.682	30.92	3.18	98.46	9.89	7.31	72.30	73.40	1	27.20
889.742	31.05	3.17	98.47	9.91	7.25	71.80	72.90	1	27.20
889.845	31.08	3.17	98.44	9.89	7.23	71.45	72.60	1	27.30
889.990	30.77	3.19	98.23	9.90	7.21	71.34	72.60	1	27.50
890.050	30.83	3.18	98.12	9.90	7.22	71.52	72.90	1	27.30
890.154	30.88	3.18	98.09	9.95	7.06	70.28	71.70	1	27.30
890.299	30.71	3.19	97.95	9.90	7.25	71.78	73.30	1	27.30
890.359	30.75	3.18	97.70	9.92	7.22	71.64	73.30	1	27.30
890.463	30.69	3.17	97.22	9.94	7.20	71.59	73.60	1	27.50
890.608	30.35	3.23	98.00	9.91	7.30	72.35	73.80	1	27.80
890.668	30.21	3.24	97.92	9.89	7.19	71.15	72.70	1	27.90
890.772	30.20	3.24	97.71	9.93	7.14	70.92	72.60	1	27.80
890.917	30.08	3.26	98.00	9.89	7.17	70.94	72.40	1	28.10
890.977	29.97	3.26	97.78	9.88	7.16	70.75	72.40	1	28.10
891.081	29.82	3.26	97.27	9.99	6.96	69.53	71.50	1	27.90
891.226	30.03	3.24	97.45	9.90	7.25	71.76	73.60	1	27.80
891.286	29.99	3.25	97.37	9.93	7.06	70.09	72.00	1	27.80
891.390	30.14	3.25	97.83	9.95	7.12	70.84	72.40	1	27.80
891.535	30.39	3.21	97.63	9.94	7.22	71.82	73.60	1	27.50
891.595	30.42	3.22	97.81	9.98	7.18	71.67	73.30	1	27.60
891.699	30.28	3.22	97.63	9.91	7.17	71.08	72.80	1	27.80
891.844	30.45	3.21	97.86	10.04	7.05	70.74	72.30	1	27.60
891.904	30.51	3.22	98.32	9.94	7.26	72.13	73.40	1	27.50
892.008	30.69	3.19	98.00	9.95	7.21	71.78	73.30	1	27.50
892.153	30.73	3.19	98.06	9.97	7.18	71.53	72.90	1	27.50
892.213	30.86	3.18	98.20	9.96	7.13	71.00	72.30	1	27.30
892.317	30.78	3.17	97.53	9.92	7.25	71.99	73.80	1	27.50
892.462	30.57	3.19	97.43	9.89	7.15	70.72	72.60	1	27.60
892.522	30.61	3.20	97.94	9.93	7.11	70.60	72.10	1	27.60
892.626	30.39	3.22	97.81	9.93	7.12	70.74	72.30	1	27.60
892.771	30.63	3.21	98.45	9.95	7.08	70.49	71.60	1	27.60
892.831	30.29	3.23	97.76	9.89	7.15	70.73	72.40	1	27.80
892.935	30.22	3.24	97.90	9.89	7.27	71.86	73.40	1	27.60
893.080	30.29	3.24	98.24	9.89	7.19	71.10	72.40	1	27.50
893.140	30.55	3.22	98.46	9.90	7.19	71.17	72.30	1	27.50
893.244	30.68	3.19	97.79	9.95	7.15	71.17	72.80	1	27.50
893.389	30.80	3.19	98.20	9.95	7.29	72.55	73.90	1	27.50
893.449	30.61	3.20	98.04	9.93	7.18	71.34	72.80	1	27.60
893.553	30.63	3.19	97.81	9.93	7.19	71.34	72.90	1	27.50
893.698	30.74	3.19	98.15	9.87	7.27	71.82	73.20	1	27.30
893.758	30.93	3.18	98.40	9.92	7.31	72.55	73.70	1	27.30
893.862	31.19	3.16	98.48	9.99	7.21	72.03	73.10	1	27.30
894.007	31.04	3.15	97.90	10.03	7.01	70.26	71.80	1	27.30
894.067	30.99	3.17	98.14	10.00	7.06	70.61	71.90	1	27.50
894.171	30.77	3.19	98.29	9.92	7.30	72.42	73.70	1	27.50
894.316	30.48	3.21	97.89	9.93	7.08	70.33	71.80	1	27.50
894.376	30.64	3.20	98.11	9.93	7.18	71.28	72.70	1	27.50
894.480	30.81	3.19	98.43	9.95	7.18	71.42	72.60	1	27.20
894.625	31.09	3.15	98.07	9.92	7.18	71.21	72.60	1	27.30
894.685	31.00	3.16	98.09	9.90	7.21	71.38	72.80	1	27.30
894.789	30.92	3.17	98.05	9.93	7.24	71.88	73.30	1	27.50
894.934	30.91	3.19	98.48	9.95	7.18	71.37	72.50	1	27.30
894.994	30.97	3.18	98.39	9.94	7.19	71.46	72.60	1	27.20
895.098	30.89	3.17	98.03	9.91	7.14	70.75	72.20	1	27.30
895.243	31.46	3.15	99.16	9.99	7.06	70.47	71.10	1	27.00
895.303	31.41	3.14	98.63	9.90	7.27	71.97	73.00	1	26.90
895.407	31.40	3.14	98.54	9.94	7.18	71.33	72.40	1	26.90
895.552	31.55	3.11	98.08	9.92	7.17	71.13	72.50	1	27.00
895.612	31.41	3.12	98.13	9.95	7.22	71.87	73.20	1	27.20
895.716	31.36	3.13	98.11	9.98	7.08	70.64	72.00	1	27.20
895.861	31.02	3.16	98.07	9.94	7.29	72.49	73.90	1	27.20
895.921	31.12	3.17	98.58	9.93	7.26	72.11	73.20	1	27.30
896.025	31.06	3.17	98.35	9.93	7.20	71.58	72.80	1	27.30
896.170	31.10	3.17	98.65	9.90	7.32	72.47	73.50	1	27.20
896.230	31.21	3.14	98.00	9.94	7.14	70.94	72.40	1	27.20
896.334	31.20	3.14	98.09	9.91	7.18	71.11	72.50	1	27.20
896.479	31.10	3.15	98.03	9.96	7.22	71.84	73.30	1	27.20
896.539	31.13	3.14	97.88	9.95	7.24	72.03	73.60	1	27.30
896.643	30.94	3.17	98.11	9.97	7.02	69.99	71.30	1	27.50
896.788	30.89	3.17	97.94	9.98	7.23	72.20	73.70	1	27.30
896.848	30.81	3.18	98.03	9.93	7.16	71.09	72.50	1	27.30
896.952	30.90	3.18	98.38	9.88	7.17	70.84	72.00	1	27.30
897.097	30.82	3.19	98.16	9.87	7.19	70.95	72.30	1	27.20
897.157	31.13	3.16	98.49	9.86	7.22	71.19	72.30	1	27.20
897.261	31.09	3.15	97.82	9.95	7.01	69.74	71.30	1	27.20
897.406	31.03	3.16	98.08	9.92	7.25	71.92	73.30	1	27.30
897.466	30.76	3.17	97.46	9.91	7.16	70.95	72.80	1	27.30
897.569	30.98	3.15	97.46	9.95	7.14	71.02	72.90	1	27.30
897.714	30.79	3.19	98.19	9.93	7.20	71.52	72.80	1	27.50
897.774	30.89	3.17	97.79	9.96	7.06	70.37	72.00	1	27.50
897.878	30.79	3.19	98.09	9.91	7.23	71.67	73.10	1	27.30
898.023	31.22	3.17	98.92	9.97	7.09	70.71	71.50	1	27.30
898.083	31.13	3.16	98.44	9.94	7.12	70.76	71.90	1	27.50
898.187	30.83	3.19	98.26	9.92	7.18	71.16	72.40	1	27.30
898.332	30.83	3.19	98.36	9.89	7.18	70.97	72.20	1	27.50
898.392	30.68	3.20	98.21	9.91	7.23	71.66	73.00	1	27.50
898.496	30.68	3.21	98.54	9.88	7.19	71.01	72.10	1	27.60
898.641	30.51	3.21	98.08	9.90	7.16	70.88	72.30	1	27.50
898.701	30.52	3.22	98.24	9.93	7.18	71.33	72.60	1	27.30
898.805	30.99	3.19	98.94	9.94	7.28	72.35	73.10	1	27.30
898.950	30.96	3.18	98.57	9.98	7.07	70.58	71.60	1	27.30
899.010	30.88	3.18	98.16	9.90	7.23	71.54	72.90	1	27.30
899.114	30.98	3.18	98.45	9.84	7.25	71.39	72.50	1	27.00
899.259	31.15	3.14	97.90	9.95	7.19	71.59	73.10	1	27.00
899.319	31.33	3.13	98.17	9.94	7.21	71.59	72.90	1	26.90
899.423	31.26	3.13	97.87	9.92	7.03	69.73	71.30	1	27.00
899.568	31.22	3.14	98.19	9.96	7.15	71.26	72.60	1	27.20
899.628	31.28	3.13	97.81	9.96	7.23	72.02	73.60	1	27.00
899.732	31.23	3.14	97.90	9.96	7.22	71.88	73.40	1	27.20
899.877	31.01	3.15	97.71	10.05	6.97	70.04	71.70	1	27.20
899.937	31.07	3.14	97.72	9.96	7.20	71.64	73.30	1	27.20
900.041	31.19	3.15	98.15	9.94	7.23	71.88	73.20	1	27.30
900.186	30.94	3.17	98.19	9.95	7.16	71.25	72.60	1	27.60
900.246	30.76	3.19	98.09	9.98	7.16	71.49	72.90	1	27.80
900.350	30.63	3.21	98.33	9.90	7.16	70.90	72.10	1	27.60
900.495	30.64	3.20	97.97	10.01	7.14	71.52	73.00	1	27.60
900.555	30.52	3.19	97.50	9.99	7.20	71.90	73.70	1	27.60
900.659	30.90	3.18	98.16	10.00	7.14	71.38	72.70	1	27.30
900.804	30.94	3.16	97.90	10.03	7.05	70.67	72.20	1	27.30
900.864	31.01	3.15	97.83	9.93	7.19	71.40	73.00	1	27.30
900.968	30.96	3.16	97.92	10.02	7.04	70.53	72.00	1	27.50
901.113	30.63	3.19	97.84	9.93	7.22	71.68	73.30	1	27.50
901.173	30.84	3.18	98.10	9.97	7.11	70.88	72.20	1	27.30
901.277	31.03	3.15	97.59	9.92	7.20	71.42	73.20	1	27.30
901.422	31.10	3.14	97.81	9.92	7.17	71.18	72.80	1	27.00
901.482	31.23	3.13	97.61	10.00	7.11	71.08	72.80	1	27.00
901.586	31.34	3.12	97.70	9.95	7.18	71.47	73.10	1	27.00
901.731	31.57	3.10	97.83	9.97	7.14	71.20	72.80	1	26.90
901.791	31.55	3.10	97.94	9.93	7.21	71.60	73.10	1	26.70
901.895	31.71	3.08	97.61	9.92	7.24	71.86	73.60	1	26.70
902.040	31.74	3.08	97.73	9.97	7.20	71.75	73.40	1	26.90
902.100	31.47	3.10	97.56	9.96	7.20	71.71	73.50	1	26.90
902.204	31.52	3.09	97.28	9.89	7.18	71.03	73.00	1	26.70
902.349	31.64	3.07	97.08	9.91	7.25	71.81	74.00	1	26.70
902.409	31.58	3.07	96.89	10.00	7.01	70.08	72.30	1	26.90
902.513	31.50	3.08	97.04	9.93	7.10	70.54	72.70	1	27.00
902.658	31.22	3.13	97.74	9.95	7.16	71.26	72.90	1	27.20
902.718	31.03	3.13	97.26	9.91	7.26	71.96	74.00	1	27.30
902.822	31.19	3.12	97.44	9.97	7.08	70.63	72.50	1	27.20
902.967	31.34	3.11	97.56	10.00	7.22	72.19	74.00	1	27.20
903.027	31.29	3.11	97.37	10.01	7.05	70.59	72.50	1	27.20
903.131	31.18	3.13	97.75	9.92	7.23	71.74	73.40	1	27.00
903.276	31.35	3.11	97.60	9.98	7.09	70.69	72.40	1	27.00
903.336	31.36	3.11	97.59	9.98	7.10	70.86	72.60	1	26.90
903.440	31.46	3.10	97.38	9.95	7.16	71.22	73.10	1	26.90
903.585	31.33	3.11	97.37	9.95	7.23	71.89	73.80	1	26.70
903.645	31.53	3.09	97.30	9.93	7.16	71.10	73.10	1	26.70
903.749	31.55	3.10	97.88	9.98	7.06	70.44	72.00	1	27.00
903.894	31.35	3.14	98.59	9.89	7.29	72.05	73.10	1	27.00
903.954	31.27	3.12	97.57	10.05	6.95	69.81	71.60	1	27.00
904.058	31.25	3.13	97.87	9.93	7.19	71.39	72.90	1	26.90
904.203	31.26	3.13	97.76	9.94	7.19	71.47	73.10	1	27.00
904.263	31.22	3.13	97.75	9.90	7.25	71.81	73.50	1	27.20
904.367	31.24	3.12	97.55	9.90	7.13	70.58	72.30	1	27.20
904.512	31.32	3.12	97.83	9.91	7.27	72.03	73.60	1	27.00
904.572	31.27	3.13	97.72	9.92	7.10	70.45	72.10	1	27.00
904.676	31.26	3.14	98.02	9.90	7.07	70.03	71.40	1	27.00
904.821	31.38	3.11	97.53	9.93	7.21	71.57	73.40	1	26.90
904.881	31.40	3.11	97.74	10.05	6.97	70.09	71.70	1	27.00
904.985	31.15	3.13	97.57	9.97	7.17	71.48	73.30	1	27.00
905.130	31.16	3.13	97.61	9.92	7.16	71.07	72.80	1	27.20
905.190	31.14	3.14	97.74	9.95	7.11	70.80	72.40	1	27.30
905.294	31.01	3.17	98.20	9.87	7.31	72.13	73.50	1	27.50
905.439	30.91	3.17	97.86	9.92	7.08	70.23	71.80	1	27.30
905.499	30.81	3.18	97.97	9.91	7.15	70.85	72.30	1	27.20
905.603	31.02	3.16	97.95	9.87	7.26	71.63	73.10	1	27.20
905.748	30.94	3.15	97.40	9.96	7.08	70.57	72.50	1	27.20
905.808	31.16	3.13	97.51	9.99	7.03	70.26	72.10	1	27.20
905.912	31.18	3.13	97.71	9.95	7.20	71.61	73.30	1	27.00
906.057	31.45	3.11	97.70	9.95	7.06	70.24	71.90	1	27.00
906.117	31.34	3.13	98.05	10.00	7.03	70.32	71.70	1	26.90
906.221	31.36	3.13	98.02	9.90	7.25	71.76	73.20	1	26.90
906.366	31.36	3.12	97.81	10.00	6.99	69.88	71.40	1	27.00
906.426	31.41	3.12	97.98	9.92	7.18	71.20	72.70	1	27.00
906.530	31.22	3.14	98.04	9.93	7.21	71.58	73.00	1	27.00
906.675	31.42	3.12	98.17	9.95	7.08	70.46	71.80	1	26.90
906.735	31.18	3.13	97.55	9.88	7.26	71.76	73.60	1	27.00
906.839	31.25	3.13	97.81	9.91	7.22	71.55	73.20	1	27.20
906.984	31.25	3.12	97.54	9.89	7.25	71.64	73.50	1	27.00
907.044	31.49	3.10	97.70	9.98	7.22	72.02	73.70	1	27.00
907.148	31.06	3.12	96.88	9.95	7.14	71.03	73.30	1	27.00
907.293	31.28	3.10	97.09	9.98	7.08	70.68	72.80	1	26.90
907.353	31.38	3.09	97.00	9.94	7.15	71.00	73.20	1	26.90
907.457	31.32	3.12	97.58	9.89	7.25	71.73	73.50	1	27.20
907.602	31.06	3.12	97.05	9.97	7.17	71.46	73.60	1	27.00
907.662	31.18	3.11	97.02	9.92	7.27	72.07	74.30	1	27.00
907.766	31.34	3.12	97.64	9.91	7.17	71.06	72.80	1	26.90
907.911	31.41	3.10	97.46	9.97	7.15	71.27	73.10	1	26.90
907.971	31.65	3.08	97.32	9.97	7.14	71.15	73.10	1	26.90
908.075	31.56	3.09	97.59	9.94	7.19	71.48	73.20	1	27.00
908.220	31.22	3.12	97.36	9.96	6.98	69.47	71.40	1	27.00
908.280	31.16	3.12	97.17	9.91	7.12	70.58	72.60	1	27.00
908.384	31.27	3.13	97.85	9.91	7.18	71.16	72.70	1	26.90
908.529	31.60	3.10	97.86	9.95	7.13	70.93	72.50	1	26.90
908.589	31.39	3.12	97.82	9.91	7.18	71.13	72.70	1	27.00
908.693	31.29	3.12	97.57	9.94	7.09	70.47	72.20	1	26.90
908.838	31.62	3.10	98.09	9.88	7.17	70.79	72.20	1	26.60
908.898	31.88	3.05	97.15	9.96	7.20	71.70	73.80	1	26.70
909.002	31.77	3.05	97.02	9.90	7.16	70.89	73.10	1	26.60
909.147	31.77	3.06	97.13	9.92	7.16	70.96	73.10	1	26.70
909.207	31.65	3.07	97.14	9.87	7.15	70.59	72.70	1	26.90
909.311	31.61	3.07	96.97	9.88	7.25	71.58	73.80	1	26.70
909.455	31.62	3.08	97.46	9.95	7.01	69.77	71.60	1	26.60
909.515	31.89	3.04	97.06	9.92	7.01	69.59	71.70	1	26.40
909.619	31.95	3.04	97.15	9.82	7.26	71.34	73.40	1	26.60
909.764	31.83	3.06	97.38	9.92	7.11	70.53	72.40	1	26.60
909.824	31.95	3.04	97.15	9.95	6.99	69.55	71.60	1	26.70
909.928	31.59	3.09	97.52	9.90	7.17	70.98	72.80	1	26.90
910.073	31.36	3.11	97.65	9.91	7.20	71.37	73.10	1	27.00
910.133	31.46	3.10	97.60	9.92	7.22	71.65	73.40	1	27.00
910.237	31.33	3.11	97.40	9.97	7.12	70.99	72.90	1	26.90
910.382	31.54	3.09	97.38	10.02	7.00	70.12	72.00	1	26.90
910.442	31.49	3.09	97.45	9.91	7.20	71.34	73.20	1	26.90
910.546	31.56	3.09	97.44	9.94	7.13	70.87	72.70	1	26.90
910.691	31.67	3.09	97.85	9.91	7.19	71.31	72.90	1	26.70
910.751	31.57	3.08	97.25	9.92	7.16	71.05	73.10	1	26.70
910.855	31.62	3.09	97.72	9.93	7.12	70.70	72.40	1	26.90
911.000	31.14	3.14	97.76	9.83	7.26	71.41	73.00	1	27.20
911.060	31.25	3.12	97.38	9.94	7.25	72.06	74.00	1	27.20
911.164	31.18	3.11	96.89	9.97	7.06	70.34	72.60	1	27.20
911.309	30.87	3.15	97.41	10.00	6.97	69.70	71.60	1	27.50
911.369	30.87	3.16	97.55	9.92	7.19	71.30	73.10	1	27.60
911.473	30.64	3.18	97.50	9.87	7.28	71.84	73.70	1	27.50
911.618	30.53	3.19	97.46	9.99	7.19	71.86	73.70	1	27.60
911.678	30.38	3.20	97.34	9.97	7.14	71.13	73.10	1	27.80
911.782	30.20	3.22	97.35	9.90	7.12	70.47	72.40	1	27.80
911.927	30.25	3.22	97.47	9.87	7.20	71.07	72.90	1	27.80
911.987	30.14	3.23	97.32	9.91	7.08	70.18	72.10	1	27.60
912.091	30.29	3.21	97.27	9.96	7.10	70.73	72.70	1	27.80
912.236	30.09	3.24	97.37	9.95	7.10	70.67	72.60	1	27.90
912.296	30.00	3.25	97.49	9.93	7.02	69.73	71.50	1	28.10
912.400	30.06	3.25	97.68	10.00	7.06	70.57	72.20	1	27.80
912.545	30.12	3.24	97.56	9.96	7.09	70.63	72.40	1	28.10
912.605	29.96	3.25	97.25	9.96	7.12	70.93	72.90	1	28.10
912.709	29.94	3.24	96.88	9.91	7.06	69.94	72.20	1	28.10
912.854	29.80	3.26	97.19	9.86	7.18	70.83	72.90	1	28.20
912.914	29.70	3.27	97.17	9.94	7.05	70.10	72.10	1	28.10
913.018	29.79	3.25	96.80	9.86	7.14	70.44	72.80	1	27.90
913.163	29.83	3.25	96.83	10.02	6.96	69.77	72.10	1	27.90
913.223	30.09	3.23	97.18	9.91	7.12	70.55	72.60	1	27.80
913.327	30.40	3.20	97.41	9.96	7.16	71.32	73.20	1	27.50
913.472	30.55	3.19	97.58	9.91	7.26	71.94	73.70	1	27.30
913.532	30.65	3.17	97.18	9.96	7.05	70.22	72.30	1	27.20
913.636	30.97	3.15	97.56	9.91	7.21	71.47	73.30	1	27.20
913.781	31.16	3.13	97.43	9.94	7.10	70.52	72.40	1	27.20
913.841	31.19	3.11	97.12	9.92	7.08	70.20	72.30	1	27.00
913.945	31.44	3.10	97.45	9.94	7.10	70.59	72.40	1	27.00
914.090	31.20	3.12	97.38	9.94	7.13	70.86	72.80	1	27.20
914.150	31.21	3.12	97.27	9.91	7.20	71.32	73.30	1	27.20
914.254	31.15	3.11	96.95	9.93	7.13	70.83	73.10	1	27.20
914.399	31.45	3.10	97.61	9.96	7.19	71.64	73.40	1	26.90
914.459	31.39	3.10	97.44	9.89	7.13	70.45	72.30	1	26.70
914.563	31.42	3.10	97.36	9.88	7.23	71.43	73.40	1	26.90
914.708	31.39	3.12	98.05	9.92	7.17	71.12	72.50	1	27.20
914.768	31.18	3.12	97.43	9.98	7.08	70.61	72.50	1	27.20
914.872	31.36	3.12	97.84	9.92	7.20	71.47	73.10	1	26.90
915.017	31.32	3.10	97.18	9.93	7.07	70.17	72.20	1	27.00
915.077	31.26	3.11	97.14	9.93	7.14	70.86	72.90	1	26.90
915.181	31.21	3.11	97.02	9.89	7.23	71.52	73.70	1	26.90
915.326	31.16	3.13	97.51	9.90	7.25	71.80	73.60	1	27.20
915.386	31.19	3.13	97.58	9.95	7.19	71.59	73.40	1	27.30
915.490	30.86	3.17	97.72	9.90	7.13	70.60	72.30	1	27.30
915.635	31.01	3.17	98.26	9.89	7.12	70.42	71.70	1	27.50
915.695	30.82	3.18	97.94	9.91	7.14	70.80	72.30	1	27.50
915.799	30.61	3.18	97.26	9.91	7.19	71.24	73.20	1	27.30
915.944	30.49	3.20	97.52	9.89	7.14	70.62	72.40	1	27.60
916.004	30.28	3.21	97.24	9.87	7.09	69.98	72.00	1	27.80
916.108	30.20	3.23	97.41	9.90	7.15	70.77	72.70	1	27.50
916.253	30.25	3.22	97.46	9.87	7.23	71.29	73.10	1	27.80
916.313	30.07	3.23	97.21	9.90	7.13	70.58	72.60	1	27.80
916.417	30.12	3.23	97.29	9.87	7.31	72.17	74.20	1	27.80
916.562	30.06	3.22	96.66	9.83	7.21	70.94	73.40	1	27.80
916.622	30.02	3.24	97.16	9.86	7.19	70.86	72.90	1	27.90
916.726	29.98	3.23	96.91	9.87	7.11	70.19	72.40	1	27.80
916.871	30.37	3.22	97.72	9.90	7.16	70.82	72.50	1	27.60
916.931	30.48	3.20	97.58	9.87	7.07	69.77	71.50	1	27.50
917.035	30.45	3.21	97.61	9.89	7.11	70.33	72.10	1	27.80
917.180	30.15	3.23	97.53	9.82	7.24	71.11	72.90	1	27.80
917.240	30.28	3.21	97.30	9.93	7.22	71.70	73.70	1	27.80
917.344	30.17	3.22	97.10	9.96	6.94	69.11	71.20	1	27.60
917.489	30.40	3.21	97.61	9.91	7.03	69.69	71.40	1	27.50
917.549	30.53	3.19	97.31	9.89	7.14	70.56	72.50	1	27.30
917.653	30.67	3.19	97.97	9.89	7.18	71.06	72.50	1	27.60
917.798	30.44	3.20	97.41	9.93	7.09	70.39	72.30	1	27.60
917.858	30.43	3.21	97.61	9.85	7.23	71.17	72.90	1	27.80
917.962	30.08	3.21	96.55	9.87	7.17	70.72	73.30	1	27.60
918.107	30.40	3.21	97.63	9.84	7.19	70.73	72.40	1	27.50
918.167	30.59	3.19	97.48	9.90	7.19	71.21	73.10	1	27.30
918.271	30.73	3.16	97.27	9.89	7.24	71.62	73.60	1	27.30
918.416	30.67	3.16	97.01	9.90	7.09	70.20	72.40	1	27.30
918.476	30.62	3.18	97.38	9.84	7.22	71.02	72.90	1	27.50
918.580	30.39	3.21	97.41	9.87	7.25	71.50	73.40	1	27.60
918.725	30.39	3.19	96.96	9.91	7.14	70.81	73.00	1	27.60
918.785	30.32	3.21	97.17	9.87	7.23	71.37	73.40	1	27.80
918.889	30.05	3.23	97.01	9.86	7.18	70.73	72.90	1	27.80
919.034	30.02	3.24	97.26	9.86	7.18	70.82	72.80	1	27.90
919.094	29.98	3.24	97.25	9.88	7.14	70.55	72.50	1	27.80
919.198	30.09	3.24	97.65	9.89	7.20	71.24	73.00	1	27.60
919.343	30.50	3.21	97.83	9.90	7.11	70.37	71.90	1	27.50
919.403	30.41	3.22	98.06	9.86	7.15	70.48	71.90	1	27.30
919.507	30.51	3.19	97.45	9.91	7.04	69.72	71.50	1	27.50
919.652	30.73	3.19	97.93	9.83	7.26	71.35	72.90	1	27.30
919.712	30.95	3.17	98.02	9.89	7.24	71.61	73.10	1	27.20
919.816	31.21	3.14	97.92	9.93	7.05	70.01	71.50	1	27.20
919.961	31.02	3.15	97.78	9.91	7.19	71.24	72.90	1	27.20
920.021	31.05	3.15	97.76	9.86	7.23	71.31	72.90	1	27.20
920.125	31.09	3.14	97.69	9.89	7.18	70.96	72.60	1	27.30
920.270	30.85	3.17	97.75	9.91	7.15	70.83	72.50	1	27.30
920.330	30.91	3.17	98.11	9.92	7.16	71.01	72.40	1	27.50
920.434	30.66	3.17	97.14	9.89	7.02	69.45	71.50	1	27.30
920.579	30.44	3.19	97.08	9.86	7.16	70.53	72.60	1	27.60
920.639	30.40	3.19	97.08	9.85	7.17	70.60	72.70	1	27.50
920.743	30.52	3.18	97.12	9.89	7.14	70.64	72.70	1	27.50
920.888	30.35	3.20	96.99	9.90	7.26	71.91	74.10	1	27.60
920.948	30.26	3.20	96.88	9.93	7.10	70.49	72.80	1	27.50
921.052	30.46	3.20	97.44	9.89	7.21	71.27	73.10	1	27.30
921.197	30.88	3.16	97.48	9.88	7.17	70.87	72.70	1	27.30
921.257	30.80	3.16	97.28	9.88	7.14	70.55	72.50	1	27.30
921.361	30.95	3.15	97.49	9.90	7.15	70.83	72.70	1	27.00
921.506	31.26	3.13	97.79	9.85	7.19	70.83	72.40	1	27.00
921.566	31.25	3.12	97.35	9.91	7.01	69.48	71.40	1	27.00
921.670	31.03	3.13	97.14	9.90	7.09	70.24	72.30	1	27.20
921.815	30.99	3.15	97.64	9.86	7.18	70.82	72.50	1	27.20
921.875	30.98	3.14	97.13	9.87	7.22	71.29	73.40	1	27.00
921.979	31.21	3.12	97.38	9.90	7.15	70.72	72.60	1	26.90
922.124	31.45	3.11	97.78	9.87	7.32	72.26	73.90	1	26.70
922.184	31.54	3.09	97.49	9.89	7.07	69.99	71.80	1	26.60
922.288	31.54	3.07	96.87	9.88	7.24	71.51	73.80	1	26.70
922.433	31.59	3.07	96.82	9.86	7.14	70.41	72.70	1	26.60
922.493	31.66	3.06	96.81	9.87	7.12	70.26	72.60	1	26.40
922.597	32.02	3.02	96.86	9.82	7.08	69.53	71.80	1	26.30
922.742	32.02	3.03	96.99	9.83	7.16	70.31	72.50	1	26.40
922.802	31.97	3.03	96.95	9.83	7.21	70.84	73.10	1	26.60
922.906	31.77	3.06	97.37	9.85	7.09	69.79	71.70	1	26.70
923.051	31.66	3.06	97.04	9.89	7.10	70.28	72.40	1	26.70
923.111	31.48	3.09	97.19	9.84	7.19	70.78	72.80	1	26.60
923.215	31.71	3.07	97.43	9.82	7.26	71.29	73.20	1	26.60
923.360	31.71	3.07	97.21	9.89	7.23	71.44	73.50	1	26.70
923.420	31.55	3.06	96.67	9.94	7.05	70.07	72.50	1	26.60
923.524	31.96	3.03	96.92	9.92	7.14	70.81	73.10	1	26.40
923.669	32.12	3.02	96.96	9.89	7.12	70.43	72.60	1	26.40
923.729	32.04	3.01	96.45	9.86	7.15	70.44	73.00	1	26.40
923.833	32.06	3.00	96.06	9.87	7.06	69.70	72.60	1	26.30
923.978	32.12	3.00	96.49	9.88	7.12	70.36	72.90	1	26.60
924.038	31.86	3.04	96.75	9.86	7.23	71.31	73.70	1	26.60
924.142	31.84	3.05	97.16	9.90	7.06	69.91	72.00	1	26.70
924.287	31.51	3.08	97.21	9.90	7.12	70.45	72.50	1	27.00
924.347	31.45	3.09	97.29	9.96	7.11	70.80	72.80	1	26.90
924.451	31.40	3.10	97.19	9.93	7.06	70.06	72.10	1	26.90
924.595	31.46	3.09	97.21	9.96	7.05	70.25	72.30	1	26.90
924.655	31.41	3.09	97.15	9.95	7.14	71.11	73.20	1	26.90
924.759	31.37	3.10	97.35	9.94	7.13	70.80	72.70	1	27.00
924.904	31.29	3.10	96.87	9.95	7.08	70.44	72.70	1	27.00
924.964	31.28	3.11	97.30	9.96	7.09	70.68	72.60	1	27.20
925.068	31.12	3.14	97.71	9.91	7.21	71.47	73.10	1	27.50
925.213	30.81	3.18	98.11	9.88	7.23	71.41	72.80	1	27.60
925.273	30.71	3.19	97.86	9.92	7.28	72.30	73.90	1	27.60
925.377	30.59	3.18	97.35	9.99	6.97	69.56	71.50	1	27.60
925.522	30.52	3.20	97.65	9.94	7.16	71.09	72.80	1	27.80
925.582	30.27	3.21	97.28	9.96	7.12	70.91	72.90	1	27.80
925.686	30.25	3.23	97.56	9.94	7.15	71.05	72.80	1	27.80
925.831	30.21	3.23	97.48	10.00	7.10	71.00	72.80	1	27.80
925.891	30.10	3.25	97.69	9.91	7.15	70.85	72.50	1	27.90
925.995	29.95	3.25	97.18	9.94	7.10	70.56	72.60	1	27.80
926.140	30.38	3.21	97.50	9.92	7.10	70.45	72.30	1	27.80
926.200	30.28	3.23	97.74	9.98	7.13	71.11	72.70	1	27.80
926.304	30.03	3.23	97.02	9.89	7.17	70.90	73.10	1	27.90
926.449	30.12	3.24	97.66	9.84	7.27	71.51	73.20	1	27.80
926.509	30.16	3.24	97.66	9.86	7.20	70.95	72.60	1	27.60
926.613	30.29	3.22	97.50	9.88	7.16	70.72	72.50	1	27.60
926.758	30.42	3.22	98.10	9.91	7.17	71.07	72.50	1	27.50
926.818	30.47	3.22	97.97	9.89	7.25	71.63	73.10	1	27.30
926.922	30.66	3.18	97.40	9.88	7.16	70.73	72.60	1	27.50
927.067	30.66	3.19	97.83	9.90	7.21	71.39	73.00	1	27.50
927.127	30.59	3.19	97.45	9.87	7.15	70.51	72.40	1	27.60
927.231	30.49	3.21	97.81	9.89	7.22	71.44	73.00	1	27.60
927.376	30.72	3.19	98.02	9.95	7.13	70.99	72.40	1	27.50
927.436	30.65	3.21	98.34	9.86	7.19	70.91	72.10	1	27.30
927.540	30.97	3.17	98.04	9.92	7.29	72.38	73.80	1	27.30
927.685	31.01	3.18	98.67	9.88	7.23	71.45	72.40	1	27.30
927.745	30.96	3.19	98.66	9.92	7.19	71.32	72.30	1	27.20
927.849	30.97	3.17	98.29	9.89	7.19	71.12	72.40	1	27.00
927.994	31.17	3.15	98.10	9.90	7.09	70.25	71.60	1	27.00
928.054	31.27	3.14	98.15	9.89	7.15	70.71	72.00	1	26.90
928.158	31.23	3.14	97.94	9.89	7.20	71.22	72.70	1	26.90
928.303	31.34	3.13	97.97	9.90	7.23	71.54	73.00	1	26.90
928.363	31.33	3.14	98.30	9.91	7.14	70.69	71.90	1	26.90
928.467	31.37	3.13	98.34	9.89	7.21	71.31	72.50	1	26.70
928.612	31.41	3.11	97.84	9.91	7.08	70.22	71.80	1	26.90
928.672	31.61	3.09	97.76	9.94	7.14	70.98	72.60	1	26.90
928.776	31.57	3.09	97.64	9.90	7.27	72.01	73.70	1	26.90
928.921	31.53	3.09	97.40	9.97	7.07	70.53	72.40	1	26.90
928.981	31.38	3.11	97.74	9.86	7.21	71.08	72.70	1	26.90
929.085	31.18	3.14	97.87	9.87	7.18	70.94	72.50	1	27.20
929.230	31.16	3.15	98.28	9.90	7.21	71.38	72.60	1	27.20
929.290	31.23	3.14	98.18	9.96	7.15	71.19	72.50	1	27.00
929.394	31.45	3.13	98.51	9.94	7.09	70.45	71.50	1	27.00
929.539	30.98	3.15	97.49	9.92	7.15	70.93	72.80	1	27.20
929.599	31.06	3.13	97.09	9.97	7.13	71.07	73.20	1	27.00
929.703	31.08	3.14	97.44	9.95	7.16	71.25	73.10	1	27.30
929.848	30.80	3.17	97.61	9.96	7.12	70.96	72.70	1	27.50
929.908	30.72	3.17	97.52	9.87	7.23	71.35	73.20	1	27.30
930.012	30.61	3.17	97.08	9.88	7.15	70.65	72.80	1	27.50
930.157	30.27	3.22	97.61	9.81	7.25	71.09	72.80	1	27.80
930.217	30.29	3.23	97.71	9.85	7.16	70.57	72.20	1	27.80
930.321	30.32	3.20	97.01	9.92	7.08	70.21	72.40	1	27.80
930.465	30.15	3.23	97.47	9.91	7.09	70.23	72.00	1	27.90
930.525	30.13	3.25	97.92	9.87	7.14	70.55	72.00	1	27.90
930.629	29.93	3.25	97.31	9.88	7.10	70.11	72.10	1	27.90
930.773	29.77	3.27	97.43	9.83	7.14	70.21	72.10	1	28.20
930.833	29.78	3.27	97.28	9.85	7.09	69.79	71.70	1	28.10
930.937	29.75	3.27	97.29	9.88	7.20	71.18	73.20	1	28.20
931.082	29.63	3.26	96.62	9.91	7.04	69.79	72.20	1	28.10
931.142	29.50	3.27	96.45	9.85	7.20	70.95	73.60	1	28.10
931.246	29.57	3.26	96.48	9.90	7.03	69.64	72.20	1	28.20
931.391	29.35	3.29	96.64	9.88	7.02	69.39	71.80	1	28.20
931.451	29.51	3.29	97.06	9.79	7.13	69.81	71.90	1	28.10
931.555	29.27	3.29	96.33	9.84	7.07	69.54	72.20	1	28.20
931.700	29.34	3.28	96.33	9.89	7.07	69.96	72.60	1	28.20
931.760	29.46	3.28	96.57	9.87	7.12	70.28	72.80	1	28.10
931.864	29.69	3.27	97.13	9.92	6.94	68.82	70.90	1	27.80
932.009	30.17	3.24	97.71	9.90	7.14	70.67	72.30	1	27.50
932.069	30.37	3.20	97.25	9.90	7.08	70.11	72.10	1	27.60
932.173	30.33	3.20	97.20	9.91	7.15	70.84	72.90	1	27.60
932.318	30.25	3.21	97.02	9.99	6.98	69.68	71.80	1	27.80
932.378	30.29	3.21	97.09	9.88	7.14	70.54	72.70	1	27.60
932.482	30.38	3.20	97.17	9.86	7.22	71.16	73.20	1	27.60
932.627	30.40	3.21	97.57	9.87	7.16	70.70	72.50	1	27.50
932.687	30.54	3.20	97.65	9.90	7.15	70.80	72.50	1	27.50
932.791	30.54	3.18	97.26	9.89	7.20	71.18	73.20	1	27.50
932.936	30.86	3.18	98.00	9.99	6.99	69.82	71.20	1	27.60
932.996	30.55	3.20	97.65	9.89	7.16	70.82	72.50	1	27.80
933.100	30.40	3.21	97.46	9.93	7.12	70.69	72.50	1	27.80
933.245	30.34	3.21	97.41	9.90	7.11	70.41	72.30	1	27.60
933.305	30.49	3.20	97.62	9.87	7.18	70.89	72.60	1	27.50
933.409	30.73	3.18	97.88	9.91	7.13	70.72	72.30	1	27.50
933.554	30.70	3.19	97.98	9.86	7.23	71.30	72.80	1	27.50
933.614	30.62	3.19	97.72	9.84	7.29	71.74	73.40	1	27.50
933.718	30.65	3.18	97.56	9.89	7.02	69.46	71.20	1	27.30
933.863	30.77	3.18	97.78	9.87	7.37	72.75	74.40	1	27.50
933.923	30.65	3.19	97.76	9.90	7.11	70.38	72.00	1	27.60
934.027	30.36	3.21	97.53	9.88	7.21	71.24	73.00	1	27.60
934.172	30.53	3.21	98.10	9.87	7.19	70.97	72.30	1	27.30
934.232	30.72	3.17	97.48	9.91	7.14	70.73	72.60	1	27.30
934.336	30.64	3.18	97.33	9.89	7.17	70.85	72.80	1	27.30
934.481	30.77	3.16	97.14	9.85	7.14	70.26	72.30	1	27.30
934.541	30.71	3.16	97.12	9.86	7.23	71.27	73.40	1	27.30
934.645	30.73	3.17	97.36	9.85	7.15	70.44	72.30	1	27.50
934.790	30.32	3.22	97.72	9.84	7.25	71.28	72.90	1	27.80
934.850	30.26	3.23	97.66	9.87	7.15	70.53	72.20	1	27.80
934.954	30.06	3.24	97.36	9.85	7.09	69.85	71.70	1	27.60
935.099	30.08	3.23	97.13	9.83	7.19	70.72	72.80	1	27.60
935.159	30.21	3.22	97.17	9.88	7.24	71.58	73.70	1	27.60
935.263	30.35	3.21	97.32	9.88	7.23	71.41	73.40	1	27.60
935.408	30.54	3.21	98.00	9.84	7.26	71.45	72.90	1	27.30
935.468	30.62	3.19	97.54	9.84	7.24	71.26	73.10	1	27.20
935.572	30.76	3.18	97.85	9.86	7.11	70.09	71.60	1	27.20
935.717	30.73	3.18	97.80	9.79	7.25	71.02	72.60	1	27.50
935.777	30.62	3.19	97.63	9.83	7.18	70.58	72.30	1	27.50
935.881	30.80	3.18	97.86	9.83	7.14	70.16	71.70	1	27.20
936.026	30.68	3.19	97.95	9.81	7.35	72.18	73.70	1	27.50
936.086	30.68	3.20	98.14	9.82	7.38	72.48	73.90	1	27.50
936.190	30.58	3.20	97.84	9.86	7.19	70.90	72.50	1	27.30
936.335	30.61	3.18	97.31	9.93	7.02	69.73	71.70	1	27.30
936.395	30.45	3.19	97.08	9.86	7.18	70.79	72.90	1	27.30
936.499	30.20	3.12	94.17	9.76	7.10	69.30	73.60	1	27.30
936.644	30.65	3.17	97.09	9.78	7.22	70.55	72.70	1	27.00
936.704	31.02	3.15	97.64	9.80	7.20	70.56	72.30	1	26.90
936.807	31.20	3.14	97.92	9.82	7.14	70.15	71.60	1	26.70
936.952	31.67	3.09	97.80	9.85	7.22	71.07	72.70	1	26.70
937.012	31.61	3.07	97.19	9.86	7.22	71.21	73.30	1	26.70
937.116	31.76	3.05	96.99	9.86	7.16	70.63	72.80	1	26.60
937.261	31.87	3.05	97.14	9.82	7.23	71.02	73.10	1	26.40
937.321	31.90	3.03	96.58	9.84	7.17	70.56	73.10	1	26.60
937.425	31.72	3.05	96.88	9.85	7.18	70.69	73.00	1	26.60
937.570	31.57	3.09	97.41	9.88	7.25	71.63	73.50	1	26.70
937.630	31.60	3.08	97.43	9.91	7.29	72.17	74.10	1	26.70
937.734	31.47	3.08	96.86	9.95	7.06	70.21	72.50	1	26.90
937.879	31.49	3.07	96.70	9.87	7.27	71.73	74.20	1	26.70
937.939	31.39	3.09	96.89	9.85	7.23	71.22	73.50	1	26.70
938.043	31.45	3.08	97.00	9.85	7.20	70.96	73.20	1	26.90
938.188	31.30	3.13	97.92	9.85	7.19	70.88	72.40	1	27.20
938.248	30.98	3.15	97.53	9.83	7.28	71.63	73.40	1	27.30
938.352	30.86	3.15	97.32	9.86	7.21	71.13	73.10	1	27.20
938.497	30.75	3.18	97.70	9.88	7.04	69.54	71.20	1	27.50
938.557	30.58	3.19	97.52	9.88	7.00	69.20	71.00	1	27.50
938.661	30.56	3.19	97.35	9.88	7.14	70.49	72.40	1	27.50
938.806	30.50	3.20	97.71	9.81	7.28	71.43	73.10	1	27.60
938.866	30.49	3.21	97.85	9.81	7.33	71.89	73.50	1	27.80
938.970	30.16	3.22	97.14	9.88	7.04	69.57	71.60	1	27.60
939.115	29.94	3.25	97.19	9.84	7.17	70.59	72.60	1	27.80
939.175	29.96	3.25	97.40	9.82	7.22	70.95	72.80	1	27.80
939.279	29.94	3.25	97.33	9.82	7.24	71.05	73.00	1	27.80
939.424	29.74	3.26	97.04	9.81	7.19	70.55	72.70	1	27.90
939.484	29.70	3.26	96.93	9.81	7.21	70.73	73.00	1	27.90
939.588	29.75	3.27	97.24	9.80	7.18	70.39	72.40	1	27.90
939.733	30.02	3.27	98.03	9.83	7.12	70.03	71.40	1	27.90
939.793	29.92	3.27	97.81	9.79	7.25	70.99	72.60	1	28.10
939.897	29.68	3.27	97.16	9.77	7.24	70.75	72.80	1	27.90
940.042	29.61	3.27	96.74	9.80	7.23	70.83	73.20	1	27.90
940.102	29.70	3.26	96.81	9.84	7.09	69.75	72.00	1	27.90
940.205	29.69	3.28	97.40	9.80	7.19	70.50	72.40	1	27.80
940.350	29.94	3.25	97.34	9.87	7.08	69.91	71.80	1	27.60
940.410	30.27	3.23	97.61	9.90	7.17	70.97	72.70	1	27.50
940.514	30.46	3.21	97.93	9.87	7.32	72.24	73.80	1	27.50
940.659	30.80	3.18	97.81	9.94	7.11	70.66	72.20	1	27.30
940.719	30.48	3.20	97.40	9.85	7.18	70.71	72.60	1	27.50
940.823	30.72	3.19	97.84	9.88	7.19	71.04	72.60	1	27.20
940.968	30.80	3.17	97.61	9.86	7.19	70.95	72.70	1	27.30
941.028	30.84	3.16	97.52	9.88	7.18	70.88	72.70	1	27.30
941.132	30.85	3.18	98.20	9.87	7.13	70.42	71.70	1	27.50
941.277	30.47	3.19	97.17	9.86	7.16	70.62	72.70	1	27.50
941.337	30.45	3.19	97.25	9.90	7.20	71.28	73.30	1	27.50
941.441	30.48	3.20	97.52	9.87	7.22	71.30	73.10	1	27.60
941.586	30.36	3.22	97.82	9.88	7.17	70.83	72.40	1	27.60
941.646	30.17	3.23	97.57	9.85	7.30	71.97	73.80	1	27.80
941.750	30.12	3.22	96.98	9.83	7.21	70.84	73.00	1	27.80
941.895	30.33	3.22	97.56	9.91	7.20	71.36	73.10	1	27.50
941.955	30.44	3.20	97.44	9.85	7.26	71.54	73.40	1	27.30
942.059	30.54	3.18	97.23	9.90	7.16	70.83	72.90	1	27.50
942.204	30.89	3.16	97.77	9.86	7.29	71.96	73.60	1	27.20
942.264	31.06	3.14	97.54	9.93	7.06	70.12	71.90	1	27.00
942.368	31.02	3.15	97.85	9.92	7.13	70.71	72.30	1	27.20
942.513	31.00	3.14	97.34	9.88	7.20	71.15	73.10	1	27.20
942.573	31.03	3.15	97.74	9.94	7.05	70.13	71.70	1	27.20
942.677	31.10	3.15	98.08	9.92	7.20	71.39	72.80	1	27.30
942.822	31.07	3.14	97.43	9.94	7.10	70.56	72.40	1	27.00
942.882	31.02	3.14	97.41	9.83	7.25	71.30	73.20	1	27.20
942.986	30.93	3.16	97.61	9.85	7.24	71.31	73.00	1	27.30
943.131	30.89	3.16	97.73	9.85	7.13	70.30	71.90	1	27.00
943.191	31.06	3.14	97.43	9.90	7.19	71.19	73.10	1	27.00
943.295	31.03	3.13	97.29	9.94	7.06	70.16	72.10	1	27.20
943.440	30.99	3.15	97.50	9.87	7.22	71.26	73.10	1	26.90
943.500	31.18	3.12	97.31	9.86	7.22	71.23	73.20	1	26.90
943.604	31.27	3.10	97.03	9.89	7.16	70.75	72.90	1	26.90
943.749	31.31	3.11	97.30	9.88	7.30	72.10	74.10	1	26.90
943.809	31.33	3.11	97.53	9.82	7.22	70.94	72.70	1	26.90
943.913	31.26	3.11	97.29	9.84	7.17	70.50	72.50	1	26.90
944.058	31.43	3.12	98.02	9.86	7.23	71.22	72.70	1	26.70
944.118	31.65	3.09	97.77	9.92	7.16	70.99	72.60	1	26.60
944.222	31.60	3.07	97.12	9.93	7.06	70.09	72.20	1	26.70
944.367	31.64	3.08	97.30	9.89	7.02	69.40	71.30	1	26.60
944.427	31.75	3.06	97.27	9.83	7.14	70.20	72.20	1	26.40
944.531	31.89	3.04	96.94	9.86	7.23	71.23	73.50	1	26.40
944.676	31.79	3.05	97.05	9.87	7.17	70.79	72.90	1	26.70
944.736	31.76	3.06	97.04	9.94	7.00	69.57	71.70	1	26.70
944.840	31.42	3.11	97.74	9.87	7.19	70.89	72.50	1	27.00
944.985	31.24	3.13	97.90	9.88	7.17	70.80	72.30	1	27.00
945.045	31.17	3.14	97.87	9.88	7.22	71.33	72.90	1	27.20
945.149	30.91	3.14	96.90	9.90	7.04	69.67	71.90	1	27.20
945.294	31.30	3.13	97.90	9.90	7.30	72.29	73.80	1	27.00
945.354	31.22	3.12	97.43	9.90	7.05	69.79	71.60	1	26.90
945.458	31.04	3.13	97.23	9.86	7.15	70.53	72.50	1	27.20
945.603	31.24	3.14	98.12	9.89	7.10	70.27	71.60	1	26.90
945.663	31.41	3.12	97.87	9.92	7.02	69.67	71.20	1	26.70
945.767	31.41	3.11	97.71	9.86	7.13	70.31	72.00	1	26.90
945.912	31.24	3.12	97.38	9.89	7.19	71.04	73.00	1	26.90
945.972	31.31	3.12	97.76	9.85	7.19	70.80	72.40	1	27.00
946.076	31.35	3.10	97.31	9.89	7.16	70.87	72.80	1	26.90
946.221	31.57	3.09	97.52	9.88	7.23	71.39	73.20	1	26.70
946.281	31.56	3.09	97.58	9.82	7.11	69.82	71.60	1	26.70
946.385	31.53	3.09	97.40	9.86	7.13	70.32	72.20	1	26.70
946.530	31.61	3.09	97.83	9.86	7.26	71.52	73.10	1	26.90
946.590	31.53	3.09	97.48	9.94	6.99	69.47	71.30	1	26.90
946.694	31.39	3.10	97.47	9.88	7.14	70.58	72.40	1	26.90
946.839	31.26	3.10	96.99	9.91	7.01	69.47	71.60	1	26.70
946.899	31.26	3.09	96.65	9.87	7.10	70.06	72.50	1	26.70
947.003	31.15	3.12	97.11	9.86	7.21	71.06	73.20	1	27.00
947.148	31.04	3.13	97.21	9.88	7.16	70.73	72.80	1	27.20
947.208	31.00	3.14	97.32	9.88	7.16	70.73	72.70	1	27.00
947.312	31.26	3.14	98.00	9.86	7.17	70.70	72.10	1	26.90
947.457	31.30	3.12	97.57	9.88	7.18	70.96	72.70	1	26.90
947.517	31.46	3.10	97.47	9.85	7.23	71.23	73.10	1	26.70
947.621	31.66	3.06	96.98	9.89	7.13	70.53	72.70	1	26.70
947.766	31.59	3.08	97.40	9.90	7.16	70.84	72.70	1	26.70
947.826	31.64	3.09	97.66	9.88	7.06	69.73	71.40	1	26.60
947.930	31.59	3.09	97.66	9.90	7.05	69.76	71.40	1	26.70
948.075	31.59	3.08	97.32	9.87	7.15	70.53	72.50	1	26.70
948.135	31.62	3.09	97.66	9.85	7.21	70.96	72.70	1	26.70
948.239	31.34	3.09	97.00	9.85	7.12	70.12	72.30	1	26.70
948.384	31.75	3.07	97.39	9.91	7.16	70.97	72.90	1	26.60
948.444	31.69	3.06	96.96	9.84	7.19	70.76	73.00	1	26.60
948.548	31.73	3.06	96.96	9.89	7.10	70.18	72.40	1	26.60
948.693	31.80	3.05	96.94	9.90	7.17	71.01	73.30	1	26.40
948.753	31.79	3.05	97.06	9.85	7.18	70.66	72.80	1	26.60
948.857	31.86	3.04	96.80	9.84	7.14	70.29	72.60	1	26.40
949.002	32.07	3.03	97.12	9.88	7.14	70.55	72.60	1	26.40
949.062	32.32	2.99	96.50	9.89	7.06	69.81	72.30	1	26.30
949.166	32.05	3.02	96.65	9.88	7.11	70.27	72.70	1	26.40
949.311	31.95	3.03	96.83	9.82	7.12	69.88	72.20	1	26.40
949.371	32.01	3.02	96.76	9.81	7.23	70.95	73.30	1	26.60
949.475	31.80	3.04	96.73	9.89	7.06	69.80	72.20	1	26.60
949.620	31.75	3.05	96.95	9.84	7.11	69.99	72.20	1	26.70
949.680	31.58	3.07	96.89	9.81	7.20	70.68	72.90	1	26.60
949.784	31.74	3.07	97.39	9.81	7.17	70.34	72.20	1	26.30
949.929	31.97	3.03	97.01	9.79	7.13	69.86	72.00	1	26.40
949.989	31.87	3.04	97.00	9.84	7.18	70.63	72.80	1	26.60
950.093	31.68	3.05	96.76	9.84	7.08	69.64	72.00	1	26.40
950.238	32.04	3.04	97.24	9.80	7.12	69.79	71.80	1	26.10
950.298	32.09	3.01	96.59	9.78	7.14	69.86	72.30	1	26.10
950.402	32.18	3.01	96.84	9.77	7.28	71.17	73.50	1	26.30
950.547	32.17	3.03	97.40	9.82	7.20	70.69	72.60	1	26.10
950.607	32.29	3.00	97.00	9.78	7.13	69.70	71.90	1	26.10
950.711	32.18	3.00	96.50	9.86	7.02	69.28	71.80	1	26.10
950.856	32.24	3.00	96.85	9.82	7.11	69.82	72.10	1	26.40
950.916	32.20	3.01	97.08	9.86	7.23	71.28	73.40	1	26.60
951.020	31.83	3.04	96.78	9.89	7.08	70.01	72.30	1	26.40
951.165	31.84	3.04	96.73	9.87	7.01	69.19	71.50	1	26.40
951.225	31.84	3.03	96.61	9.87	7.05	69.56	72.00	1	26.40
951.329	31.84	3.04	96.87	9.90	6.97	68.95	71.20	1	26.60
951.474	31.80	3.05	96.92	9.84	7.25	71.38	73.60	1	26.70
951.534	31.60	3.08	97.18	9.85	7.14	70.36	72.40	1	26.70
951.638	31.40	3.09	96.96	9.92	7.08	70.28	72.50	1	26.90
951.783	31.54	3.09	97.36	9.88	7.24	71.58	73.50	1	26.70
951.843	31.54	3.08	97.11	9.95	7.02	69.83	71.90	1	26.70
951.947	31.48	3.10	97.47	9.85	7.21	71.03	72.90	1	26.70
952.092	31.53	3.10	97.67	9.84	7.03	69.22	70.90	1	26.90
952.152	31.45	3.10	97.41	9.85	7.05	69.46	71.30	1	26.90
952.256	31.50	3.09	97.39	9.87	7.11	70.15	72.00	1	26.70
952.401	31.35	3.09	96.95	9.84	7.15	70.35	72.60	1	26.90
952.461	31.26	3.11	97.28	9.84	7.20	70.78	72.80	1	27.00
952.565	31.23	3.11	97.20	9.84	7.17	70.54	72.60	1	26.90
952.710	31.36	3.12	97.82	9.84	7.23	71.11	72.70	1	26.90
952.770	31.37	3.11	97.44	9.82	7.35	72.17	74.10	1	26.70
952.874	31.44	3.08	96.89	9.90	7.11	70.44	72.70	1	26.70
953.019	31.54	3.08	96.99	9.85	7.15	70.43	72.60	1	26.70
953.079	31.34	3.09	96.68	9.86	7.17	70.68	73.10	1	26.90
953.183	31.22	3.12	97.31	9.86	7.12	70.25	72.20	1	27.00
953.328	30.99	3.13	96.95	9.86	7.23	71.24	73.50	1	27.20
953.388	30.85	3.15	97.11	9.85	7.23	71.24	73.40	1	27.20
953.492	30.79	3.16	97.41	9.83	7.27	71.50	73.40	1	27.30
953.637	30.69	3.17	97.27	9.81	7.20	70.69	72.70	1	27.30
953.697	30.56	3.17	96.85	9.85	7.12	70.16	72.40	1	27.30
953.801	30.91	3.14	97.07	9.88	7.26	71.71	73.90	1	27.00
953.946	31.08	3.14	97.58	9.90	7.13	70.54	72.30	1	27.20
954.006	31.06	3.14	97.55	9.89	7.18	70.97	72.70	1	27.30
954.110	30.76	3.15	97.01	9.84	7.21	70.96	73.10	1	27.20
954.255	30.89	3.14	97.16	9.84	7.19	70.74	72.80	1	27.20
954.315	31.05	3.15	97.67	9.87	7.10	70.02	71.70	1	27.00
954.419	31.19	3.12	97.32	9.87	7.09	69.98	71.90	1	27.00
954.564	31.24	3.12	97.44	9.89	7.24	71.56	73.40	1	26.70
954.624	31.50	3.09	97.39	9.87	7.16	70.68	72.60	1	26.70
954.728	31.38	3.08	96.70	9.87	7.10	70.06	72.40	1	26.70
954.873	31.36	3.12	97.82	9.87	7.14	70.46	72.00	1	27.00
954.933	31.38	3.10	97.33	9.88	7.14	70.56	72.50	1	27.20
955.036	31.12	3.12	97.14	9.90	7.05	69.77	71.80	1	27.00
955.181	31.45	3.12	97.99	9.85	7.12	70.13	71.60	1	26.70
955.241	31.43	3.11	97.67	9.84	7.17	70.49	72.20	1	26.70
955.345	31.49	3.09	97.29	9.85	7.11	70.06	72.00	1	26.90
955.490	31.34	3.09	96.84	9.87	7.25	71.56	73.90	1	26.70
955.550	31.29	3.10	96.92	9.88	7.03	69.45	71.70	1	26.90
955.654	31.19	3.12	97.16	9.81	7.21	70.71	72.80	1	26.90
955.799	31.02	3.13	97.16	9.83	7.17	70.43	72.50	1	27.00
955.859	31.15	3.12	97.07	9.84	7.16	70.49	72.60	1	27.00
955.963	31.16	3.13	97.43	9.84	7.21	70.93	72.80	1	27.00
956.108	31.33	3.10	97.17	9.85	7.17	70.56	72.60	1	26.90
956.168	31.22	3.12	97.31	9.82	7.17	70.35	72.30	1	26.90
956.272	31.11	3.12	96.93	9.79	7.25	70.97	73.20	1	27.00
956.417	31.17	3.12	97.17	9.82	7.26	71.35	73.40	1	27.00
956.477	31.17	3.12	97.13	9.81	7.26	71.20	73.30	1	27.00
956.581	31.17	3.11	97.04	9.90	7.02	69.55	71.70	1	26.90
956.726	31.18	3.13	97.48	9.83	7.17	70.54	72.40	1	26.70
956.786	31.43	3.09	97.28	9.86	7.11	70.09	72.10	1	26.70
956.890	31.41	3.08	96.78	9.84	7.18	70.65	73.00	1	26.90
957.035	31.15	3.13	97.40	9.85	7.11	70.04	71.90	1	27.20
957.095	31.10	3.13	97.30	9.83	7.18	70.62	72.60	1	27.20
957.199	31.08	3.13	97.34	9.86	7.20	70.96	72.90	1	26.90
957.344	31.27	3.11	97.26	9.95	7.05	70.15	72.10	1	26.90
957.404	31.16	3.12	97.06	9.87	7.23	71.35	73.50	1	26.90
957.508	31.44	3.09	97.11	9.92	7.11	70.52	72.60	1	26.90
957.653	31.39	3.10	97.31	9.88	7.14	70.56	72.50	1	26.70
957.713	31.53	3.08	97.02	9.90	7.06	69.87	72.00	1	26.90
957.817	31.34	3.09	96.73	9.87	7.11	70.24	72.60	1	26.70
957.962	31.35	3.10	97.15	9.85	7.08	69.67	71.70	1	26.90
958.022	31.37	3.09	97.04	9.85	7.26	71.45	73.60	1	27.00
958.126	31.21	3.11	97.14	9.91	6.99	69.28	71.30	1	27.00
958.271	31.29	3.12	97.49	9.90	7.08	70.10	71.90	1	27.20
958.331	31.04	3.13	97.09	9.89	7.09	70.15	72.30	1	27.00
958.434	30.99	3.13	97.11	9.86	7.14	70.41	72.50	1	27.00
958.579	31.15	3.13	97.46	9.90	7.17	70.96	72.80	1	27.00
958.639	31.09	3.12	96.88	9.86	7.23	71.32	73.60	1	26.90
958.743	31.20	3.12	97.46	9.84	7.19	70.75	72.60	1	27.20
958.888	31.08	3.14	97.62	9.90	7.16	70.86	72.60	1	27.20
958.948	31.19	3.12	97.22	9.93	7.11	70.61	72.60	1	27.20
959.052	31.15	3.13	97.40	9.92	7.14	70.90	72.80	1	27.20
959.197	31.16	3.12	97.35	9.85	7.21	70.99	72.90	1	27.00
959.257	31.21	3.12	97.30	9.87	7.21	71.09	73.10	1	26.90
959.361	31.14	3.11	96.95	9.87	7.15	70.53	72.80	1	27.00
