329.851	17.19	3.48	59.82	6.13	5.96	36.55	61.10	1	25.80
329.955	13.73	3.75	51.54	5.83	5.53	32.23	62.50	1	50.80
330.100	7.36	4.46	32.82	4.21	4.66	19.63	59.80	1	40.00
330.160	8.74	4.48	39.16	4.71	5.28	24.83	63.40	1	37.50
330.263	13.34	3.27	43.65	4.69	5.69	26.67	61.10	1	25.00
330.407	30.24	1.54	46.49	4.00	6.00	23.99	51.60	1	10.00
330.467	32.96	1.29	42.55	3.70	6.35	23.47	55.20	1	10.00
330.571	35.21	1.27	44.55	3.63	7.27	26.40	59.30	1	14.00
330.716	27.47	1.72	47.11	3.65	7.80	28.48	60.50	1	14.00
330.776	30.69	1.75	53.68	3.89	8.49	33.06	61.60	1	14.00
330.880	33.23	1.78	59.15	4.09	9.01	36.82	62.20	1	14.10
331.025	33.69	1.82	61.21	4.14	9.17	37.99	62.10	1	14.40
331.085	33.36	1.83	60.97	4.16	9.15	38.03	62.40	1	14.60
331.188	32.94	1.84	60.66	4.15	9.16	38.00	62.60	1	14.40
331.333	33.79	1.83	61.99	4.15	9.24	38.36	61.90	1	14.10
331.393	34.09	1.81	61.84	4.17	9.21	38.41	62.10	1	14.00
331.497	34.10	1.82	62.09	4.17	9.23	38.51	62.00	1	14.30
331.642	33.88	1.83	61.92	4.18	9.25	38.65	62.40	1	14.10
331.702	34.15	1.82	62.17	4.19	9.26	38.83	62.50	1	14.00
331.806	34.36	1.81	62.04	4.17	9.23	38.48	62.00	1	14.10
331.951	34.49	1.79	61.64	4.20	9.20	38.66	62.70	1	14.00
332.011	34.57	1.77	61.35	4.20	9.18	38.57	62.90	1	14.00
332.115	34.66	1.78	61.61	4.20	9.15	38.45	62.40	1	14.00
332.260	34.47	1.80	62.09	4.20	9.19	38.63	62.20	1	14.30
332.320	34.25	1.81	62.08	4.23	9.19	38.85	62.60	1	14.30
332.424	33.94	1.83	62.01	4.21	9.20	38.73	62.50	1	14.30
332.569	33.88	1.83	61.93	4.18	9.23	38.61	62.30	1	14.30
332.629	33.93	1.83	62.15	4.20	9.22	38.77	62.40	1	14.30
332.733	33.94	1.83	62.12	4.20	9.22	38.73	62.30	1	14.30
332.878	33.96	1.82	61.96	4.20	9.25	38.90	62.80	1	14.30
332.938	34.05	1.82	62.09	4.19	9.22	38.63	62.20	1	14.30
333.042	33.79	1.83	61.72	4.19	9.20	38.52	62.40	1	14.30
333.187	33.92	1.83	62.03	4.20	9.22	38.72	62.40	1	14.30
333.247	33.98	1.83	62.24	4.20	9.20	38.64	62.10	1	14.10
333.351	34.17	1.83	62.41	4.19	9.20	38.59	61.80	1	14.10
333.496	34.39	1.82	62.45	4.19	9.22	38.65	61.90	1	14.10
333.556	34.41	1.82	62.67	4.20	9.20	38.63	61.60	1	14.10
333.660	34.34	1.80	61.88	4.22	9.22	38.91	62.90	1	14.00
333.805	34.40	1.80	62.03	4.20	9.21	38.71	62.40	1	14.30
333.865	34.27	1.81	61.93	4.19	9.21	38.61	62.30	1	14.30
333.969	33.95	1.82	61.84	4.17	9.22	38.47	62.20	1	14.40
334.114	33.93	1.82	61.84	4.17	9.20	38.39	62.10	1	14.30
334.174	34.02	1.83	62.12	4.19	9.21	38.62	62.20	1	14.10
334.278	34.23	1.82	62.20	4.19	9.19	38.48	61.90	1	14.10
334.423	34.39	1.81	62.09	4.20	9.18	38.59	62.20	1	14.10
334.483	34.34	1.80	61.93	4.19	9.18	38.50	62.20	1	14.10
334.587	34.40	1.80	62.06	4.21	9.18	38.67	62.30	1	14.10
334.732	34.01	1.82	62.04	4.22	9.17	38.66	62.30	1	14.40
334.792	33.86	1.83	61.98	4.23	9.16	38.78	62.60	1	14.40
334.896	33.80	1.83	61.89	4.22	9.14	38.55	62.30	1	14.40
335.041	33.92	1.83	61.96	4.21	9.18	38.60	62.30	1	14.30
335.101	34.15	1.81	61.93	4.19	9.17	38.42	62.00	1	14.10
335.205	34.37	1.81	62.09	4.19	9.16	38.42	61.90	1	14.00
335.350	34.50	1.80	62.11	4.23	9.16	38.71	62.30	1	14.10
335.410	34.50	1.80	61.96	4.20	9.18	38.51	62.20	1	14.30
335.514	34.31	1.80	61.74	4.22	9.20	38.84	62.90	1	14.10
335.659	34.40	1.79	61.71	4.23	9.17	38.85	62.90	1	14.10
335.719	34.29	1.81	61.98	4.23	9.16	38.78	62.60	1	14.30
335.823	34.23	1.81	62.07	4.24	9.18	38.96	62.80	1	14.30
335.968	33.84	1.85	62.46	4.22	9.17	38.66	61.90	1	14.60
336.028	33.42	1.84	61.48	4.20	9.13	38.33	62.30	1	14.40
336.132	33.48	1.84	61.58	4.18	9.15	38.25	62.10	1	14.40
336.277	33.71	1.84	62.02	4.21	9.13	38.46	62.00	1	14.30
336.337	33.83	1.83	61.85	4.22	9.15	38.59	62.40	1	14.30
336.441	34.12	1.81	61.79	4.20	9.16	38.44	62.20	1	14.10
336.586	33.95	1.83	62.15	4.19	9.21	38.59	62.10	1	14.30
336.646	33.71	1.83	61.69	4.20	9.17	38.51	62.40	1	14.40
336.750	33.77	1.83	61.90	4.18	9.20	38.48	62.20	1	14.30
336.895	34.22	1.81	62.10	4.20	9.23	38.73	62.40	1	14.10
336.955	34.36	1.81	62.17	4.18	9.22	38.58	62.10	1	14.00
337.059	34.31	1.81	62.05	4.18	9.21	38.46	62.00	1	14.10
337.203	34.15	1.82	62.31	4.20	9.20	38.67	62.10	1	14.30
337.263	33.82	1.83	61.77	4.20	9.17	38.52	62.40	1	14.40
337.367	33.92	1.83	62.18	4.20	9.16	38.48	61.90	1	14.10
337.512	34.34	1.81	62.28	4.20	9.19	38.63	62.00	1	14.30
337.572	34.14	1.82	62.10	4.22	9.19	38.79	62.50	1	14.40
337.676	33.88	1.81	61.34	4.21	9.18	38.64	63.00	1	14.30
337.821	34.04	1.81	61.57	4.22	9.19	38.72	62.90	1	14.10
337.881	33.99	1.80	61.28	4.24	9.21	39.00	63.60	1	14.30
337.985	34.05	1.81	61.80	4.22	9.20	38.84	62.80	1	14.30
338.130	33.86	1.82	61.46	4.22	9.20	38.82	63.20	1	14.30
338.190	33.88	1.82	61.63	4.22	9.20	38.83	63.00	1	14.30
338.294	33.92	1.82	61.81	4.21	9.21	38.80	62.80	1	14.30
338.439	34.34	1.80	61.87	4.18	9.19	38.43	62.10	1	14.00
338.499	34.41	1.79	61.73	4.19	9.19	38.46	62.30	1	14.10
338.603	34.31	1.81	61.98	4.21	9.18	38.60	62.30	1	14.30
338.748	34.05	1.83	62.16	4.21	9.16	38.57	62.10	1	14.30
338.808	34.21	1.80	61.64	4.22	9.16	38.63	62.70	1	14.10
338.912	34.17	1.81	61.76	4.20	9.16	38.48	62.30	1	14.40
339.057	34.10	1.83	62.23	4.22	9.18	38.79	62.30	1	14.10
339.117	34.20	1.81	61.89	4.22	9.18	38.75	62.60	1	14.10
339.221	34.28	1.80	61.83	4.22	9.15	38.61	62.50	1	14.10
339.366	33.98	1.82	61.85	4.20	9.15	38.40	62.10	1	14.40
339.426	33.89	1.83	62.05	4.23	9.14	38.66	62.30	1	14.30
339.530	34.19	1.80	61.59	4.23	9.16	38.72	62.90	1	14.30
339.675	34.32	1.81	62.09	4.22	9.16	38.62	62.20	1	14.00
339.735	34.56	1.80	62.03	4.19	9.13	38.29	61.70	1	14.00
339.839	34.60	1.79	61.92	4.21	9.16	38.51	62.20	1	14.10
339.984	34.22	1.82	62.11	4.20	9.20	38.62	62.20	1	14.30
340.044	34.10	1.81	61.80	4.21	9.20	38.74	62.70	1	14.30
340.148	34.06	1.82	61.97	4.22	9.15	38.61	62.30	1	14.30
340.293	34.31	1.80	61.92	4.19	9.16	38.41	62.00	1	14.10
340.353	34.32	1.81	62.16	4.20	9.16	38.46	61.90	1	14.10
340.457	34.49	1.79	61.75	4.20	9.16	38.45	62.30	1	14.10
340.602	34.48	1.77	60.87	4.22	9.15	38.62	63.50	1	14.10
340.662	34.43	1.78	61.15	4.22	9.15	38.56	63.10	1	14.10
340.766	34.33	1.80	61.64	4.21	9.19	38.64	62.70	1	14.30
340.911	33.81	1.82	61.49	4.19	9.15	38.33	62.30	1	14.40
340.971	33.96	1.82	61.92	4.19	9.14	38.26	61.80	1	14.30
341.075	34.15	1.81	61.77	4.22	9.15	38.60	62.50	1	14.30
341.220	33.92	1.81	61.52	4.21	9.15	38.50	62.60	1	14.30
341.280	33.96	1.82	61.78	4.22	9.14	38.55	62.40	1	14.30
341.384	34.11	1.81	61.59	4.23	9.17	38.78	63.00	1	14.10
341.529	34.37	1.80	61.70	4.21	9.14	38.47	62.40	1	14.10
341.589	34.47	1.80	61.95	4.20	9.13	38.34	61.90	1	14.10
341.693	34.58	1.78	61.61	4.20	9.11	38.32	62.20	1	14.00
341.838	34.45	1.79	61.64	4.20	9.16	38.48	62.40	1	14.10
341.898	34.43	1.80	62.11	4.21	9.18	38.69	62.30	1	14.10
342.002	34.29	1.80	61.63	4.19	9.19	38.46	62.40	1	14.10
342.147	34.32	1.79	61.29	4.22	9.16	38.65	63.10	1	14.10
342.207	34.43	1.79	61.59	4.22	9.14	38.61	62.70	1	14.00
342.311	34.39	1.77	60.96	4.19	9.11	38.18	62.60	1	14.10
342.456	34.50	1.77	61.12	4.16	9.11	37.93	62.10	1	14.00
342.516	34.67	1.75	60.81	4.16	9.08	37.78	62.10	1	13.90
342.620	34.75	1.76	61.00	4.17	9.08	37.85	62.00	1	14.00
342.765	34.69	1.75	60.87	4.18	9.12	38.09	62.60	1	14.00
342.825	34.55	1.77	61.00	4.20	9.11	38.21	62.60	1	14.00
342.929	34.58	1.77	61.11	4.22	9.09	38.37	62.80	1	14.00
343.074	34.50	1.79	61.75	4.19	9.13	38.21	61.90	1	14.10
343.134	34.42	1.80	61.90	4.20	9.15	38.45	62.10	1	14.30
343.238	34.08	1.81	61.70	4.22	9.16	38.70	62.70	1	14.10
343.383	34.29	1.81	61.95	4.25	9.13	38.78	62.60	1	14.40
343.443	33.86	1.81	61.35	4.22	9.17	38.73	63.10	1	14.40
343.547	34.12	1.81	61.87	4.24	9.18	38.90	62.90	1	14.10
343.692	34.41	1.80	61.87	4.21	9.15	38.58	62.40	1	14.10
343.752	34.48	1.80	62.03	4.22	9.13	38.56	62.20	1	14.00
343.856	34.68	1.77	61.45	4.20	9.08	38.16	62.10	1	14.00
344.001	34.37	1.79	61.63	4.23	9.15	38.73	62.80	1	14.30
344.061	34.27	1.80	61.67	4.24	9.14	38.77	62.90	1	14.30
344.165	34.11	1.81	61.77	4.23	9.17	38.73	62.70	1	14.40
344.310	34.14	1.81	61.93	4.21	9.14	38.45	62.10	1	14.10
344.370	34.29	1.81	61.95	4.22	9.13	38.56	62.20	1	14.10
344.474	34.29	1.81	62.07	4.22	9.14	38.58	62.20	1	14.30
344.619	33.89	1.82	61.77	4.20	9.14	38.42	62.20	1	14.40
344.679	33.76	1.83	61.76	4.20	9.14	38.39	62.20	1	14.40
344.783	33.70	1.82	61.46	4.22	9.11	38.49	62.60	1	14.30
344.928	34.08	1.82	61.85	4.25	9.16	38.92	62.90	1	14.10
344.988	34.23	1.80	61.59	4.23	9.16	38.69	62.80	1	14.10
345.092	34.36	1.80	61.73	4.21	9.16	38.58	62.50	1	14.10
345.237	34.43	1.81	62.48	4.22	9.15	38.59	61.80	1	14.10
345.297	34.38	1.80	61.74	4.25	9.14	38.80	62.80	1	14.00
345.401	34.42	1.78	61.23	4.24	9.13	38.70	63.20	1	14.10
345.546	34.69	1.76	61.18	4.20	9.12	38.33	62.70	1	14.00
345.606	34.70	1.76	61.14	4.21	9.12	38.39	62.80	1	14.00
345.710	34.55	1.78	61.35	4.20	9.12	38.28	62.40	1	14.10
345.854	34.16	1.80	61.55	4.21	9.15	38.52	62.60	1	14.40
345.914	33.92	1.82	61.57	4.21	9.14	38.51	62.50	1	14.40
346.018	33.77	1.84	62.04	4.23	9.12	38.56	62.10	1	14.40
346.163	33.50	1.82	61.07	4.19	9.10	38.13	62.40	1	14.40
346.223	33.51	1.83	61.36	4.21	9.11	38.38	62.60	1	14.40
346.327	33.76	1.81	61.19	4.22	9.14	38.58	63.00	1	14.30
346.472	34.34	1.80	61.64	4.22	9.12	38.43	62.30	1	14.30
346.532	34.14	1.79	61.17	4.20	9.14	38.35	62.70	1	14.30
346.636	33.93	1.81	61.37	4.22	9.14	38.55	62.80	1	14.40
346.781	34.11	1.81	61.63	4.22	9.16	38.65	62.70	1	14.10
346.841	34.27	1.80	61.69	4.21	9.16	38.53	62.50	1	14.10
346.945	34.56	1.78	61.57	4.20	9.14	38.43	62.40	1	14.00
347.090	34.54	1.79	61.74	4.20	9.18	38.62	62.50	1	14.30
347.150	34.28	1.79	61.50	4.21	9.16	38.53	62.60	1	14.30
347.254	34.24	1.79	61.21	4.22	9.15	38.58	63.00	1	14.30
347.399	33.99	1.82	61.75	4.19	9.15	38.35	62.10	1	14.40
347.459	33.66	1.82	61.19	4.20	9.12	38.31	62.60	1	14.60
347.563	33.48	1.83	61.17	4.19	9.12	38.23	62.50	1	14.40
347.708	33.53	1.83	61.34	4.20	9.11	38.21	62.30	1	14.40
347.768	33.43	1.82	60.74	4.22	9.11	38.44	63.30	1	14.40
347.872	33.22	1.83	60.68	4.20	9.09	38.15	62.90	1	14.60
348.017	33.41	1.83	61.03	4.20	9.12	38.33	62.80	1	14.30
348.077	33.70	1.82	61.32	4.22	9.13	38.55	62.90	1	14.10
348.181	34.26	1.79	61.36	4.23	9.11	38.54	62.80	1	14.00
348.326	34.48	1.77	61.15	4.23	9.08	38.38	62.80	1	14.00
348.386	34.61	1.76	60.91	4.21	9.08	38.26	62.80	1	14.00
348.490	34.63	1.76	61.04	4.21	9.09	38.22	62.60	1	13.90
348.635	34.74	1.75	60.94	4.19	9.06	37.96	62.30	1	14.10
348.695	34.55	1.75	60.60	4.21	9.10	38.27	63.10	1	14.10
348.799	34.70	1.75	60.58	4.17	9.07	37.84	62.50	1	13.90
348.944	34.64	1.76	60.89	4.17	9.09	37.95	62.30	1	14.10
349.004	34.50	1.77	60.92	4.21	9.14	38.46	63.10	1	14.30
349.108	33.99	1.80	61.23	4.20	9.14	38.38	62.70	1	14.40
349.253	33.54	1.81	60.67	4.20	9.14	38.35	63.20	1	14.40
349.313	33.80	1.81	61.16	4.19	9.14	38.31	62.60	1	14.30
349.417	34.22	1.79	61.41	4.20	9.13	38.33	62.40	1	14.10
349.562	34.44	1.78	61.15	4.21	9.12	38.35	62.70	1	14.10
349.622	34.36	1.79	61.43	4.21	9.11	38.37	62.50	1	14.10
349.726	34.29	1.80	61.63	4.23	9.12	38.61	62.60	1	14.30
349.871	34.24	1.80	61.50	4.21	9.18	38.61	62.80	1	14.10
349.931	34.35	1.78	61.27	4.22	9.14	38.55	62.90	1	14.10
350.035	34.20	1.80	61.62	4.22	9.15	38.62	62.70	1	14.40
350.180	33.75	1.82	61.37	4.21	9.13	38.49	62.70	1	14.30
350.240	33.89	1.80	61.15	4.22	9.12	38.43	62.80	1	14.40
350.344	33.76	1.81	61.18	4.19	9.12	38.25	62.50	1	14.40
350.489	33.78	1.81	61.17	4.21	9.13	38.46	62.90	1	14.30
350.549	34.09	1.81	61.60	4.22	9.12	38.46	62.40	1	14.10
350.653	34.38	1.78	61.17	4.22	9.09	38.35	62.70	1	14.00
350.798	34.40	1.79	61.62	4.23	9.16	38.71	62.80	1	14.30
350.858	34.21	1.80	61.50	4.23	9.15	38.66	62.90	1	14.30
350.962	34.19	1.81	62.04	4.23	9.12	38.59	62.20	1	14.40
351.107	33.91	1.83	61.98	4.24	9.13	38.71	62.50	1	14.40
351.167	33.92	1.82	61.77	4.25	9.11	38.73	62.70	1	14.30
351.271	33.99	1.80	61.34	4.24	9.13	38.71	63.10	1	14.30
351.416	33.91	1.82	61.69	4.20	9.14	38.40	62.30	1	14.40
351.476	33.52	1.83	61.27	4.21	9.11	38.33	62.60	1	14.60
351.580	33.54	1.83	61.39	4.20	9.09	38.17	62.20	1	14.30
351.725	34.22	1.80	61.58	4.21	9.13	38.45	62.40	1	14.10
351.785	34.35	1.79	61.61	4.19	9.12	38.18	62.00	1	14.10
351.889	34.25	1.79	61.32	4.20	9.14	38.39	62.60	1	14.30
352.034	33.90	1.82	61.79	4.20	9.13	38.37	62.10	1	14.30
352.094	34.09	1.82	61.88	4.23	9.12	38.59	62.40	1	14.10
352.198	34.02	1.80	61.31	4.21	9.12	38.45	62.70	1	14.10
352.343	34.25	1.81	61.85	4.20	9.16	38.47	62.20	1	14.40
352.403	34.00	1.81	61.65	4.20	9.12	38.32	62.20	1	14.40
352.507	33.89	1.82	61.52	4.20	9.13	38.34	62.30	1	14.30
352.652	34.21	1.82	62.14	4.21	9.14	38.51	62.00	1	14.10
352.712	34.29	1.80	61.66	4.21	9.14	38.53	62.50	1	14.10
352.816	34.16	1.80	61.57	4.20	9.16	38.41	62.40	1	14.30
352.961	33.94	1.82	61.89	4.18	9.13	38.21	61.70	1	14.40
353.021	33.82	1.83	61.82	4.18	9.13	38.18	61.80	1	14.40
353.125	33.82	1.82	61.68	4.19	9.14	38.33	62.10	1	14.30
353.270	34.20	1.81	61.79	4.22	9.15	38.58	62.40	1	14.10
353.330	34.12	1.80	61.49	4.23	9.12	38.51	62.60	1	14.30
353.434	33.98	1.81	61.65	4.22	9.10	38.35	62.20	1	14.40
353.579	33.67	1.84	61.81	4.22	9.10	38.46	62.20	1	14.40
353.639	33.71	1.83	61.69	4.19	9.14	38.33	62.10	1	14.40
353.743	33.56	1.83	61.38	4.20	9.13	38.36	62.50	1	14.30
353.888	34.22	1.81	61.97	4.21	9.11	38.36	61.90	1	14.00
353.948	34.37	1.77	60.98	4.22	9.10	38.40	63.00	1	14.10
354.052	34.46	1.77	61.00	4.21	9.10	38.29	62.80	1	14.00
354.197	34.69	1.75	60.71	4.17	9.07	37.82	62.30	1	13.90
354.257	34.69	1.75	60.85	4.19	9.07	38.02	62.50	1	14.00
354.361	34.85	1.75	60.93	4.19	9.05	37.91	62.20	1	13.90
354.506	34.85	1.72	59.98	4.16	9.03	37.53	62.60	1	13.90
354.566	34.91	1.72	59.94	4.14	9.00	37.29	62.20	1	13.70
354.670	34.97	1.71	59.91	4.16	8.96	37.29	62.20	1	13.90
354.815	34.89	1.76	61.29	4.21	9.06	38.10	62.20	1	14.10
354.875	34.66	1.78	61.53	4.20	9.06	38.10	61.90	1	14.30
354.979	34.28	1.80	61.72	4.26	9.10	38.77	62.80	1	14.30
355.124	34.01	1.83	62.07	4.21	9.11	38.38	61.80	1	14.30
355.184	34.17	1.81	61.96	4.22	9.11	38.48	62.10	1	14.10
355.288	34.08	1.81	61.78	4.25	9.11	38.72	62.70	1	14.30
355.433	33.87	1.82	61.74	4.23	9.13	38.67	62.60	1	14.30
355.493	33.96	1.82	61.83	4.23	9.13	38.65	62.50	1	14.30
355.597	34.13	1.81	61.89	4.23	9.14	38.68	62.50	1	14.30
355.742	34.45	1.81	62.36	4.22	9.11	38.47	61.70	1	14.10
355.802	34.45	1.79	61.74	4.22	9.08	38.34	62.10	1	14.00
355.906	34.61	1.79	61.95	4.22	9.07	38.33	61.90	1	14.10
356.051	34.53	1.78	61.43	4.20	9.10	38.25	62.30	1	14.10
356.111	34.54	1.79	61.82	4.24	9.10	38.61	62.50	1	14.10
356.215	34.35	1.79	61.47	4.22	9.09	38.37	62.40	1	14.10
356.360	34.45	1.80	61.89	4.21	9.10	38.34	62.00	1	14.10
356.420	34.51	1.78	61.46	4.21	9.09	38.29	62.30	1	14.00
356.524	34.52	1.78	61.37	4.20	9.06	38.03	62.00	1	14.10
356.669	33.98	1.81	61.53	4.21	9.12	38.44	62.50	1	14.40
356.729	33.81	1.82	61.42	4.21	9.10	38.37	62.50	1	14.40
356.833	33.78	1.82	61.51	4.22	9.08	38.28	62.20	1	14.40
356.978	33.78	1.82	61.47	4.22	9.12	38.48	62.60	1	14.30
357.038	33.91	1.82	61.56	4.24	9.12	38.70	62.90	1	14.10
357.142	34.20	1.80	61.62	4.24	9.14	38.75	62.90	1	14.30
357.287	33.71	1.83	61.52	4.17	9.11	38.03	61.80	1	14.40
357.347	33.77	1.83	61.78	4.21	9.10	38.29	62.00	1	14.30
357.451	34.18	1.81	61.77	4.23	9.11	38.48	62.30	1	14.10
357.596	34.19	1.81	62.05	4.24	9.11	38.68	62.30	1	14.40
357.656	33.93	1.82	61.76	4.23	9.10	38.53	62.40	1	14.40
357.760	33.80	1.82	61.66	4.23	9.08	38.40	62.30	1	14.30
357.905	34.02	1.82	61.80	4.22	9.13	38.53	62.30	1	14.30
357.965	34.09	1.82	62.06	4.22	9.14	38.58	62.20	1	14.30
358.069	34.12	1.82	62.18	4.23	9.15	38.67	62.20	1	14.30
358.214	34.31	1.79	61.44	4.20	9.13	38.40	62.50	1	14.10
358.274	34.29	1.80	61.81	4.20	9.14	38.39	62.10	1	14.30
358.378	33.86	1.82	61.52	4.21	9.11	38.31	62.30	1	14.40
358.523	33.87	1.82	61.78	4.19	9.10	38.17	61.80	1	14.30
358.583	34.01	1.82	61.86	4.21	9.14	38.46	62.20	1	14.10
358.687	34.16	1.81	61.97	4.24	9.12	38.65	62.40	1	14.30
358.832	33.67	1.83	61.58	4.23	9.11	38.54	62.60	1	14.40
358.892	33.68	1.83	61.56	4.22	9.10	38.42	62.40	1	14.40
358.996	33.68	1.83	61.58	4.20	9.09	38.22	62.10	1	14.40
359.141	33.62	1.83	61.69	4.19	9.11	38.18	61.90	1	14.60
359.201	33.30	1.84	61.13	4.19	9.08	38.02	62.20	1	14.40
359.305	33.68	1.83	61.70	4.19	9.12	38.24	62.00	1	14.30
359.450	34.21	1.81	62.07	4.21	9.11	38.39	61.80	1	14.10
359.510	34.32	1.80	61.74	4.21	9.09	38.27	62.00	1	14.00
359.614	34.51	1.78	61.59	4.21	9.11	38.37	62.30	1	14.10
359.759	34.43	1.80	61.79	4.24	9.11	38.66	62.60	1	14.30
359.819	34.24	1.81	61.91	4.26	9.12	38.87	62.80	1	14.30
359.923	34.19	1.81	62.00	4.26	9.13	38.86	62.70	1	14.30
360.068	33.93	1.83	62.05	4.18	9.13	38.21	61.60	1	14.30
360.128	34.17	1.82	62.19	4.24	9.12	38.70	62.20	1	14.30
360.232	34.01	1.83	62.19	4.21	9.11	38.39	61.70	1	14.40
360.377	34.18	1.83	62.53	4.22	9.14	38.60	61.70	1	14.30
360.437	34.25	1.82	62.18	4.23	9.12	38.56	62.00	1	14.10
360.541	34.17	1.81	61.96	4.27	9.12	38.96	62.90	1	14.40
360.686	34.05	1.82	61.82	4.23	9.10	38.46	62.20	1	14.10
360.746	34.24	1.81	61.99	4.23	9.10	38.52	62.10	1	14.10
360.850	34.29	1.80	61.79	4.24	9.14	38.70	62.60	1	14.30
360.995	34.13	1.81	61.84	4.23	9.10	38.45	62.20	1	14.30
361.055	34.20	1.81	61.87	4.24	9.09	38.59	62.40	1	14.10
361.159	34.40	1.79	61.63	4.22	9.12	38.52	62.50	1	14.30
361.304	34.25	1.80	61.50	4.23	9.10	38.51	62.60	1	14.10
361.364	34.29	1.79	61.44	4.24	9.12	38.64	62.90	1	14.10
361.468	34.43	1.78	61.44	4.22	9.10	38.36	62.40	1	14.00
361.613	34.40	1.79	61.73	4.22	9.10	38.43	62.30	1	14.30
361.673	34.22	1.80	61.75	4.23	9.11	38.54	62.40	1	14.40
361.777	34.06	1.82	61.90	4.23	9.12	38.62	62.40	1	14.30
361.922	34.35	1.81	62.05	4.24	9.11	38.57	62.20	1	14.10
361.982	34.47	1.80	62.04	4.23	9.12	38.54	62.10	1	14.10
362.086	34.36	1.80	61.78	4.23	9.13	38.59	62.50	1	14.30
362.231	34.19	1.81	62.03	4.24	9.18	38.88	62.70	1	14.40
362.291	34.12	1.82	62.01	4.22	9.15	38.64	62.30	1	14.40
362.395	34.06	1.81	61.79	4.25	9.15	38.92	63.00	1	14.30
362.540	34.29	1.81	61.98	4.24	9.13	38.73	62.50	1	14.10
362.600	34.28	1.81	61.91	4.25	9.13	38.79	62.70	1	14.30
362.704	34.19	1.81	61.87	4.25	9.10	38.65	62.50	1	14.30
362.849	33.95	1.82	61.76	4.24	9.12	38.65	62.60	1	14.30
362.909	34.08	1.82	61.95	4.25	9.12	38.74	62.50	1	14.10
363.013	34.36	1.80	61.77	4.25	9.11	38.67	62.60	1	14.10
363.158	34.12	1.81	61.92	4.23	9.12	38.59	62.30	1	14.40
363.218	34.07	1.82	62.13	4.23	9.08	38.43	61.90	1	14.40
363.322	33.55	1.83	61.37	4.22	9.09	38.34	62.50	1	14.60
363.467	33.82	1.82	61.52	4.22	9.11	38.46	62.50	1	14.30
363.527	33.93	1.82	61.72	4.24	9.11	38.59	62.50	1	14.30
363.631	34.28	1.81	61.94	4.25	9.11	38.74	62.50	1	14.10
363.776	34.45	1.79	61.71	4.22	9.09	38.37	62.20	1	14.10
363.836	34.50	1.79	61.86	4.24	9.09	38.52	62.30	1	14.10
363.940	34.62	1.78	61.67	4.22	9.06	38.25	62.00	1	14.00
364.085	34.63	1.76	60.96	4.20	9.07	38.06	62.40	1	14.00
364.145	34.54	1.77	61.15	4.23	9.09	38.43	62.90	1	14.10
364.249	34.28	1.81	62.10	4.23	9.09	38.46	61.90	1	14.40
364.394	33.90	1.82	61.69	4.23	9.13	38.59	62.50	1	14.30
364.454	33.95	1.82	61.91	4.24	9.14	38.79	62.70	1	14.30
364.558	33.89	1.82	61.72	4.24	9.13	38.77	62.80	1	14.40
364.703	33.84	1.82	61.76	4.23	9.15	38.74	62.70	1	14.30
364.763	34.16	1.82	62.13	4.23	9.15	38.71	62.30	1	14.10
364.867	34.26	1.80	61.52	4.24	9.14	38.74	63.00	1	14.10
365.012	33.97	1.82	61.92	4.24	9.12	38.63	62.40	1	14.60
365.072	33.59	1.83	61.32	4.21	9.08	38.17	62.20	1	14.60
365.176	33.62	1.82	61.24	4.22	9.12	38.47	62.80	1	14.40
365.321	33.71	1.82	61.53	4.23	9.14	38.65	62.80	1	14.40
365.381	33.56	1.82	61.15	4.24	9.11	38.61	63.10	1	14.40
365.485	33.71	1.83	61.59	4.22	9.10	38.42	62.40	1	14.40
365.630	34.40	1.81	62.19	4.23	9.12	38.55	62.00	1	14.10
365.690	34.53	1.79	61.95	4.22	9.09	38.42	62.00	1	14.00
365.794	34.60	1.78	61.59	4.22	9.09	38.32	62.20	1	14.00
365.939	34.80	1.76	61.39	4.20	9.09	38.18	62.20	1	13.90
365.999	34.88	1.75	61.00	4.21	9.06	38.19	62.60	1	14.00
366.103	34.78	1.76	61.27	4.21	9.06	38.17	62.30	1	14.00
366.248	34.64	1.77	61.47	4.17	9.08	37.91	61.70	1	14.10
366.308	34.51	1.79	61.85	4.20	9.09	38.16	61.70	1	14.30
366.412	34.27	1.80	61.54	4.22	9.11	38.45	62.50	1	14.30
366.557	34.22	1.82	62.23	4.24	9.09	38.58	62.00	1	14.40
366.617	33.97	1.82	61.92	4.25	9.09	38.66	62.40	1	14.40
366.721	34.14	1.82	62.10	4.25	9.07	38.56	62.10	1	14.30
366.866	33.85	1.83	61.78	4.24	9.12	38.69	62.60	1	14.40
366.926	33.78	1.83	61.84	4.23	9.13	38.59	62.40	1	14.40
367.030	33.71	1.82	61.43	4.23	9.09	38.42	62.50	1	14.40
367.175	34.14	1.81	61.72	4.26	9.16	39.05	63.30	1	14.10
367.235	34.29	1.80	61.74	4.23	9.15	38.71	62.70	1	14.10
367.339	34.42	1.79	61.71	4.24	9.10	38.60	62.50	1	14.10
367.484	34.12	1.80	61.42	4.23	9.10	38.48	62.60	1	14.40
367.544	33.90	1.82	61.82	4.23	9.08	38.42	62.20	1	14.60
367.648	33.62	1.83	61.48	4.22	9.09	38.35	62.40	1	14.40
367.793	33.54	1.83	61.28	4.22	9.13	38.56	62.90	1	14.40
367.853	33.68	1.83	61.54	4.22	9.12	38.43	62.50	1	14.40
367.957	34.00	1.82	61.90	4.24	9.12	38.66	62.50	1	14.10
368.102	34.46	1.80	61.97	4.19	9.13	38.25	61.70	1	14.10
368.162	34.54	1.80	62.06	4.20	9.14	38.42	61.90	1	14.10
368.266	34.40	1.79	61.74	4.22	9.14	38.60	62.50	1	14.30
368.411	34.10	1.82	61.98	4.23	9.13	38.62	62.30	1	14.30
368.471	34.20	1.81	61.86	4.22	9.12	38.53	62.30	1	14.10
368.575	34.39	1.80	61.84	4.23	9.10	38.47	62.20	1	14.10
368.720	34.46	1.79	61.78	4.23	9.11	38.56	62.40	1	14.30
368.780	34.31	1.80	61.84	4.26	9.11	38.78	62.70	1	14.30
368.884	34.30	1.81	61.95	4.26	9.15	38.96	62.90	1	14.30
369.029	34.03	1.81	61.73	4.23	9.12	38.60	62.50	1	14.30
369.089	34.03	1.82	61.87	4.25	9.11	38.73	62.60	1	14.40
369.193	33.55	1.82	61.12	4.23	9.08	38.43	62.90	1	14.60
369.338	33.96	1.82	61.70	4.26	9.09	38.71	62.70	1	14.30
369.398	34.17	1.80	61.61	4.26	9.10	38.74	62.90	1	14.10
369.502	34.28	1.79	61.49	4.24	9.07	38.47	62.60	1	14.30
369.647	33.85	1.82	61.59	4.24	9.09	38.56	62.60	1	14.60
369.707	33.50	1.82	60.97	4.23	9.07	38.37	62.90	1	14.40
369.811	33.68	1.83	61.53	4.24	9.09	38.55	62.70	1	14.40
369.956	33.85	1.81	61.24	4.24	9.10	38.55	63.00	1	14.40
370.016	33.94	1.81	61.36	4.28	9.10	38.96	63.50	1	14.30
370.120	34.33	1.80	61.73	4.27	9.11	38.89	63.00	1	14.00
370.265	34.53	1.78	61.49	4.24	9.08	38.53	62.70	1	14.10
370.325	34.60	1.78	61.59	4.24	9.08	38.46	62.40	1	14.10
370.429	34.58	1.79	61.78	4.23	9.09	38.47	62.30	1	14.10
370.574	34.62	1.78	61.74	4.23	9.09	38.40	62.20	1	14.10
370.634	34.54	1.79	61.82	4.22	9.10	38.36	62.10	1	14.30
370.738	34.40	1.78	61.30	4.26	9.09	38.69	63.10	1	14.10
370.883	34.15	1.80	61.62	4.30	9.08	39.02	63.30	1	14.40
370.943	34.02	1.81	61.52	4.28	9.07	38.88	63.20	1	14.40
371.047	33.93	1.82	61.82	4.27	9.07	38.76	62.70	1	14.60
371.192	34.02	1.81	61.70	4.26	9.09	38.77	62.80	1	14.30
371.252	34.20	1.81	62.06	4.26	9.10	38.74	62.40	1	14.10
371.356	34.47	1.79	61.82	4.24	9.07	38.50	62.30	1	14.00
371.501	34.62	1.79	61.93	4.21	9.11	38.38	62.00	1	14.10
371.561	34.46	1.79	61.63	4.22	9.12	38.46	62.40	1	14.30
371.665	34.44	1.79	61.58	4.24	9.11	38.59	62.70	1	14.10
371.810	34.39	1.78	61.27	4.25	9.09	38.61	63.00	1	14.10
371.870	34.41	1.77	61.07	4.23	9.12	38.60	63.20	1	14.10
371.974	34.46	1.78	61.19	4.24	9.11	38.63	63.10	1	14.10
372.119	34.51	1.78	61.29	4.26	9.12	38.83	63.40	1	14.10
372.179	34.50	1.78	61.26	4.24	9.09	38.51	62.90	1	14.00
372.283	34.60	1.77	61.09	4.22	9.07	38.28	62.70	1	14.00
372.428	34.67	1.78	61.69	4.25	9.10	38.65	62.70	1	14.30
372.488	34.39	1.79	61.56	4.23	9.09	38.43	62.40	1	14.30
372.592	34.26	1.81	61.88	4.26	9.11	38.82	62.70	1	14.40
372.737	34.01	1.82	61.77	4.28	9.12	39.01	63.10	1	14.30
372.797	34.03	1.81	61.74	4.27	9.13	39.02	63.20	1	14.30
372.901	34.15	1.81	61.84	4.25	9.12	38.79	62.70	1	14.30
373.046	34.38	1.80	61.96	4.22	9.08	38.35	61.90	1	14.10
373.106	34.24	1.80	61.62	4.22	9.10	38.42	62.30	1	14.30
373.210	34.21	1.80	61.62	4.24	9.14	38.78	62.90	1	14.30
373.355	34.24	1.81	61.84	4.23	9.12	38.53	62.30	1	14.30
373.415	34.23	1.81	61.92	4.22	9.11	38.45	62.10	1	14.40
373.519	33.65	1.83	61.71	4.24	9.07	38.48	62.40	1	14.60
373.664	33.62	1.83	61.56	4.25	9.11	38.69	62.90	1	14.40
373.724	33.79	1.83	61.72	4.26	9.07	38.68	62.70	1	14.40
373.828	33.66	1.83	61.73	4.26	9.07	38.62	62.60	1	14.40
373.973	33.70	1.83	61.66	4.24	9.09	38.55	62.50	1	14.40
374.033	33.72	1.83	61.86	4.23	9.07	38.35	62.00	1	14.40
374.137	34.02	1.82	62.06	4.23	9.10	38.50	62.00	1	14.10
374.282	34.28	1.82	62.29	4.22	9.12	38.46	61.80	1	14.30
374.342	34.13	1.82	61.97	4.22	9.12	38.47	62.10	1	14.40
374.446	34.08	1.82	61.98	4.24	9.12	38.65	62.40	1	14.30
374.591	34.40	1.80	61.92	4.23	9.13	38.64	62.40	1	14.10
374.651	34.42	1.79	61.65	4.21	9.12	38.42	62.30	1	14.10
374.755	34.37	1.80	61.86	4.25	9.09	38.62	62.40	1	14.30
374.900	34.18	1.81	61.81	4.24	9.10	38.57	62.40	1	14.30
374.960	34.20	1.82	62.08	4.24	9.12	38.70	62.30	1	14.30
375.064	34.19	1.81	61.94	4.24	9.10	38.65	62.40	1	14.30
375.209	34.31	1.79	61.55	4.23	9.13	38.61	62.70	1	14.10
375.269	34.43	1.79	61.80	4.23	9.11	38.56	62.40	1	14.10
375.373	34.60	1.77	61.24	4.21	9.08	38.28	62.50	1	14.10
375.518	34.55	1.78	61.64	4.22	9.15	38.64	62.70	1	14.30
375.578	34.43	1.80	61.97	4.23	9.12	38.55	62.20	1	14.40
375.682	34.06	1.82	61.86	4.23	9.09	38.42	62.10	1	14.40
375.827	34.11	1.81	61.75	4.25	9.12	38.77	62.80	1	14.30
375.887	33.95	1.81	61.43	4.24	9.12	38.68	63.00	1	14.30
375.991	34.09	1.81	61.60	4.24	9.14	38.77	62.90	1	14.30
376.136	34.34	1.80	61.79	4.24	9.08	38.54	62.40	1	14.10
376.196	34.36	1.79	61.58	4.24	9.07	38.46	62.40	1	14.10
376.300	34.31	1.80	61.91	4.26	9.07	38.65	62.40	1	14.40
376.445	33.85	1.83	61.90	4.28	9.08	38.84	62.80	1	14.60
376.505	33.70	1.84	61.84	4.27	9.06	38.71	62.60	1	14.40
376.609	33.74	1.83	61.67	4.25	9.08	38.60	62.60	1	14.40
376.754	33.96	1.84	62.32	4.27	9.11	38.86	62.30	1	14.30
376.814	34.22	1.82	62.39	4.26	9.07	38.68	62.00	1	14.10
376.918	34.48	1.79	61.79	4.25	9.06	38.51	62.30	1	14.30
377.063	34.33	1.80	61.74	4.27	9.08	38.79	62.80	1	14.40
377.123	34.10	1.82	62.13	4.26	9.08	38.67	62.20	1	14.40
377.227	34.02	1.82	61.91	4.27	9.10	38.85	62.80	1	14.30
377.372	33.94	1.81	61.53	4.25	9.11	38.74	63.00	1	14.40
377.432	34.00	1.80	61.33	4.26	9.10	38.80	63.30	1	14.30
377.536	34.14	1.81	61.86	4.27	9.08	38.77	62.70	1	14.30
377.681	34.31	1.81	62.03	4.24	9.11	38.59	62.20	1	14.40
377.741	33.99	1.82	61.68	4.23	9.09	38.45	62.30	1	14.40
377.845	33.98	1.81	61.66	4.25	9.11	38.68	62.70	1	14.40
377.990	33.57	1.83	61.40	4.25	9.06	38.49	62.70	1	14.40
378.050	33.52	1.81	60.79	4.26	9.07	38.66	63.60	1	14.60
378.154	33.42	1.83	61.26	4.23	9.05	38.27	62.50	1	14.60
378.299	33.13	1.83	60.66	4.23	9.02	38.17	62.90	1	14.60
378.359	33.43	1.82	61.00	4.25	9.02	38.34	62.80	1	14.40
378.463	33.89	1.81	61.30	4.26	9.06	38.57	62.90	1	14.10
378.608	34.44	1.78	61.36	4.24	9.03	38.27	62.40	1	14.00
378.668	34.59	1.77	61.23	4.25	9.01	38.32	62.60	1	14.10
378.772	34.48	1.78	61.41	4.26	9.03	38.48	62.70	1	14.30
378.917	34.13	1.80	61.37	4.24	9.09	38.55	62.80	1	14.40
378.977	34.11	1.78	60.89	4.26	9.10	38.75	63.60	1	14.30
379.081	34.19	1.79	61.31	4.29	9.08	38.91	63.50	1	14.10
379.226	34.22	1.79	61.30	4.27	9.09	38.82	63.30	1	14.30
379.286	34.24	1.80	61.56	4.27	9.08	38.80	63.00	1	14.30
379.390	33.98	1.81	61.56	4.26	9.09	38.76	63.00	1	14.30
379.535	34.25	1.79	61.40	4.26	9.12	38.79	63.20	1	14.10
379.595	34.36	1.79	61.61	4.26	9.10	38.72	62.80	1	14.30
379.699	34.24	1.79	61.31	4.27	9.08	38.73	63.20	1	14.30
379.844	34.41	1.79	61.62	4.25	9.06	38.47	62.40	1	14.30
379.904	34.10	1.80	61.55	4.24	9.09	38.49	62.50	1	14.40
380.008	33.90	1.82	61.64	4.24	9.09	38.53	62.50	1	14.40
380.153	33.78	1.83	61.67	4.24	9.10	38.56	62.50	1	14.40
380.213	33.67	1.83	61.60	4.24	9.09	38.57	62.60	1	14.60
380.317	33.39	1.84	61.50	4.24	9.07	38.51	62.60	1	14.60
380.462	33.51	1.82	61.15	4.22	9.11	38.47	62.90	1	14.40
380.522	33.65	1.82	61.38	4.24	9.11	38.67	63.00	1	14.40
380.626	33.99	1.81	61.60	4.24	9.11	38.63	62.70	1	14.30
380.771	34.28	1.80	61.58	4.26	9.09	38.72	62.90	1	14.10
380.831	34.42	1.80	61.81	4.26	9.09	38.75	62.70	1	14.10
380.935	34.38	1.79	61.62	4.25	9.08	38.61	62.70	1	14.10
381.080	34.36	1.78	61.18	4.26	9.12	38.89	63.60	1	14.30
381.140	34.30	1.80	61.64	4.26	9.10	38.71	62.80	1	14.30
381.244	34.22	1.79	61.29	4.25	9.06	38.48	62.80	1	14.10
381.389	34.45	1.78	61.22	4.23	9.09	38.48	62.90	1	14.10
381.449	34.51	1.77	61.09	4.26	9.10	38.76	63.50	1	14.10
381.553	34.55	1.77	61.06	4.27	9.08	38.76	63.50	1	14.00
381.698	34.68	1.76	61.21	4.25	9.06	38.54	63.00	1	14.10
381.758	34.52	1.78	61.39	4.25	9.07	38.59	62.90	1	14.30
381.862	34.26	1.80	61.73	4.27	9.05	38.62	62.60	1	14.40
382.007	33.96	1.82	61.91	4.27	9.07	38.69	62.50	1	14.40
382.067	33.84	1.82	61.51	4.26	9.06	38.64	62.80	1	14.40
382.171	34.06	1.81	61.49	4.27	9.07	38.69	62.90	1	14.30
382.316	34.21	1.81	61.77	4.26	9.09	38.71	62.70	1	14.10
382.376	34.44	1.78	61.33	4.26	9.05	38.59	62.90	1	14.30
382.480	34.31	1.79	61.45	4.27	9.08	38.78	63.10	1	14.30
382.625	34.56	1.78	61.52	4.23	9.07	38.37	62.40	1	14.10
382.685	34.52	1.78	61.36	4.25	9.07	38.60	62.90	1	14.30
382.789	34.03	1.80	61.42	4.26	9.08	38.70	63.00	1	14.30
382.934	33.96	1.81	61.32	4.27	9.10	38.85	63.30	1	14.40
382.994	33.96	1.82	61.78	4.27	9.09	38.80	62.80	1	14.40
383.098	33.47	1.84	61.46	4.26	9.04	38.51	62.70	1	14.40
383.243	33.82	1.83	61.79	4.25	9.07	38.51	62.30	1	14.30
383.303	33.87	1.82	61.71	4.25	9.08	38.56	62.50	1	14.40
383.407	34.06	1.81	61.70	4.26	9.08	38.64	62.60	1	14.30
383.552	34.64	1.78	61.58	4.25	9.02	38.31	62.20	1	14.00
383.612	34.71	1.77	61.59	4.25	9.03	38.35	62.30	1	14.10
383.716	34.67	1.77	61.36	4.25	9.04	38.38	62.50	1	14.10
383.861	34.68	1.78	61.83	4.25	9.04	38.44	62.20	1	14.30
383.921	34.48	1.79	61.66	4.28	9.06	38.78	62.90	1	14.30
384.025	34.14	1.80	61.38	4.28	9.07	38.79	63.20	1	14.40
384.170	34.43	1.80	61.88	4.25	9.06	38.56	62.30	1	14.10
384.230	34.52	1.79	61.67	4.26	9.05	38.58	62.60	1	14.10
384.334	34.48	1.79	61.76	4.29	9.08	38.94	63.00	1	14.40
384.479	33.93	1.82	61.61	4.28	9.06	38.73	62.90	1	14.40
384.539	33.90	1.82	61.70	4.24	9.07	38.51	62.40	1	14.40
384.643	33.76	1.82	61.60	4.26	9.08	38.70	62.80	1	14.60
384.788	33.93	1.82	61.85	4.27	9.07	38.71	62.60	1	14.30
384.848	34.16	1.80	61.56	4.27	9.07	38.70	62.90	1	14.10
384.952	34.30	1.80	61.62	4.27	9.03	38.58	62.60	1	14.30
385.097	34.17	1.80	61.47	4.26	9.06	38.59	62.80	1	14.10
385.157	34.31	1.79	61.38	4.25	9.04	38.41	62.60	1	14.10
385.261	34.38	1.78	61.17	4.25	9.03	38.36	62.70	1	14.30
385.406	34.17	1.81	61.76	4.27	9.02	38.50	62.30	1	14.40
385.466	34.01	1.81	61.43	4.27	9.03	38.52	62.70	1	14.40
385.570	33.98	1.81	61.64	4.26	9.04	38.56	62.60	1	14.40
385.715	33.90	1.81	61.45	4.30	9.03	38.83	63.20	1	14.40
385.775	33.89	1.82	61.58	4.29	9.02	38.74	62.90	1	14.40
385.879	33.84	1.82	61.73	4.28	9.05	38.76	62.80	1	14.60
386.024	33.76	1.82	61.52	4.29	9.02	38.67	62.90	1	14.60
386.084	33.56	1.83	61.29	4.27	9.02	38.55	62.90	1	14.60
386.188	33.52	1.83	61.32	4.25	9.01	38.28	62.40	1	14.60
386.333	33.25	1.85	61.43	4.24	9.00	38.16	62.10	1	14.70
386.393	33.11	1.84	61.04	4.22	8.97	37.87	62.00	1	14.70
386.497	33.20	1.83	60.92	4.23	8.97	37.95	62.30	1	14.60
386.642	33.58	1.83	61.53	4.26	9.03	38.44	62.50	1	14.30
386.702	33.97	1.81	61.55	4.27	9.04	38.61	62.70	1	14.30
386.806	34.25	1.80	61.67	4.27	9.05	38.68	62.70	1	14.10
386.951	34.37	1.78	61.34	4.26	9.08	38.72	63.10	1	14.30
387.011	34.32	1.80	61.90	4.28	9.08	38.84	62.80	1	14.40
387.115	34.01	1.81	61.58	4.27	9.08	38.81	63.00	1	14.40
387.260	33.81	1.83	61.79	4.26	9.06	38.58	62.40	1	14.60
387.320	33.88	1.82	61.82	4.26	9.06	38.59	62.40	1	14.40
387.424	34.19	1.82	62.05	4.28	9.06	38.80	62.50	1	14.30
387.569	34.36	1.79	61.65	4.29	9.03	38.75	62.80	1	14.10
387.629	34.62	1.79	61.82	4.29	9.02	38.68	62.60	1	14.30
387.732	34.55	1.79	61.74	4.29	9.02	38.68	62.70	1	14.30
387.877	34.58	1.78	61.63	4.27	9.01	38.48	62.40	1	14.10
387.937	34.46	1.78	61.42	4.26	9.03	38.50	62.70	1	14.10
388.041	34.39	1.79	61.61	4.25	9.07	38.54	62.60	1	14.40
388.186	33.74	1.82	61.30	4.21	9.11	38.32	62.50	1	14.30
388.246	33.78	1.82	61.41	4.20	9.13	38.39	62.50	1	14.30
388.350	33.90	1.82	61.54	4.19	9.16	38.41	62.40	1	14.10
388.495	34.24	1.81	61.83	4.17	9.19	38.34	62.00	1	14.00
388.555	34.41	1.79	61.60	4.16	9.19	38.26	62.10	1	14.00
388.659	34.48	1.78	61.51	4.16	9.16	38.14	62.00	1	14.00
388.804	34.35	1.79	61.50	4.15	9.15	37.97	61.70	1	14.10
388.864	34.36	1.79	61.64	4.17	9.15	38.15	61.90	1	14.10
388.968	34.08	1.82	61.88	4.18	9.17	38.31	61.90	1	14.30
389.113	33.97	1.83	62.00	4.18	9.22	38.55	62.20	1	14.30
389.173	33.94	1.82	61.61	4.20	9.20	38.66	62.70	1	14.10
389.277	34.10	1.81	61.75	4.20	9.18	38.52	62.40	1	14.30
389.422	33.69	1.82	61.31	4.16	9.17	38.18	62.30	1	14.40
389.482	33.69	1.82	61.31	4.18	9.18	38.36	62.60	1	14.30
389.586	33.51	1.83	61.33	4.17	9.17	38.28	62.40	1	14.40
389.731	33.44	1.83	61.36	4.16	9.11	37.88	61.70	1	14.40
389.791	33.42	1.83	61.16	4.17	9.12	38.06	62.20	1	14.30
389.895	33.90	1.82	61.70	4.18	9.14	38.16	61.90	1	14.10
390.040	34.23	1.80	61.71	4.17	9.16	38.18	61.90	1	14.10
390.100	34.43	1.80	61.88	4.18	9.16	38.26	61.80	1	14.00
390.204	34.35	1.79	61.48	4.17	9.17	38.23	62.20	1	14.10
390.349	33.61	1.83	61.41	4.16	9.14	38.09	62.00	1	14.30
390.409	33.77	1.83	61.67	4.16	9.15	38.01	61.60	1	14.30
390.513	34.05	1.81	61.61	4.17	9.19	38.36	62.30	1	14.10
390.658	34.29	1.80	61.84	4.17	9.19	38.35	62.00	1	14.10
390.718	34.15	1.81	61.76	4.15	9.18	38.10	61.70	1	14.30
390.821	33.99	1.81	61.55	4.15	9.23	38.30	62.20	1	14.30
390.966	33.56	1.83	61.57	4.15	9.19	38.16	62.00	1	14.40
391.026	33.60	1.82	61.30	4.20	9.18	38.55	62.90	1	14.30
391.130	33.86	1.83	62.10	4.18	9.21	38.47	61.90	1	14.10
391.275	34.19	1.82	62.10	4.17	9.22	38.42	61.90	1	14.00
391.335	34.42	1.80	61.97	4.14	9.21	38.16	61.60	1	14.00
391.439	34.52	1.79	61.65	4.13	9.18	37.93	61.50	1	14.00
391.584	34.30	1.80	61.84	4.15	9.21	38.26	61.90	1	14.10
391.644	34.23	1.81	61.80	4.15	9.21	38.23	61.90	1	14.30
391.748	34.18	1.79	61.30	4.16	9.21	38.28	62.40	1	14.30
391.893	33.87	1.81	61.43	4.17	9.22	38.41	62.50	1	14.30
391.953	33.90	1.82	61.64	4.19	9.22	38.60	62.60	1	14.30
392.057	33.50	1.83	61.46	4.17	9.21	38.35	62.40	1	14.40
392.202	33.72	1.83	61.77	4.17	9.20	38.40	62.20	1	14.30
392.262	33.89	1.83	62.05	4.16	9.18	38.20	61.60	1	14.10
392.366	34.17	1.81	61.94	4.18	9.22	38.50	62.20	1	14.10
392.511	34.58	1.79	62.07	4.15	9.22	38.24	61.60	1	14.00
392.571	34.60	1.79	61.99	4.15	9.21	38.24	61.70	1	14.00
392.675	34.52	1.78	61.38	4.16	9.20	38.22	62.30	1	14.10
392.820	33.90	1.81	61.37	4.16	9.23	38.43	62.60	1	14.40
392.880	33.55	1.81	60.83	4.16	9.17	38.11	62.70	1	14.30
392.984	33.87	1.81	61.32	4.21	9.19	38.66	63.00	1	14.10
393.129	34.23	1.80	61.48	4.16	9.21	38.32	62.30	1	14.10
393.189	34.13	1.80	61.46	4.16	9.19	38.20	62.20	1	14.10
393.293	34.10	1.80	61.38	4.16	9.23	38.43	62.60	1	14.00
393.437	34.38	1.79	61.37	4.16	9.25	38.43	62.60	1	14.00
393.497	34.35	1.78	61.23	4.14	9.23	38.24	62.50	1	14.00
393.601	34.11	1.82	61.92	4.16	9.22	38.31	61.90	1	14.30
393.746	33.42	1.83	61.05	4.15	9.20	38.13	62.50	1	14.30
393.806	33.80	1.83	61.73	4.15	9.19	38.17	61.80	1	14.10
393.910	34.25	1.80	61.74	4.14	9.21	38.16	61.80	1	14.00
394.055	34.06	1.82	62.09	4.15	9.22	38.25	61.60	1	14.30
394.115	33.98	1.83	62.11	4.16	9.21	38.29	61.60	1	14.30
394.219	33.90	1.82	61.86	4.15	9.21	38.21	61.80	1	14.10
394.364	34.35	1.79	61.55	4.14	9.22	38.14	62.00	1	14.00
394.424	34.48	1.79	61.64	4.13	9.22	38.06	61.70	1	14.00
394.528	34.46	1.78	61.46	4.12	9.22	37.98	61.80	1	14.00
394.673	34.50	1.78	61.48	4.13	9.20	37.99	61.80	1	14.00
394.733	34.47	1.78	61.35	4.12	9.21	37.94	61.80	1	14.00
394.837	34.48	1.78	61.26	4.13	9.24	38.12	62.20	1	14.00
394.982	34.59	1.78	61.52	4.12	9.23	38.01	61.80	1	13.90
395.042	34.69	1.77	61.43	4.13	9.18	37.95	61.80	1	13.90
395.146	34.75	1.77	61.40	4.12	9.18	37.86	61.60	1	13.90
395.291	34.43	1.79	61.50	4.17	9.20	38.34	62.30	1	14.10
395.351	34.26	1.80	61.62	4.17	9.16	38.18	62.00	1	14.30
395.455	34.13	1.81	61.72	4.17	9.20	38.39	62.20	1	14.10
395.600	34.24	1.81	61.90	4.18	9.19	38.43	62.10	1	14.30
395.660	34.03	1.82	61.81	4.18	9.18	38.37	62.10	1	14.30
395.764	33.84	1.82	61.62	4.13	9.19	37.95	61.60	1	14.10
395.909	34.31	1.80	61.61	4.15	9.23	38.27	62.10	1	14.10
395.969	34.24	1.80	61.77	4.13	9.21	38.04	61.60	1	14.10
396.073	34.16	1.82	62.10	4.16	9.21	38.30	61.70	1	14.30
396.217	33.82	1.82	61.56	4.15	9.19	38.18	62.00	1	14.10
396.277	34.03	1.81	61.74	4.15	9.20	38.16	61.80	1	14.10
396.381	34.08	1.81	61.74	4.15	9.22	38.24	61.90	1	14.10
396.526	33.75	1.82	61.33	4.14	9.23	38.21	62.30	1	14.10
396.586	33.91	1.82	61.63	4.14	9.24	38.25	62.10	1	14.00
396.690	34.38	1.81	62.08	4.16	9.23	38.37	61.80	1	14.00
396.835	34.53	1.78	61.39	4.17	9.20	38.38	62.50	1	14.00
396.895	34.57	1.79	61.78	4.14	9.17	37.99	61.50	1	14.00
396.999	34.34	1.80	61.84	4.16	9.20	38.22	61.80	1	14.10
397.144	34.17	1.82	62.10	4.14	9.24	38.23	61.60	1	14.30
397.204	33.99	1.83	62.13	4.13	9.24	38.18	61.40	1	14.30
397.308	33.80	1.82	61.64	4.15	9.20	38.19	62.00	1	14.10
397.453	34.12	1.81	61.80	4.15	9.23	38.29	62.00	1	14.10
397.513	34.08	1.81	61.80	4.14	9.23	38.21	61.80	1	14.30
397.617	33.91	1.82	61.63	4.16	9.23	38.42	62.30	1	14.30
397.762	33.87	1.84	62.44	4.14	9.22	38.21	61.20	1	14.30
397.822	33.62	1.85	62.07	4.13	9.18	37.95	61.10	1	14.40
397.926	33.64	1.83	61.60	4.15	9.20	38.12	61.90	1	14.40
398.071	33.59	1.83	61.35	4.14	9.17	37.98	61.90	1	14.10
398.131	33.86	1.83	61.80	4.18	9.19	38.37	62.10	1	14.10
398.235	34.16	1.80	61.64	4.15	9.20	38.16	61.90	1	14.00
398.380	34.41	1.79	61.70	4.15	9.26	38.41	62.30	1	14.10
398.440	34.16	1.80	61.57	4.14	9.23	38.24	62.10	1	14.30
398.544	34.15	1.81	61.82	4.16	9.20	38.25	61.90	1	14.10
398.689	34.24	1.80	61.71	4.14	9.26	38.38	62.20	1	14.10
398.749	34.32	1.80	61.89	4.16	9.25	38.47	62.20	1	14.00
398.853	34.37	1.80	61.75	4.15	9.25	38.41	62.20	1	14.00
398.998	34.55	1.78	61.55	4.14	9.21	38.13	61.90	1	14.00
399.058	34.44	1.79	61.76	4.16	9.19	38.21	61.90	1	14.10
399.162	34.29	1.81	62.00	4.14	9.21	38.16	61.50	1	14.10
399.307	34.16	1.81	61.95	4.16	9.25	38.48	62.10	1	14.10
399.367	34.19	1.81	61.81	4.16	9.25	38.53	62.30	1	14.10
399.471	34.19	1.80	61.71	4.16	9.21	38.36	62.20	1	14.10
399.616	33.91	1.83	61.92	4.13	9.21	37.98	61.30	1	14.40
399.676	33.44	1.83	61.33	4.10	9.16	37.51	61.20	1	14.40
399.780	33.38	1.84	61.27	4.13	9.15	37.79	61.70	1	14.30
399.925	33.98	1.80	61.15	4.13	9.17	37.90	62.00	1	14.00
399.985	34.17	1.79	61.29	4.14	9.17	37.97	62.00	1	14.10
400.089	34.12	1.81	61.70	4.16	9.22	38.37	62.20	1	14.30
400.234	33.78	1.83	61.77	4.15	9.19	38.08	61.70	1	14.30
400.294	33.82	1.82	61.68	4.14	9.21	38.13	61.80	1	14.30
400.398	33.81	1.83	61.78	4.17	9.20	38.37	62.10	1	14.30
400.543	33.46	1.83	61.34	4.13	9.20	38.02	62.00	1	14.30
400.603	33.72	1.83	61.65	4.14	9.19	38.04	61.70	1	14.10
400.707	34.13	1.80	61.48	4.15	9.21	38.24	62.20	1	14.00
400.852	34.21	1.81	61.76	4.15	9.23	38.34	62.10	1	14.30
400.912	33.97	1.81	61.53	4.14	9.23	38.25	62.20	1	14.30
401.016	34.12	1.81	61.72	4.15	9.21	38.18	61.90	1	14.10
401.160	34.28	1.80	61.75	4.17	9.21	38.40	62.20	1	14.10
401.220	34.19	1.80	61.50	4.16	9.21	38.30	62.30	1	14.10
401.324	34.12	1.81	61.66	4.15	9.23	38.30	62.10	1	14.10
401.469	33.59	1.83	61.46	4.14	9.18	38.01	61.80	1	14.40
401.529	33.61	1.82	61.03	4.13	9.19	37.89	62.10	1	14.30
401.632	33.36	1.83	61.18	4.13	9.19	37.97	62.10	1	14.40
401.777	33.23	1.83	60.88	4.12	9.15	37.71	61.90	1	14.30
401.837	33.41	1.83	61.30	4.13	9.15	37.78	61.60	1	14.10
401.941	34.09	1.80	61.36	4.14	9.20	38.10	62.10	1	14.00
402.086	34.47	1.79	61.57	4.15	9.19	38.15	62.00	1	13.90
402.146	34.53	1.78	61.39	4.13	9.18	37.88	61.70	1	13.90
402.250	34.46	1.77	60.99	4.13	9.18	37.93	62.20	1	14.00
402.395	34.52	1.79	61.63	4.14	9.18	37.98	61.60	1	14.10
402.455	34.35	1.81	62.17	4.14	9.18	37.99	61.10	1	14.10
402.559	33.92	1.82	61.86	4.16	9.20	38.25	61.80	1	14.30
402.704	34.19	1.81	62.03	4.16	9.21	38.33	61.80	1	14.00
402.764	34.29	1.81	61.90	4.15	9.22	38.24	61.80	1	14.00
402.868	34.29	1.79	61.52	4.16	9.19	38.22	62.10	1	14.00
403.013	34.22	1.80	61.45	4.15	9.23	38.28	62.30	1	14.10
403.073	34.10	1.80	61.42	4.14	9.22	38.19	62.20	1	14.10
403.177	34.16	1.81	61.73	4.13	9.22	38.10	61.70	1	14.30
403.322	34.08	1.80	61.39	4.15	9.22	38.23	62.30	1	14.10
403.382	34.12	1.80	61.51	4.14	9.20	38.05	61.90	1	14.00
403.486	34.27	1.80	61.58	4.15	9.20	38.20	62.00	1	14.10
403.631	34.18	1.79	61.25	4.14	9.23	38.24	62.40	1	14.10
403.691	34.08	1.80	61.38	4.16	9.22	38.36	62.50	1	14.10
403.795	34.15	1.80	61.58	4.14	9.23	38.21	62.10	1	14.10
403.940	34.14	1.81	61.93	4.17	9.25	38.55	62.20	1	14.30
404.000	33.97	1.82	61.67	4.16	9.23	38.38	62.20	1	14.30
404.104	33.85	1.82	61.45	4.15	9.23	38.29	62.30	1	14.10
404.249	34.25	1.81	62.07	4.14	9.27	38.35	61.80	1	14.00
404.309	34.34	1.80	61.70	4.14	9.24	38.23	62.00	1	14.00
404.413	34.39	1.80	61.80	4.14	9.21	38.13	61.70	1	14.00
404.558	34.45	1.77	60.95	4.13	9.19	37.98	62.30	1	14.00
404.618	34.45	1.77	60.98	4.14	9.21	38.12	62.50	1	14.00
404.722	34.48	1.77	60.86	4.15	9.19	38.14	62.70	1	13.90
404.867	34.94	1.75	61.24	4.12	9.17	37.79	61.70	1	13.90
404.927	34.83	1.76	61.15	4.12	9.16	37.72	61.70	1	14.00
405.031	34.61	1.76	61.02	4.14	9.20	38.15	62.50	1	14.00
405.176	34.62	1.78	61.51	4.13	9.22	38.05	61.90	1	14.00
405.236	34.48	1.78	61.37	4.14	9.22	38.16	62.20	1	14.10
405.340	34.30	1.80	61.76	4.16	9.20	38.31	62.00	1	14.30
405.485	34.00	1.80	61.21	4.18	9.18	38.32	62.60	1	14.10
405.545	34.15	1.80	61.52	4.14	9.21	38.14	62.00	1	14.10
405.649	34.34	1.80	61.68	4.18	9.20	38.43	62.30	1	14.00
405.794	34.46	1.80	62.17	4.17	9.20	38.37	61.70	1	14.10
405.854	34.26	1.80	61.71	4.17	9.20	38.35	62.10	1	14.30
405.958	33.99	1.81	61.53	4.18	9.21	38.46	62.50	1	14.30
406.103	33.89	1.82	61.77	4.15	9.19	38.15	61.80	1	14.30
406.163	33.83	1.82	61.51	4.14	9.20	38.06	61.90	1	14.30
406.267	33.74	1.83	61.62	4.13	9.20	37.98	61.60	1	14.30
406.412	34.20	1.81	62.06	4.16	9.19	38.28	61.70	1	14.00
406.472	34.38	1.79	61.56	4.15	9.18	38.13	61.90	1	13.90
406.576	34.57	1.78	61.53	4.16	9.13	37.98	61.70	1	14.00
406.721	34.67	1.76	61.18	4.16	9.14	38.01	62.10	1	13.90
406.781	34.77	1.75	60.81	4.13	9.11	37.64	61.90	1	13.70
406.885	34.76	1.76	61.00	4.14	9.10	37.63	61.70	1	14.00
407.030	34.65	1.77	61.48	4.14	9.18	38.01	61.80	1	14.10
407.090	34.43	1.79	61.66	4.14	9.20	38.07	61.70	1	14.30
407.194	33.98	1.82	61.71	4.15	9.19	38.18	61.90	1	14.30
407.339	34.33	1.81	62.18	4.15	9.19	38.13	61.30	1	14.00
407.399	34.54	1.79	61.70	4.11	9.18	37.78	61.20	1	13.90
407.503	34.58	1.78	61.58	4.15	9.16	38.05	61.80	1	14.10
407.648	34.27	1.80	61.65	4.15	9.18	38.15	61.90	1	14.30
407.708	34.08	1.81	61.55	4.15	9.16	38.03	61.80	1	14.10
407.812	34.03	1.80	61.34	4.17	9.19	38.32	62.50	1	14.30
407.957	33.76	1.82	61.53	4.14	9.17	37.95	61.70	1	14.30
408.017	33.67	1.82	61.40	4.13	9.17	37.87	61.70	1	14.40
408.121	33.63	1.82	61.35	4.14	9.19	38.10	62.10	1	14.30
408.266	34.17	1.80	61.39	4.13	9.16	37.81	61.60	1	14.00
408.326	34.22	1.80	61.74	4.12	9.17	37.81	61.20	1	14.10
408.430	33.92	1.80	61.18	4.16	9.19	38.23	62.50	1	14.10
408.574	33.61	1.82	61.29	4.16	9.19	38.19	62.30	1	14.40
408.634	33.47	1.82	60.80	4.14	9.17	37.93	62.40	1	14.30
408.738	33.78	1.82	61.40	4.16	9.20	38.27	62.30	1	14.10
408.883	34.18	1.81	61.69	4.15	9.22	38.32	62.10	1	14.10
408.943	34.08	1.81	61.52	4.18	9.22	38.50	62.60	1	14.30
409.047	34.15	1.80	61.51	4.17	9.20	38.35	62.30	1	14.10
409.192	34.33	1.80	61.89	4.16	9.19	38.24	61.80	1	14.00
409.252	34.30	1.79	61.39	4.15	9.21	38.25	62.30	1	14.10
409.356	34.37	1.78	61.31	4.16	9.22	38.32	62.50	1	14.00
409.501	34.59	1.77	61.14	4.17	9.16	38.24	62.50	1	13.90
409.561	34.63	1.77	61.30	4.17	9.15	38.19	62.30	1	13.90
409.665	34.71	1.76	61.05	4.14	9.13	37.82	62.00	1	13.90
409.810	34.58	1.76	60.79	4.12	9.18	37.79	62.20	1	13.90
409.870	34.71	1.76	61.23	4.13	9.18	37.88	61.90	1	13.90
409.973	34.88	1.74	60.73	4.13	9.11	37.59	61.90	1	13.90
410.118	34.73	1.74	60.46	4.13	9.15	37.76	62.50	1	13.90
410.178	34.79	1.73	60.22	4.13	9.17	37.87	62.90	1	13.90
410.282	34.90	1.74	60.80	4.12	9.14	37.64	61.90	1	13.70
410.427	35.06	1.72	60.15	4.12	9.08	37.42	62.20	1	13.70
410.487	34.87	1.72	60.12	4.12	9.08	37.41	62.20	1	13.90
410.591	34.76	1.74	60.34	4.13	9.12	37.66	62.40	1	13.90
410.736	34.64	1.77	61.23	4.12	9.19	37.86	61.80	1	14.10
410.796	34.45	1.78	61.26	4.13	9.19	37.96	62.00	1	14.30
410.900	33.89	1.81	61.41	4.12	9.18	37.85	61.60	1	14.30
411.045	33.73	1.81	61.14	4.14	9.21	38.17	62.40	1	14.30
411.105	33.75	1.81	61.06	4.14	9.25	38.29	62.70	1	14.30
411.209	33.65	1.82	61.29	4.16	9.22	38.30	62.50	1	14.30
411.354	33.66	1.82	61.39	4.12	9.21	37.95	61.80	1	14.30
411.414	33.71	1.81	61.04	4.14	9.22	38.18	62.50	1	14.30
411.518	33.71	1.81	61.10	4.13	9.21	38.03	62.20	1	14.40
411.663	33.57	1.81	60.84	4.11	9.19	37.79	62.10	1	14.30
411.723	33.59	1.81	60.87	4.12	9.16	37.75	62.00	1	14.30
411.827	33.50	1.82	61.08	4.13	9.18	37.91	62.10	1	14.30
411.972	34.12	1.80	61.55	4.17	9.23	38.50	62.50	1	14.10
412.032	34.29	1.79	61.25	4.18	9.21	38.51	62.90	1	14.00
412.136	34.26	1.80	61.60	4.17	9.22	38.49	62.50	1	14.10
412.281	34.07	1.80	61.41	4.14	9.21	38.16	62.10	1	14.10
412.341	34.17	1.80	61.39	4.14	9.22	38.18	62.20	1	14.10
412.445	34.22	1.80	61.48	4.17	9.21	38.39	62.40	1	14.10
412.590	34.14	1.79	61.15	4.16	9.21	38.35	62.70	1	14.10
412.650	33.95	1.80	61.02	4.17	9.21	38.42	63.00	1	14.30
412.754	33.75	1.81	60.96	4.16	9.19	38.23	62.70	1	14.30
412.899	33.65	1.81	60.91	4.14	9.22	38.20	62.70	1	14.40
412.959	33.39	1.82	60.83	4.12	9.20	37.94	62.40	1	14.30
413.063	33.72	1.82	61.26	4.15	9.21	38.24	62.40	1	14.30
413.208	33.88	1.82	61.68	4.18	9.20	38.43	62.30	1	14.10
413.268	34.03	1.81	61.44	4.17	9.19	38.29	62.30	1	14.00
413.372	34.30	1.79	61.36	4.15	9.18	38.10	62.10	1	14.00
413.517	34.56	1.79	61.96	4.18	9.22	38.52	62.20	1	13.90
413.577	34.57	1.78	61.53	4.16	9.18	38.22	62.10	1	13.90
413.681	34.51	1.76	60.89	4.17	9.18	38.25	62.80	1	13.90
413.826	34.23	1.78	60.96	4.14	9.22	38.23	62.70	1	14.10
413.886	34.13	1.79	61.22	4.15	9.21	38.18	62.40	1	14.30
413.990	33.56	1.83	61.42	4.12	9.19	37.89	61.70	1	14.40
414.135	33.95	1.82	61.93	4.14	9.21	38.10	61.50	1	14.10
414.195	34.23	1.82	62.27	4.14	9.22	38.17	61.30	1	14.00
414.299	34.53	1.78	61.30	4.13	9.20	37.97	61.90	1	14.00
414.444	34.46	1.78	61.34	4.16	9.21	38.29	62.40	1	14.10
414.504	34.09	1.80	61.21	4.14	9.22	38.21	62.40	1	14.00
414.608	34.34	1.78	61.16	4.14	9.20	38.07	62.20	1	14.00
414.753	34.38	1.78	61.35	4.15	9.25	38.41	62.60	1	14.10
414.813	34.22	1.80	61.60	4.14	9.23	38.21	62.00	1	14.30
414.917	33.58	1.82	61.09	4.14	9.17	37.93	62.10	1	14.40
415.062	33.87	1.82	61.57	4.11	9.23	37.96	61.70	1	14.10
415.122	33.96	1.82	61.65	4.13	9.23	38.12	61.80	1	14.10
415.226	34.08	1.81	61.66	4.15	9.21	38.20	62.00	1	14.10
415.371	33.99	1.81	61.38	4.17	9.22	38.44	62.60	1	14.30
415.431	33.81	1.80	60.98	4.17	9.22	38.41	63.00	1	14.10
415.535	34.19	1.80	61.51	4.16	9.23	38.38	62.40	1	14.00
415.680	34.58	1.77	61.28	4.14	9.22	38.22	62.40	1	14.00
415.740	34.53	1.77	61.12	4.16	9.20	38.26	62.60	1	14.00
415.844	34.36	1.77	60.96	4.16	9.20	38.25	62.80	1	14.00
415.989	34.46	1.76	60.77	4.16	9.20	38.30	63.00	1	14.00
416.049	34.38	1.77	60.84	4.16	9.25	38.47	63.20	1	14.00
416.153	34.49	1.77	61.13	4.14	9.20	38.12	62.40	1	14.00
416.298	34.15	1.81	61.90	4.19	9.22	38.62	62.40	1	14.30
416.358	33.62	1.82	61.11	4.16	9.20	38.30	62.70	1	14.40
416.462	33.59	1.82	61.10	4.14	9.18	38.04	62.30	1	14.10
416.607	34.33	1.79	61.55	4.16	9.21	38.32	62.30	1	14.00
416.667	34.37	1.79	61.52	4.18	9.19	38.37	62.40	1	14.00
416.771	34.61	1.79	61.86	4.14	9.18	38.03	61.50	1	14.00
416.916	34.55	1.78	61.66	4.15	9.20	38.19	61.90	1	14.00
416.976	34.51	1.78	61.55	4.14	9.20	38.12	61.90	1	14.00
417.080	34.59	1.78	61.50	4.15	9.19	38.13	62.00	1	14.00
417.225	34.57	1.79	61.71	4.14	9.20	38.11	61.80	1	14.00
417.285	34.74	1.78	61.75	4.15	9.17	38.06	61.60	1	13.90
417.389	34.71	1.77	61.49	4.14	9.13	37.81	61.50	1	14.00
417.534	34.27	1.81	61.93	4.13	9.17	37.92	61.20	1	14.30
417.594	34.00	1.81	61.59	4.13	9.20	38.03	61.70	1	14.30
417.698	33.81	1.82	61.42	4.13	9.19	38.01	61.90	1	14.30
417.843	33.78	1.81	61.06	4.14	9.23	38.24	62.60	1	14.10
417.903	33.96	1.81	61.44	4.16	9.22	38.33	62.40	1	14.10
418.006	34.31	1.79	61.54	4.16	9.20	38.27	62.20	1	14.00
418.151	34.39	1.78	61.19	4.16	9.22	38.33	62.60	1	14.10
418.211	34.31	1.80	61.66	4.17	9.22	38.43	62.30	1	14.30
418.315	34.03	1.81	61.48	4.16	9.21	38.29	62.30	1	14.10
418.460	34.20	1.81	61.83	4.15	9.20	38.21	61.80	1	14.10
418.520	34.34	1.80	61.94	4.14	9.19	38.10	61.50	1	14.00
418.624	34.40	1.79	61.67	4.19	9.20	38.51	62.50	1	14.00
418.769	34.25	1.79	61.45	4.16	9.22	38.38	62.50	1	14.00
418.829	34.32	1.78	61.13	4.16	9.23	38.35	62.70	1	14.00
418.933	34.25	1.80	61.58	4.15	9.18	38.13	61.90	1	14.30
419.078	33.81	1.83	61.72	4.14	9.23	38.18	61.90	1	14.30
419.138	33.82	1.82	61.46	4.16	9.23	38.41	62.50	1	14.30
419.242	33.75	1.82	61.52	4.15	9.20	38.17	62.00	1	14.30
419.387	33.62	1.83	61.45	4.14	9.19	38.02	61.90	1	14.30
419.447	33.78	1.82	61.48	4.13	9.20	37.97	61.80	1	14.10
419.551	34.16	1.80	61.37	4.13	9.20	38.04	62.00	1	14.10
419.695	33.88	1.82	61.69	4.15	9.22	38.26	62.00	1	14.30
419.755	33.79	1.82	61.57	4.16	9.21	38.30	62.20	1	14.30
419.859	33.75	1.83	61.90	4.15	9.21	38.21	61.70	1	14.30
420.004	33.35	1.83	60.95	4.12	9.17	37.79	62.00	1	14.30
420.064	33.52	1.82	61.11	4.13	9.17	37.88	62.00	1	14.30
420.167	33.66	1.82	61.22	4.13	9.18	37.91	61.90	1	14.30
420.312	33.61	1.82	61.14	4.15	9.18	38.14	62.40	1	14.30
420.372	33.66	1.82	61.26	4.13	9.19	37.98	62.00	1	14.30
420.476	33.65	1.83	61.55	4.15	9.17	38.09	61.90	1	14.30
420.621	33.93	1.80	61.17	4.18	9.20	38.45	62.90	1	14.10
420.681	33.97	1.81	61.39	4.17	9.19	38.37	62.50	1	14.30
420.784	33.47	1.82	61.06	4.14	9.16	37.94	62.10	1	14.40
420.929	33.86	1.82	61.51	4.14	9.20	38.14	62.00	1	14.10
420.989	34.01	1.81	61.69	4.16	9.23	38.36	62.20	1	14.10
421.093	33.97	1.80	61.20	4.16	9.21	38.29	62.60	1	14.30
421.238	34.26	1.80	61.73	4.15	9.19	38.11	61.70	1	14.00
421.298	34.33	1.79	61.52	4.14	9.16	37.96	61.70	1	14.00
421.402	34.35	1.78	61.11	4.15	9.19	38.11	62.40	1	14.10
421.547	33.91	1.80	61.19	4.15	9.21	38.24	62.50	1	14.30
421.607	33.97	1.80	61.31	4.14	9.21	38.11	62.20	1	14.10
421.711	34.11	1.80	61.45	4.16	9.20	38.27	62.30	1	14.10
421.856	34.19	1.81	62.06	4.16	9.16	38.08	61.40	1	14.00
421.916	34.30	1.80	61.88	4.15	9.18	38.10	61.60	1	14.00
422.020	34.45	1.78	61.47	4.16	9.21	38.28	62.30	1	14.00
422.165	34.24	1.80	61.51	4.15	9.20	38.21	62.10	1	14.10
422.225	34.12	1.80	61.56	4.17	9.17	38.25	62.10	1	14.30
422.329	33.87	1.81	61.41	4.16	9.20	38.31	62.40	1	14.30
422.474	33.72	1.81	61.07	4.16	9.24	38.43	62.90	1	14.30
422.534	33.95	1.81	61.52	4.17	9.22	38.44	62.50	1	14.10
422.638	34.08	1.79	60.97	4.16	9.19	38.24	62.70	1	14.10
422.783	34.09	1.80	61.44	4.17	9.22	38.42	62.50	1	14.30
422.843	33.87	1.81	61.41	4.16	9.20	38.30	62.40	1	14.30
422.947	33.77	1.82	61.35	4.16	9.21	38.26	62.40	1	14.30
423.092	33.63	1.84	61.80	4.13	9.19	37.92	61.40	1	14.40
423.152	33.38	1.84	61.37	4.12	9.17	37.75	61.50	1	14.40
423.256	33.45	1.83	61.12	4.12	9.17	37.76	61.80	1	14.30
423.401	33.99	1.82	61.94	4.14	9.23	38.24	61.70	1	14.10
423.461	34.02	1.82	61.80	4.15	9.23	38.30	62.00	1	14.10
423.565	34.00	1.82	61.72	4.15	9.24	38.37	62.20	1	14.30
423.710	33.93	1.81	61.28	4.15	9.23	38.33	62.60	1	14.10
423.770	34.03	1.81	61.43	4.15	9.21	38.23	62.20	1	14.10
423.874	34.36	1.80	61.70	4.12	9.18	37.84	61.30	1	14.00
424.019	34.40	1.79	61.72	4.14	9.21	38.12	61.80	1	14.10
424.079	34.34	1.80	61.84	4.16	9.19	38.19	61.80	1	14.10
424.183	34.32	1.79	61.53	4.15	9.21	38.25	62.20	1	14.00
424.328	34.38	1.78	61.31	4.13	9.19	37.93	61.90	1	14.10
424.388	34.22	1.79	61.30	4.15	9.20	38.19	62.30	1	14.10
424.492	34.27	1.79	61.49	4.15	9.19	38.10	62.00	1	14.10
424.637	34.18	1.80	61.67	4.16	9.18	38.19	61.90	1	14.10
424.697	34.28	1.80	61.58	4.15	9.18	38.11	61.90	1	14.00
424.801	34.23	1.80	61.66	4.19	9.21	38.57	62.60	1	14.30
424.946	34.08	1.81	61.62	4.18	9.20	38.49	62.50	1	14.00
425.006	34.32	1.80	61.67	4.16	9.21	38.31	62.10	1	14.00
425.110	34.49	1.77	61.04	4.16	9.17	38.16	62.50	1	14.00
425.255	34.17	1.80	61.52	4.14	9.23	38.25	62.20	1	14.30
425.315	33.75	1.82	61.46	4.13	9.19	37.96	61.80	1	14.40
425.419	33.72	1.82	61.32	4.14	9.16	37.95	61.90	1	14.10
425.564	34.17	1.79	61.18	4.17	9.19	38.35	62.70	1	14.00
425.624	34.28	1.79	61.26	4.18	9.19	38.44	62.70	1	14.00
425.728	34.34	1.78	61.13	4.15	9.20	38.19	62.50	1	14.00
425.873	34.50	1.78	61.33	4.15	9.21	38.25	62.40	1	14.00
425.933	34.43	1.78	61.19	4.16	9.21	38.29	62.60	1	14.00
426.037	34.50	1.78	61.26	4.15	9.21	38.23	62.40	1	14.00
426.182	34.00	1.80	61.21	4.14	9.22	38.17	62.40	1	14.30
426.242	33.90	1.81	61.45	4.14	9.21	38.11	62.00	1	14.30
426.346	33.49	1.81	60.69	4.10	9.17	37.65	62.00	1	14.30
426.491	33.61	1.82	61.16	4.13	9.18	37.94	62.00	1	14.30
426.551	33.67	1.82	61.27	4.16	9.19	38.21	62.40	1	14.30
426.655	33.68	1.82	61.16	4.15	9.21	38.24	62.50	1	14.30
426.800	34.24	1.80	61.67	4.16	9.21	38.31	62.10	1	14.00
426.860	34.43	1.79	61.51	4.13	9.20	38.04	61.80	1	14.00
426.964	34.30	1.78	61.22	4.15	9.21	38.20	62.40	1	14.10
427.109	34.05	1.81	61.69	4.14	9.18	37.97	61.60	1	14.30
427.169	33.90	1.82	61.67	4.16	9.14	38.01	61.60	1	14.30
427.273	33.66	1.82	61.36	4.15	9.19	38.14	62.20	1	14.30
427.418	33.66	1.82	61.26	4.14	9.19	38.08	62.20	1	14.30
427.478	33.72	1.81	61.02	4.16	9.23	38.41	62.90	1	14.10
427.582	34.23	1.79	61.23	4.17	9.20	38.37	62.70	1	14.00
427.727	34.43	1.79	61.53	4.16	9.19	38.17	62.00	1	13.90
427.787	34.56	1.78	61.41	4.14	9.18	37.97	61.80	1	13.90
427.891	34.57	1.78	61.54	4.16	9.20	38.24	62.10	1	14.10
428.036	34.46	1.78	61.28	4.14	9.17	37.96	61.90	1	13.90
428.096	34.57	1.77	61.23	4.13	9.18	37.88	61.90	1	14.00
428.200	34.58	1.77	61.33	4.16	9.19	38.24	62.40	1	14.00
428.345	34.55	1.77	61.16	4.15	9.16	37.97	62.10	1	13.90
428.405	34.64	1.75	60.69	4.13	9.16	37.87	62.40	1	13.90
428.509	34.52	1.77	61.16	4.13	9.20	38.02	62.20	1	14.10
428.654	34.04	1.79	61.10	4.16	9.21	38.26	62.60	1	14.10
428.714	34.16	1.80	61.36	4.16	9.20	38.21	62.30	1	14.00
428.817	34.42	1.78	61.35	4.15	9.19	38.13	62.20	1	14.00
428.962	34.25	1.80	61.76	4.14	9.19	38.03	61.60	1	14.10
429.022	34.10	1.81	61.60	4.14	9.18	38.05	61.80	1	14.30
429.126	34.07	1.81	61.68	4.14	9.18	38.01	61.60	1	14.10
429.271	34.41	1.79	61.54	4.16	9.18	38.21	62.10	1	14.00
429.331	34.43	1.78	61.22	4.16	9.18	38.18	62.40	1	14.00
429.435	34.15	1.80	61.50	4.15	9.18	38.13	62.00	1	14.30
429.580	33.91	1.82	61.63	4.18	9.21	38.55	62.50	1	14.30
429.640	33.78	1.82	61.37	4.15	9.20	38.18	62.20	1	14.30
429.744	33.89	1.80	61.08	4.16	9.20	38.26	62.70	1	14.10
429.889	33.89	1.82	61.61	4.15	9.17	38.10	61.80	1	14.30
429.949	33.56	1.81	60.86	4.14	9.14	37.82	62.20	1	14.40
430.053	33.54	1.81	60.81	4.13	9.15	37.81	62.20	1	14.30
430.198	34.05	1.80	61.40	4.13	9.19	37.93	61.80	1	14.00
430.258	34.19	1.79	61.10	4.15	9.18	38.07	62.30	1	14.00
430.362	34.42	1.78	61.30	4.17	9.16	38.18	62.30	1	14.00
430.507	34.04	1.81	61.56	4.18	9.12	38.13	61.90	1	14.30
430.567	33.77	1.82	61.32	4.15	9.12	37.86	61.70	1	14.40
430.671	33.45	1.83	61.05	4.13	9.15	37.82	62.00	1	14.10
430.816	33.98	1.81	61.41	4.17	9.17	38.25	62.30	1	14.00
430.876	34.20	1.78	60.82	4.17	9.18	38.27	62.90	1	14.00
430.980	34.09	1.80	61.43	4.15	9.17	38.07	62.00	1	14.30
431.125	33.50	1.81	60.67	4.13	9.17	37.92	62.50	1	14.30
431.185	33.76	1.82	61.47	4.14	9.18	38.01	61.80	1	14.10
431.289	34.16	1.80	61.41	4.17	9.21	38.43	62.60	1	14.00
431.434	33.96	1.80	61.27	4.16	9.18	38.18	62.30	1	14.30
431.494	34.05	1.80	61.37	4.16	9.16	38.13	62.10	1	14.10
431.598	34.11	1.79	61.16	4.16	9.16	38.12	62.30	1	14.00
431.743	34.18	1.80	61.42	4.16	9.20	38.23	62.20	1	14.10
431.803	34.20	1.80	61.47	4.15	9.19	38.12	62.00	1	14.10
431.907	34.19	1.79	61.35	4.14	9.20	38.05	62.00	1	14.10
432.052	34.44	1.78	61.35	4.13	9.18	37.91	61.80	1	14.00
432.112	34.40	1.78	61.14	4.15	9.16	38.00	62.10	1	14.00
432.216	34.31	1.79	61.35	4.17	9.17	38.21	62.30	1	14.30
432.361	34.12	1.79	61.20	4.18	9.18	38.41	62.80	1	14.00
432.421	34.29	1.79	61.35	4.16	9.17	38.14	62.20	1	13.90
432.525	34.60	1.77	61.13	4.15	9.13	37.87	61.90	1	13.90
432.670	34.65	1.76	60.88	4.14	9.18	38.02	62.50	1	14.00
432.730	34.54	1.77	61.14	4.16	9.21	38.28	62.60	1	14.10
432.834	34.13	1.80	61.37	4.14	9.21	38.13	62.10	1	14.30
432.979	34.13	1.80	61.33	4.16	9.17	38.17	62.20	1	14.10
433.039	34.11	1.81	61.64	4.19	9.18	38.41	62.30	1	14.10
433.143	34.20	1.79	61.10	4.17	9.17	38.24	62.60	1	14.10
433.288	34.04	1.79	61.04	4.18	9.17	38.31	62.80	1	14.10
433.348	34.14	1.78	60.92	4.17	9.20	38.30	62.90	1	14.00
433.452	34.38	1.78	61.12	4.16	9.19	38.25	62.60	1	14.00
433.597	34.54	1.77	61.23	4.17	9.15	38.18	62.40	1	14.00
433.657	34.43	1.79	61.49	4.17	9.17	38.23	62.20	1	14.10
433.761	34.23	1.79	61.18	4.16	9.19	38.22	62.50	1	14.10
433.906	34.16	1.80	61.33	4.16	9.17	38.14	62.20	1	14.10
433.966	34.13	1.79	61.17	4.15	9.17	38.10	62.30	1	14.10
434.070	34.03	1.80	61.34	4.12	9.20	37.96	61.90	1	14.10
434.215	34.42	1.77	61.00	4.14	9.18	37.99	62.30	1	14.00
434.275	34.43	1.78	61.25	4.13	9.18	37.89	61.90	1	14.00
434.379	34.58	1.76	60.91	4.11	9.15	37.60	61.70	1	14.00
434.524	34.62	1.76	61.06	4.12	9.14	37.67	61.70	1	13.70
434.584	34.74	1.74	60.48	4.10	9.08	37.21	61.50	1	13.70
434.688	34.72	1.76	61.02	4.13	9.13	37.71	61.80	1	14.00
434.833	34.35	1.80	61.73	4.19	9.15	38.33	62.10	1	14.30
434.893	34.02	1.81	61.47	4.17	9.15	38.13	62.00	1	14.30
434.997	34.01	1.81	61.63	4.16	9.16	38.15	61.90	1	14.10
435.142	34.23	1.79	61.34	4.15	9.19	38.14	62.20	1	14.10
435.202	34.00	1.79	60.98	4.16	9.19	38.26	62.70	1	14.30
435.306	34.10	1.80	61.28	4.16	9.18	38.15	62.30	1	14.00
435.451	34.45	1.78	61.19	4.09	9.16	37.48	61.30	1	14.00
435.511	34.51	1.78	61.26	4.07	9.14	37.19	60.70	1	13.90
435.615	34.65	1.77	61.27	4.10	9.12	37.42	61.10	1	13.90
435.759	34.56	1.75	60.55	4.13	9.14	37.70	62.30	1	14.00
435.819	34.46	1.75	60.41	4.14	9.15	37.88	62.70	1	13.90
435.923	34.65	1.75	60.58	4.12	9.14	37.68	62.20	1	13.90
436.068	34.71	1.75	60.78	4.11	9.15	37.63	61.90	1	13.90
436.128	34.62	1.75	60.53	4.10	9.14	37.52	62.00	1	13.90
436.232	34.70	1.75	60.77	4.13	9.13	37.73	62.10	1	13.90
436.377	34.66	1.75	60.73	4.14	9.13	37.76	62.20	1	13.90
436.437	34.70	1.75	60.68	4.14	9.13	37.76	62.20	1	13.90
436.541	34.65	1.74	60.19	4.14	9.14	37.78	62.80	1	13.90
436.686	34.57	1.75	60.61	4.13	9.19	37.97	62.60	1	14.00
436.746	34.34	1.78	61.03	4.15	9.19	38.11	62.40	1	14.10
436.850	33.90	1.80	60.92	4.11	9.19	37.80	62.10	1	14.30
436.995	34.02	1.79	60.96	4.16	9.18	38.23	62.70	1	14.00
437.055	34.22	1.78	61.06	4.15	9.18	38.09	62.40	1	14.00
437.159	34.39	1.77	60.82	4.16	9.15	38.07	62.60	1	13.90
437.304	34.39	1.80	61.80	4.16	9.17	38.16	61.70	1	14.10
437.364	34.15	1.81	61.70	4.16	9.18	38.16	61.80	1	14.30
437.467	34.04	1.81	61.46	4.16	9.17	38.15	62.10	1	14.30
437.612	33.79	1.80	60.91	4.16	9.19	38.21	62.70	1	14.10
437.672	33.89	1.79	60.79	4.16	9.21	38.27	62.90	1	14.30
437.776	33.52	1.82	60.84	4.14	9.17	38.00	62.40	1	14.40
437.921	33.47	1.81	60.64	4.15	9.16	37.98	62.60	1	14.30
437.981	33.69	1.81	61.14	4.14	9.16	37.93	62.00	1	14.10
438.085	34.08	1.79	60.85	4.14	9.18	38.00	62.40	1	14.00
438.230	34.22	1.78	60.76	4.15	9.20	38.13	62.80	1	14.00
438.290	34.27	1.78	60.85	4.14	9.21	38.13	62.70	1	14.00
438.394	34.45	1.78	61.15	4.15	9.19	38.09	62.30	1	13.90
438.539	34.64	1.75	60.68	4.16	9.16	38.06	62.70	1	14.00
438.599	34.47	1.77	60.94	4.15	9.18	38.10	62.50	1	14.10
438.703	34.29	1.79	61.22	4.16	9.18	38.20	62.40	1	14.10
438.848	33.88	1.82	61.72	4.15	9.17	38.08	61.70	1	14.30
438.908	33.57	1.82	61.03	4.14	9.13	37.76	61.90	1	14.40
439.012	33.36	1.82	60.56	4.13	9.15	37.79	62.40	1	14.40
439.157	33.53	1.82	61.09	4.12	9.13	37.59	61.50	1	14.10
439.217	33.94	1.81	61.59	4.14	9.16	37.94	61.60	1	14.00
439.321	34.37	1.79	61.36	4.15	9.16	37.96	61.90	1	14.00
439.466	34.27	1.79	61.29	4.15	9.18	38.08	62.10	1	14.10
439.526	34.16	1.79	61.29	4.15	9.20	38.13	62.20	1	14.10
439.630	34.10	1.79	61.15	4.14	9.21	38.14	62.40	1	14.10
439.775	34.15	1.80	61.33	4.15	9.19	38.16	62.20	1	14.10
439.835	34.18	1.80	61.65	4.15	9.18	38.11	61.80	1	14.10
439.939	33.97	1.81	61.34	4.16	9.18	38.21	62.30	1	14.10
440.084	34.12	1.80	61.50	4.16	9.18	38.20	62.10	1	14.00
440.144	34.28	1.79	61.35	4.14	9.19	38.06	62.00	1	14.00
440.248	34.50	1.78	61.38	4.15	9.20	38.19	62.20	1	14.00
440.393	34.75	1.75	60.98	4.14	9.16	37.94	62.20	1	13.90
440.453	34.63	1.76	61.11	4.15	9.14	37.96	62.10	1	14.00
440.557	34.47	1.77	61.05	4.15	9.18	38.09	62.40	1	14.00
440.702	34.45	1.78	61.25	4.13	9.18	37.93	61.90	1	14.00
440.762	34.49	1.78	61.41	4.13	9.19	37.98	61.80	1	14.10
440.866	34.17	1.80	61.41	4.14	9.17	37.95	61.80	1	14.30
441.011	33.98	1.80	61.03	4.15	9.18	38.11	62.50	1	14.10
441.071	33.86	1.79	60.73	4.15	9.18	38.06	62.70	1	14.30
441.175	33.80	1.81	61.26	4.16	9.14	37.98	62.00	1	14.40
441.320	33.53	1.81	60.62	4.13	9.13	37.67	62.10	1	14.30
441.380	33.71	1.80	60.75	4.15	9.14	37.91	62.40	1	14.10
441.484	34.02	1.79	61.07	4.15	9.15	37.96	62.20	1	14.00
441.629	34.24	1.78	60.94	4.13	9.19	37.99	62.30	1	14.10
441.689	34.05	1.79	60.97	4.15	9.17	38.01	62.30	1	14.30
441.793	33.86	1.81	61.18	4.15	9.15	37.98	62.10	1	14.30
441.938	33.73	1.81	60.89	4.14	9.16	37.95	62.30	1	14.10
441.998	33.84	1.80	60.91	4.14	9.19	38.08	62.50	1	14.10
442.102	34.11	1.79	61.15	4.15	9.19	38.11	62.30	1	14.10
442.247	34.20	1.79	61.17	4.16	9.19	38.20	62.50	1	14.10
442.307	34.22	1.79	61.26	4.16	9.19	38.19	62.30	1	14.10
442.411	33.98	1.80	61.33	4.17	9.19	38.34	62.50	1	14.30
442.556	34.28	1.80	61.71	4.15	9.21	38.22	61.90	1	14.00
442.616	34.53	1.78	61.40	4.13	9.15	37.80	61.60	1	13.90
442.720	34.46	1.76	60.77	4.15	9.19	38.09	62.70	1	13.90
442.865	34.41	1.76	60.55	4.15	9.21	38.20	63.10	1	14.00
442.925	34.42	1.78	61.20	4.15	9.20	38.20	62.40	1	14.10
443.029	34.14	1.80	61.28	4.15	9.22	38.24	62.40	1	14.30
443.174	34.04	1.81	61.51	4.13	9.16	37.87	61.60	1	14.10
443.234	34.12	1.79	61.19	4.14	9.19	38.07	62.20	1	14.00
443.338	34.04	1.79	61.00	4.13	9.20	38.02	62.30	1	14.00
443.482	34.38	1.78	61.35	4.14	9.20	38.10	62.10	1	13.90
443.542	34.52	1.78	61.57	4.13	9.16	37.87	61.50	1	13.90
443.646	34.68	1.76	60.88	4.14	9.12	37.78	62.10	1	13.90
443.791	34.68	1.74	60.47	4.09	9.14	37.39	61.80	1	13.70
443.851	34.92	1.73	60.33	4.10	9.12	37.35	61.90	1	13.70
443.955	34.73	1.74	60.30	4.10	9.12	37.40	62.00	1	13.90
444.100	34.45	1.77	60.98	4.14	9.21	38.13	62.50	1	14.10
444.160	34.08	1.80	61.39	4.13	9.19	37.92	61.80	1	14.30
444.264	33.45	1.81	60.67	4.12	9.13	37.63	62.00	1	14.30
444.409	33.67	1.81	60.82	4.12	9.17	37.80	62.20	1	14.30
444.469	33.75	1.81	61.15	4.13	9.16	37.79	61.80	1	14.10
444.573	34.01	1.79	61.02	4.15	9.18	38.08	62.40	1	14.10
444.718	34.37	1.78	61.12	4.15	9.21	38.22	62.50	1	14.00
444.778	34.26	1.79	61.16	4.13	9.20	38.02	62.20	1	14.00
444.882	34.36	1.78	61.05	4.15	9.19	38.14	62.50	1	14.00
445.027	34.64	1.78	61.52	4.17	9.19	38.33	62.30	1	14.00
445.087	34.59	1.77	61.15	4.16	9.21	38.26	62.60	1	14.00
445.191	34.45	1.78	61.29	4.14	9.19	38.09	62.10	1	14.00
445.336	34.44	1.78	61.20	4.15	9.22	38.22	62.50	1	14.00
445.396	34.27	1.77	60.69	4.18	9.23	38.55	63.50	1	14.10
445.500	33.84	1.80	60.79	4.16	9.18	38.20	62.80	1	14.30
445.645	34.06	1.80	61.23	4.14	9.21	38.18	62.30	1	14.10
445.705	34.25	1.79	61.29	4.15	9.23	38.35	62.60	1	14.00
445.809	34.27	1.77	60.70	4.13	9.21	38.06	62.70	1	14.00
445.954	34.29	1.79	61.47	4.16	9.21	38.29	62.30	1	14.30
446.014	34.07	1.79	61.16	4.15	9.18	38.12	62.30	1	14.10
446.118	34.07	1.80	61.45	4.15	9.21	38.23	62.20	1	14.10
446.263	34.08	1.80	61.26	4.15	9.19	38.18	62.30	1	14.10
446.323	33.91	1.80	60.93	4.16	9.18	38.18	62.70	1	14.30
446.427	34.05	1.80	61.16	4.15	9.19	38.16	62.40	1	14.00
446.572	34.39	1.77	60.90	4.12	9.17	37.84	62.10	1	14.10
446.632	34.24	1.77	60.77	4.12	9.20	37.93	62.40	1	14.10
446.736	34.08	1.79	60.93	4.13	9.20	37.95	62.30	1	14.30
446.881	33.73	1.80	60.59	4.13	9.15	37.78	62.30	1	14.30
446.941	33.85	1.79	60.72	4.14	9.17	38.02	62.60	1	14.10
447.045	34.17	1.79	60.99	4.13	9.19	37.97	62.30	1	14.00
447.190	34.42	1.78	61.29	4.17	9.18	38.29	62.50	1	13.90
447.250	34.51	1.77	61.07	4.16	9.15	38.09	62.40	1	13.90
447.354	34.35	1.76	60.53	4.19	9.18	38.42	63.50	1	13.90
447.499	34.68	1.74	60.40	4.12	9.20	37.84	62.70	1	13.70
447.559	34.71	1.73	59.99	4.13	9.17	37.90	63.20	1	13.90
447.663	34.69	1.74	60.39	4.14	9.14	37.84	62.70	1	13.90
447.807	34.40	1.77	60.98	4.18	9.19	38.39	62.90	1	14.10
447.867	34.18	1.78	60.70	4.14	9.19	38.10	62.80	1	14.10
447.971	34.18	1.79	61.29	4.15	9.17	38.05	62.10	1	14.30
448.116	33.97	1.80	61.16	4.14	9.19	38.06	62.20	1	14.10
448.176	33.92	1.80	61.03	4.14	9.19	38.08	62.40	1	14.00
448.280	34.25	1.77	60.58	4.13	9.20	38.02	62.80	1	14.00
448.425	33.89	1.80	60.87	4.15	9.22	38.24	62.80	1	14.30
448.485	33.80	1.80	60.88	4.13	9.20	38.00	62.40	1	14.30
448.589	33.37	1.80	60.17	4.13	9.14	37.77	62.80	1	14.30
448.734	33.82	1.80	60.80	4.13	9.17	37.86	62.30	1	14.10
448.794	33.84	1.79	60.50	4.12	9.17	37.84	62.50	1	14.10
448.898	33.63	1.80	60.37	4.13	9.12	37.69	62.40	1	14.30
449.043	33.80	1.80	60.68	4.15	9.17	38.05	62.70	1	14.10
449.103	34.01	1.79	60.78	4.15	9.16	37.96	62.50	1	14.00
449.207	34.44	1.77	60.94	4.14	9.18	37.96	62.30	1	13.90
449.352	34.54	1.76	60.80	4.13	9.19	37.98	62.50	1	14.00
449.412	34.52	1.77	61.01	4.16	9.20	38.25	62.70	1	14.00
449.516	34.27	1.78	60.91	4.15	9.22	38.23	62.80	1	14.10
449.661	34.02	1.80	61.29	4.12	9.21	37.95	61.90	1	14.10
449.721	34.14	1.80	61.37	4.14	9.21	38.12	62.10	1	14.00
449.825	34.43	1.78	61.40	4.15	9.19	38.15	62.10	1	13.90
449.970	34.33	1.77	60.91	4.14	9.20	38.12	62.60	1	14.00
450.030	34.49	1.76	60.77	4.16	9.16	38.10	62.70	1	13.90
450.134	34.68	1.75	60.52	4.14	9.14	37.85	62.50	1	14.00
450.279	34.19	1.79	61.05	4.15	9.18	38.10	62.40	1	14.10
450.339	34.20	1.79	61.14	4.17	9.18	38.24	62.50	1	14.10
450.443	34.13	1.79	61.22	4.16	9.19	38.27	62.50	1	14.10
450.588	33.94	1.81	61.30	4.15	9.19	38.16	62.20	1	14.10
450.648	33.94	1.80	60.94	4.14	9.19	38.08	62.50	1	14.10
450.752	33.79	1.80	60.94	4.15	9.20	38.19	62.70	1	14.30
450.897	33.69	1.81	60.95	4.13	9.19	38.02	62.40	1	14.30
450.957	33.66	1.82	61.21	4.14	9.18	38.04	62.10	1	14.30
451.061	33.35	1.82	60.83	4.12	9.12	37.58	61.80	1	14.30
451.206	33.82	1.80	60.98	4.14	9.19	38.08	62.50	1	14.00
451.266	34.12	1.79	60.97	4.15	9.18	38.07	62.40	1	14.00
451.370	34.46	1.77	61.06	4.14	9.17	37.95	62.20	1	13.90
451.515	34.56	1.75	60.50	4.17	9.15	38.18	63.10	1	14.00
451.575	34.49	1.76	60.63	4.17	9.19	38.31	63.20	1	14.00
451.679	34.47	1.77	60.99	4.17	9.19	38.34	62.90	1	14.10
451.824	33.89	1.80	60.98	4.17	9.19	38.36	62.90	1	14.30
451.884	33.75	1.81	61.02	4.15	9.20	38.20	62.60	1	14.10
451.988	34.05	1.80	61.44	4.13	9.16	37.84	61.60	1	14.00
452.133	34.18	1.80	61.37	4.16	9.20	38.26	62.30	1	14.10
452.193	34.09	1.81	61.73	4.16	9.22	38.34	62.10	1	14.30
452.297	33.88	1.81	61.25	4.13	9.21	38.09	62.20	1	14.30
452.442	34.34	1.79	61.42	4.15	9.22	38.24	62.30	1	14.00
452.502	34.40	1.78	61.34	4.15	9.22	38.25	62.40	1	14.00
452.606	34.37	1.79	61.52	4.17	9.19	38.29	62.20	1	14.00
452.751	34.31	1.79	61.28	4.16	9.21	38.34	62.60	1	14.10
452.811	34.28	1.79	61.50	4.16	9.22	38.35	62.40	1	14.10
452.915	34.04	1.80	61.23	4.16	9.20	38.29	62.50	1	14.30
453.060	34.37	1.79	61.47	4.15	9.21	38.25	62.20	1	14.00
453.120	34.30	1.79	61.31	4.13	9.20	37.95	61.90	1	14.00
453.224	34.49	1.78	61.25	4.13	9.22	38.14	62.30	1	13.90
453.369	34.45	1.78	61.44	4.14	9.21	38.09	62.00	1	14.00
453.429	34.43	1.78	61.24	4.15	9.20	38.14	62.30	1	14.10
453.533	34.31	1.79	61.56	4.16	9.20	38.22	62.10	1	14.10
453.678	34.02	1.81	61.51	4.14	9.21	38.08	61.90	1	14.30
453.738	33.92	1.81	61.34	4.11	9.20	37.81	61.60	1	14.10
453.842	33.81	1.81	61.13	4.12	9.19	37.86	61.90	1	14.40
453.987	33.63	1.81	60.74	4.11	9.20	37.83	62.30	1	14.10
454.047	33.79	1.80	60.91	4.13	9.21	37.99	62.40	1	14.10
454.151	34.17	1.79	61.13	4.12	9.21	37.99	62.10	1	13.90
454.296	34.41	1.79	61.49	4.11	9.20	37.84	61.50	1	14.10
454.356	34.28	1.79	61.49	4.11	9.21	37.91	61.60	1	14.10
454.460	34.28	1.78	61.19	4.13	9.20	38.01	62.10	1	14.00
454.605	34.53	1.80	62.10	4.12	9.19	37.84	60.90	1	14.00
454.665	34.56	1.77	61.34	4.13	9.18	37.91	61.80	1	13.90
454.769	34.52	1.77	61.03	4.15	9.20	38.16	62.50	1	13.90
454.914	34.67	1.75	60.64	4.10	9.20	37.74	62.20	1	13.90
454.974	34.70	1.75	60.79	4.11	9.17	37.72	62.10	1	13.90
455.078	34.76	1.75	60.87	4.13	9.20	38.03	62.50	1	13.90
455.223	34.65	1.75	60.68	4.14	9.15	37.93	62.50	1	13.90
455.283	34.56	1.76	60.87	4.13	9.18	37.91	62.30	1	14.00
455.387	34.31	1.79	61.55	4.14	9.19	38.01	61.80	1	14.30
455.532	33.97	1.80	61.14	4.13	9.20	37.98	62.10	1	14.30
455.592	33.72	1.80	60.70	4.14	9.20	38.10	62.80	1	14.10
455.696	34.09	1.80	61.20	4.15	9.15	37.97	62.00	1	14.00
455.840	34.35	1.78	61.02	4.12	9.25	38.11	62.50	1	14.00
455.900	34.25	1.78	61.12	4.14	9.22	38.15	62.40	1	14.10
456.004	33.94	1.81	61.36	4.15	9.21	38.25	62.30	1	14.30
456.149	33.44	1.82	60.74	4.13	9.18	37.96	62.50	1	14.30
456.209	33.51	1.82	61.10	4.10	9.18	37.65	61.60	1	14.30
456.313	33.72	1.80	60.79	4.14	9.19	38.04	62.60	1	14.10
456.458	34.39	1.78	61.23	4.14	9.20	38.09	62.20	1	13.90
456.518	34.56	1.77	61.24	4.11	9.20	37.81	61.70	1	14.00
456.622	34.46	1.78	61.28	4.13	9.22	38.06	62.10	1	14.00
456.767	34.32	1.78	61.12	4.15	9.20	38.17	62.50	1	14.00
456.827	34.35	1.78	61.20	4.14	9.20	38.12	62.30	1	14.00
456.931	34.31	1.79	61.30	4.15	9.18	38.09	62.10	1	14.10
457.076	34.18	1.81	61.81	4.14	9.19	38.07	61.60	1	14.30
457.136	33.85	1.81	61.25	4.14	9.16	37.90	61.90	1	14.10
457.240	33.91	1.81	61.23	4.16	9.19	38.21	62.40	1	14.30
457.385	33.80	1.81	61.06	4.14	9.17	37.94	62.10	1	14.10
457.445	34.05	1.80	61.45	4.14	9.20	38.11	62.00	1	14.00
457.549	34.26	1.79	61.39	4.14	9.22	38.13	62.10	1	14.00
457.694	34.30	1.79	61.55	4.13	9.24	38.20	62.10	1	14.30
457.754	33.93	1.81	61.30	4.14	9.22	38.17	62.30	1	14.30
457.858	34.09	1.81	61.60	4.15	9.21	38.24	62.10	1	14.10
458.003	34.24	1.80	61.68	4.13	9.21	38.09	61.70	1	14.10
458.063	34.11	1.81	61.77	4.15	9.24	38.29	62.00	1	14.30
458.167	33.98	1.81	61.66	4.16	9.22	38.34	62.20	1	14.10
458.312	34.18	1.81	61.86	4.12	9.25	38.11	61.60	1	14.10
458.372	34.16	1.80	61.35	4.15	9.25	38.38	62.60	1	14.00
458.476	34.09	1.80	61.51	4.16	9.24	38.46	62.50	1	14.30
458.621	34.20	1.80	61.59	4.16	9.21	38.29	62.20	1	14.00
458.681	34.43	1.80	61.86	4.14	9.22	38.21	61.80	1	13.90
458.785	34.52	1.77	61.26	4.17	9.18	38.28	62.50	1	14.00
458.930	34.51	1.79	61.64	4.14	9.20	38.13	61.90	1	14.00
458.990	34.39	1.80	61.79	4.15	9.18	38.08	61.60	1	14.10
459.094	34.27	1.80	61.58	4.15	9.19	38.10	61.90	1	14.10
459.239	34.16	1.81	61.71	4.16	9.23	38.41	62.20	1	14.10
459.299	34.13	1.80	61.42	4.16	9.22	38.32	62.40	1	14.00
459.403	34.37	1.79	61.58	4.14	9.22	38.20	62.00	1	14.00
459.548	34.46	1.78	61.43	4.17	9.21	38.41	62.50	1	14.00
459.608	34.39	1.79	61.44	4.18	9.20	38.46	62.60	1	14.00
459.712	34.44	1.78	61.20	4.15	9.22	38.28	62.50	1	14.00
459.857	34.70	1.75	60.87	4.16	9.20	38.33	63.00	1	13.90
459.917	34.75	1.75	60.79	4.14	9.22	38.14	62.70	1	13.90
460.021	34.73	1.76	60.96	4.13	9.14	37.77	62.00	1	13.70
460.166	34.72	1.77	61.40	4.11	9.17	37.72	61.40	1	14.00
460.226	34.64	1.78	61.70	4.14	9.22	38.15	61.80	1	14.10
460.330	34.07	1.81	61.74	4.14	9.21	38.14	61.80	1	14.30
460.475	34.01	1.82	61.83	4.17	9.23	38.49	62.30	1	14.10
460.535	34.23	1.81	61.79	4.18	9.25	38.62	62.50	1	14.00
460.639	34.41	1.80	62.01	4.16	9.26	38.55	62.20	1	14.00
460.784	34.22	1.81	61.86	4.15	9.23	38.30	61.90	1	14.30
460.844	34.08	1.82	62.05	4.14	9.23	38.17	61.50	1	14.40
460.948	33.59	1.83	61.50	4.12	9.18	37.83	61.50	1	14.30
461.093	33.50	1.82	61.00	4.13	9.18	37.91	62.10	1	14.40
461.153	33.29	1.82	60.67	4.12	9.14	37.67	62.10	1	14.40
461.257	33.39	1.82	60.78	4.12	9.16	37.76	62.10	1	14.30
461.402	34.19	1.79	61.16	4.12	9.21	37.95	62.00	1	14.00
461.462	34.34	1.78	61.13	4.14	9.21	38.08	62.30	1	14.00
461.566	34.49	1.78	61.40	4.15	9.21	38.22	62.20	1	13.90
461.711	34.52	1.78	61.48	4.15	9.23	38.32	62.30	1	14.10
461.771	34.27	1.80	61.67	4.18	9.21	38.50	62.40	1	14.30
461.875	33.92	1.81	61.51	4.18	9.21	38.55	62.70	1	14.30
462.020	33.75	1.82	61.49	4.15	9.22	38.29	62.30	1	14.30
462.080	33.70	1.82	61.41	4.15	9.21	38.21	62.20	1	14.30
462.184	33.76	1.82	61.57	4.15	9.20	38.17	62.00	1	14.30
462.329	33.59	1.82	61.25	4.13	9.18	37.88	61.80	1	14.30
462.389	33.84	1.82	61.50	4.13	9.18	37.97	61.70	1	14.30
462.493	33.96	1.83	62.10	4.15	9.19	38.12	61.40	1	14.10
462.638	33.96	1.82	61.71	4.14	9.21	38.16	61.80	1	14.10
462.698	34.21	1.81	61.85	4.14	9.21	38.13	61.70	1	14.00
462.802	34.43	1.79	61.55	4.14	9.19	38.00	61.70	1	14.10
462.947	33.99	1.82	61.83	4.13	9.20	38.02	61.50	1	14.30
463.007	33.86	1.82	61.62	4.14	9.19	38.02	61.70	1	14.30
463.111	33.80	1.82	61.60	4.12	9.19	37.85	61.40	1	14.30
463.256	33.64	1.83	61.54	4.14	9.19	38.05	61.80	1	14.30
463.316	33.54	1.83	61.50	4.12	9.17	37.81	61.50	1	14.40
463.420	33.53	1.84	61.58	4.13	9.16	37.83	61.40	1	14.30
463.565	33.43	1.83	61.15	4.12	9.15	37.70	61.70	1	14.40
463.625	33.58	1.84	61.79	4.13	9.15	37.84	61.20	1	14.30
463.729	33.78	1.82	61.53	4.14	9.21	38.12	61.90	1	14.30
463.874	34.05	1.81	61.53	4.17	9.22	38.48	62.50	1	14.00
463.934	34.25	1.80	61.61	4.16	9.19	38.22	62.00	1	14.00
464.038	34.44	1.78	61.42	4.17	9.21	38.40	62.50	1	14.00
464.183	34.07	1.80	61.44	4.16	9.20	38.31	62.40	1	14.30
464.243	33.91	1.81	61.39	4.15	9.21	38.22	62.30	1	14.30
464.347	33.70	1.81	61.13	4.14	9.21	38.17	62.40	1	14.10
464.492	34.10	1.80	61.25	4.18	9.21	38.50	62.80	1	14.00
464.552	34.15	1.79	61.00	4.19	9.21	38.57	63.20	1	14.10
464.656	34.07	1.80	61.23	4.14	9.22	38.22	62.40	1	14.30
464.801	34.04	1.81	61.62	4.15	9.22	38.26	62.10	1	14.10
464.861	34.29	1.80	61.75	4.15	9.19	38.10	61.70	1	14.00
464.965	34.55	1.78	61.45	4.15	9.15	37.99	61.80	1	13.90
465.110	34.65	1.78	61.85	4.15	9.17	38.01	61.50	1	14.10
465.170	34.48	1.79	61.68	4.16	9.20	38.27	62.10	1	14.10
465.274	34.27	1.80	61.62	4.16	9.20	38.33	62.20	1	14.10
465.419	33.87	1.82	61.72	4.14	9.21	38.16	61.80	1	14.30
465.479	33.88	1.82	61.54	4.14	9.19	38.04	61.80	1	14.10
465.583	33.93	1.81	61.47	4.16	9.21	38.30	62.30	1	14.30
465.728	33.54	1.82	61.19	4.14	9.17	37.99	62.10	1	14.30
465.788	33.59	1.83	61.61	4.14	9.16	37.90	61.50	1	14.30
465.892	33.77	1.82	61.41	4.17	9.19	38.30	62.40	1	14.30
466.037	33.71	1.82	61.42	4.15	9.22	38.21	62.20	1	14.30
466.097	33.86	1.82	61.74	4.14	9.19	38.11	61.70	1	14.40
466.201	33.51	1.82	60.93	4.13	9.19	37.95	62.30	1	14.30
466.346	33.72	1.82	61.35	4.14	9.21	38.16	62.20	1	14.10
466.406	34.03	1.80	61.40	4.15	9.20	38.23	62.30	1	14.00
466.510	34.35	1.79	61.66	4.16	9.20	38.30	62.10	1	13.90
466.655	34.78	1.76	61.33	4.16	9.17	38.17	62.20	1	14.00
466.715	34.67	1.77	61.40	4.17	9.19	38.27	62.30	1	14.00
466.819	34.50	1.78	61.42	4.15	9.20	38.14	62.10	1	14.00
466.964	34.43	1.79	61.78	4.14	9.21	38.13	61.70	1	14.00
467.024	34.41	1.79	61.71	4.14	9.22	38.23	61.90	1	14.10
467.128	34.40	1.79	61.52	4.16	9.21	38.28	62.20	1	14.00
467.273	34.32	1.79	61.53	4.17	9.22	38.46	62.50	1	14.10
467.333	34.28	1.81	62.01	4.17	9.23	38.45	62.00	1	14.10
467.437	33.91	1.82	61.64	4.15	9.20	38.14	61.90	1	14.10
467.582	34.10	1.81	61.75	4.15	9.23	38.29	62.00	1	14.10
467.642	34.03	1.81	61.49	4.15	9.23	38.26	62.20	1	14.00
467.746	34.21	1.81	61.75	4.15	9.21	38.25	61.90	1	14.10
467.891	34.02	1.81	61.57	4.18	9.20	38.41	62.40	1	14.10
467.951	34.25	1.80	61.60	4.17	9.20	38.34	62.20	1	14.00
468.055	34.24	1.81	61.85	4.14	9.21	38.14	61.70	1	14.30
468.200	33.76	1.82	61.59	4.13	9.21	38.05	61.80	1	14.10
468.260	33.88	1.82	61.53	4.15	9.22	38.31	62.30	1	14.10
468.364	34.02	1.81	61.66	4.14	9.22	38.19	61.90	1	14.10
468.509	34.15	1.81	61.72	4.18	9.22	38.54	62.40	1	14.10
468.569	33.88	1.81	61.24	4.17	9.20	38.36	62.60	1	14.30
468.673	33.73	1.82	61.37	4.16	9.19	38.23	62.30	1	14.30
468.818	33.91	1.82	61.60	4.13	9.21	38.01	61.70	1	14.00
468.878	34.15	1.79	61.20	4.14	9.21	38.12	62.30	1	14.00
468.982	34.22	1.80	61.51	4.17	9.18	38.31	62.30	1	14.10
469.127	34.22	1.80	61.71	4.16	9.21	38.35	62.20	1	14.10
469.187	34.13	1.80	61.58	4.15	9.22	38.28	62.20	1	14.30
469.291	33.93	1.81	61.32	4.13	9.22	38.08	62.10	1	14.10
469.436	33.87	1.81	61.29	4.13	9.27	38.31	62.50	1	14.10
469.496	34.12	1.79	61.19	4.16	9.23	38.39	62.70	1	14.00
469.600	34.36	1.78	61.26	4.16	9.22	38.34	62.60	1	14.00
469.745	34.49	1.78	61.38	4.17	9.23	38.46	62.70	1	13.90
469.805	34.63	1.76	61.03	4.14	9.19	38.09	62.40	1	14.00
469.909	34.47	1.79	61.60	4.15	9.21	38.23	62.10	1	14.10
470.054	33.66	1.81	61.03	4.13	9.22	38.14	62.50	1	14.30
470.114	33.71	1.81	60.88	4.14	9.23	38.19	62.70	1	14.10
470.218	34.19	1.79	61.25	4.15	9.25	38.40	62.70	1	14.00
470.363	34.59	1.78	61.55	4.13	9.22	38.05	61.80	1	13.90
470.423	34.67	1.77	61.24	4.11	9.18	37.76	61.70	1	13.90
470.527	34.54	1.77	61.18	4.14	9.20	38.05	62.20	1	14.00
470.672	34.65	1.75	60.78	4.14	9.20	38.07	62.60	1	13.90
470.732	34.66	1.76	60.87	4.14	9.20	38.06	62.50	1	13.90
470.836	34.72	1.75	60.81	4.13	9.21	38.03	62.50	1	13.90
470.981	34.55	1.76	60.69	4.14	9.22	38.19	62.90	1	14.00
471.041	34.43	1.78	61.14	4.16	9.24	38.39	62.80	1	14.10
471.145	33.93	1.80	61.09	4.16	9.21	38.32	62.70	1	14.10
471.290	34.37	1.79	61.38	4.15	9.24	38.33	62.40	1	14.00
471.350	34.51	1.78	61.38	4.15	9.23	38.30	62.40	1	14.00
471.454	34.30	1.79	61.36	4.15	9.21	38.25	62.30	1	14.10
471.599	33.90	1.82	61.65	4.12	9.19	37.81	61.30	1	14.30
471.659	33.77	1.82	61.39	4.14	9.18	37.98	61.90	1	14.30
471.763	33.90	1.82	61.68	4.12	9.23	38.00	61.60	1	14.00
471.908	34.03	1.81	61.44	4.11	9.22	37.89	61.70	1	14.30
471.968	33.76	1.82	61.46	4.12	9.19	37.80	61.50	1	14.10
472.072	33.95	1.81	61.52	4.14	9.20	38.11	61.90	1	14.00
472.217	34.69	1.78	61.63	4.14	9.22	38.19	62.00	1	14.00
472.277	34.58	1.78	61.49	4.14	9.22	38.18	62.10	1	14.00
472.381	34.44	1.80	61.96	4.16	9.22	38.32	61.80	1	14.10
472.526	34.29	1.80	61.67	4.14	9.25	38.28	62.10	1	14.00
472.586	34.42	1.79	61.58	4.15	9.22	38.26	62.10	1	14.00
472.690	34.15	1.80	61.40	4.15	9.24	38.36	62.50	1	14.10
472.835	33.90	1.81	61.44	4.13	9.24	38.16	62.10	1	14.10
472.895	33.92	1.81	61.36	4.15	9.23	38.25	62.30	1	14.10
472.999	34.06	1.80	61.40	4.11	9.25	38.02	61.90	1	14.10
473.144	34.11	1.81	61.75	4.15	9.24	38.38	62.20	1	14.10
473.204	34.18	1.80	61.48	4.15	9.22	38.23	62.20	1	14.00
473.308	34.23	1.80	61.55	4.15	9.23	38.29	62.20	1	14.10
473.453	34.01	1.81	61.58	4.13	9.24	38.17	62.00	1	14.10
473.513	34.08	1.80	61.38	4.16	9.23	38.41	62.60	1	14.00
473.617	34.36	1.79	61.40	4.16	9.22	38.34	62.50	1	14.10
473.762	33.99	1.81	61.49	4.16	9.25	38.48	62.60	1	14.10
473.822	34.24	1.80	61.70	4.16	9.21	38.30	62.10	1	14.00
473.926	34.37	1.79	61.61	4.15	9.20	38.19	62.00	1	14.00
474.071	34.43	1.79	61.71	4.13	9.26	38.23	62.00	1	14.00
474.131	34.48	1.79	61.72	4.15	9.23	38.29	62.00	1	14.00
474.235	34.74	1.77	61.50	4.15	9.23	38.27	62.20	1	13.90
474.380	34.52	1.77	61.08	4.12	9.23	38.05	62.30	1	13.90
474.440	34.64	1.76	60.95	4.10	9.19	37.68	61.80	1	13.70
474.544	34.75	1.74	60.59	4.10	9.23	37.85	62.50	1	13.90
474.689	34.69	1.76	61.22	4.12	9.23	38.04	62.10	1	14.00
474.749	34.55	1.77	61.29	4.14	9.22	38.12	62.20	1	14.10
474.853	34.01	1.79	61.04	4.14	9.24	38.24	62.60	1	14.10
474.998	34.30	1.79	61.52	4.14	9.23	38.24	62.20	1	13.90
475.058	34.43	1.78	61.24	4.15	9.23	38.36	62.60	1	14.00
475.162	34.41	1.79	61.46	4.15	9.24	38.31	62.30	1	14.10
475.307	33.96	1.81	61.55	4.13	9.26	38.23	62.10	1	14.30
475.367	33.91	1.81	61.35	4.12	9.24	38.10	62.10	1	14.10
475.471	34.18	1.80	61.60	4.13	9.22	38.06	61.80	1	14.00
475.616	34.30	1.80	61.73	4.15	9.22	38.27	62.00	1	14.30
475.676	33.89	1.80	61.13	4.13	9.19	38.02	62.20	1	14.30
475.780	33.88	1.80	61.03	4.14	9.20	38.11	62.40	1	14.00
475.925	34.22	1.79	61.27	4.13	9.23	38.14	62.30	1	14.00
475.985	34.32	1.78	61.24	4.14	9.23	38.20	62.40	1	14.00
476.089	34.34	1.78	61.26	4.14	9.22	38.14	62.20	1	14.00
476.234	34.43	1.78	61.26	4.12	9.23	38.03	62.10	1	13.90
476.294	34.49	1.78	61.43	4.12	9.22	38.04	61.90	1	14.00
476.398	34.48	1.77	61.17	4.14	9.24	38.23	62.50	1	13.90
476.543	34.34	1.79	61.37	4.15	9.23	38.31	62.40	1	14.00
476.603	34.33	1.78	61.24	4.15	9.25	38.32	62.60	1	14.00
476.707	34.19	1.78	61.01	4.15	9.23	38.29	62.80	1	14.00
476.852	34.44	1.77	60.96	4.15	9.21	38.18	62.60	1	14.00
476.912	34.33	1.78	61.05	4.15	9.22	38.26	62.70	1	14.10
477.016	33.92	1.81	61.24	4.13	9.21	38.04	62.10	1	14.30
477.161	34.00	1.81	61.37	4.14	9.24	38.25	62.30	1	14.10
477.221	34.11	1.81	61.62	4.14	9.22	38.18	62.00	1	14.00
477.325	34.36	1.79	61.59	4.16	9.23	38.36	62.30	1	14.00
477.470	34.74	1.77	61.63	4.12	9.20	37.92	61.50	1	13.90
477.530	34.71	1.77	61.36	4.14	9.20	38.13	62.10	1	13.90
477.634	34.58	1.77	61.07	4.17	9.20	38.31	62.70	1	14.00
477.779	34.45	1.77	61.15	4.14	9.25	38.24	62.50	1	13.90
477.839	34.60	1.76	61.03	4.13	9.21	38.03	62.30	1	13.90
477.943	34.55	1.76	60.90	4.12	9.21	37.98	62.40	1	14.00
478.088	34.26	1.79	61.48	4.17	9.24	38.53	62.70	1	14.10
478.148	34.06	1.79	61.06	4.16	9.21	38.29	62.70	1	14.30
478.252	33.99	1.80	61.20	4.11	9.22	37.92	62.00	1	14.10
478.397	34.25	1.80	61.63	4.12	9.22	38.03	61.70	1	14.00
478.457	34.52	1.78	61.58	4.10	9.21	37.78	61.40	1	13.90
478.561	34.43	1.77	60.89	4.12	9.23	37.99	62.40	1	13.90
478.706	34.57	1.77	61.16	4.12	9.21	37.95	62.10	1	13.70
478.766	34.70	1.75	60.87	4.11	9.18	37.77	62.10	1	13.90
478.870	34.68	1.76	61.19	4.11	9.21	37.86	61.90	1	13.90
479.015	34.73	1.81	62.96	4.17	9.31	38.83	61.70	1	14.10
479.075	34.82	1.84	64.13	4.23	9.44	39.90	62.20	1	14.30
479.179	34.97	1.89	66.22	4.29	9.59	41.17	62.20	1	14.60
479.324	34.62	1.96	67.98	4.39	9.73	42.73	62.90	1	14.90
479.384	34.44	2.00	69.06	4.40	9.76	42.98	62.20	1	14.90
479.488	33.85	2.03	68.73	4.37	9.75	42.60	62.00	1	15.00
479.633	34.20	2.03	69.25	4.38	9.78	42.86	61.90	1	14.70
479.693	34.23	2.02	69.08	4.38	9.75	42.75	61.90	1	14.70
479.797	34.31	2.02	69.27	4.38	9.78	42.86	61.90	1	14.90
479.942	34.13	2.03	69.27	4.38	9.77	42.80	61.80	1	14.90
480.002	34.26	2.01	68.78	4.39	9.77	42.90	62.40	1	14.70
480.106	34.30	2.01	69.07	4.40	9.78	43.06	62.30	1	14.90
480.250	34.08	2.02	68.90	4.39	9.76	42.87	62.20	1	15.00
480.310	33.92	2.03	68.87	4.40	9.74	42.85	62.20	1	14.90
480.414	34.14	2.02	69.09	4.40	9.77	43.00	62.20	1	14.90
480.559	34.30	2.02	69.35	4.40	9.76	42.97	62.00	1	14.90
480.619	34.06	2.03	68.99	4.39	9.75	42.81	62.10	1	15.00
480.723	34.11	2.02	68.99	4.39	9.77	42.93	62.20	1	14.90
480.868	34.39	2.02	69.53	4.41	9.81	43.26	62.20	1	14.60
480.928	34.50	1.99	68.73	4.38	9.79	42.90	62.40	1	14.70
481.032	34.50	1.99	68.72	4.39	9.78	42.92	62.50	1	14.60
481.177	34.83	1.97	68.48	4.36	9.75	42.55	62.10	1	14.40
481.237	34.96	1.96	68.57	4.36	9.75	42.50	62.00	1	14.60
481.341	34.71	1.96	68.19	4.38	9.74	42.60	62.50	1	14.60
481.486	34.86	1.96	68.29	4.38	9.74	42.62	62.40	1	14.60
481.546	34.76	1.98	68.75	4.39	9.79	42.95	62.50	1	14.70
481.650	34.32	2.01	69.06	4.40	9.80	43.11	62.40	1	15.00
481.795	33.71	2.04	68.90	4.37	9.76	42.61	61.80	1	15.00
481.855	33.87	2.04	69.23	4.39	9.77	42.89	61.90	1	14.90
481.959	34.12	2.04	69.47	4.40	9.79	43.06	62.00	1	14.90
482.104	34.56	2.01	69.36	4.41	9.78	43.12	62.20	1	14.70
482.164	34.57	2.00	69.17	4.39	9.76	42.84	61.90	1	14.70
482.268	34.38	2.00	68.80	4.40	9.75	42.93	62.40	1	14.90
482.413	34.14	2.02	69.08	4.40	9.75	42.88	62.10	1	15.00
482.473	33.93	2.03	68.99	4.40	9.74	42.85	62.10	1	14.90
482.577	34.00	2.02	68.85	4.40	9.77	43.04	62.50	1	14.90
482.722	34.13	2.04	69.46	4.40	9.77	43.02	61.90	1	14.90
482.782	34.29	2.02	69.18	4.39	9.79	42.96	62.10	1	14.70
482.886	34.49	2.00	68.82	4.41	9.76	43.07	62.60	1	14.70
483.031	34.28	2.02	69.19	4.42	9.75	43.11	62.30	1	15.00
483.091	34.08	2.03	69.02	4.42	9.75	43.11	62.50	1	15.00
483.195	33.86	2.04	69.19	4.41	9.75	42.97	62.10	1	15.00
483.340	33.94	2.04	69.15	4.42	9.76	43.12	62.40	1	15.00
483.400	33.96	2.04	69.28	4.43	9.75	43.20	62.40	1	15.00
483.504	33.66	2.04	68.79	4.39	9.74	42.77	62.20	1	15.20
483.649	33.78	2.03	68.74	4.44	9.76	43.33	63.00	1	15.00
483.709	33.98	2.03	69.03	4.46	9.77	43.55	63.10	1	14.90
483.813	34.39	2.01	69.19	4.44	9.72	43.22	62.50	1	14.70
483.958	34.68	1.98	68.60	4.44	9.66	42.92	62.60	1	14.90
484.018	34.46	2.00	68.84	4.45	9.70	43.19	62.70	1	15.00
484.122	34.06	2.02	68.82	4.44	9.72	43.17	62.70	1	15.00
484.267	33.90	2.03	68.95	4.45	9.74	43.29	62.80	1	15.00
484.327	34.04	2.03	69.22	4.47	9.74	43.53	62.90	1	14.90
484.431	34.52	2.01	69.38	4.44	9.71	43.12	62.10	1	14.70
484.576	34.63	1.99	68.80	4.46	9.68	43.22	62.80	1	14.90
484.636	34.59	2.00	69.06	4.46	9.69	43.18	62.50	1	14.90
484.740	34.23	2.02	69.10	4.49	9.72	43.67	63.20	1	15.00
484.885	34.04	2.04	69.38	4.47	9.68	43.29	62.40	1	15.20
484.945	33.98	2.04	69.30	4.50	9.65	43.38	62.60	1	15.20
485.049	34.11	2.03	69.27	4.54	9.66	43.87	63.30	1	15.00
485.194	34.56	1.99	68.89	4.58	9.58	43.90	63.70	1	15.00
485.254	34.77	1.97	68.44	4.59	9.48	43.53	63.60	1	14.90
485.358	35.22	1.89	66.70	4.76	9.08	43.22	64.80	1	14.90
485.503	35.71	1.80	64.14	4.91	8.56	42.05	65.60	1	14.90
485.563	36.11	1.61	58.23	5.12	7.70	39.43	67.70	1	15.00
485.667	36.01	1.60	57.50	5.12	7.67	39.29	68.30	1	14.90
485.812	33.23	1.67	55.44	5.46	6.78	37.07	66.90	1	27.20
485.872	24.06	2.59	62.41	5.45	6.63	36.15	57.90	1	42.30
485.975	11.66	3.93	45.81	4.28	4.75	20.36	44.50	1	55.00
486.120	8.72	4.46	38.90	3.95	5.58	22.04	56.70	1	35.00
486.180	11.52	3.85	44.35	4.09	6.21	25.41	57.30	1	25.00
486.284	20.24	2.68	54.22	4.27	6.79	28.99	53.50	1	10.00
486.429	33.97	1.19	40.28	3.62	5.84	21.13	52.50	1	10.00
486.489	35.68	0.99	35.39	3.54	5.72	20.24	57.20	1	12.50
486.593	35.35	1.42	50.34	4.36	7.18	31.29	62.10	1	18.00
486.738	30.40	1.95	59.15	4.82	7.96	38.35	64.80	1	18.00
486.798	29.45	2.00	59.02	4.85	8.04	39.01	66.10	1	18.10
486.902	28.48	2.06	58.65	4.84	8.08	39.15	66.80	1	18.10
487.047	28.84	2.07	59.74	4.86	8.18	39.75	66.50	1	17.90
487.107	29.13	2.07	60.43	4.89	8.22	40.18	66.50	1	17.70
487.211	29.75	2.07	61.64	4.92	8.31	40.94	66.40	1	17.40
487.356	30.63	2.07	63.40	4.98	8.46	42.16	66.50	1	17.10
487.416	30.96	2.07	64.18	5.03	8.51	42.80	66.70	1	17.10
487.520	31.62	2.07	65.58	5.02	8.64	43.38	66.10	1	16.80
487.665	32.16	2.06	66.36	4.95	8.82	43.68	65.80	1	16.50
487.725	32.52	2.05	66.83	4.94	8.86	43.80	65.50	1	16.40
487.829	34.56	1.88	64.89	5.48	8.03	44.04	67.90	1	16.50
487.974	35.52	1.74	61.66	5.75	7.59	43.64	70.80	1	16.50
488.034	35.84	1.67	59.71	5.83	7.19	41.94	70.20	1	16.40
488.138	36.16	1.50	54.10	6.07	6.41	38.89	71.90	1	16.40
488.283	36.23	1.45	52.52	6.23	6.03	37.55	71.50	1	21.50
488.343	28.36	1.94	55.00	6.17	5.90	36.42	66.20	1	36.50
488.447	14.98	3.62	54.25	5.73	4.86	27.82	51.30	1	55.00
488.592	10.26	4.32	44.35	5.44	5.00	27.23	61.40	1	40.00
488.652	11.79	3.98	46.89	5.58	5.33	29.72	63.40	1	27.50
488.756	18.73	2.80	52.40	5.72	5.79	33.08	63.10	1	17.50
488.901	31.73	1.50	47.72	5.11	5.56	28.41	59.50	1	25.00
488.961	26.21	1.82	47.82	5.23	5.63	29.43	61.50	1	25.00
489.065	27.02	2.00	54.12	5.97	6.09	36.40	67.30	1	26.00
489.210	18.30	2.63	48.12	5.88	5.55	32.63	67.80	1	33.00
489.270	18.91	2.51	47.43	6.02	5.37	32.28	68.10	1	21.00
489.373	26.89	2.23	59.85	6.61	6.29	41.56	69.40	1	21.00
489.518	31.50	2.07	65.14	7.41	6.19	45.85	70.40	1	21.30
489.578	32.45	2.03	65.95	7.62	6.36	48.43	73.40	1	21.40
489.682	33.74	1.98	66.71	8.02	6.14	49.21	73.80	1	21.60
489.827	34.63	1.96	67.71	8.41	5.81	48.84	72.10	1	21.70
489.887	34.74	1.96	68.03	8.45	5.86	49.56	72.90	1	21.70
489.991	35.06	1.87	65.47	8.59	5.68	48.77	74.50	1	21.60
490.136	35.39	1.80	63.87	8.68	5.65	49.05	76.80	1	21.60
490.196	35.43	1.78	62.93	8.74	5.51	48.16	76.50	1	21.70
490.300	35.31	1.79	63.25	8.82	5.51	48.58	76.80	1	21.90
490.444	35.43	1.85	65.37	8.86	5.59	49.50	75.70	1	22.20
490.504	35.24	1.86	65.66	8.91	5.49	48.87	74.40	1	22.30
490.608	35.03	1.91	66.76	9.02	5.60	50.46	75.60	1	22.60
490.752	35.02	1.88	65.97	9.11	5.50	50.08	75.90	1	22.50
490.812	34.94	1.92	67.07	9.07	5.53	50.18	74.80	1	22.30
490.916	35.09	1.87	65.76	9.00	5.66	50.97	77.50	1	22.50
491.061	35.17	1.88	66.01	9.04	5.69	51.50	78.00	1	22.50
491.121	35.15	1.88	66.11	9.04	5.70	51.46	77.80	1	22.60
491.225	35.00	1.89	66.12	9.05	5.66	51.23	77.50	1	22.60
491.370	34.51	1.95	67.31	9.16	5.54	50.72	75.40	1	23.10
491.430	34.19	1.95	66.70	9.19	5.45	50.07	75.10	1	23.10
491.534	34.42	1.95	67.12	9.12	5.59	50.99	76.00	1	22.80
491.679	34.45	1.95	67.07	9.13	5.61	51.28	76.50	1	22.80
491.739	34.65	1.94	67.19	9.21	5.46	50.32	74.90	1	22.60
491.843	34.61	1.94	67.10	9.08	5.60	50.84	75.80	1	22.80
491.988	34.33	1.96	67.19	9.08	5.70	51.77	77.10	1	23.10
492.048	34.17	1.96	67.15	9.08	5.70	51.74	77.10	1	22.90
492.152	34.22	1.97	67.41	9.07	5.71	51.82	76.90	1	22.80
492.297	34.53	1.96	67.52	9.05	5.73	51.83	76.80	1	22.80
492.357	34.61	1.96	67.74	9.11	5.57	50.75	74.90	1	22.90
492.461	34.19	1.98	67.75	8.98	5.76	51.78	76.40	1	22.90
492.606	34.19	1.98	67.74	9.00	5.83	52.45	77.40	1	22.90
492.666	34.01	2.00	68.03	9.00	5.74	51.65	75.90	1	23.10
492.770	33.67	2.00	67.45	8.97	5.73	51.45	76.30	1	23.10
492.915	33.83	1.99	67.43	8.94	5.86	52.38	77.70	1	23.10
492.975	33.81	2.01	67.92	8.95	5.76	51.50	75.80	1	23.10
493.079	33.65	2.01	67.69	9.00	5.73	51.60	76.20	1	23.20
493.224	33.27	2.03	67.55	8.80	5.82	51.27	75.90	1	23.10
493.284	33.63	2.01	67.59	8.87	5.86	52.02	77.00	1	22.90
493.388	33.70	2.00	67.40	8.89	5.87	52.20	77.50	1	22.90
493.533	33.18	2.03	67.50	8.80	5.81	51.15	75.80	1	23.20
493.593	33.32	2.04	67.98	8.86	5.76	51.05	75.10	1	23.10
493.697	33.23	2.05	67.99	8.79	5.71	50.15	73.80	1	22.90
493.842	33.22	2.04	67.74	8.77	5.70	50.02	73.80	1	23.10
493.902	33.06	2.04	67.43	8.75	5.82	50.88	75.50	1	23.20
494.006	32.72	2.06	67.29	8.67	5.60	48.62	72.30	1	23.10
494.151	32.84	2.04	67.08	8.63	5.89	50.80	75.70	1	23.10
494.211	32.63	2.05	67.04	8.63	5.74	49.52	73.90	1	23.10
494.315	32.88	2.04	67.14	8.72	5.73	49.93	74.40	1	23.10
494.459	32.46	2.05	66.62	8.52	5.85	49.81	74.80	1	22.90
494.519	32.44	2.06	66.79	8.44	6.14	51.80	77.50	1	22.80
494.623	32.83	2.05	67.37	8.59	5.40	46.41	68.90	1	22.60
494.768	33.46	2.04	68.19	8.59	6.22	53.46	78.40	1	22.30
494.828	33.45	2.04	68.17	8.62	5.88	50.74	74.40	1	22.50
494.932	33.81	1.97	66.65	8.59	5.94	51.03	76.60	1	22.30
495.077	33.41	2.00	66.92	8.29	6.84	56.72	84.80	1	22.20
495.137	33.15	2.02	66.92	8.25	6.73	55.56	83.00	1	22.20
495.241	33.33	2.01	67.10	8.40	6.21	52.17	77.70	1	21.90
495.386	33.23	2.04	67.63	8.43	6.00	50.62	74.90	1	22.20
495.446	33.15	2.03	67.36	8.38	6.36	53.34	79.20	1	22.00
495.550	33.65	2.00	67.40	8.19	6.89	56.41	83.70	1	21.90
495.695	34.23	1.96	67.25	8.43	6.06	51.13	76.00	1	21.90
495.755	34.19	1.98	67.67	8.36	6.40	53.56	79.10	1	21.70
495.859	34.22	1.98	67.86	8.49	5.73	48.69	71.70	1	22.00
496.004	33.48	2.04	68.36	8.26	6.16	50.90	74.50	1	22.00
496.064	33.90	2.00	67.71	8.30	6.17	51.22	75.60	1	22.20
496.168	33.46	2.02	67.73	8.41	5.91	49.67	73.30	1	22.30
496.313	33.23	2.01	66.77	8.32	6.19	51.49	77.10	1	22.30
496.373	33.05	2.04	67.40	8.30	6.02	49.97	74.10	1	22.50
496.477	32.91	2.03	66.90	8.28	6.11	50.62	75.70	1	22.30
496.622	32.37	2.07	66.88	8.18	6.12	50.01	74.80	1	22.20
496.682	32.52	2.05	66.73	8.09	6.25	50.54	75.70	1	22.20
496.786	32.54	2.04	66.31	8.11	6.30	51.11	77.10	1	22.20
496.931	32.57	2.04	66.48	8.14	6.08	49.50	74.50	1	22.20
496.991	32.36	2.04	66.16	8.07	6.22	50.15	75.80	1	22.20
497.095	32.72	2.04	66.59	8.10	6.15	49.85	74.90	1	22.00
