516.273	38.20	0.00	0.00	0.06	0.21	0.01	0.00	5	0.00
516.376	38.25	0.00	0.00	0.03	0.19	0.01	0.00	5	0.00
516.520	38.33	0.00	0.00	0.03	0.19	0.01	0.00	5	0.00
516.580	38.41	0.00	0.00	0.02	0.19	0.00	0.00	5	0.50
516.683	38.12	0.00	0.00	0.04	0.20	0.01	0.00	5	0.50
516.827	38.16	0.00	0.00	0.03	0.19	0.01	0.00	5	0.50
516.887	38.16	0.00	0.00	0.03	0.18	0.00	0.00	5	0.50
516.990	38.28	0.00	0.00	0.34	0.54	0.18	0.00	5	1.00
517.134	38.21	0.00	0.00	0.45	0.65	0.29	0.00	5	1.00
517.194	38.16	0.00	0.00	0.48	0.68	0.33	0.00	5	1.00
517.297	38.16	0.00	0.00	0.64	0.84	0.53	0.00	5	1.50
517.441	38.08	0.00	0.00	0.68	0.92	0.62	0.00	5	1.50
517.501	38.15	0.00	0.00	0.69	0.93	0.64	0.00	5	1.50
517.604	38.18	0.00	0.00	0.82	1.04	0.85	0.00	5	2.00
517.748	38.10	0.00	0.00	0.87	1.08	0.94	0.00	5	2.00
517.808	38.21	0.00	0.00	0.89	1.09	0.98	0.00	5	2.00
517.911	38.24	0.00	0.00	1.05	1.23	1.30	0.00	5	2.50
518.055	38.15	0.00	0.00	1.13	1.33	1.49	0.00	5	2.50
518.115	38.14	0.00	0.00	1.14	1.34	1.52	0.00	5	2.50
518.218	38.15	0.00	0.00	1.23	1.47	1.82	0.00	5	3.00
518.362	38.15	0.00	0.00	1.31	1.58	2.07	0.00	5	3.00
518.422	38.14	0.00	0.00	1.31	1.59	2.07	0.00	5	3.00
518.525	38.16	0.00	0.00	1.41	1.67	2.35	0.00	5	3.50
518.669	38.08	0.00	0.00	1.50	1.75	2.63	0.00	5	3.50
518.729	38.13	0.00	0.00	1.50	1.74	2.61	0.00	5	3.50
518.832	38.11	0.00	0.00	1.53	1.81	2.77	0.00	5	4.00
518.976	37.98	0.00	0.00	1.61	1.90	3.07	0.00	5	4.00
519.036	38.01	0.00	0.00	1.63	1.91	3.11	0.00	5	4.00
519.139	38.04	0.00	0.00	1.68	1.98	3.32	0.00	5	4.50
519.283	38.09	0.00	0.00	1.75	2.07	3.63	0.00	5	4.50
519.343	38.07	0.00	0.00	1.76	2.09	3.68	0.00	5	4.50
519.446	38.05	0.00	0.00	1.78	2.24	3.99	0.00	5	5.00
519.590	38.10	0.00	0.00	1.82	2.55	4.64	0.00	5	5.00
519.650	37.93	0.00	0.00	1.86	2.58	4.79	0.00	5	5.00
519.753	37.90	0.00	0.00	1.88	2.69	5.07	0.00	5	5.50
519.897	37.78	0.00	0.00	1.94	2.82	5.48	0.00	5	5.50
519.957	37.69	0.00	0.00	1.96	2.85	5.57	0.00	5	5.50
520.060	37.83	0.00	0.00	1.98	2.93	5.80	0.00	5	6.00
520.204	37.79	0.01	0.49	2.09	3.13	6.56	0.00	5	6.00
520.264	37.83	0.02	0.72	2.10	3.20	6.72	937.30	5	6.00
520.367	37.81	0.04	1.43	2.11	3.30	6.98	488.20	5	6.50
520.511	37.64	0.07	2.49	2.22	3.50	7.78	313.20	5	6.50
520.571	37.68	0.07	2.48	2.22	3.51	7.79	314.10	5	6.50
520.674	37.67	0.07	2.59	2.24	3.57	7.99	308.50	5	7.00
520.818	37.66	0.11	4.04	2.36	3.74	8.81	218.20	5	7.00
520.878	37.67	0.11	4.11	2.38	3.74	8.91	216.80	5	7.00
520.981	37.63	0.12	4.70	2.42	3.78	9.17	195.00	5	7.50
521.125	37.55	0.15	5.75	2.54	3.96	10.04	174.50	5	7.50
521.185	37.45	0.16	5.86	2.54	4.00	10.17	173.60	5	7.50
521.288	37.40	0.16	5.87	2.56	4.01	10.25	174.50	5	8.00
521.432	37.40	0.19	7.22	2.71	4.22	11.40	158.00	5	8.00
521.492	37.42	0.20	7.52	2.73	4.22	11.51	153.00	5	8.00
521.595	37.46	0.21	7.89	2.73	4.24	11.58	146.70	5	8.00
521.739	37.46	0.25	9.20	2.85	4.41	12.56	136.50	5	8.50
521.799	37.36	0.25	9.38	2.89	4.43	12.83	136.80	5	8.50
521.902	37.25	0.25	9.43	2.89	4.44	12.85	136.20	5	8.50
522.046	37.17	0.30	11.12	3.03	4.68	14.15	127.20	5	9.00
522.106	37.11	0.30	11.14	3.05	4.69	14.30	128.40	5	9.00
522.210	37.12	0.32	11.75	3.06	4.73	14.49	123.30	5	9.00
522.355	37.03	0.36	13.46	3.14	4.93	15.46	114.80	5	9.50
522.415	37.04	0.36	13.52	3.18	4.93	15.67	115.90	5	9.50
522.518	37.12	0.38	13.99	3.20	4.96	15.90	113.60	5	9.50
522.663	37.04	0.42	15.39	3.33	5.14	17.14	111.40	5	10.00
522.723	36.89	0.43	15.79	3.33	5.19	17.26	109.30	5	10.00
522.827	36.88	0.43	15.75	3.33	5.19	17.26	109.50	5	10.00
522.972	36.64	0.48	17.52	3.45	5.37	18.53	105.70	5	10.50
523.032	36.67	0.49	17.86	3.48	5.40	18.81	105.30	5	10.50
523.136	36.65	0.50	18.30	3.51	5.44	19.11	104.40	5	10.50
523.281	36.63	0.55	20.24	3.61	5.68	20.51	101.40	5	11.00
523.341	36.66	0.55	20.24	3.62	5.71	20.65	102.00	5	11.00
523.445	36.60	0.56	20.66	3.63	5.70	20.69	100.10	5	11.00
523.590	36.52	0.62	22.63	3.74	5.86	21.95	97.00	5	11.50
523.650	36.47	0.63	22.83	3.78	5.91	22.37	98.00	5	11.50
523.754	36.39	0.64	23.31	3.84	5.93	22.77	97.70	5	11.50
523.899	36.17	0.69	25.07	3.95	6.03	23.81	95.00	5	12.00
523.959	36.20	0.70	25.25	3.98	6.05	24.06	95.30	5	12.00
524.063	36.07	0.71	25.46	3.97	6.07	24.07	94.50	5	12.00
524.208	36.17	0.74	26.82	4.06	6.13	24.90	92.80	5	12.50
524.268	36.17	0.73	26.48	4.16	5.99	24.93	94.10	5	12.50
524.372	36.45	0.63	22.90	4.38	5.35	23.40	102.20	5	12.50
524.517	36.62	0.62	22.72	4.56	5.12	23.36	102.80	5	13.00
524.577	36.31	0.68	24.55	4.52	5.45	24.65	100.40	5	13.00
524.681	35.97	0.79	28.53	4.37	6.16	26.95	94.50	5	13.00
524.826	35.68	0.88	31.36	4.38	6.50	28.47	90.80	5	13.50
524.886	35.61	0.91	32.48	4.43	6.60	29.25	90.10	5	13.50
524.990	35.57	0.92	32.79	4.43	6.63	29.38	89.60	5	13.50
525.135	35.50	0.94	33.51	4.54	6.59	29.95	89.40	5	14.00
525.195	35.52	0.97	34.52	4.57	6.68	30.53	88.40	5	14.00
525.299	35.44	0.98	34.63	4.64	6.70	31.09	89.80	5	14.00
525.444	35.37	1.01	35.56	4.73	6.68	31.58	88.80	5	14.50
525.504	35.58	0.95	33.74	4.91	6.28	30.81	91.30	5	14.50
525.608	33.82	1.11	37.54	4.47	7.14	31.91	85.00	5	14.50
525.753	31.84	1.22	38.97	4.17	7.53	31.39	80.50	5	15.00
525.813	31.15	1.23	38.28	4.09	7.54	30.89	80.70	5	15.00
525.917	30.91	1.24	38.40	4.07	7.51	30.58	79.60	5	15.00
526.062	30.70	1.25	38.31	4.12	7.44	30.65	80.00	5	15.50
526.122	30.37	1.25	37.91	4.14	7.38	30.56	80.60	5	15.50
526.226	30.65	1.24	38.12	4.25	7.28	30.96	81.20	5	15.50
526.371	31.23	1.25	38.94	4.50	7.20	32.42	83.30	5	16.00
526.431	31.40	1.24	39.07	4.56	7.11	32.44	83.00	5	16.00
526.535	30.06	1.26	37.74	4.43	7.07	31.37	83.10	5	16.00
526.680	29.40	1.26	36.99	4.37	7.03	30.72	83.10	5	16.50
526.740	29.05	1.26	36.52	4.36	6.93	30.25	82.80	5	16.50
526.844	29.38	1.25	36.75	4.51	6.88	31.03	84.50	5	16.50
526.989	30.16	1.25	37.57	4.80	6.80	32.69	87.00	5	17.00
527.049	30.32	1.25	37.82	4.95	6.74	33.38	88.30	5	17.00
527.153	30.78	1.25	38.37	5.09	6.71	34.11	88.90	5	17.00
527.298	28.23	1.25	35.39	4.52	6.64	30.06	84.90	5	17.50
527.358	27.39	1.24	33.98	4.44	6.56	29.15	85.80	5	17.50
527.462	26.75	1.25	33.54	4.38	6.51	28.52	85.00	5	17.50
527.607	26.25	1.26	32.96	4.39	6.47	28.41	86.20	5	18.00
527.667	25.77	1.26	32.52	4.34	6.36	27.59	84.80	5	18.00
527.771	25.28	1.26	31.78	4.33	6.29	27.20	85.60	5	18.00
527.916	25.21	1.26	31.86	4.32	6.27	27.07	85.00	5	18.50
527.976	24.59	1.26	31.06	4.28	6.17	26.39	85.00	5	18.50
528.080	24.07	1.26	30.36	4.23	6.14	25.96	85.50	5	18.50
528.225	23.74	1.26	29.89	4.21	6.12	25.79	86.30	5	19.00
528.285	23.13	1.27	29.31	4.15	6.04	25.09	85.60	5	19.00
528.389	22.67	1.27	28.77	4.14	5.98	24.76	86.00	5	19.00
528.534	22.51	1.27	28.58	4.11	5.97	24.54	85.90	5	19.00
528.594	22.12	1.27	28.09	4.11	5.90	24.22	86.20	5	19.50
528.698	21.77	1.28	27.78	4.08	5.83	23.75	85.50	5	19.50
528.843	21.67	1.27	27.47	4.06	5.78	23.45	85.40	5	19.50
528.903	21.09	1.27	26.77	4.03	5.74	23.11	86.30	5	20.00
529.007	20.73	1.27	26.35	3.98	5.68	22.59	85.70	5	20.00
529.152	20.54	1.27	26.18	3.98	5.64	22.47	85.80	5	20.00
529.212	20.11	1.27	25.59	3.95	5.61	22.15	86.50	5	20.50
529.316	19.53	1.28	24.99	3.88	5.52	21.45	85.80	5	20.50
529.461	19.40	1.28	24.78	3.86	5.50	21.21	85.60	5	20.50
529.521	19.05	1.28	24.34	3.83	5.48	21.01	86.30	5	21.00
529.625	18.66	1.28	23.86	3.79	5.41	20.53	86.00	5	21.00
529.770	18.53	1.28	23.76	3.83	5.37	20.54	86.50	5	21.00
529.830	18.26	1.28	23.36	3.79	5.33	20.19	86.40	5	21.50
529.934	17.64	1.27	22.47	3.70	5.23	19.39	86.30	5	21.50
530.079	17.56	1.28	22.46	3.70	5.22	19.32	86.00	5	21.50
530.139	17.41	1.28	22.28	3.69	5.20	19.17	86.10	5	22.00
530.243	17.03	1.28	21.86	3.68	5.14	18.92	86.60	5	22.00
530.388	16.82	1.29	21.63	3.67	5.14	18.87	87.30	5	22.00
530.448	16.71	1.30	21.68	3.70	5.13	18.97	87.50	5	22.50
530.552	16.64	1.34	22.27	3.69	5.17	19.08	85.70	5	22.50
530.697	16.58	1.35	22.42	3.72	5.20	19.30	86.10	5	22.50
530.757	16.39	1.36	22.31	3.71	5.19	19.24	86.30	5	23.00
530.861	16.35	1.41	23.02	3.74	5.25	19.63	85.30	5	23.00
531.006	16.31	1.44	23.41	3.76	5.25	19.70	84.10	5	23.00
531.066	16.41	1.42	23.25	3.74	5.24	19.63	84.40	5	23.50
531.170	16.29	1.49	24.27	3.78	5.34	20.19	83.20	5	23.50
531.315	16.26	1.52	24.64	3.80	5.38	20.42	82.80	5	23.50
531.375	16.00	1.52	24.26	3.81	5.40	20.57	84.80	5	24.00
531.479	16.06	1.57	25.14	3.87	5.46	21.12	84.00	5	24.00
531.624	15.97	1.59	25.36	3.85	5.53	21.29	83.90	5	24.00
531.684	15.99	1.60	25.59	3.88	5.51	21.34	83.40	5	24.00
531.788	15.96	1.65	26.30	3.93	5.58	21.93	83.40	5	24.50
531.933	15.92	1.67	26.58	3.93	5.64	22.18	83.50	5	24.50
531.993	16.00	1.69	26.96	3.92	5.67	22.20	82.30	5	24.50
532.097	15.88	1.74	27.67	3.97	5.72	22.68	82.00	5	25.00
532.242	15.76	1.76	27.70	3.96	5.71	22.61	81.60	5	25.00
532.302	15.77	1.76	27.71	3.98	5.68	22.59	81.50	5	25.00
532.405	15.64	1.79	28.02	4.06	5.69	23.09	82.40	5	25.50
532.550	15.56	1.83	28.42	4.10	5.74	23.52	82.80	5	25.50
532.610	15.72	1.83	28.71	4.11	5.72	23.48	81.80	5	25.50
532.714	15.51	1.88	29.16	4.12	5.78	23.83	81.70	5	26.00
532.859	15.46	1.93	29.81	4.11	5.87	24.13	80.90	5	26.00
532.919	15.54	1.92	29.86	4.11	5.87	24.14	80.80	5	26.00
533.023	15.40	1.98	30.53	4.13	5.91	24.38	79.90	5	26.50
533.168	15.21	2.00	30.42	4.15	5.92	24.56	80.70	5	26.50
533.228	15.30	1.99	30.44	4.18	5.88	24.56	80.70	5	26.50
533.332	15.24	2.03	30.98	4.23	5.90	24.95	80.50	5	27.00
533.477	15.46	1.98	30.64	4.36	5.73	24.99	81.60	5	27.00
533.537	15.43	1.93	29.71	4.43	5.59	24.79	83.50	5	27.00
533.641	15.40	1.93	29.71	4.48	5.56	24.92	83.90	5	27.50
533.785	15.22	2.08	31.60	4.39	5.83	25.61	81.10	5	27.50
533.845	15.09	2.17	32.69	4.29	6.04	25.88	79.20	5	27.50
533.949	14.75	2.27	33.50	4.21	6.26	26.33	78.60	5	28.00
534.094	14.44	2.36	34.16	4.15	6.36	26.39	77.30	5	28.00
534.154	14.41	2.38	34.35	4.13	6.41	26.46	77.00	5	28.00
534.258	14.28	2.44	34.79	4.08	6.47	26.42	75.90	5	28.50
534.403	14.23	2.48	35.26	4.12	6.49	26.74	75.80	5	28.50
534.463	14.27	2.46	35.14	4.16	6.46	26.85	76.40	5	28.50
534.567	14.11	2.48	35.04	4.17	6.47	26.94	76.90	5	29.00
534.712	14.05	2.51	35.34	4.21	6.46	27.20	77.00	5	29.00
534.772	14.05	2.52	35.37	4.22	6.44	27.20	76.90	5	29.00
534.876	14.02	2.53	35.54	4.23	6.43	27.24	76.60	5	29.50
535.021	13.81	2.54	35.01	4.30	6.34	27.29	77.90	5	29.50
535.081	14.02	2.52	35.35	4.39	6.27	27.53	77.90	5	29.50
535.185	13.79	2.58	35.65	4.30	6.41	27.53	77.20	5	30.00
535.330	13.58	2.68	36.40	4.18	6.54	27.33	75.10	5	30.00
535.390	13.41	2.69	36.14	4.19	6.54	27.36	75.70	5	30.00
535.494	13.38	2.71	36.27	4.16	6.55	27.30	75.30	5	30.50
535.639	13.16	2.75	36.20	4.18	6.56	27.39	75.70	5	30.50
535.699	13.10	2.75	36.06	4.15	6.53	27.09	75.10	5	30.50
535.803	13.04	2.77	36.19	4.14	6.54	27.09	74.80	5	31.00
535.948	12.99	2.79	36.18	4.23	6.48	27.42	75.80	5	31.00
536.008	13.03	2.77	36.11	4.28	6.44	27.59	76.40	5	31.00
536.112	13.09	2.75	35.94	4.37	6.35	27.73	77.20	5	31.50
536.257	12.80	2.79	35.65	4.37	6.37	27.89	78.20	5	31.50
536.317	12.83	2.79	35.78	4.39	6.34	27.82	77.80	5	31.50
536.421	12.87	2.80	36.09	4.37	6.35	27.75	76.90	5	32.00
536.566	12.77	2.83	36.09	4.37	6.28	27.44	76.00	5	32.00
536.626	12.73	2.83	36.08	4.36	6.27	27.35	75.80	5	32.00
536.730	12.72	2.83	35.99	4.42	6.25	27.64	76.80	5	32.50
536.875	12.89	2.80	36.02	4.64	6.08	28.20	78.30	5	32.50
536.935	11.90	2.89	34.44	4.20	6.28	26.38	76.60	5	32.50
537.039	11.10	2.99	33.14	3.76	6.42	24.13	72.80	5	33.00
537.184	10.58	3.03	32.07	3.53	6.40	22.59	70.40	5	33.00
537.244	10.37	3.03	31.45	3.50	6.41	22.42	71.30	5	33.00
537.348	10.17	3.04	30.92	3.45	6.40	22.10	71.50	5	33.00
537.493	9.92	3.05	30.25	3.37	6.32	21.28	70.30	5	33.50
537.553	9.83	3.05	29.95	3.38	6.31	21.30	71.10	5	33.50
537.656	9.80	3.06	29.93	3.38	6.30	21.27	71.10	5	33.50
537.800	9.50	3.07	29.14	3.37	6.21	20.90	71.70	5	34.00
537.860	9.54	3.06	29.22	3.38	6.20	20.94	71.60	5	34.00
537.963	9.53	3.06	29.20	3.36	6.17	20.71	70.90	5	34.00
538.107	9.24	3.05	28.19	3.31	6.06	20.04	71.10	5	34.50
538.167	9.05	3.06	27.72	3.28	6.06	19.88	71.70	5	34.50
538.270	9.15	3.06	28.03	3.28	6.05	19.84	70.80	5	34.50
538.414	8.80	3.07	26.97	3.21	5.97	19.12	70.90	5	35.00
538.474	8.81	3.07	27.05	3.18	5.94	18.88	69.80	5	35.00
538.577	8.73	3.07	26.83	3.13	5.94	18.59	69.30	5	35.00
538.721	8.55	3.07	26.27	3.12	5.90	18.42	70.10	5	35.50
538.781	8.51	3.08	26.18	3.12	5.85	18.24	69.70	5	35.50
538.884	8.40	3.07	25.82	3.11	5.84	18.17	70.40	5	35.50
539.028	8.26	3.07	25.34	3.10	5.76	17.85	70.40	5	36.00
539.088	8.18	3.07	25.16	3.11	5.74	17.86	71.00	5	36.00
539.191	8.18	3.07	25.14	3.09	5.73	17.71	70.40	5	36.00
539.335	7.97	3.07	24.48	2.96	5.67	16.77	68.50	5	36.50
539.395	7.75	3.08	23.86	2.92	5.66	16.50	69.10	5	36.50
539.498	7.59	3.08	23.39	2.88	5.61	16.13	68.90	5	36.50
539.642	7.37	3.09	22.77	2.84	5.54	15.73	69.10	5	37.00
539.702	7.38	3.07	22.65	2.85	5.52	15.72	69.40	5	37.00
539.805	7.30	3.07	22.44	2.85	5.50	15.71	70.00	5	37.00
539.949	7.20	3.08	22.21	2.81	5.48	15.41	69.40	5	37.50
540.009	7.21	3.08	22.23	2.79	5.43	15.18	68.30	5	37.50
540.112	7.12	3.09	21.97	2.79	5.40	15.04	68.50	5	37.50
540.256	7.03	3.09	21.73	2.76	5.37	14.80	68.10	5	38.00
540.316	6.99	3.09	21.61	2.80	5.32	14.91	69.00	5	38.00
540.419	7.06	3.07	21.67	2.84	5.30	15.03	69.40	5	38.00
540.563	7.12	3.07	21.86	2.85	5.27	15.02	68.70	5	38.50
540.623	6.93	3.08	21.31	2.85	5.24	14.93	70.10	5	38.50
540.726	6.82	3.09	21.06	2.80	5.20	14.57	69.20	5	38.50
540.870	6.60	3.08	20.35	2.76	5.15	14.19	69.70	5	39.00
540.930	6.51	3.08	20.08	2.73	5.11	13.95	69.50	5	39.00
541.033	6.48	3.09	20.01	2.71	5.12	13.89	69.40	5	39.00
541.177	6.57	3.08	20.27	2.83	5.06	14.34	70.70	5	39.50
541.237	6.56	3.09	20.24	2.85	5.03	14.35	70.90	5	39.50
541.340	6.52	3.08	20.09	2.88	5.02	14.44	71.90	5	39.50
541.484	6.31	3.09	19.49	2.86	4.98	14.26	73.20	5	40.00
541.544	6.27	3.09	19.40	2.85	4.92	14.01	72.20	5	40.00
541.647	6.29	3.10	19.47	2.83	4.91	13.90	71.40	5	40.00
541.791	6.26	3.09	19.34	2.84	4.90	13.91	71.90	5	40.50
541.851	6.08	3.09	18.78	2.84	4.85	13.77	73.40	5	40.50
541.954	6.19	3.09	19.11	2.83	4.82	13.68	71.60	5	40.50
542.098	6.04	3.09	18.68	2.82	4.79	13.50	72.30	5	41.00
542.158	6.02	3.08	18.57	2.80	4.75	13.31	71.70	5	41.00
542.261	6.06	3.08	18.67	2.80	4.73	13.24	70.90	5	41.00
542.405	6.07	3.08	18.71	2.79	4.72	13.17	70.40	5	41.50
542.465	5.97	3.09	18.43	2.80	4.66	13.04	70.70	5	41.50
542.568	5.91	3.09	18.24	2.81	4.65	13.07	71.70	5	41.50
542.712	5.83	3.09	18.00	2.83	4.62	13.08	72.70	5	42.00
542.772	5.79	3.09	17.87	2.83	4.59	12.98	72.60	5	42.00
542.875	5.79	3.09	17.86	2.82	4.54	12.77	71.50	5	42.00
543.019	5.76	3.08	17.78	2.84	4.56	12.96	72.90	5	42.00
543.079	5.65	3.09	17.45	2.76	4.50	12.42	71.20	5	42.50
543.182	5.45	3.09	16.81	2.71	4.44	12.02	71.50	5	42.50
543.326	5.53	3.10	17.13	2.69	4.43	11.91	69.50	5	42.50
543.386	5.35	3.10	16.58	2.65	4.40	11.68	70.50	5	43.00
543.489	5.32	3.10	16.49	2.63	4.36	11.44	69.40	5	43.00
543.633	5.27	3.09	16.29	2.61	4.38	11.43	70.10	5	43.00
543.693	5.21	3.09	16.14	2.59	4.33	11.23	69.60	5	43.50
543.796	5.09	3.09	15.73	2.57	4.29	11.01	70.00	5	43.50
543.940	5.07	3.08	15.61	2.58	4.29	11.06	70.80	5	43.50
544.000	4.96	3.09	15.32	2.57	4.24	10.88	71.00	5	44.00
544.103	4.91	3.09	15.17	2.56	4.22	10.79	71.10	5	44.00
544.247	5.04	3.10	15.62	2.53	4.22	10.68	68.40	5	44.00
544.307	4.96	3.10	15.40	2.55	4.20	10.69	69.40	5	44.50
544.410	4.78	3.09	14.81	2.52	4.16	10.49	70.90	5	44.50
544.554	4.78	3.10	14.83	2.48	4.14	10.24	69.10	5	44.50
544.614	4.71	3.10	14.60	2.44	4.12	10.07	69.00	5	45.00
544.717	4.41	3.10	13.69	2.37	4.10	9.71	70.90	5	45.00
544.861	4.49	3.10	13.92	2.34	4.05	9.47	68.00	5	45.00
544.921	4.47	3.10	13.82	2.34	4.06	9.51	68.80	5	45.50
545.024	4.33	3.10	13.42	2.32	3.99	9.27	69.10	5	45.50
545.168	4.22	3.10	13.05	2.29	3.99	9.15	70.10	5	45.50
545.228	4.21	3.09	13.02	2.29	3.97	9.11	70.00	5	46.00
545.331	4.12	3.11	12.81	2.27	3.94	8.93	69.70	5	46.00
545.475	4.11	3.11	12.77	2.25	3.93	8.85	69.30	5	46.00
545.535	4.04	3.11	12.55	2.26	3.91	8.84	70.40	5	46.00
545.638	4.01	3.10	12.44	2.23	3.88	8.66	69.60	5	46.50
545.782	3.85	3.11	11.98	2.23	3.85	8.57	71.60	5	46.50
545.842	3.80	3.10	11.80	2.24	3.84	8.59	72.80	5	46.50
545.945	3.90	3.10	12.11	2.21	3.77	8.34	68.80	5	47.00
546.089	3.87	3.11	12.05	2.18	3.76	8.20	68.00	5	47.00
546.149	3.75	3.11	11.67	2.17	3.76	8.17	70.00	5	47.00
546.252	3.77	3.11	11.74	2.14	3.71	7.95	67.70	5	47.50
546.396	3.76	3.11	11.67	2.12	3.71	7.86	67.40	5	47.50
546.456	3.71	3.11	11.52	2.14	3.70	7.91	68.70	5	47.50
546.559	3.62	3.10	11.21	2.10	3.68	7.72	68.90	5	48.00
546.703	3.60	3.10	11.17	2.02	3.64	7.35	65.80	5	48.00
546.763	3.65	3.10	11.30	2.04	3.63	7.43	65.70	5	48.00
546.866	3.54	3.11	10.99	2.03	3.61	7.32	66.60	5	48.50
547.010	3.40	3.11	10.60	2.02	3.58	7.25	68.40	5	48.50
547.070	3.31	3.12	10.32	2.03	3.56	7.22	69.90	5	48.50
547.173	3.26	3.12	10.18	2.00	3.52	7.02	68.90	5	49.00
547.317	3.33	3.12	10.38	2.03	3.47	7.05	67.90	5	49.00
547.377	3.33	3.12	10.40	2.01	3.47	6.96	66.90	5	49.00
547.480	3.33	3.12	10.37	1.99	3.46	6.89	66.50	5	49.50
547.624	3.38	3.10	10.48	1.96	3.43	6.72	64.10	5	49.50
547.684	3.32	3.11	10.32	1.98	3.43	6.77	65.60	5	49.50
547.787	3.25	3.10	10.08	1.95	3.41	6.64	65.90	5	50.00
547.931	3.08	3.11	9.56	1.91	3.38	6.45	67.50	5	50.00
547.991	3.13	3.11	9.75	1.91	3.39	6.46	66.30	5	50.00
548.094	3.22	3.12	10.02	1.90	3.37	6.43	64.10	5	50.50
548.238	2.97	3.11	9.25	1.89	3.33	6.30	68.10	5	50.50
548.298	2.87	3.12	8.94	1.90	3.32	6.31	70.60	5	50.50
548.401	2.90	3.12	9.02	1.89	3.30	6.23	69.10	5	51.00
548.545	2.89	3.11	8.99	1.89	3.25	6.13	68.20	5	51.00
548.605	2.94	3.12	9.16	1.87	3.26	6.10	66.60	5	51.00
548.708	2.75	3.12	8.59	1.87	3.27	6.11	71.20	5	51.50
548.852	2.80	3.11	8.72	1.85	3.23	5.98	68.50	5	51.50
548.912	2.86	3.12	8.93	1.85	3.19	5.91	66.20	5	51.50
549.015	2.89	3.12	9.01	1.85	3.18	5.89	65.40	5	52.00
549.159	2.89	3.12	9.02	1.81	3.15	5.71	63.30	5	52.00
549.219	2.78	3.12	8.66	1.80	3.14	5.64	65.10	5	52.00
549.322	2.73	3.12	8.52	1.82	3.13	5.70	66.90	5	52.00
549.466	2.71	3.12	8.48	1.80	3.06	5.51	65.00	5	52.50
549.526	2.75	3.12	8.57	1.82	3.07	5.57	65.00	5	52.50
549.629	2.71	3.11	8.45	1.82	3.07	5.58	66.00	5	52.50
549.773	2.67	3.13	8.36	1.84	3.04	5.59	66.90	5	53.00
549.833	2.62	3.12	8.19	1.82	3.02	5.50	67.10	5	53.00
549.936	2.54	3.11	7.91	1.80	3.01	5.44	68.70	5	53.00
550.080	2.56	3.10	7.96	1.76	2.99	5.27	66.20	5	53.50
550.140	2.51	3.11	7.79	1.74	2.98	5.19	66.60	5	53.50
550.243	2.55	3.11	7.92	1.75	2.96	5.17	65.30	5	53.50
550.387	2.48	3.11	7.70	1.71	2.94	5.05	65.60	5	54.00
550.447	2.51	3.10	7.80	1.70	2.92	4.98	63.90	5	54.00
550.550	2.41	3.09	7.44	1.72	2.94	5.05	68.00	5	54.00
550.694	2.28	3.11	7.08	1.72	2.88	4.94	69.80	5	54.50
550.754	2.32	3.11	7.21	1.69	2.86	4.85	67.30	5	54.50
550.857	2.40	3.11	7.48	1.68	2.85	4.79	64.10	5	54.50
551.001	2.45	3.12	7.63	1.65	2.84	4.67	61.30	5	55.00
551.061	2.45	3.12	7.63	1.66	2.89	4.80	62.80	5	55.00
551.164	2.26	3.12	7.06	1.63	2.82	4.61	65.30	5	55.00
551.308	2.33	3.11	7.25	1.63	2.79	4.56	62.90	5	55.50
551.368	2.30	3.11	7.15	1.60	2.77	4.42	61.90	5	55.50
551.471	2.19	3.10	6.80	1.59	2.74	4.36	64.20	5	55.50
551.615	2.12	3.11	6.60	1.58	2.72	4.29	65.10	5	56.00
551.675	2.12	3.10	6.60	1.55	2.72	4.23	64.10	5	56.00
551.778	2.11	3.11	6.56	1.54	2.70	4.16	63.40	5	56.00
551.922	2.13	3.11	6.60	1.54	2.69	4.14	62.70	5	56.50
551.982	2.06	3.11	6.42	1.52	2.69	4.09	63.80	5	56.50
552.085	2.03	3.11	6.32	1.53	2.65	4.07	64.40	5	56.50
552.229	1.98	3.11	6.16	1.52	2.64	4.00	65.00	5	57.00
552.289	2.04	3.11	6.36	1.54	2.63	4.05	63.60	5	57.00
552.392	1.96	3.10	6.07	1.51	2.60	3.92	64.60	5	57.00
552.536	1.88	3.11	5.86	1.49	2.59	3.86	65.90	5	57.50
552.596	1.92	3.11	5.95	1.48	2.53	3.76	63.30	5	57.50
552.699	1.96	3.11	6.07	1.48	2.54	3.74	61.60	5	57.50
552.843	1.70	3.11	5.28	1.48	2.53	3.74	70.80	5	58.00
552.903	1.70	3.10	5.29	1.44	2.52	3.64	68.80	5	58.00
553.006	1.80	3.11	5.59	1.43	2.50	3.57	64.00	5	58.00
553.150	1.85	3.12	5.76	1.41	2.47	3.48	60.50	5	58.50
553.210	1.79	3.11	5.56	1.38	2.47	3.40	61.10	5	58.50
553.313	1.75	3.11	5.44	1.40	2.44	3.42	62.90	5	58.50
553.457	1.80	3.10	5.56	1.41	2.42	3.40	61.10	5	59.00
553.517	1.74	3.10	5.38	1.39	2.41	3.34	62.00	5	59.00
553.620	1.72	3.11	5.34	1.39	2.40	3.33	62.50	5	59.00
553.764	1.76	3.11	5.48	1.38	2.40	3.32	60.50	5	59.50
553.824	1.74	3.11	5.41	1.38	2.37	3.26	60.30	5	59.50
553.927	1.67	3.10	5.19	1.36	2.36	3.19	61.60	5	59.50
554.071	1.58	3.11	4.91	1.33	2.35	3.12	63.70	5	60.00
554.131	1.54	3.10	4.77	1.32	2.32	3.06	64.10	5	60.00
554.234	1.62	3.10	5.03	1.32	2.32	3.07	61.00	5	60.00
554.378	1.57	3.11	4.88	1.29	2.31	2.99	61.30	5	60.50
554.438	1.55	3.11	4.83	1.30	2.30	2.98	61.60	5	60.50
554.541	1.47	3.11	4.58	1.28	2.25	2.90	63.30	5	60.50
554.685	1.51	3.09	4.68	1.30	2.27	2.95	63.00	5	60.50
554.745	1.51	3.10	4.67	1.28	2.24	2.86	61.10	5	61.00
554.848	1.46	3.11	4.54	1.26	2.24	2.82	62.10	5	61.00
554.992	1.47	3.11	4.59	1.26	2.23	2.81	61.20	5	61.00
555.052	1.52	3.10	4.71	1.26	2.18	2.75	58.30	5	61.50
555.155	1.42	3.10	4.41	1.29	2.18	2.82	63.90	5	61.50
555.299	1.53	3.10	4.74	1.30	2.18	2.82	59.60	5	61.50
555.359	1.55	3.09	4.79	1.31	2.15	2.81	58.80	5	62.00
555.462	1.49	3.10	4.62	1.33	2.13	2.83	61.20	5	62.00
555.606	1.48	3.10	4.59	1.35	2.13	2.86	62.30	5	62.00
555.666	1.43	3.09	4.42	1.32	2.11	2.78	62.90	5	62.50
555.769	1.47	3.09	4.56	1.32	2.10	2.77	60.70	5	62.50
555.913	1.53	3.09	4.72	1.33	2.08	2.77	58.50	5	62.50
555.973	1.45	3.09	4.49	1.31	2.09	2.73	61.00	5	63.00
556.076	1.45	3.08	4.47	1.29	2.06	2.65	59.20	5	63.00
556.220	1.41	3.09	4.35	1.26	2.04	2.57	59.20	5	63.00
556.280	1.50	3.09	4.63	1.26	2.02	2.55	55.10	5	63.50
556.383	1.30	3.09	4.02	1.22	2.03	2.49	61.90	5	63.50
556.527	1.23	3.09	3.79	1.21	2.04	2.47	65.10	5	63.50
556.587	1.22	3.08	3.75	1.20	2.00	2.40	64.10	5	64.00
556.690	1.23	3.09	3.79	1.17	1.98	2.32	61.20	5	64.00
556.834	1.24	3.10	3.85	1.14	1.96	2.25	58.40	5	64.00
556.894	1.28	3.10	3.98	1.14	1.96	2.24	56.40	5	64.50
556.997	1.16	3.09	3.58	1.13	1.92	2.17	60.70	5	64.50
557.141	1.12	3.09	3.46	1.13	1.94	2.18	63.10	5	64.50
557.201	1.15	3.10	3.57	1.12	1.93	2.16	60.50	5	64.50
557.304	1.19	3.10	3.71	1.11	1.89	2.09	56.40	5	65.00
557.448	1.25	3.11	3.89	1.10	1.89	2.08	53.50	5	65.00
557.508	1.21	3.10	3.76	1.12	1.89	2.11	56.00	5	65.00
557.611	1.16	3.10	3.60	1.10	1.87	2.05	57.00	5	65.50
557.755	1.04	3.11	3.24	1.09	1.87	2.04	62.90	5	65.50
557.815	1.05	3.10	3.27	1.07	1.85	1.98	60.60	5	65.50
557.918	1.06	3.10	3.27	1.06	1.81	1.91	58.50	5	66.00
558.062	1.11	3.09	3.44	1.07	1.82	1.95	56.70	5	66.00
558.122	1.09	3.10	3.38	1.07	1.81	1.93	57.20	5	66.00
558.225	0.99	3.09	3.05	1.05	1.80	1.89	62.10	5	66.50
558.369	0.99	3.10	3.08	1.05	1.79	1.89	61.30	5	66.50
558.429	1.00	3.09	3.09	1.04	1.81	1.89	61.10	5	66.50
558.532	1.05	3.09	3.26	1.04	1.78	1.86	57.10	5	67.00
558.676	1.07	3.10	3.31	1.04	1.75	1.82	55.10	5	67.00
558.736	0.86	3.11	2.66	1.03	1.76	1.81	68.00	5	67.00
558.839	0.98	3.10	3.02	1.01	1.73	1.76	58.10	5	67.50
558.983	0.94	3.11	2.92	0.99	1.72	1.71	58.60	5	67.50
559.043	0.97	3.11	3.02	1.02	1.72	1.75	57.90	5	67.50
559.146	0.97	3.11	3.03	1.00	1.68	1.68	55.40	5	68.00
