4.525	38.47	0.00	0.00	0.03	0.20	0.01	0.00	5	0.00
4.669	38.55	0.00	0.00	0.03	0.20	0.01	0.00	5	0.00
4.729	38.44	0.00	0.00	0.04	0.21	0.01	0.00	5	0.00
4.832	38.50	0.00	0.00	0.03	0.21	0.01	0.00	5	0.50
4.976	38.61	0.00	0.00	0.01	0.21	0.00	0.00	5	0.50
5.036	38.62	0.00	0.00	0.02	0.20	0.00	0.00	5	0.50
5.139	38.54	0.00	0.00	0.23	0.55	0.13	0.00	5	1.00
5.283	38.55	0.00	0.00	0.35	0.77	0.27	0.00	5	1.00
5.343	38.48	0.00	0.00	0.37	0.81	0.30	0.00	5	1.00
5.446	38.32	0.00	0.00	0.47	0.99	0.47	0.00	5	1.50
5.590	38.39	0.00	0.00	0.57	1.16	0.66	0.00	5	1.50
5.650	38.36	0.00	0.00	0.57	1.17	0.66	0.00	5	1.50
5.753	38.29	0.00	0.00	0.65	1.34	0.87	0.00	5	2.00
5.897	38.29	0.00	0.00	0.74	1.49	1.10	0.00	5	2.00
5.957	38.24	0.00	0.00	0.75	1.51	1.13	0.00	5	2.00
6.060	38.35	0.00	0.00	0.89	1.71	1.52	0.00	5	2.50
6.204	38.35	0.00	0.00	0.99	1.92	1.89	0.00	5	2.50
6.264	38.31	0.00	0.00	1.01	1.95	1.97	0.00	5	2.50
6.367	38.31	0.00	0.00	1.09	2.04	2.23	0.00	5	3.00
6.511	38.29	0.00	0.00	1.18	2.29	2.70	0.00	5	3.00
6.571	38.35	0.00	0.00	1.19	2.28	2.71	0.00	5	3.00
6.674	38.32	0.00	0.00	1.25	2.37	2.95	0.00	5	3.50
6.818	38.28	0.00	0.00	1.36	2.58	3.50	0.00	5	3.50
6.878	38.31	0.00	0.00	1.36	2.62	3.57	0.00	5	3.50
6.981	38.21	0.00	0.00	1.42	2.67	3.79	0.00	5	4.00
7.125	38.17	0.00	0.00	1.47	2.77	4.09	0.00	5	4.00
7.185	38.18	0.00	0.00	1.47	2.80	4.12	0.00	5	4.00
7.288	38.22	0.00	0.00	1.53	2.87	4.40	0.00	5	4.50
7.432	38.12	0.00	0.00	1.58	3.01	4.77	0.00	5	4.50
7.492	38.08	0.00	0.00	1.60	3.05	4.87	0.00	5	4.50
7.595	38.10	0.00	0.00	1.61	3.07	4.95	0.00	5	5.00
7.739	38.03	0.00	0.00	1.72	3.27	5.62	0.00	5	5.00
7.799	38.19	0.00	0.00	1.74	3.27	5.70	0.00	5	5.00
7.902	38.18	0.00	0.00	1.73	3.29	5.70	0.00	5	5.50
8.046	38.27	0.02	0.60	1.84	3.46	6.37	1069.20	5	5.50
8.106	38.18	0.02	0.94	1.87	3.50	6.55	697.00	5	5.50
8.209	38.07	0.01	0.46	1.88	3.52	6.62	0.00	5	5.50
8.353	38.04	0.06	2.17	2.01	3.77	7.57	348.30	5	6.00
8.413	37.99	0.06	2.46	2.03	3.78	7.68	312.30	5	6.00
8.516	37.93	0.07	2.49	2.04	3.84	7.84	314.80	5	6.00
8.660	37.94	0.10	3.88	2.18	4.04	8.81	227.10	5	6.50
8.720	37.95	0.10	3.92	2.20	4.07	8.95	228.40	5	6.50
8.823	37.93	0.11	4.32	2.21	4.09	9.05	209.70	5	6.50
8.967	37.73	0.16	5.86	2.34	4.34	10.13	173.00	5	7.00
9.027	37.76	0.16	5.98	2.36	4.36	10.30	172.40	5	7.00
9.130	37.83	0.16	6.05	2.36	4.37	10.31	170.50	5	7.00
9.274	37.90	0.20	7.41	2.47	4.57	11.31	152.50	5	7.50
9.334	37.77	0.20	7.63	2.50	4.62	11.57	151.60	5	7.50
9.437	37.80	0.21	7.93	2.52	4.66	11.75	148.10	5	7.50
9.581	37.70	0.25	9.61	2.64	4.90	12.93	134.60	5	8.00
9.641	37.66	0.27	10.16	2.65	4.94	13.08	128.70	5	8.00
9.744	37.54	0.27	10.25	2.67	4.95	13.21	128.90	5	8.00
9.888	37.52	0.31	11.60	2.79	5.15	14.36	123.80	5	8.50
9.948	37.51	0.31	11.65	2.79	5.19	14.50	124.40	5	8.50
10.051	37.51	0.32	12.10	2.81	5.20	14.62	120.90	5	8.50
10.195	37.44	0.36	13.49	2.95	5.39	15.88	117.80	5	9.00
10.255	37.49	0.37	13.70	2.98	5.43	16.19	118.10	5	9.00
10.358	37.43	0.38	14.09	2.99	5.46	16.34	115.90	5	9.00
10.502	37.27	0.42	15.75	3.10	5.60	17.38	110.40	5	9.50
10.562	37.31	0.44	16.33	3.14	5.65	17.74	108.60	5	9.50
10.665	37.34	0.44	16.39	3.17	5.65	17.87	109.10	5	9.50
10.809	36.96	0.48	17.68	3.24	5.83	18.88	106.80	5	10.00
10.869	37.02	0.50	18.61	3.27	5.89	19.29	103.60	5	10.00
10.973	37.11	0.52	19.28	3.29	5.95	19.60	101.70	5	10.00
11.118	37.02	0.56	20.59	3.41	6.17	21.04	102.20	5	10.50
11.178	36.94	0.57	21.23	3.44	6.23	21.41	100.90	5	10.50
11.282	36.97	0.60	22.33	3.49	6.24	21.77	97.50	5	10.50
11.426	36.96	0.63	23.33	3.56	6.38	22.75	97.50	5	11.00
11.486	36.89	0.65	23.94	3.60	6.43	23.15	96.70	5	11.00
11.589	36.95	0.67	24.83	3.63	6.49	23.59	95.00	5	11.00
11.733	36.71	0.72	26.41	3.70	6.60	24.43	92.50	5	11.50
11.793	36.72	0.74	27.16	3.77	6.66	25.14	92.60	5	11.50
11.896	36.75	0.77	28.30	3.79	6.77	25.65	90.60	5	11.50
12.040	36.60	0.81	29.61	3.85	6.89	26.54	89.60	5	12.00
12.100	36.55	0.83	30.28	3.90	6.99	27.25	90.00	5	12.00
12.203	36.58	0.85	31.15	3.91	7.07	27.66	88.80	5	12.00
12.347	36.47	0.90	32.67	3.99	7.20	28.71	87.90	5	12.50
12.407	36.46	0.92	33.60	4.02	7.29	29.31	87.20	5	12.50
12.510	36.43	0.94	34.33	4.06	7.28	29.56	86.10	5	12.50
12.654	36.33	0.96	34.97	4.13	7.33	30.25	86.50	5	13.00
12.714	36.16	1.00	36.10	4.20	7.42	31.16	86.30	5	13.00
12.817	36.23	1.03	37.31	4.24	7.50	31.76	85.10	5	13.00
12.961	36.21	1.04	37.58	4.33	7.46	32.30	86.00	5	13.50
13.021	36.19	1.07	38.88	4.40	7.57	33.33	85.70	5	13.50
13.124	35.92	1.09	39.11	4.42	7.55	33.37	85.30	5	13.50
13.268	36.17	1.11	40.05	4.50	7.51	33.83	84.50	5	14.00
13.328	35.98	1.15	41.52	4.55	7.67	34.93	84.10	5	14.00
13.431	35.93	1.16	41.57	4.63	7.65	35.43	85.20	5	14.00
13.575	36.01	1.15	41.32	4.69	7.54	35.33	85.50	5	14.50
13.635	35.85	1.18	42.33	4.79	7.59	36.38	85.90	5	14.50
13.738	35.88	1.19	42.79	4.91	7.58	37.19	86.90	5	14.50
13.882	35.95	1.18	42.41	4.92	7.49	36.85	86.90	5	15.00
13.942	35.85	1.20	43.16	5.02	7.50	37.67	87.30	5	15.00
14.045	35.89	1.20	42.99	5.13	7.36	37.76	87.80	5	15.00
14.189	35.74	1.20	42.73	5.17	7.26	37.52	87.80	5	15.00
14.249	35.77	1.19	42.60	5.26	7.20	37.84	88.80	5	15.50
14.352	35.96	1.17	42.25	5.41	7.02	37.98	89.90	5	15.50
14.496	36.18	1.15	41.60	5.48	6.83	37.44	90.00	5	15.50
14.556	35.86	1.24	44.44	5.48	7.17	39.30	88.40	5	16.00
14.659	35.54	1.38	49.01	5.47	7.68	42.03	85.70	5	16.00
14.803	35.08	1.55	54.55	5.29	8.44	44.62	81.80	5	16.00
14.863	35.04	1.54	54.07	5.38	8.33	44.84	82.90	5	16.50
14.966	34.83	1.57	54.74	5.46	8.37	45.65	83.40	5	16.50
15.110	35.12	1.53	53.76	5.62	8.07	45.31	84.30	5	16.50
15.170	35.01	1.56	54.62	5.67	8.14	46.16	84.50	5	17.00
15.273	34.94	1.63	56.91	5.71	8.30	47.39	83.30	5	17.00
15.417	34.79	1.64	56.90	5.77	8.24	47.57	83.60	5	17.00
15.477	34.79	1.65	57.55	5.78	8.29	47.89	83.20	5	17.50
15.580	34.76	1.67	58.16	5.90	8.26	48.72	83.80	5	17.50
15.724	34.78	1.70	59.13	5.92	8.32	49.25	83.30	5	17.50
15.784	34.82	1.66	57.72	6.02	8.06	48.53	84.10	5	18.00
15.887	34.66	1.72	59.51	6.14	8.18	50.24	84.40	5	18.00
16.031	34.77	1.69	58.85	6.27	7.95	49.80	84.60	5	18.00
16.091	34.64	1.67	57.96	6.27	7.89	49.51	85.40	5	18.50
16.194	34.74	1.69	58.84	6.41	7.90	50.60	86.00	5	18.50
16.338	34.82	1.65	57.34	6.51	7.72	50.25	87.60	5	18.50
16.398	34.71	1.67	58.00	6.52	7.74	50.49	87.10	5	19.00
16.501	34.59	1.76	60.79	6.64	7.88	52.28	86.00	5	19.00
16.645	34.77	1.66	57.87	6.82	7.40	50.49	87.20	5	19.00
16.705	34.84	1.62	56.39	6.93	7.25	50.19	89.00	5	19.00
16.808	34.93	1.62	56.50	7.13	6.99	49.88	88.30	5	19.50
16.952	35.10	1.52	53.26	7.31	6.75	49.32	92.60	5	19.50
17.012	35.21	1.46	51.41	7.38	6.40	47.26	91.90	5	19.50
17.115	35.36	1.41	50.00	7.59	6.24	47.35	94.70	5	20.00
17.259	35.74	1.28	45.80	7.92	5.58	44.17	96.40	5	20.00
17.319	35.87	1.23	44.18	7.98	5.52	44.06	99.70	5	20.00
17.422	35.93	1.17	42.19	8.20	5.11	41.93	99.40	5	20.50
17.566	35.98	1.08	39.00	8.40	4.75	39.88	102.30	5	20.50
17.626	36.09	1.03	37.11	8.47	4.62	39.13	105.50	5	20.50
17.730	36.09	1.08	38.81	8.63	4.56	39.37	101.40	5	21.00
17.875	36.35	0.99	36.01	8.75	4.37	38.26	106.30	5	21.00
17.935	36.33	0.99	35.98	8.78	4.33	38.05	105.80	5	21.00
18.039	36.30	1.01	36.51	8.90	4.40	39.17	107.30	5	21.50
18.184	36.06	1.09	39.39	8.99	4.51	40.56	103.00	5	21.50
18.244	36.10	1.08	38.99	9.00	4.52	40.73	104.50	5	21.50
18.348	35.93	1.09	39.30	9.21	4.34	40.00	101.80	5	22.00
18.493	35.88	1.14	40.95	9.27	4.48	41.53	101.40	5	22.00
18.553	36.04	1.09	39.36	9.18	4.75	43.66	110.90	5	22.00
18.657	36.26	1.02	37.04	9.29	4.58	42.54	114.80	5	22.50
18.802	36.08	1.12	40.58	9.46	4.59	43.39	106.90	5	22.50
18.862	35.95	1.19	42.82	9.48	4.62	43.79	102.30	5	22.50
18.966	35.94	1.16	41.60	9.53	4.71	44.85	107.80	5	23.00
19.111	35.66	1.28	45.58	9.69	4.70	45.56	100.00	5	23.00
19.171	35.87	1.21	43.52	9.75	4.61	44.93	103.20	5	23.00
19.275	35.66	1.30	46.34	9.73	4.87	47.42	102.30	5	23.50
19.420	35.65	1.32	47.12	9.96	4.71	46.91	99.60	5	23.50
19.480	35.57	1.34	47.77	9.88	4.93	48.71	102.00	5	23.50
19.584	35.37	1.39	49.03	9.99	4.91	49.04	100.00	5	24.00
19.729	35.41	1.38	48.93	10.16	4.78	48.62	99.40	5	24.00
19.789	35.36	1.41	49.70	10.19	4.84	49.31	99.20	5	24.00
19.893	35.41	1.40	49.76	10.19	4.96	50.50	101.50	5	24.50
20.038	35.29	1.47	51.76	10.35	5.02	51.91	100.30	5	24.50
20.098	35.25	1.47	51.71	10.40	4.96	51.55	99.70	5	24.50
20.201	35.38	1.45	51.46	10.43	5.03	52.46	101.90	5	25.00
20.346	35.28	1.50	52.78	10.63	4.95	52.62	99.70	5	25.00
20.406	35.14	1.53	53.66	10.62	5.06	53.75	100.20	5	25.00
20.510	35.06	1.54	54.01	10.71	4.98	53.31	98.70	5	25.50
20.655	34.86	1.62	56.33	10.76	5.19	55.81	99.10	5	25.50
20.715	34.82	1.61	56.05	10.77	5.16	55.62	99.20	5	25.50
20.819	34.87	1.62	56.33	10.84	5.11	55.38	98.30	5	26.00
20.964	34.65	1.69	58.68	11.06	5.06	56.02	95.50	5	26.00
21.024	34.59	1.71	59.19	10.99	5.30	58.24	98.40	5	26.00
21.128	34.63	1.70	58.88	11.01	5.34	58.74	99.70	5	26.50
21.273	34.67	1.75	60.50	11.20	5.27	59.00	97.50	5	26.50
21.333	34.43	1.82	62.59	11.24	5.23	58.84	94.00	5	26.50
21.437	34.61	1.77	61.16	11.36	5.00	56.84	92.90	5	26.50
21.582	34.21	1.85	63.15	11.21	5.87	65.83	104.20	5	27.00
21.642	34.17	1.88	64.12	11.24	5.93	66.65	104.00	5	27.00
21.746	34.27	1.86	63.91	11.55	5.11	59.08	92.50	5	27.00
21.891	34.04	1.93	65.74	11.59	5.59	64.75	98.50	5	27.50
21.951	34.02	1.94	65.98	11.62	5.53	64.25	97.40	5	27.50
22.055	33.98	1.95	66.20	11.68	5.43	63.38	95.70	5	27.50
22.200	33.83	2.01	68.14	11.82	5.52	65.33	95.90	5	28.00
22.260	33.70	2.05	68.98	11.81	5.61	66.21	96.00	5	28.00
22.364	33.74	2.03	68.56	11.86	5.63	66.74	97.30	5	28.00
22.509	33.59	2.10	70.62	12.03	5.46	65.65	93.00	5	28.50
22.569	33.67	2.08	69.87	12.12	5.42	65.75	94.10	5	28.50
22.673	33.65	2.07	69.74	12.18	5.49	66.83	95.80	5	28.50
22.818	33.32	2.18	72.55	12.29	5.42	66.61	91.80	5	29.00
22.878	33.26	2.17	72.25	12.31	5.58	68.69	95.10	5	29.00
22.982	33.33	2.17	72.37	12.31	5.58	68.72	94.90	5	29.00
23.127	33.32	2.24	74.62	12.44	5.58	69.41	93.00	5	29.50
23.187	33.47	2.18	72.82	12.54	5.57	69.86	95.90	5	29.50
23.291	33.14	2.23	73.98	12.51	5.60	70.06	94.70	5	29.50
23.436	33.25	2.23	74.17	12.78	5.33	68.08	91.80	5	30.00
23.496	32.67	2.34	76.34	12.63	5.63	71.13	93.20	5	30.00
23.600	32.89	2.25	73.85	12.75	5.71	72.77	98.50	5	30.00
23.745	32.80	2.36	77.28	12.91	5.25	67.81	87.70	5	30.50
23.805	32.35	2.44	79.01	12.69	5.86	74.35	94.10	5	30.50
23.909	32.59	2.39	77.89	12.93	5.70	73.69	94.60	5	30.50
24.054	32.53	2.39	77.69	13.13	5.74	75.36	97.00	5	31.00
24.114	32.53	2.38	77.34	13.28	5.67	75.26	97.30	5	31.00
24.218	32.68	2.32	75.84	13.29	5.77	76.73	101.20	5	31.00
24.363	32.49	2.41	78.33	13.43	5.78	77.63	99.10	5	31.50
24.423	32.23	2.46	79.18	13.34	5.90	78.66	99.30	5	31.50
24.527	31.95	2.51	80.15	13.24	5.91	78.32	97.70	5	31.50
24.672	31.72	2.58	81.72	13.27	5.68	75.36	92.20	5	32.00
24.732	31.91	2.54	81.08	13.49	5.56	75.00	92.50	5	32.00
24.836	31.75	2.57	81.51	13.39	5.86	78.42	96.20	5	32.00
24.981	31.74	2.60	82.40	13.60	5.71	77.64	94.20	5	32.50
25.041	31.55	2.66	83.78	13.50	5.99	80.78	96.40	5	32.50
25.145	31.46	2.63	82.82	13.69	5.54	75.87	91.60	5	32.50
25.290	31.30	2.67	83.48	13.72	5.68	77.89	93.30	5	33.00
25.350	31.12	2.67	83.02	13.76	5.77	79.33	95.50	5	33.00
25.454	31.13	2.68	83.40	13.82	5.73	79.11	94.90	5	33.00
25.599	31.03	2.74	84.95	13.89	5.61	77.86	91.60	5	33.50
25.659	30.60	2.79	85.34	13.86	5.57	77.24	90.50	5	33.50
25.763	30.66	2.78	85.34	13.85	5.78	80.10	93.90	5	33.50
25.908	30.31	2.81	85.31	13.95	5.56	77.64	91.00	5	34.00
25.968	30.16	2.83	85.40	13.89	5.87	81.49	95.40	5	34.00
26.072	30.22	2.83	85.64	13.94	5.83	81.23	94.90	5	34.00
26.217	29.97	2.87	86.16	14.04	5.62	78.87	91.50	5	34.50
26.277	29.92	2.89	86.60	14.02	5.86	82.14	94.80	5	34.50
26.381	29.71	2.90	86.03	14.02	5.75	80.59	93.70	5	34.50
26.526	29.58	2.92	86.34	14.19	5.55	78.74	91.20	5	35.00
26.586	29.14	2.95	85.95	14.11	5.48	77.34	90.00	5	35.00
26.690	29.05	2.95	85.80	14.17	5.47	77.49	90.30	5	35.00
26.835	28.97	2.99	86.49	14.08	5.77	81.21	93.90	5	35.50
26.895	28.77	2.98	85.85	14.15	5.67	80.18	93.40	5	35.50
26.999	28.74	3.01	86.45	14.14	5.72	80.97	93.70	5	35.50
27.144	28.41	3.05	86.64	14.08	5.55	78.07	90.10	5	36.00
27.204	28.05	3.06	85.98	14.01	5.70	79.82	92.80	5	36.00
27.308	27.77	3.07	85.37	13.98	5.61	78.47	91.90	5	36.00
27.453	27.89	3.07	85.68	14.10	5.67	79.94	93.30	5	36.50
27.513	27.45	3.09	84.70	14.04	5.54	77.74	91.80	5	36.50
27.617	27.36	3.10	84.92	14.07	5.50	77.37	91.10	5	36.50
27.762	26.95	3.11	83.84	13.92	5.60	77.90	92.90	5	37.00
27.822	26.76	3.12	83.55	14.02	5.42	76.03	91.00	5	37.00
27.926	26.51	3.12	82.81	13.98	5.47	76.45	92.30	5	37.00
28.071	26.10	3.14	81.99	13.79	5.52	76.12	92.80	5	37.50
28.131	26.08	3.13	81.73	13.91	5.42	75.38	92.20	5	37.50
28.235	25.92	3.15	81.59	13.88	5.46	75.74	92.80	5	37.50
28.380	25.86	3.15	81.45	13.77	5.57	76.68	94.10	5	38.00
28.440	25.48	3.15	80.37	13.79	5.17	71.27	88.70	5	38.00
28.544	24.83	3.16	78.58	13.57	5.30	71.95	91.60	5	38.00
28.689	24.47	3.18	77.73	13.48	5.27	71.02	91.40	5	38.50
28.749	24.50	3.18	78.04	13.65	5.23	71.38	91.50	5	38.50
28.853	23.87	3.18	76.00	13.28	5.33	70.77	93.10	5	38.50
28.998	24.11	3.18	76.64	13.39	5.39	72.15	94.10	5	39.00
29.058	23.05	3.18	73.39	13.09	5.32	69.67	94.90	5	39.00
29.162	23.07	3.19	73.49	13.19	4.89	64.51	87.80	5	39.00
29.307	23.06	3.20	73.89	13.15	5.49	72.17	97.70	5	39.00
29.367	22.56	3.20	72.23	13.11	5.15	67.48	93.40	5	39.50
29.471	22.54	3.20	72.21	12.74	5.48	69.81	96.70	5	39.50
29.616	22.27	3.20	71.32	12.71	5.12	65.12	91.30	5	39.50
29.676	21.68	3.20	69.47	12.65	5.27	66.69	96.00	5	40.00
29.780	21.75	3.20	69.62	12.82	5.13	65.75	94.40	5	40.00
29.925	20.68	3.19	66.07	12.25	4.94	60.49	91.50	5	40.00
29.985	20.41	3.21	65.47	12.23	5.07	61.98	94.70	5	40.50
30.089	20.37	3.20	65.26	12.29	4.70	57.71	88.40	5	40.50
30.234	19.94	3.21	63.98	12.14	4.83	58.70	91.80	5	40.50
30.294	19.56	3.22	62.89	11.89	4.95	58.86	93.60	5	41.00
30.398	19.07	3.22	61.38	11.77	4.82	56.77	92.50	5	41.00
30.543	19.23	3.22	61.84	11.79	4.83	56.96	92.10	5	41.00
30.603	18.79	3.21	60.41	11.57	4.92	56.95	94.30	5	41.50
30.707	18.49	3.23	59.66	11.50	4.91	56.40	94.50	5	41.50
30.852	18.14	3.23	58.53	11.32	4.79	54.23	92.70	5	41.50
30.912	17.77	3.22	57.22	11.29	4.65	52.46	91.70	5	42.00
31.016	17.30	3.23	55.78	10.97	4.89	53.65	96.20	5	42.00
31.161	17.29	3.22	55.72	10.89	4.87	53.05	95.20	5	42.00
31.221	16.96	3.22	54.67	10.81	4.82	52.14	95.40	5	42.50
31.325	16.53	3.22	53.27	10.68	4.59	49.00	92.00	5	42.50
31.470	16.04	3.23	51.79	10.46	4.56	47.68	92.10	5	42.50
31.530	15.94	3.22	51.40	10.35	4.60	47.58	92.60	5	43.00
31.634	15.67	3.22	50.49	10.28	4.53	46.57	92.20	5	43.00
31.779	15.30	3.23	49.47	10.00	4.65	46.56	94.10	5	43.00
31.839	15.33	3.23	49.52	10.03	4.61	46.21	93.30	5	43.50
31.943	15.02	3.22	48.37	9.90	4.53	44.86	92.80	5	43.50
32.087	14.69	3.24	47.58	9.80	4.48	43.91	92.30	5	43.50
32.147	14.40	3.24	46.63	9.69	4.40	42.61	91.40	5	43.50
32.250	14.02	3.23	45.30	9.53	4.37	41.67	92.00	5	44.00
32.394	13.87	3.23	44.84	9.50	4.32	41.06	91.60	5	44.00
32.454	13.67	3.23	44.08	9.31	4.43	41.23	93.50	5	44.00
32.557	13.67	3.23	44.15	9.38	3.87	36.33	82.30	5	44.50
32.701	12.94	3.24	41.92	9.10	3.94	35.87	85.60	5	44.50
32.761	12.96	3.23	41.90	9.04	4.02	36.37	86.80	5	44.50
32.864	12.81	3.24	41.49	8.97	4.12	36.96	89.10	5	45.00
33.008	12.50	3.26	40.73	8.69	4.19	36.36	89.30	5	45.00
33.068	12.49	3.25	40.59	8.73	4.19	36.58	90.10	5	45.00
33.171	12.12	3.25	39.39	8.63	4.09	35.28	89.60	5	45.50
33.315	11.83	3.28	38.80	8.38	4.13	34.56	89.10	5	45.50
33.375	11.79	3.27	38.58	8.40	4.14	34.80	90.20	5	45.50
33.478	11.39	3.28	37.34	8.21	4.16	34.18	91.60	5	46.00
33.622	11.27	3.28	37.00	8.10	4.10	33.21	89.70	5	46.00
33.682	11.26	3.29	37.05	8.08	4.11	33.23	89.70	5	46.00
33.785	11.05	3.29	36.38	8.08	4.05	32.73	90.00	5	46.50
33.929	10.72	3.31	35.48	7.86	4.08	32.03	90.30	5	46.50
33.989	10.57	3.31	34.95	7.81	3.96	30.89	88.40	5	46.50
34.092	10.33	3.32	34.32	7.69	4.11	31.60	92.10	5	47.00
34.236	10.05	3.33	33.50	7.61	3.68	28.01	83.60	5	47.00
34.296	10.35	3.33	34.42	7.85	3.73	29.32	85.20	5	47.00
34.399	10.18	3.32	33.85	7.70	4.32	33.27	98.30	5	47.50
34.543	9.58	3.35	32.10	7.44	3.80	28.25	88.00	5	47.50
34.603	9.50	3.34	31.76	7.31	3.78	27.65	87.00	5	47.50
34.706	9.50	3.34	31.77	7.29	3.92	28.59	90.00	5	48.00
34.850	9.21	3.35	30.91	7.08	3.76	26.59	86.00	5	48.00
34.910	8.99	3.36	30.16	6.91	3.86	26.67	88.40	5	48.00
35.013	8.81	3.36	29.59	6.85	3.90	26.69	90.20	5	48.50
35.157	8.55	3.37	28.83	6.68	3.92	26.22	91.00	5	48.50
35.217	8.41	3.37	28.36	6.58	3.80	25.00	88.20	5	48.50
35.320	8.34	3.36	28.04	6.49	3.96	25.70	91.60	5	49.00
35.464	7.74	3.38	26.12	6.20	3.77	23.38	89.50	5	49.00
35.524	7.67	3.38	25.90	6.00	3.86	23.14	89.30	5	49.00
35.627	7.64	3.37	25.79	5.92	3.91	23.19	89.90	5	49.50
35.771	6.47	3.39	21.91	4.99	3.69	18.41	84.00	5	49.50
35.831	5.76	3.38	19.48	4.32	3.68	15.90	81.60	5	49.50
35.934	4.55	3.38	15.40	3.18	3.71	11.80	76.60	5	50.00
36.078	3.81	3.37	12.86	2.54	3.64	9.24	71.90	5	50.00
36.138	3.60	3.38	12.15	2.44	3.64	8.87	73.00	5	50.00
36.241	3.55	3.38	12.01	2.37	3.64	8.64	71.90	5	50.00
36.385	3.50	3.40	11.89	2.35	3.61	8.47	71.30	5	50.50
36.445	3.53	3.39	11.97	2.35	3.59	8.44	70.60	5	50.50
36.548	3.38	3.39	11.47	2.36	3.59	8.48	73.90	5	50.50
36.692	3.40	3.38	11.50	2.33	3.56	8.29	72.10	5	51.00
36.752	3.41	3.39	11.54	2.34	3.54	8.28	71.70	5	51.00
36.855	3.47	3.39	11.77	2.34	3.51	8.23	69.90	5	51.00
36.999	3.35	3.38	11.33	2.33	3.49	8.15	71.90	5	51.50
37.059	3.29	3.38	11.13	2.29	3.49	7.99	71.80	5	51.50
37.162	3.19	3.39	10.84	2.28	3.46	7.90	72.80	5	51.50
37.306	3.32	3.38	11.22	2.27	3.42	7.77	69.30	5	52.00
37.366	3.27	3.37	11.02	2.27	3.42	7.75	70.30	5	52.00
37.469	3.16	3.38	10.69	2.26	3.39	7.67	71.80	5	52.00
37.613	3.27	3.39	11.09	2.23	3.35	7.47	67.30	5	52.50
37.673	3.21	3.38	10.84	2.23	3.33	7.43	68.50	5	52.50
37.776	3.19	3.37	10.76	2.22	3.32	7.38	68.60	5	52.50
37.920	3.14	3.38	10.63	2.21	3.31	7.31	68.80	5	53.00
37.980	3.12	3.38	10.55	2.21	3.28	7.27	68.90	5	53.00
38.083	3.06	3.38	10.34	2.18	3.28	7.15	69.20	5	53.00
38.227	2.96	3.38	9.99	2.22	3.24	7.21	72.20	5	53.50
38.287	2.88	3.38	9.74	2.19	3.21	7.05	72.40	5	53.50
38.390	2.93	3.39	9.92	2.20	3.20	7.04	70.90	5	53.50
38.534	2.92	3.39	9.87	2.14	3.17	6.77	68.60	5	54.00
38.594	2.88	3.39	9.74	2.12	3.15	6.68	68.60	5	54.00
38.697	2.78	3.39	9.41	2.12	3.14	6.66	70.80	5	54.00
38.841	2.83	3.39	9.60	2.10	3.12	6.56	68.40	5	54.50
38.901	2.79	3.39	9.45	2.11	3.10	6.53	69.10	5	54.50
39.004	2.69	3.39	9.10	2.13	3.08	6.57	72.20	5	54.50
39.148	2.70	3.40	9.17	2.10	3.04	6.37	69.40	5	55.00
39.208	2.68	3.40	9.13	2.08	3.02	6.29	69.00	5	55.00
39.311	2.67	3.40	9.06	2.08	3.03	6.30	69.50	5	55.00
39.455	2.53	3.39	8.56	2.05	3.03	6.21	72.50	5	55.50
39.515	2.51	3.40	8.51	2.02	3.00	6.06	71.20	5	55.50
39.618	2.56	3.40	8.72	2.03	2.98	6.05	69.40	5	55.50
39.762	2.62	3.39	8.86	2.04	2.94	6.00	67.70	5	56.00
39.822	2.55	3.39	8.62	2.04	2.92	5.95	69.00	5	56.00
39.925	2.52	3.39	8.55	2.01	2.91	5.87	68.70	5	56.00
40.069	2.43	3.39	8.25	1.99	2.89	5.75	69.70	5	56.50
40.129	2.48	3.39	8.41	1.96	2.84	5.58	66.40	5	56.50
40.232	2.44	3.40	8.28	1.94	2.87	5.58	67.40	5	56.50
40.376	2.32	3.40	7.90	1.93	2.87	5.55	70.30	5	57.00
40.436	2.30	3.40	7.80	1.91	2.83	5.43	69.50	5	57.00
40.539	2.23	3.39	7.55	1.91	2.81	5.38	71.20	5	57.00
40.683	2.36	3.38	7.97	1.86	2.84	5.30	66.40	5	57.50
40.743	2.13	3.39	7.22	1.88	2.81	5.28	73.10	5	57.50
40.846	2.22	3.39	7.52	1.86	2.80	5.19	69.10	5	57.50
40.990	2.14	3.39	7.26	1.90	2.75	5.22	71.90	5	58.00
41.050	2.07	3.39	7.00	1.88	2.72	5.11	73.00	5	58.00
41.153	2.17	3.40	7.37	1.86	2.71	5.06	68.60	5	58.00
41.297	2.11	3.40	7.17	1.80	2.69	4.86	67.80	5	58.50
41.357	2.12	3.41	7.23	1.82	2.67	4.86	67.20	5	58.50
41.460	2.18	3.40	7.43	1.81	2.64	4.77	64.20	5	58.50
41.604	2.09	3.40	7.09	1.81	2.63	4.75	67.00	5	58.50
41.664	2.01	3.40	6.84	1.79	2.63	4.72	69.00	5	59.00
41.767	1.97	3.40	6.71	1.80	2.59	4.65	69.30	5	59.00
41.911	2.03	3.39	6.90	1.79	2.63	4.72	68.40	5	59.00
41.971	2.02	3.39	6.84	1.79	2.62	4.70	68.70	5	59.50
42.074	2.05	3.39	6.97	1.79	2.57	4.60	66.00	5	59.50
42.218	1.93	3.40	6.57	1.76	2.54	4.48	68.20	5	59.50
42.278	2.02	3.39	6.85	1.78	2.53	4.51	65.80	5	60.00
42.381	1.92	3.38	6.48	1.77	2.50	4.41	68.10	5	60.00
42.525	1.93	3.38	6.53	1.74	2.51	4.38	67.10	5	60.00
42.585	1.86	3.38	6.28	1.75	2.51	4.39	70.00	5	60.50
42.688	1.77	3.38	6.00	1.74	2.47	4.30	71.70	5	60.50
42.832	1.95	3.40	6.61	1.70	2.47	4.21	63.60	5	60.50
42.892	1.84	3.39	6.25	1.71	2.46	4.21	67.40	5	61.00
42.995	1.71	3.40	5.83	1.70	2.40	4.08	70.00	5	61.00
43.139	1.82	3.39	6.15	1.67	2.44	4.09	66.50	5	61.00
43.199	1.82	3.39	6.16	1.69	2.42	4.08	66.30	5	61.50
43.302	1.74	3.39	5.91	1.68	2.36	3.96	67.00	5	61.50
43.446	1.77	3.40	6.03	1.68	2.37	3.97	65.80	5	61.50
43.506	1.80	3.40	6.10	1.70	2.33	3.95	64.70	5	62.00
43.609	1.81	3.39	6.14	1.68	2.32	3.89	63.40	5	62.00
43.753	1.75	3.38	5.91	1.63	2.31	3.76	63.60	5	62.00
43.813	1.73	3.38	5.84	1.64	2.30	3.76	64.40	5	62.50
43.916	1.69	3.38	5.71	1.60	2.25	3.60	63.10	5	62.50
44.060	1.72	3.38	5.81	1.57	2.26	3.55	61.00	5	62.50
44.120	1.71	3.38	5.78	1.56	2.26	3.53	61.10	5	62.50
44.223	1.58	3.40	5.36	1.56	2.24	3.49	65.10	5	63.00
44.367	1.53	3.39	5.19	1.56	2.22	3.46	66.60	5	63.00
44.427	1.60	3.39	5.41	1.57	2.22	3.48	64.30	5	63.00
44.530	1.56	3.38	5.28	1.58	2.17	3.43	65.00	5	63.50
44.674	1.59	3.39	5.38	1.57	2.18	3.43	63.70	5	63.50
44.734	1.56	3.39	5.30	1.57	2.20	3.45	65.20	5	63.50
44.837	1.53	3.39	5.18	1.54	2.16	3.32	64.10	5	64.00
44.981	1.55	3.38	5.26	1.55	2.13	3.30	62.70	5	64.00
45.041	1.58	3.38	5.33	1.57	2.13	3.34	62.70	5	64.00
45.144	1.46	3.39	4.96	1.53	2.10	3.23	65.10	5	64.50
45.288	1.47	3.39	4.99	1.53	2.08	3.20	64.10	5	64.50
45.348	1.44	3.39	4.89	1.51	2.08	3.14	64.20	5	64.50
45.451	1.51	3.39	5.12	1.50	2.05	3.08	60.10	5	65.00
45.595	1.55	3.38	5.24	1.53	2.06	3.15	60.10	5	65.00
45.655	1.47	3.39	4.97	1.53	2.05	3.13	62.90	5	65.00
45.758	1.42	3.38	4.81	1.50	2.01	3.02	62.80	5	65.50
45.902	1.48	3.38	5.02	1.50	1.99	2.97	59.20	5	65.50
45.962	1.39	3.38	4.71	1.50	1.99	2.99	63.60	5	65.50
46.065	1.43	3.38	4.85	1.50	2.00	2.99	61.70	5	66.00
46.209	1.27	3.38	4.29	1.51	1.98	2.99	69.60	5	66.00
46.269	1.34	3.37	4.54	1.50	1.96	2.95	65.00	5	66.00
46.372	1.36	3.38	4.59	1.48	1.94	2.88	62.80	5	66.50
46.516	1.33	3.38	4.49	1.45	1.93	2.80	62.40	5	66.50
46.576	1.21	3.38	4.10	1.47	1.93	2.84	69.10	5	66.50
46.679	1.31	3.38	4.45	1.47	1.89	2.78	62.60	5	67.00
46.823	1.25	3.40	4.23	1.45	1.91	2.76	65.30	5	67.00
46.883	1.32	3.39	4.46	1.43	1.89	2.70	60.60	5	67.00
46.986	1.28	3.39	4.33	1.44	1.88	2.70	62.40	5	67.50
47.130	1.17	3.38	3.94	1.44	1.85	2.67	67.70	5	67.50
47.190	1.20	3.38	4.05	1.42	1.84	2.60	64.30	5	67.50
47.293	1.21	3.38	4.09	1.41	1.84	2.60	63.50	5	68.00
47.437	1.18	3.39	4.01	1.39	1.83	2.54	63.30	5	68.00
47.497	1.12	3.39	3.79	1.39	1.82	2.53	66.70	5	68.00
47.600	1.09	3.38	3.69	1.38	1.82	2.51	68.20	5	68.50
47.744	1.23	3.39	4.16	1.40	1.76	2.45	58.80	5	68.50
47.804	1.15	3.38	3.90	1.38	1.78	2.45	62.90	5	68.50
47.907	1.20	3.39	4.06	1.40	1.76	2.46	60.70	5	68.50
48.051	1.11	3.37	3.75	1.37	1.75	2.40	64.20	5	69.00
48.111	1.19	3.39	4.04	1.37	1.73	2.37	58.70	5	69.00
48.214	1.19	3.38	4.02	1.35	1.73	2.33	57.90	5	69.00
48.358	1.07	3.39	3.64	1.35	1.71	2.32	63.60	5	69.50
48.418	1.09	3.38	3.70	1.37	1.72	2.36	63.80	5	69.50
48.521	1.13	3.37	3.80	1.37	1.70	2.33	61.30	5	69.50
48.665	0.97	3.37	3.26	1.32	1.64	2.16	66.20	5	70.00
48.725	1.07	3.38	3.62	1.33	1.65	2.19	60.50	5	70.00
48.828	1.11	3.38	3.75	1.33	1.62	2.15	57.30	5	70.00
48.972	1.09	3.39	3.70	1.31	1.61	2.10	56.80	5	70.50
49.032	0.93	3.38	3.14	1.29	1.62	2.09	66.40	5	70.50
49.135	1.03	3.38	3.48	1.31	1.60	2.10	60.20	5	70.50
49.279	0.91	3.37	3.07	1.30	1.61	2.09	68.10	5	71.00
49.339	0.97	3.38	3.27	1.30	1.60	2.07	63.50	5	71.00
49.442	0.95	3.37	3.21	1.29	1.59	2.05	64.00	5	71.00
49.586	0.97	3.37	3.28	1.28	1.56	1.99	60.80	5	71.50
49.646	0.87	3.38	2.95	1.26	1.56	1.96	66.60	5	71.50
49.749	0.93	3.38	3.16	1.25	1.56	1.94	61.50	5	71.50
49.893	0.97	3.39	3.27	1.25	1.54	1.93	59.10	5	72.00
49.953	0.92	3.38	3.12	1.24	1.53	1.90	61.10	5	72.00
50.056	0.94	3.39	3.19	1.23	1.54	1.89	59.40	5	72.00
50.200	0.92	3.39	3.12	1.21	1.54	1.87	59.90	5	72.50
50.260	0.92	3.38	3.11	1.19	1.51	1.80	57.70	5	72.50
50.363	0.92	3.38	3.11	1.17	1.47	1.73	55.50	5	72.50
50.507	0.84	3.38	2.85	1.16	1.48	1.71	59.80	5	73.00
50.567	0.82	3.38	2.78	1.17	1.46	1.70	61.10	5	73.00
50.670	0.87	3.37	2.92	1.14	1.47	1.67	57.30	5	73.00
50.814	0.77	3.38	2.60	1.20	1.44	1.73	66.60	5	73.50
50.874	0.86	3.38	2.91	1.20	1.45	1.75	60.00	5	73.50
50.977	0.83	3.38	2.82	1.17	1.46	1.71	60.60	5	73.50
51.121	0.85	3.38	2.88	1.17	1.43	1.67	58.20	5	74.00
51.181	0.94	3.38	3.18	1.17	1.41	1.64	51.70	5	74.00
51.284	0.88	3.37	2.95	1.16	1.41	1.63	55.40	5	74.00
51.428	0.87	3.37	2.93	1.14	1.36	1.55	52.80	5	74.50
51.488	0.83	3.37	2.78	1.16	1.35	1.57	56.40	5	74.50
51.591	0.76	3.38	2.57	1.11	1.36	1.51	58.70	5	74.50
51.735	0.81	3.38	2.72	1.09	1.35	1.48	54.40	5	75.00
51.795	0.83	3.37	2.81	1.08	1.32	1.43	50.80	5	75.00
51.898	0.91	3.37	3.08	1.10	1.36	1.50	48.50	5	75.00
52.042	0.82	3.38	2.76	1.07	1.35	1.44	52.20	5	75.50
52.102	0.71	3.37	2.39	1.07	1.33	1.42	59.70	5	75.50
52.205	0.63	3.38	2.12	1.06	1.32	1.40	65.90	5	75.50
52.349	0.71	3.37	2.38	1.08	1.30	1.41	59.00	5	76.00
52.409	0.74	3.35	2.47	1.07	1.29	1.37	55.60	5	76.00
52.512	0.70	3.36	2.35	1.04	1.26	1.31	55.60	5	76.00
52.656	0.59	3.37	1.97	1.05	1.27	1.34	68.00	5	76.50
52.716	0.54	3.36	1.83	1.02	1.27	1.30	71.00	5	76.50
52.819	0.62	3.36	2.07	1.01	1.24	1.26	60.80	5	76.50
52.963	0.79	3.36	2.66	1.03	1.25	1.29	48.60	5	77.00
53.023	0.74	3.37	2.50	1.01	1.23	1.25	49.90	5	77.00
53.126	0.63	3.37	2.14	1.00	1.20	1.20	56.10	5	77.00
53.270	0.59	3.37	2.00	0.96	1.23	1.18	58.80	5	77.50
53.330	0.66	3.37	2.24	0.95	1.21	1.15	51.60	5	77.50
53.433	0.86	3.37	2.91	0.95	1.22	1.16	39.90	5	77.50
53.577	0.67	3.36	2.24	0.98	1.20	1.18	52.60	5	78.00
53.637	0.65	3.37	2.20	0.97	1.20	1.16	52.90	5	78.00
53.740	0.60	3.37	2.03	0.95	1.18	1.12	54.90	5	78.00
53.884	0.58	3.36	1.96	0.93	1.16	1.07	54.80	5	78.00
53.944	0.58	3.36	1.96	0.91	1.15	1.04	53.20	5	78.50
54.047	0.38	3.37	1.28	0.90	1.16	1.04	81.30	5	78.50
54.191	0.52	3.37	1.76	0.91	1.12	1.01	57.60	5	78.50
54.251	0.56	3.37	1.87	0.90	1.14	1.02	54.40	5	79.00
54.354	0.55	3.37	1.86	0.89	1.11	0.98	52.80	5	79.00
54.498	0.64	3.36	2.16	0.86	1.09	0.93	43.30	5	79.00
54.558	0.60	3.36	2.01	0.87	1.05	0.91	45.40	5	79.50
54.661	0.58	3.37	1.96	0.86	1.06	0.91	46.40	5	79.50
54.805	0.53	3.36	1.78	0.85	1.09	0.92	51.70	5	79.50
54.865	0.53	3.36	1.77	0.85	1.08	0.92	52.00	5	80.00
54.968	0.44	3.36	1.47	0.83	1.07	0.89	60.80	5	80.00
55.112	0.48	3.35	1.60	0.82	1.07	0.87	54.50	5	80.00
55.172	0.58	3.35	1.93	0.81	1.05	0.85	44.00	5	80.50
55.275	0.50	3.36	1.69	0.82	1.00	0.82	48.70	5	80.50
55.419	0.48	3.36	1.60	0.79	1.01	0.80	50.00	5	80.50
55.479	0.51	3.36	1.72	0.80	1.02	0.81	47.20	5	81.00
55.582	0.41	3.36	1.39	0.78	0.99	0.78	56.00	5	81.00
55.726	0.35	3.36	1.16	0.82	1.00	0.82	70.80	5	81.00
55.786	0.40	3.36	1.34	0.79	1.01	0.80	59.20	5	81.50
55.889	0.44	3.36	1.46	0.78	0.99	0.77	52.60	5	81.50
56.033	0.60	3.36	2.02	0.76	0.95	0.72	35.80	5	81.50
56.093	0.58	3.36	1.93	0.77	0.94	0.73	37.60	5	81.50
56.196	0.47	3.36	1.58	0.75	0.94	0.70	44.50	5	82.00
56.340	0.50	3.37	1.68	0.70	0.94	0.66	39.10	5	82.00
56.400	0.43	3.35	1.44	0.73	0.93	0.68	47.40	5	82.00
56.503	0.42	3.36	1.42	0.73	0.92	0.67	47.10	5	82.50
56.647	0.44	3.35	1.48	0.71	0.94	0.66	45.00	5	82.50
56.707	0.41	3.35	1.38	0.70	0.92	0.65	46.80	5	82.50
56.810	0.49	3.34	1.65	0.68	0.91	0.62	37.50	5	83.00
56.954	0.48	3.35	1.61	0.70	0.87	0.61	37.90	5	83.00
57.014	0.26	3.36	0.87	0.69	0.88	0.60	69.20	5	83.00
57.117	0.28	3.35	0.95	0.68	0.89	0.60	63.60	5	83.50
57.261	0.32	3.36	1.08	0.70	0.89	0.62	57.60	5	83.50
57.321	0.36	3.36	1.22	0.68	0.89	0.60	49.20	5	83.50
57.424	0.49	3.34	1.65	0.67	0.88	0.59	35.60	5	84.00
57.568	0.39	3.34	1.30	0.67	0.87	0.59	45.00	5	84.00
57.628	0.50	3.35	1.67	0.65	0.86	0.56	33.70	5	84.00
57.731	0.39	3.35	1.31	0.64	0.84	0.53	40.90	5	84.50
57.875	0.44	3.35	1.46	0.61	0.80	0.49	33.50	5	84.50
57.935	0.41	3.35	1.38	0.62	0.81	0.50	36.70	5	84.50
58.038	0.47	3.35	1.56	0.62	0.80	0.50	32.10	5	85.00
58.182	0.53	3.35	1.77	0.61	0.84	0.51	28.90	5	85.00
58.242	0.43	3.35	1.43	0.59	0.81	0.48	33.70	5	85.00
58.345	0.33	3.35	1.10	0.59	0.79	0.47	42.80	5	85.50
