204.147	38.44	0.00	0.00	0.06	0.22	0.01	0.00	5	0.00
204.250	38.45	0.00	0.00	0.03	0.20	0.01	0.00	5	0.00
204.394	38.29	0.00	0.00	0.04	0.23	0.01	0.00	5	0.00
204.454	38.29	0.00	0.00	0.03	0.24	0.01	0.00	5	0.50
204.557	38.39	0.00	0.00	0.03	0.23	0.01	0.00	5	0.50
204.701	38.37	0.00	0.00	0.05	0.22	0.01	0.00	5	0.50
204.761	38.30	0.00	0.00	0.11	0.24	0.03	0.00	5	1.00
204.864	38.12	0.00	0.00	0.41	0.52	0.22	0.00	5	1.00
205.008	38.27	0.00	0.00	0.52	0.64	0.33	0.00	5	1.00
205.068	38.33	0.00	0.00	0.56	0.67	0.37	0.00	5	1.50
205.171	38.31	0.00	0.00	0.69	0.78	0.54	0.00	5	1.50
205.315	38.30	0.00	0.00	0.75	0.79	0.59	0.00	5	1.50
205.375	38.28	0.00	0.00	0.74	0.80	0.59	0.00	5	1.50
205.478	38.33	0.00	0.00	0.89	0.85	0.76	0.00	5	2.00
205.622	38.33	0.00	0.00	0.95	0.90	0.85	0.00	5	2.00
205.682	38.33	0.00	0.00	0.96	0.92	0.88	0.00	5	2.00
205.785	38.27	0.00	0.00	1.13	1.06	1.19	0.00	5	2.50
205.929	38.24	0.00	0.00	1.22	1.17	1.43	0.00	5	2.50
205.989	38.34	0.00	0.00	1.22	1.14	1.38	0.00	5	2.50
206.092	38.25	0.00	0.00	1.32	1.24	1.63	0.00	5	3.00
206.236	38.18	0.00	0.00	1.40	1.29	1.80	0.00	5	3.00
206.296	38.17	0.00	0.00	1.39	1.29	1.79	0.00	5	3.00
206.399	38.16	0.00	0.00	1.50	1.41	2.12	0.00	5	3.50
206.543	38.25	0.00	0.00	1.55	1.44	2.23	0.00	5	3.50
206.603	38.29	0.00	0.00	1.56	1.41	2.20	0.00	5	3.50
206.706	38.36	0.00	0.00	1.65	1.51	2.48	0.00	5	4.00
206.850	38.35	0.00	0.00	1.68	1.44	2.42	0.00	5	4.00
206.910	38.20	0.00	0.00	1.68	1.41	2.38	0.00	5	4.00
207.013	38.17	0.00	0.00	1.78	1.48	2.64	0.00	5	4.50
207.157	38.47	0.00	0.00	1.89	1.51	2.86	0.00	5	4.50
207.217	38.38	0.00	0.00	1.89	1.47	2.78	0.00	5	4.50
207.320	38.27	0.00	0.00	1.93	1.59	3.07	0.00	5	5.00
207.464	38.16	0.00	0.00	2.02	1.72	3.46	0.00	5	5.00
207.524	37.92	0.00	0.00	2.02	1.70	3.44	0.00	5	5.00
207.627	38.08	0.00	0.00	2.08	1.65	3.44	0.00	5	5.50
207.771	38.13	0.00	0.00	2.15	1.73	3.71	0.00	5	5.50
207.831	37.96	0.00	0.00	2.18	1.73	3.77	0.00	5	5.50
207.934	37.96	0.00	0.00	2.25	1.83	4.10	0.00	5	6.00
208.078	38.07	0.00	0.00	2.30	2.04	4.69	0.00	5	6.00
208.138	38.06	0.00	0.00	2.32	2.05	4.75	0.00	5	6.00
208.241	38.13	0.00	0.00	2.39	2.10	5.03	0.00	5	6.50
208.385	37.99	0.00	0.00	2.49	2.21	5.49	0.00	5	6.50
208.445	37.94	0.00	0.00	2.51	2.21	5.55	0.00	5	6.50
208.548	37.94	0.00	0.00	2.57	2.30	5.93	0.00	5	7.00
208.692	37.87	0.00	0.00	2.66	2.53	6.73	0.00	5	7.00
208.752	37.95	0.00	0.00	2.67	2.50	6.65	0.00	5	7.00
208.855	37.82	0.00	0.00	2.71	2.51	6.80	0.00	5	7.50
208.999	37.79	0.08	3.11	2.69	3.42	9.21	295.70	5	7.50
209.059	37.73	0.10	3.69	2.68	3.59	9.59	259.70	5	7.50
209.162	37.52	0.12	4.62	2.68	3.76	10.09	218.40	5	8.00
209.306	37.68	0.17	6.49	2.80	4.00	11.22	172.90	5	8.00
209.366	37.65	0.18	6.78	2.83	4.05	11.43	168.60	5	8.00
209.469	37.51	0.19	6.98	2.83	4.07	11.54	165.40	5	8.50
209.613	37.41	0.22	8.34	2.93	4.25	12.43	149.10	5	8.50
209.673	37.44	0.24	8.82	2.96	4.28	12.65	143.40	5	8.50
209.776	37.48	0.25	9.25	2.96	4.34	12.82	138.60	5	8.50
209.920	37.25	0.30	11.35	3.09	4.66	14.44	127.20	5	9.00
209.980	37.33	0.31	11.52	3.11	4.67	14.53	126.10	5	9.00
210.084	37.28	0.32	12.09	3.10	4.72	14.64	121.10	5	9.00
210.228	37.19	0.35	13.08	3.20	4.98	15.92	121.80	5	9.50
210.288	37.22	0.37	13.65	3.23	5.03	16.28	119.30	5	9.50
210.391	37.17	0.39	14.47	3.24	5.11	16.54	114.30	5	9.50
210.536	37.08	0.42	15.53	3.35	5.27	17.65	113.60	5	10.00
210.596	37.07	0.43	15.85	3.37	5.29	17.82	112.40	5	10.00
210.700	37.07	0.43	15.85	3.39	5.26	17.83	112.50	5	10.00
210.845	37.02	0.46	16.94	3.56	5.26	18.72	110.50	5	10.50
210.905	37.11	0.46	17.16	3.60	5.25	18.92	110.30	5	10.50
211.009	37.04	0.47	17.24	3.63	5.20	18.86	109.40	5	10.50
211.154	36.98	0.51	18.89	3.78	5.28	19.95	105.60	5	11.00
211.214	37.00	0.51	18.88	3.80	5.30	20.13	106.60	5	11.00
211.318	36.92	0.52	19.04	3.83	5.31	20.35	106.90	5	11.00
211.463	36.83	0.56	20.55	3.93	5.50	21.63	105.30	5	11.50
211.523	36.84	0.57	21.07	3.99	5.55	22.11	104.90	5	11.50
211.627	36.84	0.59	21.84	3.99	5.57	22.22	101.80	5	11.50
211.772	36.63	0.67	24.63	4.02	5.97	24.04	97.60	5	12.00
211.832	36.58	0.70	25.74	4.04	6.12	24.77	96.20	5	12.00
211.936	36.38	0.72	26.25	4.04	6.25	25.23	96.10	5	12.00
212.081	36.41	0.79	28.60	4.18	6.40	26.73	93.50	5	12.50
212.141	36.35	0.81	29.46	4.20	6.46	27.11	92.00	5	12.50
212.245	36.30	0.81	29.49	4.20	6.47	27.14	92.00	5	12.50
212.390	36.03	0.87	31.40	4.28	6.63	28.43	90.50	5	13.00
212.450	35.93	0.89	31.88	4.34	6.69	29.02	91.00	5	13.00
212.554	36.01	0.88	31.66	4.37	6.63	28.92	91.30	5	13.00
212.699	35.89	0.93	33.55	4.48	6.80	30.50	90.90	5	13.50
212.759	35.81	0.97	34.73	4.52	6.86	30.98	89.20	5	13.50
212.863	35.95	0.96	34.49	4.54	6.80	30.86	89.50	5	13.50
213.007	35.95	0.96	34.54	4.70	6.79	31.88	92.30	5	14.00
213.067	35.90	0.91	32.67	4.82	6.44	31.00	94.90	5	14.00
213.171	35.49	1.07	38.06	4.62	7.28	33.60	88.30	5	14.00
213.316	34.97	1.31	45.66	4.49	8.20	36.82	80.60	5	14.50
213.376	34.93	1.29	45.05	4.58	8.08	37.01	82.20	5	14.50
213.480	35.33	1.18	41.65	4.80	7.46	35.79	85.90	5	14.50
213.625	35.25	1.18	41.73	4.93	7.31	36.08	86.40	5	15.00
213.685	35.16	1.23	43.31	4.94	7.53	37.18	85.90	5	15.00
213.789	35.22	1.21	42.74	5.01	7.35	36.82	86.10	5	15.00
213.934	35.49	1.14	40.31	5.24	6.85	35.92	89.10	5	15.50
213.994	35.44	1.14	40.35	5.32	6.79	36.12	89.50	5	15.50
214.098	35.62	1.12	39.78	5.41	6.62	35.79	90.00	5	15.50
214.243	35.37	1.16	41.06	5.47	6.76	37.02	90.20	5	16.00
214.303	35.09	1.26	44.20	5.40	7.18	38.73	87.60	5	16.00
214.407	34.60	1.39	48.06	5.28	7.71	40.70	84.70	5	16.00
214.552	34.69	1.36	47.09	5.46	7.43	40.56	86.10	5	16.50
214.612	34.30	1.44	49.46	5.42	7.69	41.74	84.40	5	16.50
214.716	34.47	1.39	47.74	5.56	7.48	41.58	87.10	5	16.50
214.861	34.75	1.33	46.15	5.78	7.08	40.90	88.60	5	17.00
214.921	34.58	1.38	47.80	5.85	7.19	42.01	87.90	5	17.00
215.025	34.81	1.33	46.40	5.97	6.83	40.81	88.00	5	17.00
215.170	35.25	1.23	43.40	6.18	6.45	39.84	91.80	5	17.50
215.230	35.18	1.25	44.04	6.24	6.48	40.44	91.80	5	17.50
215.334	35.27	1.19	41.83	6.39	6.22	39.76	95.00	5	17.50
215.478	35.67	1.07	38.22	6.64	5.64	37.47	98.00	5	18.00
215.538	35.39	1.12	39.65	6.82	5.36	36.53	92.10	5	18.00
215.642	35.73	1.02	36.32	6.95	5.09	35.42	97.50	5	18.00
215.787	35.73	0.98	34.96	7.07	5.16	36.43	104.20	5	18.50
215.847	35.83	0.97	34.78	7.16	5.02	35.92	103.30	5	18.50
215.951	36.07	0.90	32.58	7.34	4.67	34.26	105.20	5	18.50
216.096	36.20	0.86	31.10	7.48	4.45	33.30	107.10	5	19.00
216.156	36.08	0.87	31.50	7.55	4.53	34.22	108.60	5	19.00
216.260	36.16	0.84	30.48	7.79	4.05	31.53	103.50	5	19.00
216.405	36.00	0.90	32.23	7.66	4.61	35.33	109.60	5	19.50
216.465	35.87	0.95	34.26	7.77	4.70	36.51	106.60	5	19.50
216.569	36.13	0.87	31.46	7.96	4.28	34.07	108.30	5	19.50
216.714	36.08	0.85	30.84	7.95	4.30	34.17	110.80	5	20.00
216.774	35.91	0.91	32.82	8.07	4.31	34.81	106.10	5	20.00
216.878	36.05	0.93	33.46	8.16	4.27	34.83	104.10	5	20.00
217.023	36.16	0.91	32.84	8.22	4.18	34.37	104.70	5	20.00
217.083	35.97	0.92	33.18	8.30	4.31	35.80	107.90	5	20.50
217.187	35.84	0.95	34.11	8.43	4.32	36.37	106.60	5	20.50
217.332	36.03	0.93	33.46	8.50	4.17	35.43	105.90	5	20.50
217.392	35.91	0.98	35.09	8.52	4.37	37.19	106.00	5	21.00
217.496	35.81	1.02	36.50	8.63	4.37	37.71	103.30	5	21.00
217.641	35.77	1.00	35.72	8.67	4.34	37.62	105.30	5	21.00
217.701	35.64	1.04	37.03	8.80	4.19	36.89	99.60	5	21.50
217.805	35.46	1.12	39.58	8.79	4.56	40.07	101.20	5	21.50
217.950	35.38	1.17	41.25	8.77	4.76	41.72	101.20	5	21.50
218.010	35.27	1.18	41.60	8.87	4.72	41.83	100.50	5	22.00
218.114	35.03	1.25	43.87	8.91	4.84	43.11	98.30	5	22.00
218.259	35.17	1.27	44.74	8.89	5.04	44.81	100.20	5	22.00
218.319	34.96	1.26	44.05	8.97	5.04	45.26	102.80	5	22.50
218.423	35.02	1.27	44.64	9.10	4.83	43.98	98.50	5	22.50
218.568	35.02	1.30	45.47	9.10	5.00	45.53	100.10	5	22.50
218.628	34.77	1.35	46.91	9.13	5.10	46.59	99.30	5	23.00
218.732	34.72	1.36	47.38	9.24	5.06	46.71	98.60	5	23.00
218.877	34.46	1.40	48.27	9.28	5.11	47.37	98.10	5	23.00
218.937	34.52	1.39	47.89	9.32	5.08	47.32	98.80	5	23.50
219.041	34.19	1.47	50.11	9.43	5.14	48.45	96.70	5	23.50
219.186	34.24	1.47	50.33	9.47	5.24	49.66	98.70	5	23.50
219.246	34.33	1.45	49.81	9.49	5.29	50.21	100.80	5	24.00
219.350	34.04	1.51	51.41	9.56	5.32	50.82	98.80	5	24.00
219.495	33.94	1.52	51.66	9.62	5.36	51.51	99.70	5	24.00
219.555	34.44	1.46	50.43	9.63	5.36	51.58	102.30	5	24.50
219.659	34.30	1.51	51.65	9.89	4.77	47.12	91.20	5	24.50
219.804	34.29	1.49	51.07	9.86	5.33	52.52	102.80	5	24.50
219.864	33.97	1.55	52.61	9.90	5.32	52.67	100.10	5	25.00
219.968	33.44	1.64	54.85	9.91	5.35	53.05	96.70	5	25.00
220.113	33.42	1.66	55.36	9.98	5.42	54.13	97.80	5	25.00
220.173	33.57	1.64	54.89	10.01	5.31	53.17	96.90	5	25.00
220.277	33.39	1.67	55.68	10.12	5.29	53.58	96.20	5	25.50
220.422	33.43	1.67	55.73	10.22	5.29	54.09	97.10	5	25.50
220.482	33.60	1.63	54.75	10.30	5.17	53.29	97.30	5	25.50
220.586	33.47	1.67	55.87	10.43	5.30	55.24	98.90	5	26.00
220.731	33.41	1.63	54.34	10.66	5.15	54.83	100.90	5	26.00
220.792	33.18	1.64	54.57	10.67	4.97	53.08	97.30	5	26.00
220.896	33.17	1.67	55.26	10.71	5.11	54.76	99.10	5	26.50
221.041	33.26	1.68	55.76	10.92	4.94	53.98	96.80	5	26.50
221.101	33.58	1.63	54.66	10.93	4.90	53.53	97.90	5	26.50
221.205	33.31	1.65	55.08	11.03	5.09	56.09	101.80	5	27.00
221.350	33.08	1.70	56.31	11.03	5.40	59.58	105.80	5	27.00
221.411	33.03	1.72	56.86	11.20	4.91	54.94	96.60	5	27.00
221.515	33.21	1.69	56.29	11.23	5.07	56.96	101.20	5	27.50
221.660	32.86	1.74	57.30	11.30	4.86	54.95	95.90	5	27.50
221.720	32.85	1.74	57.03	11.33	4.86	55.02	96.50	5	27.50
221.824	32.56	1.77	57.62	11.37	4.94	56.17	97.50	5	28.00
221.969	32.50	1.78	57.77	11.45	4.96	56.82	98.40	5	28.00
222.029	32.47	1.77	57.62	11.50	4.88	56.18	97.50	5	28.00
222.133	32.30	1.80	58.25	11.59	4.99	57.80	99.20	5	28.50
222.278	31.95	1.84	58.86	11.58	4.95	57.30	97.40	5	28.50
222.338	32.32	1.81	58.59	11.69	4.84	56.62	96.60	5	28.50
222.442	31.80	1.86	59.17	11.72	4.88	57.16	96.60	5	29.00
222.587	31.92	1.86	59.26	11.79	4.96	58.55	98.80	5	29.00
222.647	31.59	1.88	59.41	11.74	4.92	57.70	97.10	5	29.00
222.751	31.50	1.89	59.42	11.77	4.88	57.49	96.70	5	29.50
222.896	31.34	1.91	59.75	11.86	4.99	59.23	99.10	5	29.50
222.956	31.02	1.93	60.00	11.78	4.95	58.31	97.20	5	29.50
223.060	30.84	1.94	59.96	11.76	4.97	58.52	97.60	5	30.00
223.205	30.86	1.96	60.36	11.93	4.80	57.28	94.90	5	30.00
223.265	30.60	1.98	60.60	11.75	4.98	58.57	96.70	5	30.00
223.369	30.34	1.99	60.36	11.83	4.95	58.55	97.00	5	30.50
223.514	29.94	2.00	60.00	11.93	4.74	56.56	94.30	5	30.50
223.574	29.73	2.02	59.99	11.77	4.92	57.99	96.70	5	30.50
223.678	29.63	2.03	60.16	11.83	4.94	58.44	97.10	5	31.00
223.823	29.40	2.05	60.17	11.96	4.69	56.04	93.10	5	31.00
223.883	29.12	2.06	59.91	11.80	4.90	57.75	96.40	5	31.00
223.987	28.95	2.05	59.45	11.74	4.95	58.12	97.80	5	31.50
224.132	28.16	2.07	58.42	11.73	4.71	55.21	94.50	5	31.50
224.192	28.27	2.07	58.50	11.76	4.83	56.87	97.20	5	31.50
224.296	27.94	2.07	57.95	11.67	4.76	55.50	95.80	5	32.00
224.441	27.41	2.09	57.26	11.60	4.74	55.00	96.10	5	32.00
224.501	27.10	2.08	56.43	11.47	4.80	55.10	97.60	5	32.00
224.605	27.01	2.09	56.48	11.50	4.71	54.17	95.90	5	32.50
224.750	26.11	2.10	54.74	11.43	4.58	52.30	95.50	5	32.50
224.810	26.22	2.09	54.73	11.35	4.80	54.46	99.50	5	32.50
224.914	25.72	2.10	53.89	11.19	4.79	53.63	99.50	5	33.00
225.059	25.21	2.10	53.01	11.29	4.24	47.83	90.20	5	33.00
225.119	24.97	2.10	52.51	11.26	4.09	46.03	87.60	5	33.00
225.223	24.62	2.12	52.08	10.94	4.69	51.28	98.50	5	33.50
225.368	23.75	2.11	50.06	10.75	4.46	47.95	95.80	5	33.50
225.428	23.77	2.11	50.06	10.71	4.50	48.22	96.30	5	33.50
225.532	23.56	2.11	49.62	10.64	4.43	47.14	95.00	5	34.00
225.677	22.79	2.12	48.37	10.47	4.41	46.19	95.50	5	34.00
225.737	22.47	2.11	47.50	10.38	4.41	45.74	96.30	5	34.00
225.841	22.31	2.10	46.94	10.31	4.46	46.02	98.00	5	34.00
225.986	21.38	2.12	45.28	10.05	4.34	43.61	96.30	5	34.50
226.046	21.33	2.13	45.35	10.06	4.41	44.39	97.90	5	34.50
226.150	21.09	2.12	44.63	9.95	4.25	42.25	94.70	5	34.50
226.295	20.05	2.13	42.64	9.67	4.14	40.04	93.90	5	35.00
226.355	20.03	2.12	42.43	9.63	4.16	40.03	94.40	5	35.00
226.459	19.35	2.12	41.05	9.31	4.40	41.01	99.90	5	35.00
226.603	18.57	2.13	39.61	9.03	4.32	39.04	98.60	5	35.50
226.663	18.57	2.13	39.55	9.03	4.25	38.40	97.10	5	35.50
226.767	18.43	2.13	39.22	8.96	4.21	37.72	96.20	5	35.50
226.912	17.89	2.14	38.24	8.83	4.11	36.25	94.80	5	36.00
226.972	17.49	2.14	37.43	8.74	4.02	35.14	93.90	5	36.00
227.076	17.13	2.15	36.90	8.60	4.06	34.91	94.60	5	36.00
227.221	16.61	2.18	36.22	8.39	4.20	35.20	97.20	5	36.50
227.281	16.64	2.17	36.09	8.39	4.15	34.80	96.40	5	36.50
227.385	16.38	2.21	36.15	8.29	4.18	34.61	95.80	5	36.50
227.530	16.10	2.28	36.68	8.22	4.20	34.47	94.00	5	37.00
227.590	16.07	2.30	37.04	8.19	4.16	34.05	91.90	5	37.00
227.694	15.89	2.34	37.26	8.10	4.33	35.02	94.00	5	37.00
227.839	15.71	2.37	37.24	8.17	4.23	34.54	92.70	5	37.50
227.899	15.68	2.39	37.45	8.15	4.27	34.78	92.90	5	37.50
228.003	15.71	2.36	37.14	8.25	4.14	34.15	91.90	5	37.50
228.148	15.56	2.40	37.28	8.27	4.19	34.66	93.00	5	38.00
228.208	15.33	2.46	37.74	8.11	4.36	35.37	93.70	5	38.00
228.312	15.29	2.46	37.63	8.16	4.33	35.32	93.90	5	38.00
228.457	15.16	2.51	38.08	8.18	4.31	35.28	92.60	5	38.50
228.517	15.10	2.56	38.71	8.14	4.27	34.78	89.80	5	38.50
228.621	15.11	2.53	38.17	8.18	4.39	35.91	94.10	5	38.50
228.766	14.94	2.59	38.77	8.19	4.35	35.59	91.80	5	39.00
228.826	14.91	2.60	38.70	8.27	4.32	35.70	92.20	5	39.00
228.930	14.89	2.61	38.83	8.30	4.20	34.85	89.80	5	39.00
229.075	14.69	2.66	39.12	8.23	4.30	35.39	90.50	5	39.50
229.135	14.59	2.69	39.27	8.21	4.32	35.45	90.30	5	39.50
229.239	14.58	2.69	39.18	8.21	4.37	35.87	91.50	5	39.50
229.384	14.40	2.70	38.80	8.26	4.33	35.79	92.20	5	40.00
229.444	14.50	2.69	39.03	8.32	4.42	36.83	94.40	5	40.00
229.548	14.34	2.70	38.74	8.33	4.36	36.28	93.70	5	40.00
229.693	14.23	2.74	38.97	8.37	4.31	36.08	92.60	5	40.50
229.753	14.02	2.79	39.11	8.27	4.39	36.30	92.80	5	40.50
229.857	14.07	2.79	39.31	8.30	4.30	35.68	90.80	5	40.50
230.002	14.05	2.81	39.54	8.35	4.23	35.30	89.30	5	41.00
230.062	13.94	2.83	39.45	8.28	4.37	36.21	91.80	5	41.00
230.166	13.86	2.84	39.37	8.29	4.37	36.19	91.90	5	41.00
230.311	13.64	2.88	39.22	8.26	4.28	35.36	90.10	5	41.50
230.371	13.66	2.88	39.31	8.29	4.29	35.57	90.50	5	41.50
230.475	13.46	2.91	39.15	8.16	4.37	35.65	91.10	5	41.50
230.620	13.37	2.93	39.24	8.22	4.26	34.97	89.10	5	42.00
230.680	13.28	2.93	38.98	8.25	4.30	35.48	91.00	5	42.00
230.784	13.36	2.93	39.17	8.31	4.19	34.82	88.90	5	42.00
230.929	13.23	2.95	39.07	8.29	4.17	34.58	88.50	5	42.50
230.989	13.15	2.96	38.98	8.26	4.36	36.01	92.40	5	42.50
231.093	12.88	3.00	38.63	8.17	4.13	33.76	87.40	5	42.50
231.238	12.69	3.04	38.57	8.02	4.36	35.00	90.70	5	43.00
231.298	12.69	3.04	38.55	8.14	4.30	35.00	90.80	5	43.00
231.402	12.49	3.06	38.21	8.03	4.23	33.97	88.90	5	43.00
231.547	12.45	3.04	37.85	8.01	4.43	35.49	93.70	5	43.50
231.607	12.33	3.07	37.91	7.98	4.27	34.08	89.90	5	43.50
231.711	12.33	3.05	37.64	8.16	4.23	34.53	91.70	5	43.50
231.856	11.93	3.11	37.11	7.89	4.35	34.34	92.50	5	44.00
231.916	12.05	3.09	37.25	8.08	4.04	32.67	87.70	5	44.00
232.020	11.85	3.09	36.56	7.93	4.42	35.02	95.80	5	44.00
232.165	11.59	3.14	36.36	7.83	4.02	31.43	86.40	5	44.50
232.225	11.79	3.12	36.74	7.99	4.06	32.39	88.20	5	44.50
232.329	11.68	3.13	36.52	7.99	4.08	32.63	89.30	5	44.50
232.474	11.15	3.16	35.24	7.66	4.01	30.74	87.20	5	45.00
232.534	11.17	3.15	35.24	7.69	3.89	29.93	84.90	5	45.00
232.638	11.13	3.17	35.32	7.73	4.04	31.26	88.50	5	45.00
232.783	11.25	3.18	35.78	7.74	3.92	30.38	84.90	5	45.50
232.843	10.99	3.19	35.07	7.68	3.66	28.11	80.10	5	45.50
232.947	10.55	3.21	33.81	7.34	4.19	30.79	91.00	5	45.50
233.092	10.89	3.19	34.78	7.68	4.03	30.95	89.00	5	46.00
233.152	10.60	3.21	34.05	7.50	4.00	29.98	88.10	5	46.00
233.256	10.26	3.22	33.06	7.37	3.99	29.39	88.90	5	46.00
233.401	10.28	3.23	33.18	7.26	3.98	28.88	87.00	5	46.00
233.461	10.07	3.24	32.66	7.24	3.94	28.55	87.40	5	46.50
233.565	9.92	3.22	31.97	7.22	3.88	27.98	87.50	5	46.50
233.709	9.58	3.25	31.09	7.07	3.88	27.43	88.20	5	46.50
233.769	9.50	3.24	30.82	7.03	3.91	27.48	89.20	5	47.00
233.872	9.37	3.25	30.45	6.92	3.97	27.46	90.20	5	47.00
234.016	9.28	3.26	30.23	6.79	3.90	26.45	87.50	5	47.00
234.076	9.00	3.26	29.29	6.67	3.75	25.02	85.40	5	47.50
234.179	8.70	3.25	28.31	6.55	3.70	24.22	85.60	5	47.50
234.323	8.57	3.26	27.96	6.33	3.86	24.43	87.40	5	47.50
234.383	8.38	3.26	27.31	6.26	3.87	24.22	88.70	5	48.00
234.486	8.21	3.27	26.81	6.27	3.54	22.21	82.80	5	48.00
234.630	7.88	3.26	25.70	6.11	3.56	21.75	84.60	5	48.00
234.690	7.54	3.26	24.61	5.78	3.73	21.56	87.60	5	48.50
234.793	7.02	3.27	22.99	5.41	3.67	19.83	86.20	5	48.50
234.937	5.85	3.28	19.21	4.38	3.79	16.57	86.20	5	48.50
234.997	5.54	3.26	18.08	4.00	3.73	14.90	82.40	5	49.00
235.100	4.20	3.28	13.80	2.85	3.66	10.43	75.60	5	49.00
235.244	3.75	3.28	12.29	2.39	3.64	8.73	71.00	5	49.00
235.304	3.84	3.28	12.61	2.34	3.65	8.55	67.80	5	49.50
235.407	3.69	3.28	12.10	2.27	3.63	8.24	68.20	5	49.50
235.551	3.56	3.29	11.68	2.25	3.62	8.15	69.70	5	49.50
235.611	3.54	3.29	11.65	2.22	3.62	8.06	69.20	5	50.00
235.714	3.54	3.29	11.65	2.19	3.59	7.87	67.60	5	50.00
235.858	3.33	3.27	10.88	2.17	3.54	7.67	70.50	5	50.00
235.918	3.31	3.28	10.85	2.17	3.55	7.69	70.90	5	50.00
236.021	3.30	3.28	10.82	2.19	3.52	7.72	71.30	5	50.50
236.165	3.25	3.28	10.66	2.15	3.54	7.61	71.40	5	50.50
236.225	3.18	3.28	10.42	2.15	3.51	7.55	72.40	5	50.50
236.328	3.20	3.29	10.53	2.12	3.45	7.30	69.30	5	51.00
236.472	3.20	3.28	10.50	2.13	3.44	7.33	69.80	5	51.00
236.532	3.19	3.29	10.49	2.12	3.44	7.29	69.50	5	51.00
236.635	3.12	3.29	10.28	2.10	3.39	7.13	69.40	5	51.50
236.779	3.09	3.28	10.14	2.07	3.39	7.03	69.40	5	51.50
236.839	3.15	3.29	10.34	2.06	3.36	6.92	67.00	5	51.50
236.942	2.98	3.28	9.79	2.06	3.33	6.84	69.90	5	52.00
237.086	2.97	3.29	9.76	2.05	3.31	6.79	69.60	5	52.00
237.146	2.99	3.28	9.83	2.03	3.32	6.75	68.70	5	52.00
237.249	2.87	3.29	9.43	2.01	3.27	6.58	69.70	5	52.50
237.393	2.77	3.30	9.14	2.00	3.28	6.56	71.80	5	52.50
237.453	2.92	3.29	9.58	1.99	3.26	6.50	67.80	5	52.50
237.556	2.72	3.29	8.95	1.96	3.22	6.32	70.50	5	53.00
237.700	2.78	3.29	9.14	1.94	3.22	6.26	68.40	5	53.00
237.760	2.82	3.28	9.27	1.94	3.20	6.20	66.90	5	53.00
237.863	2.70	3.29	8.88	1.94	3.17	6.14	69.10	5	53.50
238.007	2.68	3.28	8.80	1.90	3.15	5.97	67.90	5	53.50
238.067	2.69	3.29	8.85	1.91	3.14	5.98	67.60	5	53.50
238.170	2.64	3.30	8.72	1.89	3.12	5.91	67.80	5	54.00
238.314	2.75	3.29	9.03	1.89	3.09	5.83	64.50	5	54.00
238.374	2.64	3.29	8.68	1.89	3.08	5.81	67.00	5	54.00
238.477	2.49	3.29	8.19	1.89	3.05	5.76	70.30	5	54.50
238.621	2.51	3.28	8.23	1.85	3.03	5.60	68.10	5	54.50
238.681	2.58	3.29	8.49	1.85	3.04	5.60	66.00	5	54.50
238.784	2.49	3.30	8.22	1.83	3.00	5.47	66.50	5	55.00
238.928	2.55	3.29	8.37	1.79	2.99	5.35	63.90	5	55.00
238.988	2.50	3.29	8.23	1.82	2.95	5.38	65.40	5	55.00
239.091	2.43	3.28	7.97	1.80	2.94	5.28	66.30	5	55.50
239.235	2.24	3.29	7.36	1.81	2.93	5.28	71.70	5	55.50
239.295	2.33	3.29	7.68	1.79	2.93	5.25	68.30	5	55.50
239.398	2.46	3.29	8.11	1.78	2.92	5.20	64.10	5	56.00
239.542	2.32	3.30	7.66	1.78	2.88	5.13	67.00	5	56.00
239.602	2.38	3.30	7.84	1.74	2.89	5.02	64.00	5	56.00
239.705	2.20	3.30	7.25	1.74	2.87	4.99	68.80	5	56.00
239.849	2.25	3.30	7.42	1.70	2.81	4.77	64.30	5	56.50
239.909	2.26	3.30	7.45	1.71	2.80	4.78	64.20	5	56.50
240.012	2.12	3.30	6.98	1.72	2.79	4.80	68.80	5	56.50
240.156	2.10	3.29	6.92	1.69	2.77	4.67	67.50	5	57.00
240.216	2.12	3.30	6.99	1.68	2.76	4.64	66.50	5	57.00
240.319	1.96	3.30	6.46	1.68	2.78	4.68	72.50	5	57.00
240.463	2.18	3.29	7.15	1.64	2.76	4.53	63.30	5	57.50
240.523	2.15	3.29	7.08	1.63	2.75	4.49	63.40	5	57.50
240.626	2.10	3.30	6.94	1.64	2.70	4.41	63.60	5	57.50
240.770	2.16	3.30	7.12	1.62	2.68	4.36	61.30	5	58.00
240.830	2.10	3.31	6.95	1.61	2.67	4.29	61.70	5	58.00
240.933	1.95	3.30	6.43	1.62	2.68	4.33	67.40	5	58.00
241.077	1.95	3.31	6.46	1.59	2.64	4.20	65.10	5	58.50
241.137	1.98	3.31	6.53	1.60	2.63	4.21	64.40	5	58.50
241.240	1.98	3.30	6.51	1.58	2.62	4.12	63.30	5	58.50
241.384	1.77	3.30	5.84	1.53	2.60	3.99	68.30	5	59.00
241.444	1.76	3.30	5.82	1.54	2.59	3.99	68.60	5	59.00
241.547	1.78	3.29	5.87	1.56	2.54	3.96	67.50	5	59.00
241.691	1.76	3.30	5.80	1.54	2.52	3.90	67.20	5	59.50
241.751	1.73	3.30	5.72	1.54	2.52	3.88	67.80	5	59.50
241.854	1.77	3.29	5.84	1.55	2.48	3.85	65.80	5	59.50
241.998	1.83	3.30	6.05	1.50	2.48	3.72	61.60	5	60.00
242.058	1.81	3.30	5.96	1.50	2.44	3.66	61.40	5	60.00
242.161	1.70	3.29	5.59	1.51	2.41	3.63	64.80	5	60.00
242.305	1.78	3.29	5.85	1.51	2.39	3.60	61.60	5	60.50
242.365	1.69	3.29	5.56	1.51	2.40	3.61	64.90	5	60.50
242.468	1.74	3.31	5.75	1.51	2.40	3.61	62.80	5	60.50
242.612	1.50	3.29	4.94	1.48	2.38	3.53	71.50	5	61.00
242.672	1.65	3.29	5.42	1.46	2.37	3.45	63.70	5	61.00
242.775	1.64	3.30	5.42	1.47	2.37	3.48	64.20	5	61.00
242.919	1.52	3.30	5.01	1.46	2.33	3.41	68.10	5	61.50
242.979	1.57	3.30	5.19	1.45	2.30	3.33	64.20	5	61.50
243.082	1.60	3.30	5.27	1.44	2.29	3.30	62.60	5	61.50
243.226	1.54	3.31	5.10	1.43	2.31	3.31	64.90	5	62.00
243.286	1.49	3.31	4.93	1.42	2.28	3.24	65.80	5	62.00
243.389	1.56	3.31	5.18	1.43	2.27	3.24	62.60	5	62.00
243.533	1.55	3.31	5.14	1.43	2.26	3.24	62.90	5	62.50
243.593	1.63	3.31	5.41	1.42	2.22	3.17	58.60	5	62.50
243.696	1.62	3.30	5.34	1.41	2.23	3.15	59.00	5	62.50
243.840	1.58	3.32	5.23	1.39	2.23	3.10	59.30	5	63.00
243.900	1.65	3.31	5.46	1.38	2.22	3.06	56.10	5	63.00
244.003	1.57	3.31	5.21	1.38	2.19	3.03	58.20	5	63.00
244.147	1.46	3.32	4.84	1.36	2.19	2.99	61.70	5	63.50
244.207	1.41	3.32	4.67	1.36	2.17	2.95	63.10	5	63.50
244.310	1.46	3.32	4.83	1.35	2.11	2.86	59.20	5	63.50
244.454	1.33	3.31	4.42	1.35	2.12	2.87	64.90	5	64.00
244.514	1.43	3.31	4.75	1.33	2.10	2.80	58.90	5	64.00
244.617	1.26	3.32	4.17	1.32	2.08	2.75	65.90	5	64.00
244.761	1.33	3.33	4.42	1.31	2.09	2.74	62.10	5	64.50
244.821	1.28	3.32	4.26	1.32	2.06	2.72	63.80	5	64.50
244.924	1.26	3.31	4.18	1.30	2.06	2.68	64.10	5	64.50
245.068	1.22	3.33	4.05	1.31	2.03	2.66	65.60	5	65.00
245.128	1.15	3.33	3.83	1.28	2.03	2.60	67.90	5	65.00
245.231	1.14	3.31	3.78	1.29	2.05	2.64	69.80	5	65.00
245.375	1.37	3.31	4.53	1.29	2.04	2.64	58.10	5	65.00
245.435	1.29	3.31	4.25	1.29	2.00	2.57	60.50	5	65.50
245.538	1.07	3.31	3.55	1.28	1.98	2.54	71.60	5	65.50
245.682	1.25	3.31	4.15	1.26	1.95	2.46	59.10	5	65.50
245.742	1.24	3.31	4.12	1.24	1.93	2.38	57.70	5	66.00
245.845	1.25	3.32	4.13	1.25	1.93	2.40	58.10	5	66.00
245.989	1.10	3.32	3.66	1.25	1.94	2.44	66.50	5	66.00
246.049	1.19	3.31	3.94	1.24	1.91	2.37	60.10	5	66.50
246.152	1.22	3.31	4.03	1.25	1.89	2.36	58.70	5	66.50
246.296	1.16	3.33	3.86	1.24	1.91	2.36	61.10	5	66.50
246.356	1.14	3.33	3.80	1.24	1.90	2.36	62.00	5	67.00
246.459	1.02	3.32	3.40	1.22	1.86	2.26	66.60	5	67.00
246.603	1.15	3.32	3.83	1.21	1.85	2.24	58.60	5	67.00
246.663	1.08	3.32	3.58	1.19	1.85	2.20	61.50	5	67.50
246.766	1.09	3.32	3.64	1.19	1.84	2.18	60.10	5	67.50
246.910	1.05	3.32	3.50	1.17	1.85	2.16	61.80	5	67.50
246.970	1.05	3.33	3.49	1.18	1.84	2.16	61.90	5	68.00
247.073	1.03	3.33	3.43	1.15	1.81	2.08	60.70	5	68.00
247.217	1.10	3.33	3.66	1.09	1.80	1.96	53.50	5	68.00
247.277	0.92	3.32	3.05	1.12	1.77	1.98	65.00	5	68.50
247.380	0.91	3.32	3.02	1.10	1.78	1.95	64.50	5	68.50
247.524	1.02	3.32	3.38	1.10	1.77	1.94	57.50	5	68.50
247.584	0.88	3.32	2.93	1.12	1.75	1.96	66.90	5	68.50
247.687	0.83	3.33	2.77	1.09	1.75	1.91	69.10	5	69.00
247.831	1.07	3.32	3.56	1.10	1.72	1.89	53.00	5	69.00
247.891	1.03	3.32	3.41	1.12	1.69	1.89	55.50	5	69.00
247.994	0.93	3.32	3.09	1.11	1.67	1.85	59.90	5	69.50
248.138	1.00	3.32	3.31	1.06	1.67	1.77	53.60	5	69.50
248.198	0.95	3.32	3.16	1.09	1.65	1.79	56.70	5	69.50
248.301	0.97	3.33	3.21	1.09	1.65	1.80	56.10	5	70.00
248.445	1.05	3.34	3.49	1.06	1.68	1.79	51.30	5	70.00
248.505	1.00	3.34	3.35	1.06	1.67	1.77	53.00	5	70.00
248.608	1.05	3.33	3.49	1.05	1.63	1.72	49.20	5	70.50
248.752	0.97	3.34	3.24	1.05	1.59	1.67	51.40	5	70.50
248.812	0.95	3.33	3.16	1.05	1.60	1.68	53.10	5	70.50
248.915	0.92	3.33	3.05	1.06	1.59	1.69	55.40	5	71.00
249.059	0.93	3.33	3.09	1.03	1.60	1.65	53.30	5	71.00
249.119	0.87	3.33	2.91	1.04	1.58	1.65	56.60	5	71.00
249.222	0.89	3.33	2.95	1.01	1.57	1.58	53.70	5	71.50
249.366	0.98	3.33	3.26	1.01	1.56	1.58	48.50	5	71.50
249.426	0.96	3.32	3.19	1.02	1.56	1.59	49.90	5	71.50
249.529	0.99	3.33	3.28	1.02	1.55	1.58	48.30	5	72.00
249.673	0.85	3.33	2.84	0.97	1.53	1.49	52.40	5	72.00
249.733	0.72	3.33	2.41	0.98	1.54	1.50	62.50	5	72.00
249.836	0.76	3.34	2.55	0.98	1.51	1.48	58.00	5	72.50
249.980	0.85	3.33	2.82	0.96	1.46	1.40	49.70	5	72.50
250.040	0.80	3.33	2.66	0.96	1.49	1.43	53.90	5	72.50
250.143	0.82	3.33	2.74	0.95	1.47	1.39	50.60	5	73.00
250.287	0.73	3.32	2.44	0.92	1.44	1.33	54.60	5	73.00
250.347	0.79	3.32	2.62	0.95	1.45	1.37	52.30	5	73.00
250.450	0.76	3.33	2.54	0.94	1.43	1.35	53.10	5	73.50
250.594	0.57	3.33	1.91	0.94	1.44	1.36	71.20	5	73.50
250.654	0.68	3.33	2.26	0.93	1.42	1.32	58.40	5	73.50
250.757	0.72	3.33	2.41	0.92	1.43	1.31	54.60	5	74.00
250.901	0.71	3.33	2.36	0.91	1.41	1.28	54.10	5	74.00
250.961	0.72	3.33	2.39	0.90	1.39	1.25	52.20	5	74.00
251.064	0.63	3.34	2.11	0.88	1.41	1.25	59.30	5	74.50
251.208	0.71	3.34	2.39	0.88	1.38	1.22	51.00	5	74.50
251.268	0.65	3.33	2.17	0.90	1.38	1.25	57.30	5	74.50
251.371	0.68	3.33	2.25	0.90	1.39	1.26	55.80	5	75.00
251.515	0.68	3.34	2.26	0.87	1.34	1.17	51.70	5	75.00
251.575	0.52	3.33	1.72	0.86	1.34	1.16	67.10	5	75.00
251.678	0.54	3.33	1.79	0.86	1.31	1.14	63.60	5	75.50
251.822	0.63	3.36	2.12	0.87	1.30	1.13	53.10	5	75.50
251.882	0.54	3.35	1.80	0.85	1.31	1.12	62.30	5	75.50
251.985	0.65	3.35	2.18	0.86	1.30	1.12	51.30	5	75.50
252.129	0.63	3.34	2.10	0.85	1.26	1.08	51.10	5	76.00
252.189	0.62	3.34	2.09	0.84	1.23	1.04	49.70	5	76.00
252.292	0.67	3.34	2.23	0.85	1.27	1.07	48.00	5	76.00
252.436	0.67	3.34	2.25	0.81	1.25	1.01	44.70	5	76.50
252.496	0.62	3.35	2.06	0.80	1.24	0.99	48.20	5	76.50
252.599	0.58	3.35	1.96	0.80	1.25	1.00	50.90	5	76.50
252.743	0.66	3.34	2.22	0.80	1.24	0.99	44.40	5	77.00
252.803	0.68	3.34	2.28	0.79	1.22	0.96	42.30	5	77.00
252.906	0.60	3.35	2.00	0.79	1.20	0.95	47.30	5	77.00
253.050	0.45	3.33	1.51	0.78	1.18	0.92	61.10	5	77.50
253.110	0.47	3.34	1.55	0.78	1.19	0.92	59.40	5	77.50
253.213	0.53	3.34	1.77	0.78	1.19	0.93	52.20	5	77.50
253.357	0.57	3.34	1.90	0.77	1.18	0.91	47.90	5	78.00
253.417	0.51	3.36	1.70	0.76	1.17	0.89	52.10	5	78.00
253.520	0.54	3.35	1.80	0.77	1.17	0.90	50.00	5	78.00
253.664	0.47	3.35	1.56	0.74	1.14	0.84	53.70	5	78.50
253.724	0.49	3.35	1.66	0.74	1.12	0.82	49.70	5	78.50
253.827	0.48	3.34	1.61	0.72	1.16	0.83	51.80	5	78.50
253.971	0.54	3.35	1.79	0.71	1.14	0.81	45.00	5	79.00
254.031	0.40	3.34	1.32	0.73	1.11	0.81	61.30	5	79.00
254.134	0.47	3.34	1.56	0.73	1.12	0.81	52.10	5	79.00
254.278	0.31	3.34	1.05	0.70	1.11	0.78	74.30	5	79.50
254.338	0.46	3.34	1.54	0.69	1.09	0.75	48.80	5	79.50
254.441	0.49	3.35	1.63	0.69	1.08	0.75	45.90	5	79.50
254.585	0.50	3.33	1.68	0.67	1.07	0.72	43.10	5	80.00
254.645	0.55	3.34	1.84	0.69	1.05	0.72	39.20	5	80.00
254.748	0.43	3.34	1.42	0.67	1.07	0.72	50.70	5	80.00
254.892	0.44	3.34	1.46	0.68	1.07	0.72	49.30	5	80.50
254.952	0.46	3.34	1.54	0.67	1.02	0.68	44.30	5	80.50
255.055	0.52	3.34	1.75	0.66	1.01	0.67	38.30	5	80.50
255.199	0.44	3.34	1.47	0.64	1.05	0.68	46.20	5	81.00
255.259	0.41	3.33	1.38	0.65	1.02	0.67	48.10	5	81.00
255.362	0.42	3.33	1.41	0.65	1.00	0.65	46.10	5	81.00
255.506	0.47	3.35	1.58	0.62	0.98	0.61	38.80	5	81.50
255.566	0.51	3.34	1.70	0.64	0.98	0.63	37.10	5	81.50
255.669	0.43	3.34	1.45	0.63	0.96	0.61	42.10	5	81.50
255.813	0.52	3.34	1.75	0.65	0.95	0.61	35.00	5	82.00
255.873	0.48	3.34	1.61	0.62	0.95	0.59	36.40	5	82.00
255.976	0.38	3.33	1.28	0.62	0.95	0.59	46.00	5	82.00
256.120	0.35	3.35	1.17	0.57	0.96	0.55	46.70	5	82.50
256.180	0.47	3.33	1.56	0.58	0.94	0.54	34.90	5	82.50
256.283	0.44	3.33	1.46	0.62	0.94	0.58	40.00	5	82.50
256.427	0.40	3.33	1.34	0.58	0.96	0.56	41.60	5	83.00
256.487	0.39	3.33	1.31	0.57	0.95	0.54	41.10	5	83.00
256.590	0.48	3.33	1.59	0.56	0.91	0.51	32.20	5	83.00
256.734	0.43	3.33	1.44	0.53	0.89	0.47	32.70	5	83.50
256.794	0.42	3.34	1.41	0.52	0.88	0.46	32.60	5	83.50
256.897	0.46	3.34	1.55	0.54	0.88	0.47	30.40	5	83.50
257.041	0.42	3.34	1.41	0.55	0.86	0.48	33.90	5	84.00
257.101	0.45	3.34	1.50	0.54	0.86	0.47	31.30	5	84.00
257.204	0.42	3.34	1.42	0.51	0.86	0.44	31.10	5	84.00
257.348	0.39	3.33	1.30	0.52	0.86	0.45	34.40	5	84.50
257.408	0.40	3.33	1.34	0.53	0.83	0.44	32.60	5	84.50
257.511	0.35	3.33	1.18	0.50	0.82	0.41	34.80	5	84.50
257.655	0.37	3.35	1.24	0.50	0.82	0.41	33.20	5	84.50
257.715	0.36	3.34	1.21	0.50	0.82	0.41	33.60	5	85.00
257.818	0.29	3.34	0.98	0.48	0.80	0.38	39.10	5	85.00
257.962	0.41	3.32	1.37	0.46	0.80	0.36	26.60	5	85.00
258.022	0.38	3.33	1.27	0.47	0.79	0.37	29.50	5	85.50
258.125	0.34	3.34	1.14	0.47	0.77	0.36	31.80	5	85.50
258.269	0.32	3.33	1.06	0.46	0.77	0.36	33.80	5	85.50
258.329	0.26	3.34	0.87	0.44	0.77	0.34	38.60	5	86.00
258.432	0.29	3.34	0.98	0.46	0.76	0.35	35.40	5	86.00
258.576	0.27	3.34	0.91	0.47	0.74	0.35	38.10	5	86.00
258.636	0.23	3.34	0.78	0.46	0.74	0.34	42.80	5	86.50
258.739	0.28	3.33	0.93	0.46	0.74	0.34	36.20	5	86.50
258.883	0.32	3.33	1.06	0.45	0.73	0.33	30.70	5	86.50
258.943	0.28	3.33	0.92	0.43	0.73	0.31	33.90	5	87.00
259.046	0.18	3.33	0.60	0.45	0.72	0.33	54.00	5	87.00
259.190	0.13	3.33	0.45	0.44	0.72	0.32	0.00	5	87.00
259.250	0.20	3.33	0.66	0.42	0.72	0.30	45.40	5	87.50
259.353	0.19	3.33	0.65	0.42	0.70	0.29	45.40	5	87.50
259.497	0.23	3.32	0.77	0.42	0.71	0.30	38.40	5	87.50
259.557	0.21	3.33	0.69	0.42	0.68	0.29	41.80	5	87.50
259.660	0.35	3.33	1.17	0.41	0.67	0.27	23.50	5	88.00
259.804	0.31	3.34	1.03	0.38	0.70	0.26	25.30	5	88.00
259.864	0.29	3.34	0.96	0.39	0.68	0.26	27.40	5	88.00
259.967	0.28	3.34	0.92	0.38	0.65	0.24	26.50	5	88.50
260.111	0.18	3.35	0.62	0.37	0.67	0.25	40.40	5	88.50
260.171	0.20	3.34	0.68	0.40	0.67	0.27	39.50	5	88.50
260.274	0.28	3.34	0.93	0.38	0.65	0.25	26.50	5	89.00
260.418	0.29	3.34	0.96	0.36	0.62	0.22	23.00	5	89.00
260.478	0.25	3.34	0.84	0.34	0.63	0.21	25.20	5	89.00
260.581	0.11	3.34	0.37	0.33	0.62	0.21	0.00	5	89.50
260.725	0.26	3.34	0.86	0.33	0.61	0.20	23.20	5	89.50
260.785	0.28	3.34	0.93	0.32	0.61	0.20	21.20	5	89.50
260.888	0.18	3.34	0.61	0.33	0.57	0.19	30.90	5	90.00
261.032	0.24	3.34	0.80	0.33	0.59	0.20	25.00	5	90.00
261.092	0.29	3.33	0.97	0.34	0.58	0.20	20.70	5	90.00
261.195	0.31	3.32	1.02	0.32	0.55	0.18	17.30	5	90.50
261.339	0.27	3.32	0.90	0.31	0.55	0.17	18.80	5	90.50
261.399	0.27	3.32	0.90	0.31	0.57	0.18	19.70	5	90.50
261.502	0.22	3.33	0.75	0.32	0.55	0.18	23.70	5	91.00
261.646	0.26	3.33	0.86	0.30	0.55	0.17	19.40	5	91.00
261.706	0.22	3.33	0.74	0.30	0.56	0.16	22.20	5	91.00
261.809	0.17	3.33	0.57	0.29	0.53	0.15	26.30	5	91.50
261.953	0.29	3.33	0.95	0.29	0.52	0.15	15.80	5	91.50
262.013	0.20	3.33	0.66	0.29	0.52	0.15	23.20	5	91.50
262.116	0.11	3.33	0.37	0.29	0.51	0.15	0.00	5	92.00
262.260	0.16	3.32	0.52	0.26	0.51	0.13	26.00	5	92.00
262.320	0.12	3.34	0.40	0.27	0.52	0.14	0.00	5	92.00
262.423	0.19	3.34	0.62	0.26	0.52	0.14	21.80	5	92.50
262.567	0.26	3.34	0.86	0.23	0.48	0.11	12.60	5	92.50
262.627	0.23	3.34	0.78	0.25	0.48	0.12	15.10	5	92.50
262.730	0.25	3.33	0.84	0.23	0.45	0.10	12.50	5	93.00
262.874	0.25	3.33	0.83	0.25	0.45	0.11	13.30	5	93.00
262.934	0.20	3.33	0.66	0.25	0.47	0.12	17.40	5	93.00
263.037	0.23	3.34	0.76	0.25	0.49	0.12	15.90	5	93.50
