372.338	38.15	0.00	0.00	0.01	0.20	0.00	0.00	5	0.00
372.398	38.20	0.00	0.00	0.02	0.20	0.00	0.00	5	0.00
372.501	38.12	0.00	0.00	0.03	0.20	0.01	0.00	5	0.00
372.645	38.08	0.00	0.00	0.03	0.20	0.01	0.00	5	0.50
372.705	38.05	0.00	0.00	0.04	0.20	0.01	0.00	5	0.50
372.808	37.99	0.00	0.00	0.04	0.20	0.01	0.00	5	0.50
372.952	38.15	0.00	0.00	0.04	0.20	0.01	0.00	5	0.50
373.012	38.13	0.00	0.00	0.23	0.43	0.10	0.00	5	1.00
373.115	38.14	0.00	0.00	0.38	0.61	0.23	0.00	5	1.00
373.259	38.12	0.00	0.00	0.43	0.71	0.30	0.00	5	1.00
373.319	38.04	0.00	0.00	0.51	0.83	0.42	0.00	5	1.50
373.422	38.11	0.00	0.00	0.63	0.90	0.57	0.00	5	1.50
373.566	38.05	0.00	0.00	0.65	0.97	0.63	0.00	5	1.50
373.626	38.00	0.00	0.00	0.70	1.03	0.73	0.00	5	2.00
373.729	37.98	0.00	0.00	0.81	1.15	0.93	0.00	5	2.00
373.873	38.02	0.00	0.00	0.82	1.20	0.99	0.00	5	2.00
373.933	38.03	0.00	0.00	0.90	1.33	1.20	0.00	5	2.50
374.036	38.04	0.00	0.00	1.01	1.62	1.64	0.00	5	2.50
374.180	37.90	0.00	0.00	1.07	1.73	1.85	0.00	5	2.50
374.240	37.92	0.00	0.00	1.12	1.77	1.97	0.00	5	3.00
374.343	37.88	0.00	0.00	1.19	1.90	2.27	0.00	5	3.00
374.487	37.96	0.00	0.00	1.23	2.03	2.49	0.00	5	3.00
374.547	37.94	0.00	0.00	1.24	2.05	2.55	0.00	5	3.50
374.650	37.88	0.00	0.00	1.36	2.24	3.03	0.00	5	3.50
374.794	38.02	0.00	0.00	1.39	2.29	3.20	0.00	5	3.50
374.854	38.06	0.00	0.00	1.41	2.31	3.25	0.00	5	4.00
374.957	38.01	0.00	0.00	1.48	2.45	3.62	0.00	5	4.00
375.101	37.91	0.00	0.00	1.49	2.52	3.76	0.00	5	4.00
375.161	37.88	0.00	0.00	1.50	2.52	3.78	0.00	5	4.50
375.264	37.88	0.00	0.00	1.60	2.67	4.27	0.00	5	4.50
375.408	37.86	0.00	0.00	1.65	2.76	4.55	0.00	5	4.50
375.468	37.82	0.00	0.00	1.65	2.76	4.57	0.00	5	4.50
375.571	37.83	0.00	0.00	1.74	2.93	5.10	0.00	5	5.00
375.715	37.73	0.00	0.00	1.76	3.02	5.32	0.00	5	5.00
375.775	37.67	0.00	0.00	1.76	3.06	5.38	0.00	5	5.00
375.878	37.67	0.00	0.00	1.85	3.24	5.99	0.00	5	5.50
376.022	37.61	0.01	0.25	1.86	3.33	6.20	0.00	5	5.50
376.082	37.71	0.01	0.23	1.89	3.36	6.35	0.00	5	5.50
376.185	37.69	0.04	1.55	1.98	3.53	7.00	452.10	5	6.00
376.329	37.59	0.05	1.83	2.05	3.68	7.55	412.60	5	6.00
376.389	37.56	0.05	1.88	2.07	3.67	7.60	404.40	5	6.00
376.492	37.56	0.08	2.97	2.15	3.84	8.25	277.70	5	6.50
376.636	37.47	0.10	3.81	2.17	3.98	8.64	226.80	5	6.50
376.696	37.36	0.10	3.91	2.18	4.00	8.71	222.80	5	6.50
376.799	37.29	0.13	4.97	2.28	4.19	9.58	192.90	5	7.00
376.943	37.26	0.16	6.00	2.32	4.40	10.18	169.60	5	7.00
377.003	37.34	0.17	6.18	2.32	4.39	10.20	165.10	5	7.00
377.106	37.35	0.19	7.02	2.40	4.51	10.82	154.10	5	7.50
377.250	37.21	0.21	7.95	2.48	4.62	11.46	144.20	5	7.50
377.310	37.18	0.21	7.73	2.49	4.64	11.56	149.60	5	7.50
377.413	37.17	0.24	8.76	2.56	4.77	12.20	139.20	5	8.00
377.557	37.11	0.28	10.35	2.63	4.95	13.03	125.90	5	8.00
377.617	37.06	0.29	10.58	2.63	4.99	13.14	124.20	5	8.00
377.721	36.97	0.31	11.28	2.70	5.12	13.80	122.40	5	8.50
377.866	36.81	0.34	12.47	2.77	5.32	14.73	118.10	5	8.50
377.926	36.91	0.35	12.95	2.77	5.35	14.80	114.30	5	8.50
378.030	36.87	0.37	13.79	2.82	5.46	15.38	111.50	5	9.00
378.175	36.70	0.41	14.93	2.90	5.65	16.41	109.90	5	9.00
378.235	36.70	0.42	15.40	2.90	5.67	16.46	106.90	5	9.00
378.339	36.65	0.45	16.38	2.95	5.75	16.95	103.50	5	9.50
378.484	36.41	0.49	17.81	3.03	5.94	17.99	101.00	5	9.50
378.544	36.55	0.49	17.90	3.03	5.96	18.08	101.00	5	9.50
378.648	36.45	0.51	18.51	3.09	6.05	18.72	101.10	5	10.00
378.793	36.44	0.56	20.23	3.19	6.22	19.80	97.90	5	10.00
378.853	36.45	0.56	20.56	3.19	6.26	19.96	97.10	5	10.00
378.957	36.36	0.58	21.08	3.20	6.27	20.04	95.10	5	10.50
379.102	36.24	0.64	23.31	3.31	6.54	21.62	92.80	5	10.50
379.162	36.18	0.64	23.17	3.31	6.51	21.53	92.90	5	10.50
379.266	36.18	0.65	23.35	3.35	6.55	21.92	93.80	5	11.00
379.411	36.08	0.70	25.37	3.48	6.70	23.29	91.80	5	11.00
379.471	36.01	0.71	25.70	3.48	6.72	23.42	91.10	5	11.00
379.575	35.87	0.71	25.54	3.46	6.71	23.24	91.00	5	11.50
379.720	35.69	0.79	28.04	3.61	6.96	25.11	89.60	5	11.50
379.780	35.71	0.79	28.24	3.62	6.97	25.19	89.20	5	11.50
379.884	35.67	0.79	28.34	3.63	7.01	25.46	89.80	5	12.00
380.029	35.50	0.87	30.89	3.73	7.21	26.93	87.20	5	12.00
380.089	35.43	0.88	31.17	3.74	7.23	27.06	86.80	5	12.00
380.193	35.51	0.89	31.48	3.74	7.24	27.09	86.10	5	12.00
380.338	35.14	0.97	34.12	3.87	7.49	28.97	84.90	5	12.50
380.398	34.94	0.98	34.37	3.89	7.50	29.18	84.90	5	12.50
380.502	35.02	1.00	34.99	3.88	7.57	29.33	83.80	5	12.50
380.646	34.69	1.07	36.96	3.98	7.69	30.56	82.70	5	13.00
380.706	34.72	1.06	36.74	3.99	7.60	30.35	82.60	5	13.00
380.810	34.72	1.07	37.12	3.98	7.65	30.46	82.10	5	13.00
380.955	33.97	1.12	37.90	4.01	7.79	31.22	82.40	5	13.50
381.015	33.87	1.12	37.91	4.02	7.78	31.27	82.50	5	13.50
381.118	33.74	1.14	38.42	4.04	7.78	31.43	81.80	5	13.50
381.263	33.02	1.17	38.61	4.08	7.75	31.60	81.80	5	14.00
381.323	32.90	1.18	38.79	4.07	7.76	31.62	81.50	5	14.00
381.427	32.82	1.18	38.81	4.10	7.75	31.78	81.90	5	14.00
381.572	31.99	1.19	37.96	4.15	7.65	31.80	83.70	5	14.50
381.632	31.78	1.20	38.15	4.16	7.62	31.68	83.00	5	14.50
381.736	31.56	1.20	37.97	4.12	7.58	31.28	82.40	5	14.50
381.881	30.87	1.23	37.86	4.17	7.47	31.11	82.20	5	15.00
381.941	30.59	1.22	37.44	4.13	7.45	30.77	82.20	5	15.00
382.045	30.43	1.23	37.56	4.15	7.44	30.85	82.10	5	15.00
382.190	29.25	1.23	36.00	4.08	7.35	30.01	83.40	5	15.50
382.250	29.10	1.23	35.71	4.09	7.29	29.77	83.30	5	15.50
382.354	29.04	1.23	35.65	4.07	7.25	29.46	82.60	5	15.50
382.499	27.45	1.24	34.01	3.96	7.17	28.34	83.30	5	16.00
382.559	27.14	1.24	33.70	3.96	7.11	28.18	83.60	5	16.00
382.663	27.01	1.24	33.52	3.97	7.08	28.06	83.70	5	16.00
382.808	25.92	1.23	31.98	3.87	6.91	26.72	83.50	5	16.50
382.868	25.48	1.24	31.52	3.82	6.88	26.27	83.30	5	16.50
382.972	25.24	1.24	31.40	3.79	6.88	26.08	83.10	5	16.50
383.117	23.97	1.26	30.13	3.67	6.73	24.69	81.90	5	17.00
383.177	23.58	1.25	29.58	3.63	6.71	24.31	82.20	5	17.00
383.281	23.30	1.26	29.43	3.60	6.65	23.98	81.50	5	17.00
383.426	22.49	1.25	28.05	3.55	6.58	23.36	83.30	5	17.50
383.486	22.31	1.24	27.76	3.53	6.54	23.07	83.10	5	17.50
383.590	22.05	1.25	27.53	3.51	6.50	22.82	82.90	5	17.50
383.735	21.40	1.26	26.87	3.46	6.40	22.15	82.40	5	18.00
383.795	21.05	1.26	26.42	3.43	6.33	21.73	82.20	5	18.00
383.899	20.68	1.25	25.93	3.39	6.29	21.29	82.10	5	18.00
384.044	19.14	1.17	22.47	3.21	5.91	18.97	84.40	5	18.50
384.104	17.95	1.09	19.61	3.04	5.52	16.78	85.50	5	18.50
384.208	17.01	1.04	17.72	2.88	5.26	15.16	85.60	5	18.50
384.353	16.61	1.06	17.65	2.89	5.27	15.23	86.30	5	19.00
384.413	16.57	1.08	17.86	2.87	5.30	15.22	85.20	5	19.00
384.517	16.40	1.10	18.03	2.87	5.31	15.22	84.40	5	19.00
384.662	16.39	1.12	18.41	2.88	5.37	15.45	83.90	5	19.50
384.722	16.38	1.15	18.81	2.88	5.41	15.60	82.90	5	19.50
384.826	16.31	1.16	18.92	2.92	5.37	15.71	83.10	5	19.50
384.971	16.54	1.19	19.68	2.92	5.47	15.98	81.20	5	20.00
385.031	16.49	1.21	19.88	2.95	5.50	16.25	81.80	5	20.00
385.135	16.47	1.25	20.52	3.02	5.61	16.94	82.50	5	20.00
385.280	16.48	1.31	21.52	3.09	5.71	17.65	82.00	5	20.50
385.340	16.44	1.34	22.05	3.12	5.78	18.03	81.80	5	20.50
385.444	16.43	1.35	22.23	3.12	5.81	18.09	81.40	5	20.50
385.589	16.32	1.40	22.89	3.13	5.91	18.51	80.90	5	21.00
385.649	16.28	1.44	23.38	3.15	5.98	18.83	80.50	5	21.00
385.753	16.25	1.46	23.68	3.16	5.99	18.89	79.80	5	21.00
385.898	16.27	1.48	24.15	3.16	6.02	19.04	78.80	5	21.50
385.958	16.12	1.51	24.39	3.20	6.06	19.37	79.40	5	21.50
386.062	16.02	1.53	24.44	3.23	6.10	19.72	80.70	5	21.50
386.207	15.66	1.49	23.39	3.17	5.96	18.87	80.70	5	22.00
386.267	15.48	1.51	23.41	3.18	5.95	18.90	80.80	5	22.00
386.371	15.54	1.54	23.97	3.20	6.00	19.16	79.90	5	22.00
386.516	15.43	1.57	24.30	3.21	6.01	19.25	79.20	5	22.50
386.576	15.40	1.61	24.87	3.25	6.07	19.75	79.40	5	22.50
386.680	15.35	1.63	25.07	3.25	6.12	19.90	79.40	5	22.50
386.825	15.09	1.61	24.34	3.20	5.99	19.13	78.60	5	23.00
386.885	14.86	1.63	24.28	3.17	6.00	19.02	78.30	5	23.00
386.989	15.33	1.75	26.90	3.33	6.28	20.89	77.60	5	23.00
387.134	15.68	1.80	28.19	3.39	6.45	21.85	77.50	5	23.50
387.194	15.62	1.84	28.77	3.43	6.49	22.26	77.40	5	23.50
387.298	15.50	1.89	29.33	3.45	6.57	22.65	77.20	5	23.50
387.443	15.47	1.91	29.55	3.46	6.61	22.90	77.50	5	24.00
387.503	15.46	1.94	29.97	3.48	6.63	23.07	77.00	5	24.00
387.607	15.53	1.97	30.64	3.51	6.65	23.35	76.20	5	24.00
387.752	15.39	1.98	30.50	3.53	6.68	23.56	77.30	5	24.00
387.812	15.22	2.02	30.78	3.54	6.70	23.69	77.00	5	24.50
387.916	15.21	2.06	31.33	3.55	6.72	23.83	76.10	5	24.50
388.060	15.18	2.09	31.76	3.55	6.78	24.05	75.70	5	24.50
388.120	15.13	2.12	32.10	3.56	6.80	24.21	75.40	5	25.00
388.224	15.01	2.16	32.36	3.60	6.81	24.52	75.80	5	25.00
388.369	15.12	2.18	32.88	3.62	6.81	24.63	74.90	5	25.00
388.429	14.96	2.19	32.78	3.63	6.80	24.69	75.30	5	25.50
388.533	14.87	2.22	33.05	3.66	6.83	24.96	75.50	5	25.50
388.678	14.90	2.24	33.34	3.67	6.83	25.06	75.20	5	25.50
388.738	14.75	2.27	33.41	3.69	6.86	25.33	75.80	5	26.00
388.842	14.68	2.30	33.79	3.71	6.88	25.56	75.70	5	26.00
388.987	14.62	2.31	33.72	3.72	6.91	25.72	76.30	5	26.00
389.047	14.63	2.33	34.07	3.71	6.90	25.61	75.20	5	26.50
389.151	14.43	2.38	34.28	3.74	6.92	25.88	75.50	5	26.50
389.296	14.45	2.38	34.46	3.79	6.91	26.19	76.00	5	26.50
389.356	14.42	2.39	34.48	3.78	6.91	26.10	75.70	5	27.00
389.460	14.31	2.42	34.60	3.82	6.88	26.25	75.90	5	27.00
389.605	14.29	2.46	35.13	3.81	6.92	26.36	75.00	5	27.00
389.665	14.24	2.48	35.25	3.80	6.96	26.46	75.00	5	27.50
389.769	13.99	2.53	35.43	3.81	6.98	26.59	75.10	5	27.50
389.914	13.86	2.55	35.38	3.82	7.01	26.79	75.70	5	27.50
389.974	13.95	2.55	35.62	3.81	6.99	26.67	74.90	5	28.00
390.078	13.79	2.59	35.71	3.83	7.01	26.87	75.30	5	28.00
390.223	13.70	2.59	35.53	3.86	7.00	26.99	76.00	5	28.00
390.283	13.77	2.60	35.82	3.85	6.98	26.88	75.00	5	28.50
390.387	13.62	2.66	36.18	3.86	7.00	27.01	74.70	5	28.50
390.532	13.45	2.69	36.18	3.84	7.00	26.90	74.30	5	28.50
390.592	13.40	2.70	36.18	3.80	7.04	26.75	73.90	5	29.00
390.696	13.04	2.77	36.10	3.79	7.04	26.69	73.90	5	29.00
390.841	13.06	2.78	36.27	3.82	7.06	27.00	74.40	5	29.00
390.901	13.07	2.78	36.38	3.83	7.06	27.00	74.20	5	29.00
391.005	12.88	2.81	36.15	3.81	7.04	26.80	74.10	5	29.50
391.150	12.74	2.84	36.21	3.81	7.02	26.75	73.90	5	29.50
391.210	12.64	2.84	35.92	3.81	7.03	26.77	74.50	5	29.50
391.314	12.52	2.86	35.75	3.83	6.98	26.69	74.70	5	30.00
391.459	12.58	2.88	36.26	3.82	6.95	26.59	73.30	5	30.00
391.519	12.61	2.88	36.29	3.82	6.94	26.52	73.10	5	30.00
391.623	12.35	2.89	35.70	3.84	6.89	26.47	74.10	5	30.50
391.768	12.25	2.91	35.65	3.82	6.84	26.16	73.40	5	30.50
391.828	12.26	2.90	35.56	3.85	6.85	26.34	74.10	5	30.50
391.932	12.11	2.94	35.61	3.84	6.82	26.17	73.50	5	31.00
392.077	12.01	2.95	35.42	3.81	6.81	25.95	73.30	5	31.00
392.137	11.94	2.95	35.24	3.80	6.85	26.01	73.80	5	31.00
392.241	11.65	2.98	34.68	3.78	6.77	25.58	73.80	5	31.50
392.386	11.49	2.99	34.41	3.77	6.73	25.42	73.90	5	31.50
392.446	11.51	2.99	34.45	3.78	6.69	25.32	73.50	5	31.50
392.550	11.28	3.01	34.00	3.72	6.68	24.87	73.10	5	32.00
392.695	11.14	3.02	33.63	3.68	6.66	24.52	72.90	5	32.00
392.755	11.15	3.02	33.67	3.66	6.66	24.35	72.30	5	32.00
392.859	10.85	3.03	32.89	3.65	6.58	23.99	73.00	5	32.50
393.004	10.53	3.04	31.98	3.59	6.58	23.62	73.90	5	32.50
393.064	10.50	3.04	31.95	3.57	6.56	23.44	73.30	5	32.50
393.168	10.31	3.04	31.34	3.52	6.49	22.84	72.90	5	33.00
393.313	10.24	3.05	31.23	3.49	6.44	22.51	72.10	5	33.00
393.373	10.15	3.04	30.83	3.46	6.41	22.19	72.00	5	33.00
393.477	9.90	3.04	30.08	3.46	6.38	22.07	73.40	5	33.50
393.621	9.71	3.06	29.67	3.44	6.33	21.75	73.30	5	33.50
393.681	9.66	3.06	29.57	3.44	6.35	21.82	73.80	5	33.50
393.784	9.60	3.06	29.33	3.38	6.29	21.25	72.40	5	34.00
393.928	9.40	3.05	28.67	3.37	6.22	20.96	73.10	5	34.00
393.988	9.38	3.05	28.62	3.35	6.22	20.87	72.90	5	34.00
394.091	9.32	3.06	28.49	3.35	6.16	20.63	72.40	5	34.50
394.235	9.09	3.06	27.80	3.30	6.05	19.99	71.90	5	34.50
394.295	9.05	3.06	27.70	3.30	6.04	19.93	72.00	5	34.50
394.398	8.87	3.07	27.20	3.26	6.02	19.61	72.10	5	35.00
394.542	8.66	3.07	26.57	3.26	5.99	19.53	73.50	5	35.00
394.602	8.62	3.07	26.46	3.24	5.98	19.37	73.20	5	35.00
394.705	8.68	3.07	26.65	3.22	5.94	19.13	71.80	5	35.50
394.849	8.39	3.07	25.77	3.16	5.89	18.61	72.20	5	35.50
394.909	8.34	3.08	25.69	3.15	5.86	18.44	71.80	5	35.50
395.012	8.37	3.07	25.70	3.14	5.83	18.31	71.30	5	36.00
395.156	8.14	3.07	25.04	3.10	5.71	17.74	70.90	5	36.00
395.216	8.10	3.07	24.85	3.09	5.72	17.66	71.10	5	36.00
395.319	8.07	3.08	24.83	3.10	5.74	17.79	71.70	5	36.50
395.463	8.15	3.07	25.03	3.05	5.65	17.25	68.90	5	36.50
395.523	7.99	3.07	24.55	3.06	5.63	17.19	70.00	5	36.50
395.626	7.73	3.08	23.81	3.07	5.61	17.22	72.30	5	36.50
395.770	7.61	3.08	23.47	3.05	5.51	16.81	71.60	5	37.00
395.830	7.56	3.09	23.35	3.04	5.52	16.79	71.90	5	37.00
395.933	7.51	3.08	23.11	3.02	5.50	16.61	71.90	5	37.00
396.077	7.34	3.08	22.62	2.99	5.40	16.17	71.50	5	37.50
396.137	7.33	3.08	22.58	2.98	5.39	16.06	71.10	5	37.50
396.240	7.25	3.07	22.27	2.97	5.38	15.96	71.70	5	37.50
396.384	7.09	3.09	21.86	2.93	5.31	15.57	71.20	5	38.00
396.444	7.00	3.08	21.56	2.91	5.30	15.42	71.50	5	38.00
396.547	6.98	3.08	21.49	2.91	5.28	15.35	71.40	5	38.00
396.691	6.76	3.08	20.82	2.86	5.22	14.95	71.80	5	38.50
396.751	6.71	3.09	20.72	2.88	5.21	15.00	72.40	5	38.50
396.854	6.74	3.08	20.73	2.87	5.20	14.90	71.90	5	38.50
396.998	6.54	3.09	20.20	2.83	5.12	14.51	71.80	5	39.00
397.058	6.50	3.08	19.99	2.79	5.11	14.27	71.40	5	39.00
397.161	6.39	3.08	19.64	2.77	5.08	14.05	71.50	5	39.00
397.305	6.20	3.09	19.18	2.73	5.02	13.68	71.30	5	39.50
397.365	6.33	3.08	19.49	2.75	5.00	13.74	70.50	5	39.50
397.468	6.36	3.08	19.59	2.74	4.98	13.66	69.80	5	39.50
397.612	6.27	3.08	19.31	2.72	4.96	13.46	69.70	5	40.00
397.672	6.22	3.07	19.08	2.71	4.92	13.32	69.80	5	40.00
397.775	5.99	3.08	18.45	2.70	4.89	13.18	71.50	5	40.00
397.919	6.00	3.08	18.49	2.69	4.81	12.96	70.10	5	40.50
397.979	5.96	3.08	18.34	2.67	4.81	12.86	70.10	5	40.50
398.082	5.81	3.08	17.93	2.74	4.79	13.12	73.20	5	40.50
398.226	5.82	3.08	17.91	2.73	4.76	13.01	72.60	5	41.00
398.286	5.83	3.08	17.95	2.75	4.71	12.98	72.30	5	41.00
398.389	5.85	3.08	18.04	2.74	4.70	12.89	71.40	5	41.00
398.533	5.77	3.07	17.72	2.72	4.65	12.66	71.40	5	41.50
398.593	5.77	3.07	17.71	2.73	4.62	12.62	71.30	5	41.50
398.696	5.68	3.08	17.47	2.69	4.62	12.46	71.30	5	41.50
398.840	5.41	3.08	16.63	2.69	4.58	12.30	74.00	5	42.00
398.900	5.41	3.08	16.65	2.70	4.56	12.30	73.90	5	42.00
399.003	5.37	3.08	16.55	2.68	4.53	12.17	73.50	5	42.00
399.147	5.33	3.08	16.39	2.65	4.49	11.92	72.70	5	42.50
399.207	5.28	3.07	16.22	2.65	4.46	11.83	72.90	5	42.50
399.310	5.10	3.08	15.68	2.62	4.45	11.67	74.40	5	42.50
399.454	5.05	3.09	15.59	2.62	4.40	11.53	73.90	5	43.00
399.514	5.09	3.09	15.74	2.59	4.37	11.32	71.90	5	43.00
399.617	5.04	3.08	15.53	2.59	4.35	11.26	72.50	5	43.00
399.761	5.18	3.10	16.09	2.58	4.35	11.26	70.00	5	43.50
399.821	5.11	3.10	15.84	2.57	4.32	11.12	70.20	5	43.50
399.924	4.92	3.09	15.19	2.55	4.28	10.91	71.80	5	43.50
400.068	4.88	3.10	15.15	2.56	4.27	10.93	72.10	5	44.00
400.128	4.83	3.09	14.96	2.53	4.23	10.72	71.70	5	44.00
400.231	4.83	3.09	14.92	2.52	4.22	10.62	71.10	5	44.00
400.375	4.72	3.08	14.53	2.49	4.19	10.45	71.90	5	44.50
400.435	4.59	3.08	14.14	2.47	4.14	10.24	72.40	5	44.50
400.538	4.54	3.08	14.02	2.49	4.11	10.25	73.10	5	44.50
400.682	4.59	3.08	14.15	2.45	4.11	10.08	71.20	5	45.00
400.742	4.52	3.08	13.90	2.44	4.05	9.90	71.20	5	45.00
400.845	4.48	3.09	13.83	2.44	4.03	9.83	71.10	5	45.00
400.989	4.44	3.09	13.71	2.43	4.05	9.85	71.80	5	45.50
401.049	4.29	3.09	13.26	2.43	4.00	9.72	73.30	5	45.50
401.152	4.32	3.09	13.35	2.42	3.97	9.62	72.10	5	45.50
401.296	4.42	3.09	13.65	2.43	3.97	9.63	70.50	5	45.50
401.356	4.24	3.09	13.10	2.40	3.94	9.46	72.20	5	46.00
401.459	4.13	3.09	12.79	2.35	3.88	9.11	71.20	5	46.00
401.603	4.11	3.10	12.75	2.35	3.88	9.14	71.70	5	46.00
401.663	4.11	3.10	12.72	2.37	3.85	9.11	71.60	5	46.50
401.766	4.15	3.09	12.84	2.35	3.81	8.94	69.60	5	46.50
401.910	4.06	3.10	12.59	2.34	3.82	8.97	71.20	5	46.50
401.970	3.98	3.09	12.31	2.34	3.80	8.88	72.20	5	47.00
402.073	3.93	3.09	12.15	2.31	3.75	8.64	71.10	5	47.00
402.217	3.86	3.09	11.95	2.29	3.77	8.63	72.20	5	47.00
402.277	3.94	3.08	12.15	2.29	3.74	8.56	70.40	5	47.50
402.380	3.75	3.08	11.56	2.25	3.69	8.31	71.90	5	47.50
402.524	3.86	3.09	11.93	2.24	3.69	8.27	69.30	5	47.50
402.584	3.79	3.10	11.75	2.24	3.64	8.13	69.20	5	48.00
402.687	3.74	3.08	11.53	2.23	3.63	8.09	70.10	5	48.00
402.831	3.63	3.10	11.25	2.19	3.64	7.97	70.90	5	48.00
402.891	3.66	3.10	11.36	2.20	3.65	8.05	70.90	5	48.50
402.994	3.59	3.10	11.10	2.17	3.56	7.71	69.40	5	48.50
403.138	3.52	3.09	10.88	2.18	3.56	7.74	71.20	5	48.50
403.198	3.59	3.09	11.11	2.17	3.57	7.76	69.80	5	49.00
403.301	3.41	3.10	10.54	2.15	3.51	7.55	71.60	5	49.00
403.445	3.36	3.09	10.39	2.13	3.49	7.44	71.60	5	49.00
403.505	3.32	3.09	10.28	2.14	3.48	7.44	72.40	5	49.00
403.608	3.29	3.09	10.17	2.14	3.45	7.38	72.50	5	49.50
403.752	3.26	3.09	10.07	2.12	3.43	7.25	72.00	5	49.50
403.812	3.28	3.09	10.13	2.12	3.43	7.27	71.70	5	49.50
403.915	3.21	3.09	9.91	2.10	3.38	7.10	71.70	5	50.00
404.059	3.15	3.10	9.75	2.10	3.36	7.05	72.30	5	50.00
404.119	3.17	3.09	9.79	2.09	3.34	6.97	71.20	5	50.00
404.222	3.16	3.10	9.78	2.05	3.31	6.81	69.60	5	50.50
404.366	3.08	3.10	9.55	2.05	3.31	6.80	71.20	5	50.50
404.426	3.12	3.09	9.64	2.03	3.30	6.72	69.70	5	50.50
404.529	3.00	3.09	9.27	2.02	3.26	6.57	70.80	5	51.00
404.673	3.10	3.10	9.62	2.01	3.25	6.54	68.00	5	51.00
404.733	3.08	3.10	9.56	2.00	3.25	6.51	68.10	5	51.00
404.836	2.92	3.09	9.03	1.97	3.21	6.33	70.20	5	51.50
404.980	2.77	3.11	8.61	1.95	3.18	6.21	72.20	5	51.50
405.040	2.90	3.11	9.00	1.93	3.19	6.17	68.50	5	51.50
405.143	2.74	3.10	8.52	1.94	3.16	6.13	72.00	5	52.00
405.287	2.92	3.11	9.07	1.95	3.17	6.18	68.10	5	52.00
405.347	2.93	3.11	9.11	1.95	3.14	6.12	67.30	5	52.00
405.450	2.83	3.11	8.79	1.91	3.10	5.94	67.60	5	52.50
405.594	2.82	3.10	8.74	1.87	3.10	5.78	66.10	5	52.50
405.654	2.75	3.10	8.52	1.89	3.10	5.86	68.80	5	52.50
405.757	2.59	3.10	8.01	1.86	3.05	5.69	71.10	5	53.00
405.901	2.53	3.10	7.83	1.85	3.01	5.56	71.00	5	53.00
405.961	2.48	3.10	7.70	1.84	3.04	5.59	72.60	5	53.00
406.064	2.60	3.10	8.08	1.83	3.00	5.48	67.80	5	53.50
406.208	2.70	3.11	8.38	1.80	2.98	5.37	64.10	5	53.50
406.268	2.59	3.11	8.04	1.80	2.99	5.39	67.00	5	53.50
406.371	2.57	3.11	7.99	1.81	2.96	5.34	66.80	5	54.00
406.515	2.27	3.11	7.05	1.83	2.92	5.34	75.80	5	54.00
406.575	2.43	3.10	7.52	1.81	2.91	5.26	69.90	5	54.00
406.678	2.47	3.10	7.65	1.80	2.88	5.18	67.80	5	54.50
406.822	2.41	3.10	7.47	1.75	2.87	5.02	67.20	5	54.50
406.882	2.40	3.10	7.43	1.75	2.85	4.99	67.10	5	54.50
406.985	2.14	3.10	6.64	1.76	2.85	5.02	75.60	5	55.00
407.129	2.33	3.11	7.23	1.76	2.78	4.90	67.80	5	55.00
407.189	2.38	3.11	7.40	1.74	2.79	4.87	65.80	5	55.00
407.292	2.27	3.11	7.06	1.73	2.79	4.82	68.40	5	55.50
407.436	2.34	3.10	7.25	1.70	2.75	4.68	64.60	5	55.50
407.496	2.22	3.11	6.89	1.68	2.73	4.58	66.50	5	55.50
407.599	2.09	3.09	6.44	1.69	2.79	4.71	73.10	5	56.00
407.743	2.13	3.09	6.59	1.67	2.74	4.57	69.40	5	56.00
407.803	2.18	3.09	6.75	1.67	2.72	4.54	67.20	5	56.00
407.906	2.17	3.10	6.73	1.68	2.68	4.49	66.80	5	56.00
408.050	2.06	3.10	6.38	1.65	2.64	4.36	68.30	5	56.50
408.110	2.10	3.10	6.52	1.65	2.64	4.37	67.10	5	56.50
408.213	2.02	3.10	6.25	1.66	2.66	4.43	70.80	5	56.50
408.357	2.07	3.11	6.43	1.63	2.65	4.32	67.10	5	57.00
408.417	2.06	3.11	6.38	1.62	2.62	4.26	66.70	5	57.00
408.520	2.00	3.11	6.22	1.64	2.61	4.27	68.70	5	57.00
408.664	1.92	3.10	5.98	1.63	2.55	4.15	69.50	5	57.50
408.724	1.99	3.10	6.17	1.61	2.55	4.10	66.50	5	57.50
408.827	1.93	3.10	5.99	1.60	2.52	4.03	67.30	5	57.50
408.971	1.89	3.10	5.88	1.57	2.50	3.92	66.80	5	58.00
409.031	1.86	3.10	5.76	1.57	2.49	3.91	67.80	5	58.00
409.134	1.91	3.10	5.92	1.56	2.48	3.87	65.40	5	58.00
409.278	1.79	3.10	5.55	1.52	2.48	3.77	67.80	5	58.50
409.338	1.80	3.10	5.59	1.49	2.45	3.66	65.50	5	58.50
409.441	1.74	3.11	5.41	1.49	2.42	3.61	66.60	5	58.50
409.585	1.83	3.10	5.68	1.49	2.42	3.61	63.50	5	59.00
409.645	1.79	3.10	5.54	1.48	2.41	3.57	64.30	5	59.00
409.748	1.74	3.11	5.40	1.47	2.37	3.50	64.80	5	59.00
409.892	1.74	3.10	5.38	1.46	2.37	3.47	64.40	5	59.50
409.952	1.75	3.10	5.42	1.45	2.35	3.39	62.60	5	59.50
410.055	1.68	3.10	5.21	1.45	2.32	3.36	64.50	5	59.50
410.199	1.57	3.10	4.87	1.44	2.31	3.31	67.90	5	60.00
410.259	1.61	3.10	4.98	1.42	2.27	3.23	64.80	5	60.00
410.362	1.62	3.10	5.02	1.41	2.27	3.20	63.80	5	60.00
410.506	1.62	3.09	5.00	1.41	2.28	3.21	64.10	5	60.50
410.566	1.59	3.09	4.92	1.40	2.28	3.20	65.00	5	60.50
410.669	1.61	3.10	4.99	1.38	2.26	3.13	62.60	5	60.50
410.813	1.59	3.10	4.94	1.37	2.24	3.06	62.00	5	61.00
410.873	1.51	3.10	4.67	1.34	2.23	2.99	64.00	5	61.00
410.976	1.59	3.10	4.94	1.35	2.23	3.02	61.10	5	61.00
411.120	1.65	3.09	5.11	1.35	2.19	2.96	58.00	5	61.50
411.180	1.59	3.10	4.92	1.33	2.18	2.90	59.00	5	61.50
411.283	1.54	3.10	4.77	1.33	2.18	2.89	60.70	5	61.50
411.427	1.51	3.10	4.67	1.33	2.16	2.87	61.60	5	62.00
411.487	1.47	3.10	4.57	1.32	2.15	2.84	62.20	5	62.00
411.590	1.51	3.11	4.70	1.30	2.12	2.76	58.80	5	62.00
411.734	1.51	3.10	4.68	1.27	2.11	2.68	57.20	5	62.50
411.794	1.46	3.10	4.52	1.26	2.10	2.65	58.70	5	62.50
411.897	1.37	3.10	4.24	1.25	2.08	2.60	61.30	5	62.50
412.041	1.46	3.10	4.52	1.25	2.08	2.61	57.60	5	63.00
412.101	1.36	3.10	4.22	1.26	2.09	2.64	62.50	5	63.00
412.204	1.35	3.10	4.17	1.25	2.07	2.59	62.10	5	63.00
412.348	1.35	3.11	4.22	1.24	2.04	2.52	59.80	5	63.50
412.408	1.35	3.10	4.19	1.23	2.03	2.50	59.50	5	63.50
412.511	1.08	3.10	3.36	1.22	2.02	2.48	73.70	5	63.50
412.655	1.35	3.11	4.19	1.21	2.01	2.43	58.00	5	64.00
412.715	1.28	3.10	3.96	1.20	1.99	2.38	60.10	5	64.00
412.818	1.14	3.10	3.53	1.21	1.99	2.40	68.00	5	64.00
412.962	1.16	3.10	3.60	1.18	1.99	2.35	65.30	5	64.50
413.022	1.07	3.10	3.32	1.15	1.95	2.25	67.60	5	64.50
413.125	1.08	3.10	3.36	1.16	1.94	2.24	66.70	5	64.50
413.269	1.05	3.10	3.26	1.15	1.90	2.18	66.80	5	64.50
413.329	1.16	3.09	3.57	1.14	1.90	2.17	60.70	5	65.00
413.432	1.24	3.10	3.84	1.13	1.89	2.13	55.50	5	65.00
413.576	1.17	3.09	3.62	1.13	1.91	2.16	59.60	5	65.00
413.636	1.21	3.11	3.75	1.15	1.87	2.15	57.30	5	65.50
413.739	1.21	3.11	3.75	1.15	1.84	2.12	56.40	5	65.50
413.883	1.28	3.10	3.98	1.12	1.84	2.06	51.80	5	65.50
413.943	1.10	3.10	3.42	1.11	1.85	2.06	60.30	5	66.00
414.046	1.03	3.10	3.19	1.10	1.83	2.01	63.20	5	66.00
414.190	1.13	3.10	3.52	1.09	1.85	2.02	57.40	5	66.00
414.250	1.15	3.11	3.57	1.11	1.83	2.02	56.70	5	66.50
414.353	1.19	3.11	3.70	1.09	1.81	1.98	53.40	5	66.50
414.497	1.08	3.10	3.34	1.06	1.79	1.89	56.50	5	66.50
414.557	1.02	3.11	3.18	1.07	1.74	1.85	58.20	5	67.00
414.660	1.06	3.11	3.31	1.07	1.76	1.88	56.90	5	67.00
414.804	1.03	3.11	3.21	1.04	1.77	1.84	57.30	5	67.00
414.864	1.11	3.12	3.46	1.05	1.76	1.85	53.60	5	67.50
414.967	1.10	3.11	3.42	1.07	1.72	1.85	54.00	5	67.50
415.111	1.08	3.11	3.34	1.05	1.70	1.80	53.80	5	67.50
415.171	1.05	3.10	3.26	1.05	1.70	1.79	54.90	5	68.00
415.274	1.06	3.10	3.28	1.04	1.68	1.75	53.10	5	68.00
415.418	0.98	3.11	3.03	1.05	1.69	1.77	58.30	5	68.00
415.478	1.02	3.11	3.16	1.04	1.67	1.73	54.60	5	68.50
415.581	1.03	3.10	3.19	1.02	1.66	1.69	53.10	5	68.50
415.725	0.96	3.10	2.99	1.04	1.66	1.72	57.60	5	68.50
415.785	0.96	3.10	2.98	1.03	1.66	1.70	57.20	5	68.50
415.888	0.94	3.10	2.92	1.00	1.63	1.62	55.60	5	69.00
416.032	0.93	3.10	2.87	0.98	1.62	1.59	55.30	5	69.00
416.092	0.93	3.11	2.90	0.99	1.60	1.59	54.80	5	69.00
416.195	0.89	3.10	2.77	0.98	1.58	1.54	55.70	5	69.50
416.339	0.73	3.10	2.26	0.94	1.60	1.50	66.30	5	69.50
416.399	0.75	3.11	2.32	0.96	1.60	1.53	66.10	5	69.50
416.502	0.83	3.10	2.57	0.95	1.57	1.49	58.10	5	70.00
416.646	0.72	3.10	2.23	0.93	1.55	1.44	64.60	5	70.00
416.706	0.70	3.09	2.17	0.94	1.54	1.44	66.40	5	70.00
416.809	0.89	3.09	2.76	0.95	1.54	1.47	53.00	5	70.50
416.953	0.90	3.10	2.79	0.97	1.52	1.47	52.60	5	70.50
417.013	0.76	3.10	2.35	0.95	1.53	1.46	62.10	5	70.50
417.116	0.71	3.11	2.22	0.93	1.52	1.40	63.20	5	71.00
417.260	0.81	3.13	2.55	0.92	1.48	1.35	53.20	5	71.00
417.320	0.79	3.12	2.45	0.92	1.48	1.36	55.50	5	71.00
417.423	0.81	3.11	2.51	0.92	1.45	1.33	52.90	5	71.50
417.567	0.83	3.11	2.58	0.90	1.46	1.32	51.10	5	71.50
417.627	0.80	3.11	2.49	0.90	1.48	1.33	53.60	5	71.50
417.730	0.77	3.12	2.39	0.90	1.44	1.29	54.00	5	72.00
417.874	0.62	3.12	1.93	0.89	1.44	1.28	66.20	5	72.00
417.934	0.74	3.12	2.30	0.88	1.44	1.26	54.80	5	72.00
418.037	0.70	3.12	2.18	0.87	1.45	1.26	57.80	5	72.50
418.181	0.74	3.11	2.31	0.85	1.38	1.17	50.50	5	72.50
418.241	0.70	3.11	2.18	0.83	1.36	1.12	51.60	5	72.50
418.344	0.63	3.11	1.95	0.81	1.39	1.12	57.30	5	73.00
418.488	0.66	3.10	2.05	0.81	1.38	1.12	54.70	5	73.00
418.548	0.70	3.12	2.20	0.84	1.38	1.17	53.00	5	73.00
418.651	0.74	3.12	2.31	0.83	1.36	1.13	48.70	5	73.50
418.795	0.67	3.11	2.07	0.80	1.36	1.08	52.10	5	73.50
418.855	0.59	3.11	1.84	0.80	1.34	1.08	58.50	5	73.50
418.958	0.60	3.11	1.85	0.81	1.29	1.05	56.60	5	74.00
419.102	0.68	3.11	2.13	0.80	1.30	1.04	48.90	5	74.00
419.162	0.63	3.10	1.95	0.80	1.31	1.05	53.60	5	74.00
419.265	0.62	3.11	1.92	0.79	1.31	1.04	53.90	5	74.50
419.409	0.73	3.11	2.27	0.79	1.29	1.02	44.90	5	74.50
419.469	0.69	3.10	2.16	0.78	1.28	1.00	46.50	5	74.50
419.572	0.61	3.10	1.90	0.78	1.28	1.00	52.80	5	74.50
419.716	0.59	3.10	1.83	0.79	1.27	1.00	54.50	5	75.00
419.776	0.57	3.10	1.78	0.78	1.26	0.99	55.40	5	75.00
419.879	0.57	3.11	1.77	0.76	1.26	0.95	53.80	5	75.00
420.023	0.55	3.11	1.71	0.76	1.24	0.94	54.70	5	75.50
420.083	0.44	3.11	1.36	0.75	1.22	0.92	67.40	5	75.50
420.186	0.46	3.12	1.45	0.75	1.22	0.91	62.80	5	75.50
420.330	0.64	3.12	2.00	0.73	1.19	0.87	43.40	5	76.00
420.390	0.48	3.12	1.51	0.73	1.19	0.88	58.00	5	76.00
420.493	0.47	3.12	1.47	0.72	1.19	0.86	58.30	5	76.00
420.637	0.43	3.12	1.33	0.71	1.21	0.86	64.90	5	76.50
420.697	0.46	3.11	1.42	0.71	1.19	0.85	59.80	5	76.50
420.800	0.51	3.11	1.59	0.74	1.18	0.87	54.50	5	76.50
420.944	0.53	3.10	1.64	0.69	1.17	0.81	49.30	5	77.00
421.004	0.57	3.11	1.78	0.69	1.11	0.76	42.70	5	77.00
421.107	0.53	3.13	1.65	0.69	1.14	0.78	47.30	5	77.00
421.251	0.54	3.11	1.68	0.67	1.10	0.74	43.80	5	77.50
421.311	0.47	3.11	1.47	0.68	1.11	0.75	51.30	5	77.50
421.414	0.50	3.11	1.56	0.70	1.12	0.78	50.20	5	77.50
421.558	0.43	3.11	1.35	0.66	1.11	0.73	53.70	5	78.00
421.618	0.49	3.11	1.53	0.70	1.09	0.76	49.70	5	78.00
421.721	0.54	3.11	1.67	0.66	1.08	0.72	42.80	5	78.00
421.865	0.35	3.11	1.10	0.67	1.05	0.71	64.40	5	78.50
421.925	0.40	3.11	1.24	0.66	1.05	0.69	55.40	5	78.50
422.028	0.42	3.12	1.32	0.66	1.07	0.70	53.10	5	78.50
422.172	0.38	3.12	1.18	0.64	1.03	0.65	55.40	5	79.00
422.232	0.40	3.11	1.24	0.64	1.02	0.65	52.70	5	79.00
422.335	0.52	3.11	1.63	0.62	1.03	0.64	39.30	5	79.00
422.479	0.47	3.12	1.47	0.61	1.02	0.63	42.80	5	79.50
422.539	0.43	3.11	1.32	0.60	1.02	0.62	46.60	5	79.50
422.642	0.39	3.11	1.20	0.63	0.99	0.63	52.10	5	79.50
422.786	0.38	3.12	1.20	0.61	1.01	0.61	51.20	5	80.00
422.846	0.45	3.12	1.40	0.61	0.98	0.60	42.50	5	80.00
422.949	0.40	3.12	1.26	0.61	0.98	0.59	47.20	5	80.00
423.093	0.39	3.12	1.23	0.59	0.98	0.58	47.50	5	80.50
423.153	0.40	3.11	1.25	0.59	0.97	0.57	45.40	5	80.50
423.256	0.48	3.12	1.50	0.57	0.96	0.55	36.30	5	80.50
423.400	0.23	3.12	0.71	0.56	0.97	0.55	77.20	5	81.00
423.460	0.30	3.12	0.94	0.57	0.95	0.54	57.80	5	81.00
423.563	0.33	3.11	1.03	0.59	0.93	0.55	53.20	5	81.00
423.707	0.39	3.12	1.20	0.58	0.94	0.55	45.50	5	81.50
423.767	0.38	3.11	1.17	0.57	0.94	0.54	46.30	5	81.50
423.870	0.47	3.12	1.47	0.54	0.91	0.49	33.60	5	81.50
424.014	0.48	3.12	1.49	0.55	0.91	0.50	33.50	5	82.00
424.074	0.48	3.12	1.50	0.55	0.90	0.49	32.70	5	82.00
424.177	0.27	3.12	0.85	0.52	0.86	0.45	53.00	5	82.00
424.321	0.36	3.13	1.11	0.52	0.87	0.46	41.20	5	82.50
424.381	0.28	3.12	0.88	0.54	0.86	0.47	53.10	5	82.50
424.484	0.34	3.12	1.07	0.52	0.88	0.46	42.60	5	82.50
424.628	0.41	3.12	1.28	0.51	0.86	0.44	34.70	5	83.00
424.688	0.50	3.11	1.56	0.52	0.86	0.45	28.60	5	83.00
424.791	0.40	3.11	1.24	0.53	0.84	0.45	36.00	5	83.00
424.935	0.37	3.12	1.15	0.55	0.86	0.48	41.80	5	83.50
424.995	0.32	3.12	1.00	0.52	0.83	0.43	43.70	5	83.50
425.098	0.29	3.12	0.91	0.49	0.83	0.40	44.20	5	83.50
425.242	0.40	3.11	1.26	0.49	0.83	0.40	31.90	5	83.50
425.302	0.31	3.11	0.96	0.47	0.83	0.39	40.70	5	84.00
425.405	0.17	3.11	0.54	0.48	0.80	0.38	71.80	5	84.00
425.549	0.29	3.11	0.91	0.48	0.78	0.37	40.70	5	84.00
425.609	0.35	3.11	1.08	0.49	0.78	0.38	35.20	5	84.50
425.712	0.33	3.11	1.01	0.46	0.77	0.36	35.30	5	84.50
425.856	0.23	3.12	0.72	0.46	0.76	0.35	49.10	5	84.50
425.916	0.20	3.11	0.63	0.47	0.76	0.36	56.30	5	85.00
426.019	0.27	3.12	0.84	0.46	0.76	0.35	41.80	5	85.00
426.163	0.25	3.10	0.78	0.46	0.74	0.34	43.50	5	85.00
426.223	0.26	3.11	0.82	0.43	0.75	0.32	39.50	5	85.50
426.326	0.19	3.11	0.60	0.43	0.74	0.32	53.30	5	85.50
426.470	0.16	3.11	0.49	0.43	0.70	0.30	0.00	5	85.50
426.530	0.24	3.12	0.75	0.44	0.72	0.31	41.80	5	86.00
426.633	0.18	3.12	0.58	0.42	0.70	0.30	51.30	5	86.00
426.777	0.21	3.12	0.65	0.43	0.73	0.31	47.70	5	86.00
426.837	0.21	3.11	0.64	0.42	0.69	0.29	45.40	5	86.50
426.940	0.34	3.12	1.07	0.42	0.68	0.29	26.80	5	86.50
427.084	0.27	3.12	0.83	0.41	0.69	0.29	34.20	5	86.50
427.144	0.23	3.13	0.71	0.40	0.68	0.27	38.80	5	87.00
427.247	0.28	3.12	0.88	0.40	0.66	0.26	30.10	5	87.00
427.391	0.14	3.12	0.43	0.39	0.63	0.24	0.00	5	87.00
427.451	0.06	3.12	0.19	0.40	0.64	0.26	0.00	5	87.50
427.554	0.21	3.12	0.64	0.39	0.64	0.25	38.60	5	87.50
427.698	0.27	3.12	0.84	0.38	0.64	0.24	28.40	5	87.50
427.758	0.25	3.12	0.77	0.39	0.63	0.24	31.90	5	87.50
427.861	0.24	3.11	0.76	0.36	0.63	0.23	30.00	5	88.00
428.005	0.26	3.12	0.80	0.36	0.62	0.22	27.70	5	88.00
428.065	0.32	3.12	1.00	0.35	0.62	0.22	21.80	5	88.00
428.168	0.20	3.12	0.63	0.34	0.61	0.21	32.90	5	88.50
428.312	0.29	3.11	0.89	0.33	0.62	0.21	23.10	5	88.50
428.372	0.32	3.11	1.00	0.34	0.59	0.20	20.10	5	88.50
428.475	0.26	3.12	0.80	0.33	0.59	0.19	24.10	5	89.00
428.619	0.13	3.13	0.41	0.34	0.57	0.20	0.00	5	89.00
428.679	0.10	3.12	0.30	0.33	0.58	0.19	0.00	5	89.00
428.782	0.15	3.12	0.47	0.33	0.57	0.19	0.00	5	89.50
428.926	0.12	3.12	0.36	0.33	0.60	0.20	0.00	5	89.50
428.986	0.09	3.13	0.27	0.33	0.58	0.19	0.00	5	89.50
429.089	0.19	3.13	0.61	0.32	0.58	0.18	30.00	5	90.00
429.233	0.33	3.13	1.03	0.30	0.55	0.17	16.30	5	90.00
429.293	0.30	3.13	0.94	0.29	0.55	0.16	17.10	5	90.00
429.396	0.14	3.12	0.44	0.29	0.52	0.15	0.00	5	90.50
429.540	0.22	3.13	0.69	0.27	0.55	0.15	21.80	5	90.50
429.600	0.20	3.13	0.62	0.28	0.53	0.15	24.30	5	90.50
429.703	0.18	3.12	0.56	0.27	0.52	0.14	25.20	5	91.00
429.847	0.28	3.13	0.86	0.27	0.52	0.14	16.10	5	91.00
429.907	0.23	3.12	0.71	0.26	0.52	0.14	19.40	5	91.00
430.010	0.18	3.13	0.56	0.26	0.47	0.13	22.30	5	91.50
430.154	0.10	3.13	0.32	0.29	0.51	0.15	0.00	5	91.50
430.214	0.06	3.13	0.19	0.28	0.52	0.14	0.00	5	91.50
430.317	0.15	3.13	0.47	0.27	0.50	0.14	0.00	5	92.00
430.461	0.13	3.13	0.41	0.28	0.48	0.13	0.00	5	92.00
430.521	0.11	3.12	0.36	0.27	0.47	0.13	0.00	5	92.00
430.624	0.03	3.12	0.09	0.24	0.49	0.12	0.00	5	92.50
430.768	0.17	3.13	0.54	0.27	0.48	0.13	24.50	5	92.50
430.828	0.15	3.13	0.47	0.27	0.49	0.13	0.00	5	92.50
430.931	0.19	3.13	0.61	0.26	0.46	0.12	19.40	5	93.00
431.075	0.16	3.13	0.50	0.25	0.42	0.11	0.00	5	93.00
431.135	0.11	3.12	0.35	0.23	0.45	0.10	0.00	5	93.00
431.238	0.15	3.13	0.48	0.22	0.42	0.09	0.00	5	93.50
431.382	0.19	3.13	0.60	0.18	0.40	0.07	11.90	5	93.50
431.442	0.05	3.13	0.15	0.20	0.42	0.08	0.00	5	93.50
431.545	0.22	3.13	0.68	0.19	0.42	0.08	12.10	5	93.50
431.689	0.15	3.14	0.48	0.21	0.37	0.08	0.00	5	94.00
431.749	0.11	3.14	0.36	0.21	0.38	0.08	0.00	5	94.00
431.852	0.23	3.13	0.71	0.20	0.38	0.08	10.70	5	94.00
431.996	0.02	3.13	0.06	0.19	0.41	0.08	0.00	5	94.50
432.056	0.00	3.12	0.00	0.18	0.40	0.07	0.00	5	94.50
432.159	0.05	3.12	0.15	0.18	0.40	0.07	0.00	5	94.50
432.303	0.11	3.12	0.34	0.21	0.33	0.07	0.00	5	95.00
432.363	10.47	2.21	23.09	0.15	0.31	0.05	0.20	5	0.00
432.466	28.52	0.61	17.37	0.08	0.24	0.02	0.10	5	0.00
432.610	36.13	0.00	0.00	0.06	0.21	0.01	0.00	5	0.00
432.670	37.08	0.00	0.00	0.05	0.20	0.01	0.00	5	0.50
432.773	37.74	0.00	0.00	0.03	0.19	0.01	0.00	5	0.50
432.917	38.13	0.00	0.00	0.04	0.20	0.01	0.00	5	0.50
432.977	38.04	0.00	0.00	0.05	0.21	0.01	0.00	5	1.00
433.080	38.13	0.00	0.00	0.32	0.59	0.19	0.00	5	1.00
