678.504	0.00	0.00	0.00	0.37	0.00	0.00	0.00	2	12.50
678.564	0.00	0.00	0.00	0.37	0.00	0.00	0.00	2	15.50
678.667	0.00	0.00	0.00	0.36	0.00	0.00	0.00	2	20.50
678.811	0.00	0.00	0.00	0.37	0.00	0.00	0.00	2	28.00
678.871	0.00	0.00	0.00	0.38	0.00	0.00	0.00	2	31.00
678.974	0.05	0.00	0.00	0.41	0.00	0.00	0.00	2	36.00
679.118	0.00	0.00	0.00	0.48	0.00	0.00	0.00	2	43.50
679.178	0.00	0.00	0.00	0.50	0.00	0.00	0.00	2	46.50
679.281	0.00	0.00	0.00	0.51	0.00	0.00	0.00	2	51.50
679.425	0.00	0.00	0.00	0.50	0.00	0.00	0.00	2	58.50
679.485	0.00	0.00	0.00	0.50	0.00	0.00	0.00	2	61.50
679.588	0.10	0.00	0.00	0.52	0.00	0.00	0.00	2	67.00
679.732	0.03	0.00	0.00	0.53	0.00	0.00	0.00	2	74.00
679.792	0.04	0.00	0.00	0.53	0.00	0.00	0.00	2	77.00
679.895	0.02	0.00	0.00	0.59	0.00	0.00	0.00	2	82.00
680.039	0.00	0.00	0.00	0.59	0.00	0.00	0.00	2	89.50
680.099	0.00	0.00	0.00	0.57	0.00	0.00	0.00	2	92.50
680.202	0.00	0.00	0.00	0.59	0.00	0.00	0.00	2	10.00
680.346	0.00	0.00	0.00	0.57	0.00	0.00	0.00	2	10.00
680.406	0.00	0.00	0.00	0.58	0.00	0.00	0.00	2	11.90
680.509	0.00	0.00	0.00	0.57	0.00	0.00	0.00	2	10.90
680.653	0.00	0.00	0.00	0.59	0.00	0.00	0.00	2	10.00
680.713	0.00	0.00	0.00	0.58	0.00	0.00	0.00	2	10.00
680.816	0.00	0.00	0.00	0.56	0.00	0.00	0.00	2	10.00
680.960	0.00	0.00	0.00	0.53	0.00	0.00	0.00	2	10.00
681.020	0.00	0.00	0.00	0.53	0.00	0.00	0.00	2	10.00
681.123	0.00	0.00	0.00	0.54	0.00	0.00	0.00	2	10.00
681.267	0.00	0.00	0.00	0.54	0.00	0.00	0.00	2	10.00
681.327	0.00	0.00	0.00	0.52	0.00	0.00	0.00	2	10.00
681.430	0.00	0.00	0.00	0.55	0.00	0.00	0.00	2	10.00
681.574	0.00	0.00	0.00	0.56	0.00	0.00	0.00	2	10.00
681.634	0.00	0.00	0.00	0.55	0.00	0.00	0.00	2	15.00
681.737	0.00	0.00	0.00	0.53	0.00	0.00	0.00	2	10.00
681.881	0.00	0.00	0.00	0.52	0.00	0.00	0.00	2	10.00
681.941	0.00	0.00	0.00	0.54	0.00	0.00	0.00	2	10.00
682.044	0.00	0.00	0.00	0.54	0.00	0.00	0.00	2	10.00
682.188	0.00	0.00	0.00	0.52	0.00	0.00	0.00	2	10.00
682.248	0.00	0.00	0.00	0.51	0.00	0.00	0.00	2	10.00
682.351	0.00	0.00	0.00	0.52	0.00	0.00	0.00	2	10.00
682.495	0.00	0.00	0.00	0.51	0.00	0.00	0.00	2	0.00
682.555	0.00	0.00	0.00	0.50	0.00	0.00	0.00	2	0.00
682.658	0.00	0.00	0.00	0.49	0.00	0.00	0.00	2	0.00
682.802	0.00	0.00	0.00	0.49	0.00	0.00	0.00	2	0.00
682.862	0.00	0.00	0.00	0.50	0.00	0.00	0.00	2	0.00
682.965	0.00	0.00	0.00	0.50	0.00	0.00	0.00	2	0.00
683.109	0.00	0.00	0.00	0.47	0.00	0.00	0.00	2	0.00
683.169	0.00	0.00	0.00	0.48	0.00	0.00	0.00	2	0.00
683.272	0.00	0.00	0.00	0.46	0.00	0.00	0.00	2	0.00
683.416	0.00	0.00	0.00	0.46	0.00	0.00	0.00	2	0.00
683.476	0.00	0.00	0.00	0.46	0.00	0.00	0.00	2	0.00
683.579	0.00	0.00	0.00	0.46	0.00	0.00	0.00	2	0.00
683.723	0.00	0.00	0.00	0.45	0.00	0.00	0.00	2	0.00
683.783	0.00	0.00	0.00	0.45	0.00	0.00	0.00	2	0.00
683.886	0.00	0.00	0.00	0.45	0.00	0.00	0.00	2	0.00
684.030	0.00	0.00	0.00	0.45	0.00	0.00	0.00	2	0.00
684.090	0.00	0.00	0.00	0.45	0.00	0.00	0.00	2	0.00
684.193	0.00	0.00	0.00	0.44	0.00	0.00	0.00	2	0.00
684.337	0.00	0.00	0.00	0.43	0.00	0.00	0.00	2	0.00
684.397	0.00	0.00	0.00	0.44	0.00	0.00	0.00	2	0.00
684.500	0.00	0.00	0.00	0.43	0.00	0.00	0.00	2	0.00
684.644	0.00	0.00	0.00	0.42	0.00	0.00	0.00	2	0.00
684.704	0.00	0.00	0.00	0.42	0.00	0.00	0.00	2	0.00
684.807	0.00	0.00	0.00	0.40	0.00	0.00	0.00	2	0.00
684.951	0.00	0.00	0.00	0.42	0.00	0.00	0.00	2	0.00
685.011	0.00	0.00	0.00	0.41	0.00	0.00	0.00	2	0.00
685.114	0.00	0.00	0.00	0.41	0.00	0.00	0.00	2	0.00
685.258	0.00	0.00	0.00	0.40	0.00	0.00	0.00	2	0.00
685.318	0.00	0.00	0.00	0.39	0.00	0.00	0.00	2	0.00
685.421	0.00	0.00	0.00	0.40	0.00	0.00	0.00	2	0.00
685.565	0.00	0.00	0.00	0.41	0.00	0.00	0.00	2	0.00
685.625	0.00	0.00	0.00	0.39	0.00	0.00	0.00	2	0.00
685.728	0.00	0.00	0.00	0.40	0.00	0.00	0.00	2	0.00
685.872	0.00	0.00	0.00	0.38	0.00	0.00	0.00	2	0.00
685.932	0.00	0.00	0.00	0.38	0.00	0.00	0.00	2	0.00
686.035	0.00	0.00	0.00	0.38	0.00	0.00	0.00	2	0.00
686.179	0.00	0.00	0.00	0.37	0.00	0.00	0.00	2	0.00
686.239	0.00	0.00	0.00	0.37	0.00	0.00	0.00	2	0.00
686.342	0.00	0.00	0.00	0.38	0.00	0.00	0.00	2	0.00
686.486	0.00	0.00	0.00	0.38	0.00	0.00	0.00	2	0.00
686.546	0.00	0.00	0.00	0.37	0.00	0.00	0.00	2	0.00
686.649	0.00	0.00	0.00	0.37	0.00	0.00	0.00	2	0.00
686.793	0.00	0.00	0.00	0.39	0.00	0.00	0.00	2	0.00
686.853	0.00	0.00	0.00	0.36	0.00	0.00	0.00	2	0.00
686.956	0.00	0.00	0.00	0.37	0.00	0.00	0.00	2	0.00
687.100	0.00	0.00	0.00	0.38	0.00	0.00	0.00	2	0.00
687.160	0.00	0.00	0.00	0.38	0.00	0.00	0.00	2	0.00
687.263	0.00	0.00	0.00	0.36	0.01	0.00	0.00	2	0.00
687.407	0.00	0.00	0.00	0.34	0.00	0.00	0.00	2	0.00
687.467	0.00	0.00	0.00	0.35	0.00	0.00	0.00	2	0.00
687.570	0.00	0.00	0.00	0.34	0.00	0.00	0.00	2	0.00
687.714	0.00	0.00	0.00	0.35	0.00	0.00	0.00	2	0.00
687.774	0.00	0.00	0.00	0.33	0.00	0.00	0.00	2	0.00
687.877	0.00	0.00	0.00	0.33	0.00	0.00	0.00	2	0.00
688.021	0.00	0.00	0.00	0.34	0.00	0.00	0.00	2	0.00
688.081	0.00	0.00	0.00	0.35	0.00	0.00	0.00	2	0.00
688.184	0.00	0.00	0.00	0.32	0.00	0.00	0.00	2	0.00
688.328	0.00	0.00	0.00	0.31	0.00	0.00	0.00	2	0.00
688.388	0.00	0.00	0.00	0.31	0.00	0.00	0.00	2	0.00
688.491	0.00	0.00	0.00	0.33	0.00	0.00	0.00	2	0.00
688.635	0.00	0.00	0.00	0.31	0.00	0.00	0.00	2	0.00
688.695	0.00	0.00	0.00	0.31	0.00	0.00	0.00	2	0.00
688.798	0.00	0.00	0.00	0.30	0.00	0.00	0.00	2	0.00
688.942	0.00	0.00	0.00	0.30	0.00	0.00	0.00	2	0.00
689.002	0.00	0.00	0.00	0.31	0.00	0.00	0.00	2	0.00
689.105	0.00	0.00	0.00	0.29	0.00	0.00	0.00	2	0.00
689.249	0.00	0.00	0.00	0.30	0.00	0.00	0.00	2	0.00
689.309	0.00	0.00	0.00	0.30	0.00	0.00	0.00	2	0.00
689.412	0.00	0.00	0.00	0.31	0.00	0.00	0.00	2	0.00
689.556	0.00	0.00	0.00	0.29	0.00	0.00	0.00	2	0.00
689.616	0.00	0.00	0.00	0.30	0.00	0.00	0.00	2	0.00
689.719	0.00	0.00	0.00	0.31	0.00	0.00	0.00	2	0.00
689.863	0.00	0.00	0.00	0.29	0.00	0.00	0.00	2	0.00
689.923	0.00	0.00	0.00	0.28	0.00	0.00	0.00	2	0.00
690.026	0.00	0.00	0.00	0.29	0.00	0.00	0.00	2	0.00
690.170	0.00	0.00	0.00	0.29	0.00	0.00	0.00	2	0.00
690.230	0.00	0.00	0.00	0.28	0.00	0.00	0.00	2	0.00
690.333	0.00	0.00	0.00	0.29	0.00	0.00	0.00	2	0.00
690.477	0.00	0.00	0.00	0.31	0.00	0.00	0.00	2	0.00
690.537	0.00	0.00	0.00	0.30	0.00	0.00	0.00	2	0.00
690.640	0.00	0.00	0.00	0.27	0.00	0.00	0.00	2	0.00
690.784	0.00	0.00	0.00	0.26	0.00	0.00	0.00	2	0.00
690.844	0.00	0.00	0.00	0.26	0.00	0.00	0.00	2	0.00
690.947	0.00	0.00	0.00	0.26	0.00	0.00	0.00	2	0.00
691.091	0.00	0.00	0.00	0.27	0.00	0.00	0.00	2	0.00
691.151	0.00	0.00	0.00	0.28	0.00	0.00	0.00	2	0.00
691.254	0.00	0.00	0.00	0.29	0.00	0.00	0.00	2	0.00
691.398	0.00	0.00	0.00	0.30	0.00	0.00	0.00	2	0.00
691.458	0.00	0.00	0.00	0.28	0.00	0.00	0.00	2	0.00
691.561	0.00	0.00	0.00	0.26	0.00	0.00	0.00	2	0.00
691.705	0.00	0.00	0.00	0.27	0.00	0.00	0.00	2	0.00
691.765	0.00	0.00	0.00	0.27	0.00	0.00	0.00	2	0.00
691.868	0.00	0.00	0.00	0.25	0.00	0.00	0.00	2	0.00
692.012	0.00	0.00	0.00	0.27	0.00	0.00	0.00	2	0.00
692.072	0.00	0.00	0.00	0.27	0.00	0.00	0.00	2	0.00
692.175	0.00	0.00	0.00	0.26	0.00	0.00	0.00	2	0.00
692.319	0.00	0.00	0.00	0.23	0.00	0.00	0.00	2	0.00
692.379	0.00	0.00	0.00	0.23	0.00	0.00	0.00	2	0.00
692.482	0.00	0.00	0.00	0.24	0.00	0.00	0.00	2	0.00
692.626	0.00	0.00	0.00	0.26	0.00	0.00	0.00	2	0.00
692.686	0.00	0.00	0.00	0.25	0.00	0.00	0.00	2	0.00
692.789	0.00	0.00	0.00	0.26	0.00	0.00	0.00	2	0.00
692.933	0.00	0.00	0.00	0.26	0.00	0.00	0.00	2	0.00
692.993	0.00	0.00	0.00	0.25	0.00	0.00	0.00	2	0.00
693.096	0.00	0.00	0.00	0.24	0.00	0.00	0.00	2	0.00
693.240	0.00	0.00	0.00	0.23	0.00	0.00	0.00	2	0.00
693.300	0.00	0.00	0.00	0.24	0.00	0.00	0.00	2	0.00
693.403	0.00	0.00	0.00	0.23	0.00	0.00	0.00	2	0.00
693.547	0.00	0.00	0.00	0.23	0.00	0.00	0.00	2	0.00
693.607	0.00	0.00	0.00	0.21	0.00	0.00	0.00	2	0.00
693.710	0.00	0.00	0.00	0.21	0.00	0.00	0.00	2	0.00
693.854	0.00	0.00	0.00	0.24	0.00	0.00	0.00	2	0.00
693.914	0.00	0.00	0.00	0.22	0.00	0.00	0.00	2	0.00
694.017	0.00	0.00	0.00	0.21	0.00	0.00	0.00	2	0.00
694.161	0.00	0.00	0.00	0.19	0.00	0.00	0.00	2	0.00
694.221	0.00	0.00	0.00	0.20	0.00	0.00	0.00	2	0.00
694.324	0.00	0.00	0.00	0.22	0.00	0.00	0.00	2	0.00
694.468	0.00	0.00	0.00	0.23	0.00	0.00	0.00	2	0.00
694.528	0.00	0.00	0.00	0.21	0.00	0.00	0.00	2	0.00
694.631	0.00	0.00	0.00	0.22	0.00	0.00	0.00	2	0.00
694.775	0.00	0.00	0.00	0.22	0.00	0.00	0.00	2	0.00
694.835	0.00	0.00	0.00	0.21	0.00	0.00	0.00	2	0.00
694.938	0.00	0.00	0.00	0.19	0.00	0.00	0.00	2	0.00
695.082	0.00	0.00	0.00	0.18	0.00	0.00	0.00	2	0.00
695.142	0.00	0.00	0.00	0.20	0.00	0.00	0.00	2	0.00
695.245	0.00	0.00	0.00	0.22	0.00	0.00	0.00	2	0.00
695.389	0.00	0.00	0.00	0.20	0.00	0.00	0.00	2	0.00
695.449	0.00	0.00	0.00	0.19	0.00	0.00	0.00	2	0.00
695.552	0.00	0.00	0.00	0.21	0.00	0.00	0.00	2	0.00
695.696	0.00	0.00	0.00	0.18	0.00	0.00	0.00	2	0.00
695.756	0.00	0.00	0.00	0.20	0.00	0.00	0.00	2	0.00
695.859	0.00	0.00	0.00	0.19	0.00	0.00	0.00	2	0.00
696.003	0.00	0.00	0.00	0.20	0.00	0.00	0.00	2	0.00
696.063	0.00	0.00	0.00	0.21	0.00	0.00	0.00	2	0.00
696.166	0.00	0.00	0.00	0.20	0.00	0.00	0.00	2	0.00
696.310	0.00	0.00	0.00	0.19	0.00	0.00	0.00	2	0.00
696.370	0.00	0.00	0.00	0.20	0.00	0.00	0.00	2	0.00
696.473	0.00	0.00	0.00	0.19	0.00	0.00	0.00	2	0.00
696.617	0.00	0.00	0.00	0.17	0.00	0.00	0.00	2	0.00
696.677	0.00	0.00	0.00	0.19	0.00	0.00	0.00	2	0.00
696.780	0.00	0.00	0.00	0.20	0.00	0.00	0.00	2	0.00
696.924	0.00	0.00	0.00	0.18	0.00	0.00	0.00	2	0.00
696.984	0.00	0.00	0.00	0.19	0.00	0.00	0.00	2	0.00
697.087	0.00	0.00	0.00	0.19	0.00	0.00	0.00	2	0.00
697.231	0.00	0.00	0.00	0.18	0.00	0.00	0.00	2	0.00
697.291	0.00	0.00	0.00	0.18	0.00	0.00	0.00	2	0.00
697.394	0.00	0.00	0.00	0.18	0.00	0.00	0.00	2	0.00
697.538	0.00	0.00	0.00	0.17	0.00	0.00	0.00	2	0.00
697.598	0.00	0.00	0.00	0.18	0.00	0.00	0.00	2	0.00
697.701	0.00	0.00	0.00	0.19	0.00	0.00	0.00	2	0.00
697.845	0.00	0.00	0.00	0.18	0.00	0.00	0.00	2	0.00
697.905	0.00	0.00	0.00	0.17	0.00	0.00	0.00	2	0.00
698.008	0.00	0.00	0.00	0.19	0.00	0.00	0.00	2	0.00
698.152	0.00	0.00	0.00	0.16	0.00	0.00	0.00	2	0.00
698.212	0.00	0.00	0.00	0.18	0.00	0.00	0.00	2	0.00
698.315	0.00	0.00	0.00	0.18	0.00	0.00	0.00	2	0.00
698.459	0.00	0.00	0.00	0.14	0.00	0.00	0.00	2	0.00
698.519	0.00	0.00	0.00	0.19	0.00	0.00	0.00	2	0.00
698.622	0.00	0.00	0.00	0.17	0.00	0.00	0.00	2	0.00
698.766	0.00	0.00	0.00	0.18	0.00	0.00	0.00	2	0.00
698.826	0.00	0.00	0.00	0.19	0.00	0.00	0.00	2	0.00
698.929	0.00	0.00	0.00	0.19	0.00	0.00	0.00	2	0.00
699.073	0.00	0.00	0.00	0.16	0.00	0.00	0.00	2	0.00
699.133	0.00	0.00	0.00	0.16	0.00	0.00	0.00	2	0.00
699.236	0.00	0.00	0.00	0.14	0.00	0.00	0.00	2	0.00
699.380	0.00	0.00	0.00	0.17	0.00	0.00	0.00	2	0.00
699.440	0.00	0.00	0.00	0.16	0.00	0.00	0.00	2	0.00
699.543	0.00	0.00	0.00	0.18	0.00	0.00	0.00	2	0.00
699.687	0.00	0.00	0.00	0.15	0.00	0.00	0.00	2	0.00
699.747	0.00	0.00	0.00	0.16	0.00	0.00	0.00	2	0.00
699.850	0.00	0.00	0.00	0.14	0.00	0.00	0.00	2	0.00
699.994	0.00	0.00	0.00	0.17	0.00	0.00	0.00	2	0.00
700.054	0.00	0.00	0.00	0.17	0.00	0.00	0.00	2	0.00
700.157	0.00	0.00	0.00	0.16	0.00	0.00	0.00	2	0.00
700.301	0.00	0.00	0.00	0.17	0.00	0.00	0.00	2	0.00
700.361	0.00	0.00	0.00	0.17	0.00	0.00	0.00	2	0.00
700.464	0.00	0.00	0.00	0.17	0.00	0.00	0.00	2	0.00
700.608	0.00	0.00	0.00	0.15	0.00	0.00	0.00	2	0.00
700.668	0.00	0.00	0.00	0.16	0.00	0.00	0.00	2	0.00
700.771	0.00	0.00	0.00	0.15	0.00	0.00	0.00	2	0.00
700.915	0.00	0.00	0.00	0.15	0.00	0.00	0.00	2	0.00
700.975	0.00	0.00	0.00	0.17	0.00	0.00	0.00	2	0.00
701.078	0.00	0.00	0.00	0.14	0.00	0.00	0.00	2	0.00
701.222	0.00	0.00	0.00	0.18	0.00	0.00	0.00	2	0.00
701.282	0.00	0.00	0.00	0.16	0.00	0.00	0.00	2	0.00
701.385	0.00	0.00	0.00	0.16	0.00	0.00	0.00	2	0.00
701.529	0.00	0.00	0.00	0.15	0.00	0.00	0.00	2	0.00
701.589	0.00	0.00	0.00	0.16	0.00	0.00	0.00	2	0.00
701.692	0.00	0.00	0.00	0.16	0.00	0.00	0.00	2	0.00
701.836	0.00	0.00	0.00	0.15	0.00	0.00	0.00	2	0.00
701.896	0.00	0.00	0.00	0.15	0.00	0.00	0.00	2	0.00
