59.717	31.41	1.35	42.32	3.12	4.99	15.60	36.90	1	32.50
59.777	22.03	2.14	47.15	3.33	5.24	17.45	37.00	1	45.00
59.880	9.00	2.96	26.62	2.59	3.79	9.81	36.90	1	52.50
60.024	7.84	3.23	25.34	3.36	4.86	16.32	64.40	1	32.50
60.084	13.87	3.20	44.34	4.43	6.66	29.51	66.50	1	25.00
60.187	25.92	2.32	60.13	5.16	7.44	38.42	63.90	1	10.00
60.331	30.69	2.09	64.19	5.85	7.82	45.73	71.30	1	25.00
60.391	29.94	2.42	72.35	6.33	8.54	54.03	74.70	1	21.00
60.494	27.01	2.72	73.45	6.44	8.67	55.83	76.00	1	29.00
60.638	18.59	3.10	57.54	5.88	7.64	44.91	78.10	1	25.50
60.698	25.03	2.78	69.49	6.55	8.21	53.73	77.30	1	21.00
60.801	30.41	2.34	71.16	7.07	8.19	57.85	81.30	1	21.10
60.945	33.30	1.96	65.43	7.63	7.31	55.71	85.10	1	21.10
61.005	34.01	1.80	61.23	7.85	6.88	54.02	88.20	1	21.10
61.108	34.36	1.73	59.48	8.45	6.25	52.85	88.80	1	28.50
61.252	16.60	2.90	48.20	8.05	4.43	35.62	73.90	1	55.00
61.312	12.11	3.10	37.51	7.59	3.73	28.32	75.50	1	47.50
61.415	13.30	3.16	42.05	8.05	4.44	35.73	85.00	1	37.50
61.559	29.20	1.99	58.21	9.19	4.95	45.51	78.20	1	15.00
61.619	33.40	1.00	33.52	7.67	3.05	23.38	69.80	1	10.00
61.722	34.91	1.08	37.87	7.56	4.00	30.26	79.90	1	25.00
61.866	35.26	1.31	46.14	8.76	4.79	41.93	90.90	1	26.00
61.926	33.30	1.93	64.31	9.75	5.44	53.09	82.60	1	29.00
62.029	29.22	2.68	78.39	10.86	6.30	68.41	87.30	1	33.00
62.174	28.62	2.93	83.90	11.91	6.17	73.53	87.60	1	33.10
62.234	28.85	2.93	84.38	12.37	6.33	78.30	92.80	1	33.10
62.338	29.31	2.90	85.05	12.99	5.71	74.13	87.20	1	33.50
62.483	29.54	2.91	86.07	13.01	5.74	74.68	86.80	1	33.80
62.543	29.30	2.92	85.51	13.40	5.25	70.42	82.40	1	33.90
62.647	30.02	2.83	85.09	13.77	5.51	75.92	89.20	1	33.80
62.792	29.32	2.91	85.35	13.56	5.85	79.37	93.00	1	34.10
62.852	29.85	2.86	85.29	13.82	5.62	77.69	91.10	1	34.10
62.956	29.57	2.90	85.83	13.79	5.62	77.50	90.30	1	34.20
63.101	29.92	2.85	85.15	14.00	5.54	77.54	91.10	1	34.20
63.161	29.94	2.86	85.65	13.94	5.69	79.36	92.70	1	34.20
63.265	29.87	2.85	85.20	14.05	5.62	78.94	92.70	1	34.20
63.410	30.33	2.82	85.49	14.24	5.60	79.72	93.30	1	34.20
63.470	30.34	2.80	84.99	14.23	5.58	79.38	93.40	1	34.40
63.574	30.21	2.80	84.47	14.28	5.56	79.45	94.10	1	34.40
63.719	30.27	2.80	84.82	14.34	5.62	80.53	94.90	1	34.50
63.779	30.42	2.79	84.86	14.40	5.51	79.38	93.50	1	34.50
63.883	30.12	2.82	84.94	14.46	5.37	77.60	91.40	1	34.40
64.028	30.36	2.79	84.58	14.42	5.49	79.15	93.60	1	34.70
64.088	30.16	2.80	84.43	14.43	5.44	78.46	92.90	1	34.70
64.192	30.24	2.81	84.84	14.51	5.40	78.35	92.40	1	34.50
64.337	30.42	2.79	84.96	14.36	5.54	79.54	93.60	1	34.20
64.397	30.62	2.75	84.24	14.38	5.63	80.93	96.10	1	34.20
64.501	30.61	2.75	84.14	14.42	5.49	79.10	94.00	1	34.40
64.645	30.59	2.73	83.60	14.53	5.27	76.54	91.60	1	34.10
64.705	30.98	2.70	83.78	14.41	5.57	80.19	95.70	1	34.20
64.809	30.59	2.76	84.48	14.54	5.20	75.67	89.60	1	34.40
64.954	30.59	2.76	84.52	14.59	5.22	76.24	90.20	1	34.20
65.014	30.61	2.72	83.31	14.42	5.43	78.29	94.00	1	34.10
65.118	30.44	2.77	84.35	14.51	5.15	74.68	88.50	1	34.40
65.263	30.34	2.77	84.17	14.56	5.25	76.47	90.80	1	34.40
65.323	30.47	2.75	83.71	14.42	5.52	79.59	95.10	1	34.20
65.427	30.52	2.74	83.75	14.35	5.67	81.31	97.10	1	34.10
65.572	30.47	2.76	83.99	14.34	5.43	77.85	92.70	1	33.90
65.632	30.57	2.75	83.97	14.39	5.41	77.82	92.70	1	34.10
65.736	30.57	2.74	83.67	14.35	5.45	78.22	93.50	1	34.20
65.881	30.58	2.76	84.50	14.37	5.54	79.57	94.20	1	34.40
65.941	30.31	2.79	84.59	14.32	5.52	79.11	93.50	1	34.40
66.045	30.42	2.79	84.94	14.29	5.62	80.34	94.60	1	34.50
66.190	30.05	2.84	85.36	14.36	5.56	79.84	93.50	1	34.80
66.250	29.99	2.85	85.39	14.34	5.62	80.60	94.40	1	34.80
66.354	29.78	2.87	85.47	14.28	5.66	80.82	94.60	1	34.80
66.499	29.74	2.89	85.99	14.27	5.56	79.43	92.40	1	34.80
66.559	29.71	2.89	85.82	14.27	5.53	78.95	92.00	1	35.00
66.663	29.51	2.89	85.31	14.27	5.58	79.62	93.30	1	34.80
66.808	29.49	2.90	85.47	14.21	5.59	79.46	93.00	1	34.80
66.868	29.22	2.92	85.41	14.19	5.50	78.12	91.50	1	34.80
66.972	29.28	2.91	85.27	14.26	5.56	79.34	93.00	1	35.00
67.117	29.04	2.95	85.73	14.14	5.65	79.90	93.20	1	35.30
67.177	29.00	2.94	85.37	14.15	5.80	82.03	96.10	1	35.10
67.281	28.76	2.98	85.61	14.09	5.69	80.25	93.70	1	35.30
67.426	28.90	2.98	86.23	14.17	5.54	78.51	91.10	1	35.40
67.486	28.63	3.00	85.80	14.08	5.48	77.23	90.00	1	35.40
67.590	28.64	2.98	85.47	14.10	5.61	79.02	92.50	1	35.40
67.735	28.61	2.99	85.43	14.03	5.69	79.74	93.30	1	35.10
67.795	28.91	2.96	85.59	14.09	5.64	79.46	92.80	1	35.00
67.899	29.16	2.94	85.75	14.07	5.64	79.34	92.50	1	34.80
68.044	29.20	2.96	86.29	13.89	5.75	79.85	92.50	1	34.80
68.104	29.37	2.93	86.07	13.98	5.78	80.77	93.80	1	34.70
68.208	29.18	2.94	85.67	13.95	5.75	80.17	93.60	1	34.80
68.353	29.16	2.93	85.58	13.93	5.68	79.17	92.50	1	34.70
68.413	29.17	2.94	85.75	13.92	5.76	80.20	93.50	1	34.50
68.517	29.33	2.92	85.76	13.95	5.69	79.39	92.60	1	34.50
68.662	29.65	2.90	85.97	14.05	5.53	77.70	90.40	1	34.70
68.722	29.29	2.93	85.72	13.90	5.64	78.40	91.50	1	34.80
68.826	29.28	2.92	85.57	13.95	5.64	78.72	92.00	1	34.70
68.971	29.30	2.90	85.06	14.06	5.56	78.15	91.90	1	34.80
69.031	29.18	2.93	85.37	13.92	5.76	80.16	93.90	1	35.00
69.135	29.03	2.95	85.57	13.99	5.67	79.23	92.60	1	35.10
69.280	29.15	2.94	85.69	14.07	5.60	78.84	92.00	1	35.00
69.340	29.05	2.95	85.61	13.95	5.67	79.13	92.40	1	34.80
69.444	29.04	2.95	85.74	13.93	5.73	79.87	93.20	1	35.00
69.589	29.09	2.93	85.29	14.08	5.58	78.54	92.10	1	35.00
69.649	28.94	2.94	85.06	13.96	5.62	78.45	92.20	1	35.00
69.753	29.01	2.96	85.91	14.01	5.60	78.53	91.40	1	35.30
69.898	28.80	2.98	85.70	14.10	5.61	79.01	92.20	1	35.30
69.958	28.79	2.97	85.40	14.07	5.57	78.31	91.70	1	35.10
70.062	28.96	2.95	85.46	14.08	5.61	79.01	92.40	1	35.00
70.207	29.05	2.96	86.13	14.04	5.76	80.85	93.90	1	35.30
70.267	29.11	2.96	86.18	14.15	5.65	79.87	92.70	1	35.30
70.371	29.11	2.95	85.79	14.15	5.63	79.68	92.90	1	35.10
70.516	29.08	2.95	85.86	14.13	5.57	78.76	91.70	1	35.00
70.576	29.20	2.93	85.68	14.12	5.78	81.66	95.30	1	35.10
70.680	28.92	2.95	85.27	14.05	5.64	79.27	93.00	1	35.00
70.825	29.43	2.92	85.89	14.16	5.57	78.90	91.90	1	34.70
70.885	29.39	2.92	85.85	14.09	5.53	77.91	90.80	1	34.70
70.989	29.65	2.90	86.07	14.12	5.61	79.22	92.00	1	34.50
71.134	29.41	2.91	85.51	14.05	5.64	79.21	92.60	1	34.70
71.194	29.60	2.88	85.33	14.17	5.62	79.72	93.40	1	34.70
71.298	29.36	2.91	85.36	14.13	5.69	80.44	94.20	1	34.80
71.443	29.61	2.87	85.04	14.14	5.61	79.27	93.20	1	34.70
71.503	29.52	2.89	85.34	14.07	5.57	78.31	91.80	1	34.80
71.607	29.44	2.91	85.77	14.17	5.47	77.50	90.40	1	35.00
71.752	29.36	2.92	85.79	14.07	5.68	79.89	93.10	1	34.80
71.812	29.59	2.89	85.61	14.20	5.57	79.16	92.50	1	34.70
71.916	29.52	2.90	85.50	14.16	5.60	79.37	92.80	1	34.70
72.061	29.42	2.91	85.55	14.18	5.67	80.43	94.00	1	35.00
72.121	29.21	2.93	85.59	14.12	5.63	79.51	92.90	1	35.00
72.225	29.20	2.92	85.31	14.20	5.54	78.71	92.30	1	34.80
72.370	29.55	2.89	85.38	14.05	5.71	80.15	93.90	1	34.50
72.430	29.68	2.88	85.44	14.15	5.65	79.94	93.60	1	34.70
72.534	29.53	2.91	85.78	14.17	5.70	80.73	94.10	1	35.00
72.679	29.31	2.93	85.93	14.15	5.63	79.72	92.80	1	35.10
72.739	29.12	2.95	85.97	14.07	5.58	78.49	91.30	1	35.10
72.843	29.05	2.96	86.02	14.22	5.49	78.05	90.70	1	35.10
72.988	29.10	2.96	86.02	14.00	5.66	79.30	92.20	1	35.00
73.048	29.27	2.93	85.64	14.12	5.58	78.71	91.90	1	35.00
73.152	29.24	2.94	85.82	14.12	5.67	80.02	93.20	1	35.00
73.297	29.52	2.93	86.45	14.08	5.66	79.71	92.20	1	34.70
73.357	29.20	2.94	85.77	14.01	5.60	78.47	91.50	1	34.70
73.461	29.32	2.91	85.29	14.16	5.44	77.04	90.30	1	34.70
73.605	29.44	2.92	85.82	14.07	5.77	81.20	94.60	1	34.50
73.665	29.64	2.90	85.99	14.16	5.57	78.83	91.70	1	34.40
73.769	29.59	2.88	85.22	14.09	5.75	80.97	95.00	1	34.50
73.914	29.90	2.86	85.52	14.21	5.51	78.31	91.60	1	34.40
73.974	29.80	2.87	85.53	14.16	5.49	77.73	90.90	1	34.40
74.078	29.88	2.86	85.46	14.18	5.61	79.59	93.10	1	34.50
74.223	29.56	2.88	85.16	14.07	5.67	79.78	93.70	1	34.40
74.283	29.85	2.86	85.43	14.16	5.64	79.94	93.60	1	34.20
74.387	29.87	2.84	84.89	14.11	5.66	79.90	94.10	1	34.40
74.532	29.81	2.86	85.25	14.19	5.53	78.51	92.10	1	34.50
74.592	29.91	2.84	85.06	14.16	5.52	78.11	91.80	1	34.40
74.696	29.86	2.84	84.78	14.16	5.60	79.32	93.60	1	34.40
74.841	29.77	2.87	85.58	14.25	5.51	78.52	91.80	1	34.70
74.901	29.74	2.89	86.06	14.16	5.70	80.75	93.80	1	34.70
75.005	29.50	2.90	85.58	14.17	5.58	79.11	92.40	1	34.70
75.150	29.56	2.90	85.67	14.12	5.78	81.62	95.30	1	34.80
75.210	29.56	2.90	85.73	14.22	5.64	80.25	93.60	1	35.00
75.314	29.52	2.91	85.75	14.22	5.62	79.97	93.20	1	34.80
75.459	29.61	2.90	85.84	14.16	5.65	80.03	93.20	1	34.70
75.519	29.57	2.90	85.64	14.13	5.61	79.26	92.50	1	34.70
75.623	29.70	2.88	85.65	14.16	5.55	78.58	91.70	1	34.70
75.768	29.48	2.90	85.58	14.10	5.65	79.66	93.10	1	34.70
75.828	29.70	2.89	85.68	14.10	5.76	81.23	94.80	1	34.70
75.932	29.44	2.90	85.30	14.07	5.71	80.35	94.20	1	34.80
76.077	29.46	2.90	85.37	14.13	5.67	80.13	93.90	1	34.70
76.137	29.56	2.89	85.28	14.13	5.51	77.82	91.30	1	34.50
76.241	29.80	2.86	85.20	14.14	5.62	79.52	93.30	1	34.70
76.386	29.77	2.86	85.19	14.14	5.61	79.41	93.20	1	34.40
76.446	29.77	2.87	85.48	14.07	5.68	79.83	93.40	1	34.40
76.550	30.03	2.83	85.08	14.18	5.59	79.33	93.20	1	34.50
76.695	29.85	2.85	85.04	14.16	5.68	80.48	94.60	1	34.40
76.755	30.09	2.83	85.05	14.23	5.65	80.33	94.50	1	34.40
76.859	29.87	2.85	85.07	14.16	5.58	79.00	92.90	1	34.40
77.004	30.00	2.83	84.87	14.25	5.57	79.30	93.40	1	34.40
77.064	29.81	2.84	84.61	14.25	5.39	76.84	90.80	1	34.40
77.168	29.89	2.86	85.44	14.23	5.64	80.21	93.90	1	34.70
77.313	29.54	2.88	85.15	14.21	5.51	78.26	91.90	1	34.70
77.373	29.69	2.87	85.28	14.16	5.73	81.16	95.20	1	34.70
77.477	29.53	2.89	85.46	14.11	5.62	79.24	92.70	1	34.80
77.622	29.51	2.87	84.59	14.18	5.55	78.71	93.10	1	34.80
77.682	29.54	2.87	84.77	14.27	5.43	77.48	91.40	1	34.80
77.786	29.43	2.90	85.40	14.27	5.56	79.29	92.80	1	35.10
77.931	29.28	2.94	85.97	14.18	5.59	79.31	92.30	1	35.30
77.991	28.95	2.97	85.88	14.09	5.65	79.67	92.80	1	35.40
78.095	28.82	2.96	85.30	14.12	5.56	78.52	92.00	1	35.30
78.240	28.63	2.96	84.86	14.09	5.70	80.33	94.70	1	35.30
78.300	28.92	2.95	85.27	14.17	5.65	80.12	94.00	1	35.30
78.404	28.73	2.96	85.04	14.09	5.68	80.02	94.10	1	35.30
78.549	28.79	2.94	84.56	14.23	5.54	78.83	93.20	1	35.40
78.609	28.69	2.96	84.92	14.20	5.60	79.56	93.70	1	35.40
78.713	28.60	2.97	84.84	14.19	5.61	79.54	93.80	1	35.40
78.858	28.80	2.96	85.24	14.20	5.50	78.17	91.70	1	35.10
78.918	28.90	2.95	85.15	14.15	5.68	80.46	94.50	1	35.10
79.022	29.06	2.94	85.41	14.13	5.55	78.41	91.80	1	35.00
79.167	29.02	2.93	85.13	14.08	5.72	80.58	94.70	1	35.10
79.227	29.20	2.92	85.36	14.19	5.62	79.74	93.40	1	35.10
79.331	29.12	2.93	85.37	14.20	5.57	79.05	92.60	1	35.10
79.476	29.19	2.91	84.89	14.24	5.51	78.43	92.40	1	35.10
79.536	29.05	2.93	85.11	14.16	5.57	78.82	92.60	1	35.30
79.640	28.97	2.93	84.95	14.21	5.64	80.17	94.40	1	35.30
79.785	29.05	2.93	85.18	14.20	5.57	79.04	92.80	1	35.10
79.845	29.26	2.92	85.55	14.15	5.76	81.56	95.30	1	35.00
79.949	29.39	2.89	85.01	14.18	5.59	79.31	93.30	1	35.00
80.094	29.39	2.90	85.36	14.15	5.70	80.65	94.50	1	35.10
80.154	29.36	2.91	85.52	14.28	5.50	78.57	91.90	1	35.10
80.258	28.92	2.93	84.87	14.18	5.59	79.31	93.40	1	35.30
80.403	29.11	2.92	85.06	14.26	5.51	78.62	92.40	1	35.00
80.463	29.18	2.92	85.20	14.24	5.49	78.14	91.70	1	35.10
80.567	29.23	2.93	85.58	14.26	5.58	79.56	93.00	1	35.30
80.712	28.86	2.96	85.32	14.23	5.49	78.08	91.50	1	35.30
80.772	28.93	2.96	85.49	14.20	5.59	79.34	92.80	1	35.30
80.876	28.66	2.97	85.02	14.16	5.53	78.24	92.00	1	35.30
81.021	28.77	2.95	84.92	14.19	5.72	81.09	95.50	1	35.40
81.081	28.77	2.95	84.84	14.26	5.56	79.20	93.40	1	35.40
81.185	28.78	2.96	85.14	14.28	5.56	79.42	93.30	1	35.60
81.330	28.66	2.98	85.38	14.29	5.46	78.01	91.40	1	35.60
81.390	28.34	3.00	85.16	14.19	5.49	77.96	91.50	1	35.70
81.494	28.37	3.01	85.50	14.19	5.50	78.10	91.40	1	35.70
81.639	28.39	3.00	85.14	14.12	5.61	79.20	93.00	1	35.60
81.699	28.61	2.98	85.19	14.25	5.47	77.91	91.50	1	35.70
81.803	28.51	2.99	85.30	14.20	5.54	78.75	92.30	1	35.70
81.948	28.54	2.99	85.22	14.15	5.63	79.69	93.50	1	35.60
82.008	28.48	2.99	85.12	14.11	5.52	77.86	91.50	1	35.40
82.112	28.79	2.96	85.22	14.20	5.52	78.38	92.00	1	35.40
82.257	28.79	2.98	85.75	14.18	5.49	77.90	90.80	1	35.30
82.317	28.86	2.95	85.13	14.23	5.60	79.72	93.60	1	35.30
82.421	28.67	2.97	85.03	14.15	5.63	79.59	93.60	1	35.40
82.566	28.86	2.96	85.40	14.23	5.62	79.98	93.70	1	35.60
82.626	28.63	2.97	85.00	14.28	5.53	78.98	92.90	1	35.40
82.730	28.79	2.97	85.37	14.23	5.64	80.17	93.90	1	35.40
82.875	28.75	2.97	85.32	14.26	5.54	79.03	92.60	1	35.40
82.935	28.88	2.97	85.71	14.19	5.48	77.80	90.80	1	35.30
83.039	29.08	2.94	85.37	14.29	5.52	78.90	92.40	1	35.30
83.184	28.80	2.96	85.23	14.19	5.44	77.21	90.60	1	35.40
83.244	28.74	2.96	85.13	14.17	5.66	80.23	94.30	1	35.30
83.348	29.00	2.94	85.17	14.22	5.56	79.05	92.80	1	35.10
83.493	29.06	2.94	85.38	14.29	5.62	80.31	94.10	1	35.30
83.553	29.04	2.94	85.24	14.29	5.54	79.14	92.80	1	35.40
83.657	28.88	2.96	85.39	14.15	5.71	80.72	94.50	1	35.40
83.802	28.92	2.95	85.39	14.25	5.58	79.46	93.10	1	35.40
83.862	29.04	2.96	86.00	14.31	5.51	78.86	91.70	1	35.40
83.966	28.92	2.97	85.93	14.33	5.49	78.67	91.60	1	35.60
84.111	28.84	2.97	85.74	14.35	5.48	78.58	91.70	1	35.60
84.171	28.74	2.97	85.44	14.22	5.51	78.34	91.70	1	35.60
84.275	28.71	2.97	85.35	14.29	5.51	78.73	92.30	1	35.60
84.420	28.68	2.99	85.82	14.24	5.57	79.31	92.40	1	35.70
84.480	28.67	3.00	85.88	14.26	5.63	80.34	93.50	1	35.70
84.584	28.56	3.00	85.68	14.23	5.44	77.43	90.40	1	35.60
84.729	28.77	2.98	85.67	14.21	5.66	80.40	93.80	1	35.40
84.789	29.10	2.95	85.97	14.32	5.60	80.17	93.30	1	35.30
84.893	28.86	2.98	85.90	14.30	5.64	80.63	93.90	1	35.40
85.038	28.96	2.97	86.04	14.29	5.74	81.93	95.20	1	35.40
85.098	28.91	2.97	85.93	14.35	5.60	80.43	93.60	1	35.60
85.202	28.98	2.97	85.94	14.35	5.58	80.00	93.10	1	35.30
85.347	28.95	2.96	85.60	14.34	5.53	79.22	92.60	1	35.30
85.407	28.96	2.95	85.49	14.24	5.55	79.07	92.50	1	35.30
85.511	29.17	2.95	86.04	14.37	5.53	79.55	92.50	1	35.30
85.656	29.31	2.93	86.00	14.35	5.44	78.07	90.80	1	35.00
85.716	29.37	2.94	86.41	14.25	5.61	79.90	92.50	1	35.00
85.820	29.54	2.90	85.77	14.37	5.43	78.02	91.00	1	35.00
85.965	29.47	2.92	86.17	14.26	5.64	80.47	93.40	1	35.10
86.025	29.19	2.95	85.98	14.29	5.61	80.08	93.10	1	35.30
86.129	29.31	2.92	85.54	14.34	5.60	80.30	93.90	1	35.10
86.274	29.07	2.95	85.80	14.22	5.55	78.89	92.00	1	35.30
86.334	29.20	2.94	85.92	14.28	5.70	81.42	94.80	1	35.40
86.438	28.88	2.97	85.82	14.27	5.57	79.54	92.70	1	35.40
86.583	28.95	2.96	85.76	14.35	5.57	79.95	93.20	1	35.30
86.643	29.18	2.94	85.89	14.41	5.51	79.38	92.40	1	35.30
86.747	29.32	2.94	86.18	14.32	5.59	80.10	92.90	1	35.10
86.892	29.48	2.93	86.23	14.62	5.39	78.77	91.30	1	35.40
86.952	29.54	2.92	86.17	14.48	5.51	79.80	92.60	1	35.40
87.056	29.30	2.95	86.40	14.59	5.43	79.29	91.80	1	35.60
87.201	29.16	2.96	86.20	14.63	5.40	78.99	91.60	1	35.70
87.261	29.28	2.93	85.86	14.51	5.60	81.22	94.60	1	35.60
87.365	29.12	2.95	86.02	14.49	5.49	79.55	92.50	1	35.70
87.510	28.73	2.99	86.03	14.80	5.08	75.21	87.40	1	35.70
87.570	28.59	3.00	85.71	14.91	4.96	73.94	86.30	1	35.70
87.674	28.51	3.00	85.46	15.00	4.83	72.39	84.70	1	35.70
87.819	29.19	2.96	86.45	14.91	5.22	77.91	90.10	1	35.40
87.879	29.51	2.92	86.20	14.84	5.36	79.53	92.30	1	35.40
87.983	30.04	2.87	86.22	14.69	5.66	83.15	96.40	1	35.40
88.128	30.01	2.88	86.49	14.35	6.06	87.00	100.60	1	35.40
88.188	30.04	2.87	86.07	14.30	6.14	87.81	102.00	1	35.30
88.292	29.94	2.84	85.02	14.33	6.09	87.31	102.70	1	35.30
88.437	30.09	2.85	85.82	14.31	5.99	85.76	99.90	1	35.10
88.497	30.08	2.85	85.60	14.25	6.07	86.55	101.10	1	35.10
88.601	30.20	2.83	85.35	14.25	6.25	89.06	104.30	1	35.30
88.746	29.99	2.87	86.09	14.43	5.89	84.92	98.60	1	35.60
88.806	29.60	2.91	86.29	14.57	5.63	82.03	95.10	1	35.70
88.910	28.91	2.97	85.98	14.80	5.17	76.46	88.90	1	35.60
89.055	29.28	2.94	86.18	14.59	5.49	80.08	92.90	1	35.60
89.115	29.52	2.92	86.14	14.40	5.78	83.14	96.50	1	35.60
89.219	29.63	2.91	86.29	14.48	5.82	84.29	97.70	1	35.40
89.364	29.00	2.96	85.72	14.89	4.99	74.34	86.70	1	35.40
89.424	29.05	2.95	85.67	14.78	5.01	74.05	86.40	1	35.60
89.528	29.42	2.92	85.81	14.39	5.79	83.30	97.10	1	35.60
89.673	28.94	2.98	86.37	14.78	5.23	77.22	89.40	1	35.90
89.733	28.65	3.00	85.88	14.73	5.11	75.27	87.60	1	36.00
89.837	29.24	2.96	86.59	14.40	5.84	84.11	97.10	1	35.70
89.982	28.87	2.98	86.03	14.73	5.21	76.71	89.20	1	35.90
90.042	28.85	2.98	85.98	14.52	5.45	79.13	92.00	1	35.70
90.146	28.87	2.98	86.09	14.66	5.41	79.25	92.10	1	35.60
90.291	29.06	2.95	85.62	14.34	5.82	83.52	97.60	1	35.60
90.351	29.50	2.92	86.07	14.29	5.98	85.40	99.20	1	35.40
90.455	29.79	2.89	86.04	14.36	5.99	86.04	100.00	1	35.30
90.600	29.66	2.90	86.16	14.72	5.30	77.95	90.50	1	35.10
90.660	29.33	2.92	85.71	14.81	5.04	74.71	87.20	1	35.30
90.764	29.39	2.92	85.80	14.50	5.46	79.21	92.30	1	35.30
90.909	29.71	2.88	85.64	14.55	5.59	81.26	94.90	1	35.40
90.969	29.46	2.91	85.77	14.69	5.31	78.00	90.90	1	35.30
91.073	29.11	2.94	85.50	14.78	5.12	75.72	88.60	1	35.10
91.218	28.99	2.96	85.87	14.87	4.84	71.99	83.80	1	35.40
91.278	29.13	2.96	86.25	14.80	4.99	73.91	85.70	1	35.40
91.382	29.16	2.95	85.98	14.51	5.38	78.05	90.80	1	35.40
91.527	29.80	2.88	85.92	14.24	6.02	85.73	99.80	1	35.40
91.587	29.83	2.88	85.98	14.24	6.01	85.58	99.50	1	35.60
91.691	29.75	2.90	86.30	14.26	5.99	85.47	99.00	1	35.60
91.836	29.79	2.88	85.88	14.38	5.95	85.54	99.60	1	35.60
91.896	29.87	2.87	85.86	14.37	6.00	86.28	100.50	1	35.60
92.000	29.82	2.90	86.48	14.33	5.98	85.68	99.10	1	35.70
92.145	29.31	2.94	86.30	14.57	5.57	81.12	94.00	1	35.70
92.205	28.99	2.98	86.32	14.72	5.28	77.76	90.10	1	35.70
92.309	29.09	2.95	85.85	14.76	5.30	78.19	91.10	1	35.60
92.454	29.63	2.90	85.99	14.42	5.99	86.35	100.40	1	35.40
92.514	29.70	2.89	85.96	14.28	6.09	87.04	101.30	1	35.60
92.618	29.44	2.92	85.86	14.38	5.84	83.93	97.80	1	35.60
92.763	28.86	2.97	85.83	14.72	5.01	73.80	86.00	1	35.30
92.823	29.05	2.97	86.33	14.78	5.00	73.91	85.60	1	35.30
92.927	29.37	2.92	85.83	14.72	5.27	77.65	90.50	1	35.30
93.072	29.94	2.87	86.01	14.33	5.88	84.33	98.00	1	35.40
93.132	29.66	2.89	85.78	14.41	5.72	82.46	96.10	1	35.40
93.236	29.13	2.95	85.94	14.65	5.20	76.24	88.70	1	35.40
93.381	29.56	2.91	86.12	14.42	5.78	83.31	96.70	1	35.60
93.441	29.22	2.95	86.17	14.60	5.46	79.77	92.60	1	35.60
93.545	29.16	2.95	85.97	14.69	5.37	78.96	91.90	1	35.60
93.690	29.18	2.94	85.87	14.54	5.37	78.05	90.90	1	35.60
93.750	28.97	2.96	85.66	14.70	5.19	76.28	89.10	1	35.60
93.854	29.25	2.92	85.31	14.43	5.75	82.95	97.20	1	35.60
93.999	29.26	2.94	86.14	14.75	5.21	76.85	89.20	1	35.30
94.059	29.70	2.89	85.81	14.65	5.47	80.09	93.30	1	35.10
94.163	29.82	2.88	85.99	14.37	5.75	82.61	96.10	1	35.30
94.308	29.25	2.94	86.12	14.71	5.24	77.14	89.60	1	35.30
94.368	29.33	2.93	86.06	14.69	5.36	78.76	91.50	1	35.30
94.472	29.89	2.87	85.70	14.49	5.77	83.55	97.50	1	35.30
94.617	29.69	2.87	85.16	14.34	5.82	83.46	98.00	1	35.10
94.677	29.63	2.88	85.22	14.37	5.66	81.26	95.40	1	35.30
94.781	29.17	2.92	85.24	14.64	5.26	77.03	90.40	1	35.40
94.926	28.92	2.98	86.22	14.64	5.05	73.89	85.70	1	35.60
94.986	28.77	2.98	85.81	14.55	5.10	74.29	86.60	1	35.70
95.090	29.04	2.95	85.65	14.31	5.74	82.09	95.80	1	35.60
95.235	29.54	2.92	86.22	14.16	6.02	85.26	98.90	1	35.60
95.295	29.69	2.91	86.46	14.25	6.00	85.45	98.80	1	35.40
95.399	29.61	2.91	86.03	14.37	5.86	84.17	97.80	1	35.40
95.544	29.19	2.94	85.84	14.68	5.29	77.71	90.50	1	35.60
95.604	29.07	2.95	85.72	14.76	5.15	76.03	88.70	1	35.40
95.708	28.76	2.97	85.48	14.77	4.98	73.54	86.00	1	35.40
95.853	28.78	2.96	85.23	14.84	4.84	71.78	84.20	1	35.30
95.913	29.02	2.95	85.53	14.77	4.96	73.27	85.70	1	35.10
96.017	29.39	2.93	85.99	14.49	5.32	77.06	89.60	1	35.10
96.162	30.01	2.84	85.13	14.22	6.02	85.53	100.50	1	35.10
96.222	30.17	2.84	85.70	14.26	6.06	86.39	100.80	1	35.30
96.326	30.04	2.86	85.89	14.28	6.03	86.15	100.30	1	35.40
96.471	30.01	2.86	85.73	14.33	6.03	86.47	100.90	1	35.30
96.531	30.15	2.84	85.71	14.33	6.02	86.21	100.60	1	35.30
96.635	30.14	2.84	85.64	14.32	5.97	85.47	99.80	1	35.30
96.780	29.86	2.87	85.56	14.30	6.11	87.37	102.10	1	35.60
96.840	29.88	2.88	85.94	14.27	6.11	87.23	101.50	1	35.40
96.944	30.14	2.85	85.89	14.25	6.11	87.11	101.40	1	35.30
97.089	29.87	2.87	85.66	14.12	6.23	87.91	102.60	1	35.40
97.149	29.86	2.87	85.68	14.14	6.09	86.17	100.60	1	35.30
97.253	29.72	2.87	85.41	14.30	5.92	84.61	99.10	1	35.40
97.398	29.23	2.93	85.63	14.45	5.42	78.36	91.50	1	35.60
97.458	29.13	2.95	85.96	14.48	5.30	76.79	89.30	1	35.70
97.562	28.92	2.96	85.62	14.49	5.44	78.85	92.10	1	35.70
97.707	29.17	2.93	85.47	14.36	5.76	82.72	96.80	1	35.60
97.767	29.24	2.93	85.62	14.25	5.86	83.44	97.40	1	35.60
97.871	29.25	2.92	85.34	14.12	6.15	86.82	101.70	1	35.70
98.016	29.14	2.94	85.75	14.50	5.61	81.32	94.80	1	35.90
98.076	28.79	2.96	85.20	14.66	5.29	77.62	91.10	1	35.90
98.180	28.38	2.99	84.88	14.73	4.98	73.29	86.30	1	35.70
98.325	28.98	2.95	85.46	14.39	5.62	80.87	94.60	1	35.90
98.385	28.95	2.94	85.11	14.35	5.73	82.23	96.60	1	36.00
98.489	28.42	2.99	84.92	14.59	5.34	77.90	91.70	1	36.00
98.634	28.76	2.99	85.92	14.60	5.19	75.81	88.20	1	35.90
98.694	28.96	2.96	85.74	14.37	5.63	80.89	94.30	1	35.70
98.798	29.07	2.95	85.63	14.41	5.68	81.91	95.70	1	35.70
98.943	28.55	2.99	85.49	14.77	5.05	74.53	87.20	1	35.90
99.003	28.49	3.00	85.41	14.73	5.10	75.04	87.90	1	35.70
99.107	28.96	2.96	85.81	14.33	5.70	81.75	95.30	1	35.60
99.252	29.41	2.92	85.76	14.63	5.54	81.11	94.60	1	35.40
99.312	29.23	2.94	85.91	14.78	5.22	77.17	89.80	1	35.40
99.416	29.15	2.93	85.53	14.59	5.30	77.25	90.30	1	35.40
99.561	29.99	2.88	86.42	14.46	5.75	83.23	96.30	1	35.30
99.621	29.82	2.90	86.36	14.65	5.46	80.07	92.70	1	35.30
99.725	29.00	2.94	85.25	14.74	5.01	73.84	86.60	1	35.40
99.870	29.69	2.88	85.57	14.41	5.72	82.48	96.40	1	35.40
99.930	29.35	2.90	85.16	14.59	5.54	80.84	94.90	1	35.40
100.034	29.22	2.93	85.72	14.54	5.43	79.03	92.20	1	35.30
100.179	29.35	2.91	85.50	14.64	5.29	77.53	90.70	1	35.30
100.239	29.44	2.89	85.17	14.56	5.34	77.79	91.30	1	35.30
100.343	29.57	2.89	85.37	14.45	5.58	80.64	94.50	1	35.10
100.488	29.99	2.86	85.80	14.44	5.53	79.86	93.10	1	35.00
100.548	29.80	2.89	86.18	14.61	5.21	76.19	88.40	1	34.80
100.652	30.08	2.85	85.67	14.38	5.73	82.38	96.20	1	35.00
100.797	30.06	2.85	85.76	14.37	5.55	79.78	93.00	1	34.80
100.857	29.99	2.85	85.61	14.40	5.63	81.05	94.70	1	34.80
100.961	30.03	2.84	85.20	14.48	5.56	80.60	94.60	1	34.80
101.106	29.94	2.86	85.66	14.52	5.44	78.97	92.20	1	34.70
101.166	30.28	2.82	85.37	14.37	5.78	83.04	97.30	1	34.80
101.270	30.00	2.85	85.55	14.58	5.36	78.06	91.20	1	35.00
101.415	30.06	2.86	85.85	14.59	5.35	78.07	90.90	1	34.80
101.475	30.34	2.81	85.31	14.44	5.64	81.45	95.50	1	34.70
101.579	30.05	2.83	85.05	14.54	5.39	78.40	92.20	1	34.70
101.724	30.15	2.83	85.43	14.54	5.34	77.68	90.90	1	34.50
101.784	30.57	2.78	85.04	14.40	5.65	81.38	95.70	1	34.50
101.888	30.28	2.82	85.31	14.45	5.31	76.81	90.00	1	34.70
102.033	30.30	2.79	84.46	14.55	5.24	76.27	90.30	1	34.40
102.093	30.58	2.76	84.32	14.47	5.52	79.88	94.70	1	34.50
102.197	30.22	2.80	84.72	14.44	5.58	80.62	95.20	1	34.70
102.342	30.24	2.79	84.31	14.38	5.62	80.84	95.90	1	34.50
102.402	30.05	2.82	84.81	14.50	5.41	78.49	92.50	1	34.70
102.506	30.19	2.81	84.95	14.42	5.67	81.76	96.30	1	34.80
102.651	29.85	2.86	85.25	14.37	5.69	81.82	96.00	1	34.80
102.711	30.05	2.85	85.61	14.42	5.70	82.19	96.00	1	34.70
102.815	29.93	2.83	84.76	14.52	5.45	79.16	93.40	1	34.80
102.960	29.90	2.84	84.95	14.58	5.34	77.87	91.70	1	34.70
103.020	30.00	2.83	84.99	14.52	5.44	79.08	93.10	1	34.80
103.124	30.44	2.78	84.68	14.50	5.56	80.70	95.30	1	34.70
103.269	30.36	2.80	84.92	14.36	5.73	82.28	96.90	1	34.50
103.329	30.38	2.79	84.84	14.50	5.52	79.96	94.20	1	34.50
103.433	30.30	2.79	84.46	14.45	5.51	79.58	94.20	1	34.40
103.578	30.28	2.81	85.14	14.56	5.41	78.84	92.60	1	34.70
103.638	30.44	2.78	84.55	14.42	5.69	81.98	97.00	1	34.70
103.742	30.18	2.84	85.70	14.60	5.23	76.40	89.10	1	34.70
103.887	30.32	2.81	85.32	14.58	5.43	79.15	92.80	1	34.70
103.947	30.03	2.82	84.75	14.62	5.27	77.03	90.90	1	34.70
104.051	30.11	2.81	84.75	14.48	5.52	79.97	94.40	1	34.80
104.196	30.14	2.81	84.81	14.48	5.59	80.95	95.40	1	35.00
104.256	30.13	2.83	85.17	14.57	5.44	79.22	93.00	1	35.00
104.360	29.65	2.87	85.03	14.48	5.45	78.87	92.70	1	35.10
104.505	29.74	2.89	85.80	14.69	5.27	77.33	90.10	1	35.10
104.565	29.49	2.90	85.60	14.63	5.19	75.94	88.70	1	35.30
104.669	30.05	2.86	85.86	14.40	5.75	82.78	96.40	1	35.00
104.814	29.72	2.87	85.31	14.53	5.37	77.97	91.40	1	35.00
104.874	29.96	2.84	85.06	14.41	5.63	81.07	95.30	1	35.10
104.978	29.39	2.91	85.51	14.63	5.20	76.13	89.00	1	35.30
105.123	29.68	2.89	85.80	14.34	5.70	81.69	95.20	1	35.40
105.183	29.54	2.90	85.54	14.44	5.62	81.11	94.80	1	35.40
105.287	28.98	2.95	85.38	14.70	5.22	76.75	89.90	1	35.40
105.432	29.66	2.90	85.97	14.27	5.74	82.00	95.40	1	35.10
105.492	29.92	2.88	86.11	14.33	5.71	81.81	95.00	1	35.10
105.596	29.74	2.89	86.00	14.61	5.39	78.73	91.50	1	35.10
105.741	29.41	2.90	85.24	14.62	5.20	76.01	89.20	1	35.00
105.801	29.65	2.87	85.00	14.39	5.58	80.26	94.40	1	35.10
105.905	30.10	2.82	84.84	14.25	5.99	85.38	100.60	1	35.00
106.050	30.32	2.81	85.28	14.59	5.51	80.44	94.30	1	34.80
106.110	30.14	2.83	85.29	14.69	5.27	77.41	90.80	1	34.70
106.214	29.90	2.86	85.37	14.77	5.12	75.65	88.60	1	34.70
106.359	30.11	2.83	85.20	14.64	5.16	75.63	88.80	1	34.50
106.419	30.36	2.78	84.51	14.41	5.59	80.61	95.40	1	34.70
106.523	30.59	2.77	84.75	14.28	5.97	85.28	100.60	1	34.50
106.668	30.35	2.79	84.57	14.74	5.13	75.67	89.50	1	34.20
106.728	30.45	2.77	84.24	14.64	5.28	77.35	91.80	1	34.40
106.832	30.86	2.73	84.29	14.35	5.78	82.96	98.40	1	34.40
106.977	30.29	2.78	84.13	14.61	5.22	76.32	90.70	1	34.40
107.037	30.41	2.76	83.94	14.39	5.61	80.73	96.20	1	34.40
107.141	30.22	2.80	84.50	14.58	5.44	79.35	93.90	1	34.50
107.286	30.28	2.78	84.12	14.46	5.50	79.52	94.50	1	34.50
107.346	30.46	2.76	83.92	14.37	5.75	82.68	98.50	1	34.70
107.450	30.09	2.82	84.77	14.65	5.31	77.83	91.80	1	34.50
107.595	30.69	2.76	84.79	14.43	5.62	81.11	95.70	1	34.40
107.655	30.32	2.80	84.84	14.60	5.25	76.66	90.40	1	34.40
107.759	30.67	2.75	84.39	14.45	5.70	82.34	97.60	1	34.50
107.904	30.36	2.78	84.55	14.35	5.69	81.63	96.50	1	34.50
107.964	30.21	2.81	84.95	14.55	5.39	78.39	92.30	1	34.50
108.068	30.52	2.77	84.50	14.45	5.68	82.04	97.10	1	34.70
108.213	30.18	2.81	84.96	14.49	5.53	80.14	94.30	1	34.50
108.273	30.45	2.78	84.49	14.39	5.83	83.90	99.30	1	34.50
108.377	30.12	2.81	84.67	14.68	5.22	76.61	90.50	1	34.70
108.522	30.37	2.78	84.46	14.34	5.84	83.75	99.20	1	34.70
108.582	30.49	2.77	84.61	14.40	5.82	83.75	99.00	1	34.50
108.686	30.28	2.80	84.70	14.72	5.28	77.75	91.80	1	34.40
108.831	29.97	2.83	84.96	14.69	5.06	74.40	87.60	1	34.50
108.891	30.01	2.82	84.73	14.56	5.21	75.88	89.60	1	34.70
108.995	30.41	2.78	84.59	14.33	5.68	81.47	96.30	1	34.50
109.140	30.35	2.78	84.39	14.29	5.90	84.31	99.90	1	34.80
109.200	30.26	2.81	85.09	14.46	5.65	81.71	96.00	1	34.80
109.304	29.93	2.86	85.68	14.72	5.26	77.47	90.40	1	35.10
109.449	29.11	2.94	85.45	14.82	4.87	72.20	84.50	1	35.10
109.509	29.18	2.94	85.73	14.78	4.89	72.35	84.40	1	35.10
109.613	29.64	2.88	85.29	14.52	5.34	77.52	90.90	1	35.00
109.758	30.08	2.82	84.76	14.26	5.95	84.80	100.00	1	35.00
109.819	30.13	2.83	85.34	14.34	5.84	83.75	98.10	1	35.10
109.923	29.61	2.89	85.60	14.60	5.47	79.88	93.30	1	35.40
110.068	29.24	2.93	85.52	14.75	4.92	72.62	84.90	1	35.10
110.128	29.31	2.92	85.55	14.66	5.01	73.51	85.90	1	35.10
110.232	29.44	2.91	85.71	14.50	5.35	77.56	90.50	1	35.10
110.377	29.74	2.87	85.40	14.41	5.64	81.23	95.10	1	35.10
110.437	29.69	2.87	85.32	14.33	5.59	80.12	93.90	1	35.30
110.541	29.63	2.87	85.12	14.31	5.69	81.33	95.50	1	35.10
110.686	30.09	2.83	85.03	14.24	5.93	84.39	99.30	1	35.10
110.746	30.25	2.81	85.12	14.21	6.04	85.89	100.90	1	35.10
110.850	30.19	2.83	85.45	14.19	6.08	86.21	100.90	1	35.10
110.995	29.87	2.86	85.53	14.57	5.62	81.86	95.70	1	35.30
111.055	29.42	2.91	85.48	14.71	5.31	78.06	91.30	1	35.40
111.159	28.80	2.97	85.57	14.73	5.02	73.94	86.40	1	35.60
111.304	29.52	2.90	85.65	14.34	5.80	83.16	97.10	1	35.40
111.364	29.76	2.89	85.91	14.42	5.77	83.20	96.80	1	35.30
111.468	29.25	2.92	85.46	14.69	5.17	75.90	88.80	1	35.30
111.613	29.75	2.88	85.70	14.41	5.68	81.79	95.40	1	35.30
111.673	29.92	2.86	85.45	14.33	5.86	83.92	98.20	1	35.30
111.777	29.69	2.87	85.31	14.48	5.60	81.16	95.10	1	35.30
111.922	29.20	2.92	85.29	14.78	5.17	76.35	89.50	1	35.30
111.982	29.16	2.93	85.48	14.87	4.95	73.67	86.20	1	35.30
112.086	28.82	2.94	84.83	14.87	4.76	70.83	83.50	1	35.30
112.231	29.02	2.94	85.37	14.88	5.00	74.46	87.20	1	35.10
112.291	29.23	2.91	85.21	14.78	5.14	76.00	89.20	1	35.30
112.395	29.69	2.87	85.21	14.59	5.54	80.85	94.90	1	35.30
112.540	29.59	2.89	85.39	14.34	5.61	80.41	94.20	1	35.30
112.600	29.28	2.90	85.00	14.55	5.29	76.92	90.50	1	35.30
112.704	29.26	2.91	85.12	14.77	5.13	75.85	89.10	1	35.10
112.849	29.78	2.86	85.06	14.71	5.19	76.38	89.80	1	35.00
112.909	30.00	2.83	85.02	14.72	5.33	78.49	92.30	1	35.00
113.013	30.10	2.84	85.56	14.63	5.50	80.48	94.10	1	34.80
113.158	29.83	2.86	85.20	14.80	5.15	76.18	89.40	1	34.80
113.218	29.74	2.86	84.97	14.86	4.99	74.09	87.20	1	34.70
113.322	29.82	2.85	85.04	14.71	5.02	73.90	86.90	1	34.70
113.467	30.49	2.77	84.47	14.33	5.82	83.44	98.80	1	34.80
113.527	30.50	2.76	84.31	14.36	5.76	82.65	98.00	1	34.70
113.631	30.17	2.80	84.35	14.56	5.41	78.82	93.40	1	34.80
113.776	29.67	2.86	84.75	14.75	5.03	74.22	87.60	1	35.10
113.836	29.74	2.85	84.89	14.59	5.22	76.22	89.80	1	35.30
113.940	29.88	2.85	85.06	14.31	5.78	82.69	97.20	1	35.10
114.085	29.64	2.86	84.90	14.68	5.24	76.89	90.60	1	35.00
114.145	29.70	2.87	85.12	14.71	5.13	75.49	88.70	1	34.80
114.249	30.12	2.83	85.09	14.34	5.67	81.24	95.50	1	35.00
114.394	29.70	2.85	84.62	14.69	5.17	75.93	89.70	1	34.80
114.454	29.92	2.83	84.66	14.52	5.34	77.59	91.60	1	34.80
114.558	30.14	2.81	84.64	14.34	5.71	81.88	96.70	1	35.00
114.703	29.42	2.89	84.95	14.62	5.14	75.13	88.40	1	35.30
114.763	29.68	2.86	84.89	14.42	5.55	80.08	94.30	1	35.10
114.867	29.57	2.86	84.63	14.38	5.71	82.06	97.00	1	35.10
115.012	29.48	2.90	85.35	14.46	5.46	78.96	92.50	1	35.40
115.072	29.56	2.89	85.47	14.37	5.63	80.87	94.60	1	35.60
115.176	28.89	2.93	84.73	14.56	5.27	76.76	90.60	1	35.40
115.321	29.22	2.92	85.36	14.52	5.38	78.10	91.50	1	35.70
115.381	28.76	2.95	84.98	14.57	5.16	75.22	88.50	1	35.90
115.485	28.90	2.94	84.95	14.37	5.77	82.91	97.60	1	35.90
115.630	28.72	2.96	84.96	14.40	5.44	78.30	92.20	1	35.90
115.690	28.78	2.94	84.67	14.32	5.65	80.95	95.60	1	36.00
115.794	28.52	2.97	84.65	14.57	5.25	76.52	90.40	1	35.90
115.939	28.86	2.94	84.79	14.40	5.56	80.02	94.40	1	35.70
115.999	28.52	2.96	84.55	14.64	5.25	76.82	90.90	1	35.90
116.103	28.46	2.97	84.41	14.71	5.11	75.19	89.10	1	35.70
116.248	29.01	2.92	84.83	14.41	5.47	78.85	93.00	1	35.40
116.308	29.40	2.88	84.77	14.29	5.78	82.50	97.30	1	35.30
116.412	29.84	2.86	85.31	14.39	5.78	83.18	97.50	1	35.10
116.557	29.58	2.86	84.63	14.38	5.61	80.60	95.20	1	35.00
116.617	29.97	2.83	84.92	14.25	5.89	83.99	98.90	1	35.00
116.721	30.30	2.79	84.56	14.37	5.83	83.81	99.10	1	35.00
116.866	29.91	2.84	84.97	14.54	5.46	79.39	93.40	1	35.00
116.926	30.03	2.84	85.26	14.59	5.36	78.25	91.80	1	34.80
117.030	30.06	2.83	85.14	14.65	5.38	78.82	92.60	1	35.00
117.175	29.94	2.85	85.36	14.73	5.25	77.40	90.70	1	35.10
117.235	30.01	2.84	85.10	14.73	5.24	77.23	90.80	1	35.00
117.339	30.00	2.84	85.11	14.62	5.39	78.82	92.60	1	35.00
117.484	30.13	2.81	84.69	14.60	5.56	81.22	95.90	1	35.00
117.544	30.12	2.79	84.13	14.54	5.63	81.85	97.30	1	35.10
117.648	30.11	2.81	84.58	14.53	5.66	82.18	97.20	1	35.30
117.793	30.02	2.82	84.64	14.60	5.68	82.90	97.90	1	35.30
117.853	30.02	2.82	84.73	14.61	5.59	81.74	96.50	1	35.30
117.957	29.75	2.85	84.70	14.74	5.30	78.12	92.20	1	35.10
118.102	29.39	2.86	83.99	14.85	5.00	74.26	88.40	1	35.10
118.162	29.48	2.86	84.39	14.81	5.03	74.44	88.20	1	35.10
118.266	29.71	2.85	84.58	14.52	5.47	79.43	93.90	1	35.40
118.411	29.65	2.85	84.60	14.32	5.94	85.06	100.50	1	35.60
118.472	29.58	2.85	84.44	14.46	5.77	83.45	98.80	1	35.60
118.576	29.35	2.88	84.58	14.76	5.25	77.53	91.70	1	35.40
118.721	28.63	2.94	84.22	14.78	4.95	73.11	86.80	1	35.60
118.781	28.58	2.95	84.23	14.79	4.84	71.67	85.10	1	35.70
118.885	28.71	2.93	84.07	14.82	4.88	72.37	86.10	1	35.60
119.030	29.01	2.92	84.68	14.60	5.10	74.49	88.00	1	35.30
119.090	29.11	2.90	84.50	14.52	5.21	75.58	89.40	1	35.40
119.194	29.28	2.89	84.72	14.45	5.51	79.67	94.00	1	35.60
119.339	29.30	2.90	84.95	14.36	5.57	80.06	94.20	1	35.60
119.399	29.43	2.88	84.86	14.33	5.67	81.21	95.70	1	35.40
119.503	29.37	2.88	84.59	14.28	5.77	82.36	97.40	1	35.60
119.648	29.47	2.86	84.25	14.23	5.93	84.39	100.20	1	35.40
119.709	29.59	2.85	84.20	14.21	6.05	85.96	102.10	1	35.40
119.813	29.72	2.85	84.79	14.07	6.19	87.11	102.70	1	35.30
119.958	30.00	2.81	84.33	14.13	6.13	86.64	102.70	1	35.30
120.019	29.94	2.82	84.56	14.19	6.11	86.68	102.50	1	35.40
120.123	29.59	2.86	84.59	14.17	6.00	84.95	100.40	1	35.60
120.268	29.59	2.87	84.85	14.14	6.15	86.94	102.50	1	35.60
120.329	29.53	2.86	84.46	14.16	6.17	87.32	103.40	1	35.60
120.433	29.65	2.84	84.31	14.15	6.09	86.17	102.20	1	35.40
120.578	29.57	2.85	84.41	14.15	6.05	85.64	101.50	1	35.40
120.639	29.53	2.86	84.42	14.22	5.90	83.86	99.30	1	35.40
120.743	29.09	2.89	84.15	14.55	5.29	76.92	91.40	1	35.60
120.888	28.66	2.95	84.46	14.78	4.88	72.09	85.40	1	35.60
120.948	28.51	2.95	84.18	14.81	4.81	71.26	84.60	1	35.70
121.052	28.92	2.91	84.25	14.59	5.29	77.15	91.60	1	35.60
