0.000	0.00	0.00	122.30	0.00	0.00	0.00	100.00	5	0.00
0.103	0.00	0.00	122.30	0.00	0.00	0.00	100.00	5	0.00
0.205	0.00	0.00	122.30	0.00	0.00	0.00	100.00	5	0.00
0.308	0.00	0.00	122.30	0.00	0.00	0.00	100.00	5	0.00
0.410	0.00	0.00	122.30	0.00	0.00	0.00	100.00	5	0.00
0.513	0.00	0.00	122.30	0.00	0.00	0.00	100.00	5	0.00
0.615	0.00	0.00	122.30	0.00	0.00	0.00	100.00	5	0.00
0.718	0.00	0.00	122.30	0.00	0.00	0.00	100.00	5	0.00
0.821	0.00	0.00	122.30	0.00	0.00	0.00	100.00	5	0.00
0.923	0.00	0.00	122.30	0.00	0.00	0.00	100.00	5	0.00
1.026	0.00	0.00	122.30	0.00	0.00	0.00	100.00	5	0.00
1.128	0.00	0.00	122.30	0.00	0.00	0.00	100.00	5	0.00
1.231	0.00	0.00	122.30	0.00	0.00	0.00	100.00	5	0.00
1.334	0.00	0.00	122.30	0.00	0.00	0.00	100.00	5	0.00
1.436	0.00	0.00	122.30	0.00	0.00	0.00	100.00	5	0.00
1.539	0.00	0.00	122.30	0.00	0.00	0.00	100.00	5	0.00
1.641	0.00	0.00	122.30	0.00	0.00	0.00	100.00	5	0.00
1.744	0.00	0.00	122.30	0.00	0.00	0.00	100.00	5	0.00
1.846	0.00	0.00	122.30	0.00	0.00	0.00	100.00	5	0.00
1.949	0.00	0.00	122.30	0.00	0.00	0.00	100.00	5	0.00
2.052	0.00	0.00	122.30	0.00	0.00	0.00	100.00	5	0.00
2.154	0.00	0.00	122.30	0.00	0.00	0.00	100.00	5	0.00
2.257	0.00	0.00	122.30	0.00	0.00	0.00	100.00	5	0.00
2.359	0.00	0.00	122.30	0.00	0.00	0.00	100.00	5	0.00
2.462	0.00	0.00	122.30	0.00	0.00	0.00	100.00	5	0.00
2.564	0.00	0.00	122.30	0.00	0.00	0.00	100.00	5	0.00
2.667	0.00	0.00	122.30	0.00	0.00	0.00	100.00	5	0.00
2.770	0.00	0.00	122.30	0.00	0.00	0.00	100.00	5	0.00
2.872	0.00	0.00	122.30	0.00	0.00	0.00	100.00	5	0.00
2.975	0.00	0.00	122.30	0.00	0.00	0.00	100.00	5	0.00
3.077	0.00	0.00	122.30	0.00	0.00	0.00	100.00	5	0.00
3.180	0.00	0.00	122.30	0.00	0.00	0.00	100.00	5	0.00
3.282	0.00	0.00	122.30	0.00	0.00	0.00	100.00	5	0.00
3.385	0.00	0.00	122.30	0.00	0.00	0.00	100.00	5	0.00
3.488	0.00	0.00	122.30	0.00	0.00	0.00	100.00	5	0.00
3.590	0.00	0.00	122.30	0.00	0.00	0.00	100.00	5	0.00
3.693	0.00	0.00	122.30	0.00	0.00	0.00	100.00	5	0.00
3.795	0.00	0.00	122.30	0.00	0.00	0.00	100.00	5	0.00
3.898	0.00	0.00	122.30	0.00	0.00	0.00	100.00	5	0.00
4.001	0.00	0.00	122.30	0.00	0.00	0.00	100.00	5	0.00
4.103	0.00	0.00	122.30	0.00	0.00	0.00	100.00	5	0.00
4.206	0.00	0.00	122.30	0.00	0.00	0.00	100.00	5	0.00
4.308	0.00	0.00	122.30	0.00	0.00	0.00	100.00	5	0.00
4.411	0.00	0.00	122.30	0.00	0.00	0.00	100.00	5	0.00
4.513	0.00	0.00	122.30	0.00	0.00	0.00	100.00	5	0.00
4.616	0.00	0.00	122.30	0.00	0.00	0.00	100.00	5	0.00
4.719	0.00	0.00	122.30	0.00	0.00	0.00	100.00	5	0.00
4.821	0.00	0.00	122.30	0.00	0.00	0.00	100.00	5	0.00
4.924	0.00	0.00	122.30	0.00	0.00	0.00	100.00	5	0.00
5.026	0.00	0.00	122.30	0.00	0.00	0.00	100.00	5	0.00
5.129	0.00	0.00	122.30	0.00	0.00	0.00	100.00	5	0.00
5.231	0.00	0.00	122.30	0.00	0.00	0.00	100.00	5	0.00
5.334	0.00	0.00	122.30	0.00	0.00	0.00	100.00	5	0.00
5.437	0.00	0.00	122.30	0.00	0.00	0.00	100.00	5	0.00
5.539	0.00	0.00	122.30	0.00	0.00	0.00	100.00	5	0.00
5.642	0.00	0.00	122.30	0.00	0.00	0.00	100.00	5	0.00
5.744	0.00	0.00	122.30	0.00	0.00	0.00	100.00	5	0.00
5.847	0.00	0.00	122.30	0.00	0.00	0.00	100.00	5	0.00
5.949	0.00	0.00	122.30	0.00	0.00	0.00	100.00	5	0.00
6.052	0.00	0.00	122.30	0.00	0.00	0.00	100.00	5	0.00
6.155	0.00	0.00	122.30	0.00	0.00	0.00	100.00	5	0.00
6.257	0.00	0.00	122.30	0.00	0.00	0.00	100.00	5	0.00
6.360	0.00	0.00	122.30	0.00	0.00	0.00	100.00	5	0.00
6.462	0.00	0.00	122.30	0.00	0.00	0.00	100.00	5	0.00
6.565	0.00	0.00	122.30	0.00	0.00	0.00	100.00	5	0.00
6.668	0.00	0.00	122.30	0.00	0.00	0.00	100.00	5	0.00
6.770	0.00	0.00	122.30	0.00	0.00	0.00	100.00	5	0.00
6.873	0.00	0.00	122.30	0.00	0.00	0.00	100.00	5	0.00
6.975	0.00	0.00	122.30	0.00	0.00	0.00	100.00	5	0.00
7.078	0.00	0.00	122.30	0.00	0.00	0.00	100.00	5	0.00
7.180	0.00	0.00	122.30	0.00	0.00	0.00	100.00	5	0.00
7.283	0.00	0.00	122.30	0.00	0.00	0.00	100.00	5	0.00
7.386	0.00	0.00	122.30	0.00	0.00	0.00	100.00	5	0.00
7.488	0.00	0.00	122.30	0.00	0.00	0.00	100.00	5	0.00
7.591	0.00	0.00	122.30	0.00	0.00	0.00	100.00	5	0.00
7.693	0.00	0.00	122.30	0.00	0.00	0.00	100.00	5	0.00
7.796	0.00	0.00	122.30	0.00	0.00	0.00	100.00	5	0.00
7.898	0.00	0.00	122.30	0.00	0.00	0.00	100.00	5	0.00
8.001	0.00	0.00	122.30	0.00	0.00	0.00	100.00	5	0.00
8.104	0.00	0.00	122.30	0.00	0.00	0.00	100.00	5	0.00
8.206	0.00	0.00	122.30	0.00	0.00	0.00	100.00	5	0.00
8.309	0.00	0.00	122.30	0.00	0.00	0.00	100.00	5	0.00
8.411	0.00	0.00	122.30	0.00	0.00	0.00	100.00	5	0.00
8.514	0.00	0.00	122.30	0.00	0.00	0.00	100.00	5	0.00
8.616	0.00	0.00	122.30	0.00	0.00	0.00	100.00	5	0.00
8.719	0.00	0.00	122.30	0.00	0.00	0.00	100.00	5	0.00
8.822	0.00	0.00	122.30	0.00	0.00	0.00	100.00	5	0.00
8.924	0.00	0.00	122.30	0.00	0.00	0.00	100.00	5	0.00
9.027	0.00	0.00	122.30	0.00	0.00	0.00	100.00	5	0.00
9.129	0.00	0.00	122.30	0.00	0.00	0.00	100.00	5	0.00
9.232	0.00	0.00	122.30	0.00	0.00	0.00	100.00	5	0.00
9.335	0.00	0.00	122.30	0.00	0.00	0.00	100.00	5	0.00
9.437	0.00	0.00	122.30	0.00	0.00	0.00	100.00	5	0.00
9.540	0.00	0.00	122.30	0.00	0.00	0.00	100.00	5	0.00
9.642	0.00	0.00	122.30	0.00	0.00	0.00	100.00	5	0.00
9.745	0.00	0.00	122.30	0.00	0.00	0.00	100.00	5	0.00
9.847	0.00	0.00	122.30	0.00	0.00	0.00	100.00	5	0.00
9.950	0.00	0.00	122.30	0.00	0.00	0.00	100.00	5	0.00
10.053	0.00	0.00	122.30	0.00	0.00	0.00	100.00	5	0.00
10.155	0.00	0.00	122.30	0.00	0.00	0.00	100.00	5	0.00
10.258	0.00	0.00	122.30	0.00	0.00	0.00	100.00	5	0.00
10.360	0.00	0.00	122.30	0.00	0.00	0.00	100.00	5	0.00
10.463	0.00	0.00	122.30	0.00	0.00	0.00	100.00	5	0.00
10.565	0.00	0.00	122.30	0.00	0.00	0.00	100.00	5	0.00
10.668	0.00	0.00	122.30	0.00	0.00	0.00	100.00	5	0.00
10.771	0.00	0.00	122.30	0.00	0.00	0.00	100.00	5	0.00
10.873	0.00	0.00	122.30	0.00	0.00	0.00	100.00	5	0.00
10.976	0.00	0.00	122.30	0.00	0.00	0.00	100.00	5	0.00
11.078	0.00	0.00	122.30	0.00	0.00	0.00	100.00	5	0.00
11.181	0.00	0.00	122.30	0.00	0.00	0.00	100.00	5	0.00
11.284	0.00	0.00	122.30	0.00	0.00	0.00	100.00	5	0.00
11.386	0.00	0.00	122.30	0.00	0.00	0.00	100.00	5	0.00
11.489	0.00	0.00	122.30	0.00	0.00	0.00	100.00	5	0.00
11.591	0.00	0.00	122.30	0.00	0.00	0.00	100.00	5	0.00
11.694	0.00	0.00	122.30	0.00	0.00	0.00	100.00	5	0.00
11.796	0.00	0.00	122.30	0.00	0.00	0.00	100.00	5	0.00
11.899	0.00	0.00	122.30	0.00	0.00	0.00	100.00	5	0.00
12.002	0.00	0.00	122.30	0.00	0.00	0.00	100.00	5	0.00
12.104	0.00	0.00	122.30	0.00	0.00	0.00	100.00	5	0.00
12.207	0.00	0.00	122.30	0.00	0.00	0.00	100.00	5	0.00
12.309	0.00	0.00	122.30	0.00	0.00	0.00	100.00	5	0.00
12.412	0.00	0.00	122.30	0.00	0.00	0.00	100.00	5	0.00
12.514	0.00	0.00	122.30	0.00	0.00	0.00	100.00	5	0.00
12.617	0.00	0.00	122.30	0.00	0.00	0.00	100.00	5	0.00
12.720	0.00	0.00	122.30	0.00	0.00	0.00	100.00	5	0.00
12.822	0.00	0.00	122.30	0.00	0.00	0.00	100.00	5	0.00
12.925	0.00	0.00	122.30	0.00	0.00	0.00	100.00	5	0.00
13.027	0.00	0.00	122.30	0.00	0.00	0.00	100.00	5	0.00
13.130	0.00	0.00	122.30	0.00	0.00	0.00	100.00	5	0.00
13.232	0.00	0.00	122.30	0.00	0.00	0.00	100.00	5	0.00
13.335	0.00	0.00	122.30	0.00	0.00	0.00	100.00	5	0.00
13.438	0.00	0.00	122.30	0.00	0.00	0.00	100.00	5	0.00
13.540	0.00	0.00	122.30	0.00	0.00	0.00	100.00	5	0.00
13.643	0.00	0.00	122.30	0.00	0.00	0.00	100.00	5	0.00
13.745	0.00	0.00	122.30	0.00	0.00	0.00	100.00	5	0.00
13.848	0.00	0.00	122.30	0.00	0.00	0.00	100.00	5	0.00
13.951	0.00	0.00	122.30	0.00	0.00	0.00	100.00	5	0.00
14.053	0.00	0.00	122.30	0.00	0.00	0.00	100.00	5	0.00
14.156	0.00	0.00	122.30	0.00	0.00	0.00	100.00	5	0.00
14.258	0.00	0.00	122.30	0.00	0.00	0.00	100.00	5	0.00
14.361	0.00	0.00	122.30	0.00	0.00	0.00	100.00	5	0.00
14.463	0.00	0.00	122.30	0.00	0.00	0.00	100.00	5	0.00
14.566	0.00	0.00	122.30	0.00	0.00	0.00	100.00	5	0.00
14.669	0.00	0.00	122.30	0.00	0.00	0.00	100.00	5	0.00
14.771	0.00	0.00	122.30	0.00	0.00	0.00	100.00	5	0.00
14.874	0.00	0.00	122.30	0.00	0.00	0.00	100.00	5	0.00
14.976	0.00	0.00	122.30	0.00	0.00	0.00	100.00	5	0.00
15.079	0.00	0.00	122.30	0.00	0.00	0.00	100.00	5	0.00
15.181	0.00	0.00	122.30	0.00	0.00	0.00	100.00	5	0.00
15.284	0.00	0.00	122.30	0.00	0.00	0.00	100.00	5	0.00
15.387	0.00	0.00	122.30	0.00	0.00	0.00	100.00	5	0.00
15.489	0.00	0.00	122.30	0.00	0.00	0.00	100.00	5	0.00
15.592	0.00	0.00	122.30	0.00	0.00	0.00	100.00	5	0.00
15.694	0.00	0.00	122.30	0.00	0.00	0.00	100.00	5	0.00
15.797	0.00	0.00	122.30	0.00	0.00	0.00	100.00	5	0.00
15.899	0.00	0.00	122.30	0.00	0.00	0.00	100.00	5	0.00
16.002	0.00	0.00	122.30	0.00	0.00	0.00	100.00	5	0.00
16.105	0.00	0.00	122.30	0.00	0.00	0.00	100.00	5	0.00
16.207	0.00	0.00	122.30	0.00	0.00	0.00	100.00	5	0.00
16.310	0.00	0.00	122.30	0.00	0.00	0.00	100.00	5	0.00
16.412	0.00	0.00	122.30	0.00	0.00	0.00	100.00	5	0.00
16.515	0.00	0.00	122.30	0.00	0.00	0.00	100.00	5	0.00
16.618	0.00	0.00	122.30	0.00	0.00	0.00	100.00	5	0.00
16.720	0.00	0.00	122.30	0.00	0.00	0.00	100.00	5	0.00
16.823	0.00	0.00	122.30	0.00	0.00	0.00	100.00	5	0.00
16.925	0.00	0.00	122.30	0.00	0.00	0.00	100.00	5	0.00
17.028	0.00	0.00	122.30	0.00	0.00	0.00	100.00	5	0.00
17.130	0.00	0.00	122.30	0.00	0.00	0.00	100.00	5	0.00
17.233	0.00	0.00	122.30	0.00	0.00	0.00	100.00	5	0.00
17.336	0.00	0.00	122.30	0.00	0.00	0.00	100.00	5	0.00
17.438	0.00	0.00	122.30	0.00	0.00	0.00	100.00	5	0.00
17.541	0.00	0.00	122.30	0.00	0.00	0.00	100.00	5	0.00
17.643	0.00	0.00	122.30	0.00	0.00	0.00	100.00	5	0.00
17.746	0.00	0.00	122.30	0.00	0.00	0.00	100.00	5	0.00
17.848	0.00	0.00	122.30	0.00	0.00	0.00	100.00	5	0.00
17.951	0.00	0.00	122.30	0.00	0.00	0.00	100.00	5	0.00
18.054	0.00	0.00	122.30	0.00	0.00	0.00	100.00	5	0.00
18.156	0.00	0.00	122.30	0.00	0.00	0.00	100.00	5	0.00
18.259	0.00	0.00	122.30	0.00	0.00	0.00	100.00	5	0.00
18.361	0.00	0.00	122.30	0.00	0.00	0.00	100.00	5	0.00
18.464	0.00	0.00	122.30	0.00	0.00	0.00	100.00	5	0.00
18.566	0.00	0.00	122.30	0.00	0.00	0.00	100.00	5	0.00
18.669	0.00	0.00	122.30	0.00	0.00	0.00	100.00	5	0.00
18.772	0.00	0.00	122.30	0.00	0.00	0.00	100.00	5	0.00
18.874	0.00	0.00	122.30	0.00	0.00	0.00	100.00	5	0.00
18.977	0.00	0.00	122.30	0.00	0.00	0.00	100.00	5	0.00
19.079	0.00	0.00	122.30	0.00	0.00	0.00	100.00	5	0.00
19.182	0.00	0.00	122.30	0.00	0.00	0.00	100.00	5	0.00
19.285	0.00	0.00	122.30	0.00	0.00	0.00	100.00	5	0.00
19.387	0.00	0.00	122.30	0.00	0.00	0.00	100.00	5	0.00
19.490	0.00	0.00	122.30	0.00	0.00	0.00	100.00	5	0.00
19.592	0.00	0.00	122.30	0.00	0.00	0.00	100.00	5	0.00
19.695	0.00	0.00	122.30	0.00	0.00	0.00	100.00	5	0.00
19.797	0.00	0.00	122.30	0.00	0.00	0.00	100.00	5	0.00
19.900	0.00	0.00	122.30	0.00	0.00	0.00	100.00	5	0.00
20.000	0.00	0.00	92.18	0.00	0.00	0.00	100.00	5	0.00
20.103	0.00	0.00	92.18	0.00	0.00	0.00	100.00	5	0.00
20.205	0.00	0.00	92.18	0.00	0.00	0.00	100.00	5	0.00
20.308	0.00	0.00	92.18	0.00	0.00	0.00	100.00	5	0.00
20.410	0.00	0.00	92.18	0.00	0.00	0.00	100.00	5	0.00
20.513	0.00	0.00	92.18	0.00	0.00	0.00	100.00	5	0.00
20.615	0.00	0.00	92.18	0.00	0.00	0.00	100.00	5	0.00
20.718	0.00	0.00	92.18	0.00	0.00	0.00	100.00	5	0.00
20.821	0.00	0.00	92.18	0.00	0.00	0.00	100.00	5	0.00
20.923	0.00	0.00	92.18	0.00	0.00	0.00	100.00	5	0.00
21.026	0.00	0.00	92.18	0.00	0.00	0.00	100.00	5	0.00
21.128	0.00	0.00	92.18	0.00	0.00	0.00	100.00	5	0.00
21.231	0.00	0.00	92.18	0.00	0.00	0.00	100.00	5	0.00
21.334	0.00	0.00	92.18	0.00	0.00	0.00	100.00	5	0.00
21.436	0.00	0.00	92.18	0.00	0.00	0.00	100.00	5	0.00
21.539	0.00	0.00	92.18	0.00	0.00	0.00	100.00	5	0.00
21.641	0.00	0.00	92.18	0.00	0.00	0.00	100.00	5	0.00
21.744	0.00	0.00	92.18	0.00	0.00	0.00	100.00	5	0.00
21.846	0.00	0.00	92.18	0.00	0.00	0.00	100.00	5	0.00
21.949	0.00	0.00	92.18	0.00	0.00	0.00	100.00	5	0.00
22.052	0.00	0.00	92.18	0.00	0.00	0.00	100.00	5	0.00
22.154	0.00	0.00	92.18	0.00	0.00	0.00	100.00	5	0.00
22.257	0.00	0.00	92.18	0.00	0.00	0.00	100.00	5	0.00
22.359	0.00	0.00	92.18	0.00	0.00	0.00	100.00	5	0.00
22.462	0.00	0.00	92.18	0.00	0.00	0.00	100.00	5	0.00
22.564	0.00	0.00	92.18	0.00	0.00	0.00	100.00	5	0.00
22.667	0.00	0.00	92.18	0.00	0.00	0.00	100.00	5	0.00
22.770	0.00	0.00	92.18	0.00	0.00	0.00	100.00	5	0.00
22.872	0.00	0.00	92.18	0.00	0.00	0.00	100.00	5	0.00
22.975	0.00	0.00	92.18	0.00	0.00	0.00	100.00	5	0.00
23.077	0.00	0.00	92.18	0.00	0.00	0.00	100.00	5	0.00
23.180	0.00	0.00	92.18	0.00	0.00	0.00	100.00	5	0.00
23.282	0.00	0.00	92.18	0.00	0.00	0.00	100.00	5	0.00
23.385	0.00	0.00	92.18	0.00	0.00	0.00	100.00	5	0.00
23.488	0.00	0.00	92.18	0.00	0.00	0.00	100.00	5	0.00
23.590	0.00	0.00	92.18	0.00	0.00	0.00	100.00	5	0.00
23.693	0.00	0.00	92.18	0.00	0.00	0.00	100.00	5	0.00
23.795	0.00	0.00	92.18	0.00	0.00	0.00	100.00	5	0.00
23.898	0.00	0.00	92.18	0.00	0.00	0.00	100.00	5	0.00
24.001	0.00	0.00	92.18	0.00	0.00	0.00	100.00	5	0.00
24.103	0.00	0.00	92.18	0.00	0.00	0.00	100.00	5	0.00
24.206	0.00	0.00	92.18	0.00	0.00	0.00	100.00	5	0.00
24.308	0.00	0.00	92.18	0.00	0.00	0.00	100.00	5	0.00
24.411	0.00	0.00	92.18	0.00	0.00	0.00	100.00	5	0.00
24.513	0.00	0.00	92.18	0.00	0.00	0.00	100.00	5	0.00
24.616	0.00	0.00	92.18	0.00	0.00	0.00	100.00	5	0.00
24.719	0.00	0.00	92.18	0.00	0.00	0.00	100.00	5	0.00
24.821	0.00	0.00	92.18	0.00	0.00	0.00	100.00	5	0.00
24.924	0.00	0.00	92.18	0.00	0.00	0.00	100.00	5	0.00
25.026	0.00	0.00	92.18	0.00	0.00	0.00	100.00	5	0.00
25.129	0.00	0.00	92.18	0.00	0.00	0.00	100.00	5	0.00
25.231	0.00	0.00	92.18	0.00	0.00	0.00	100.00	5	0.00
25.334	0.00	0.00	92.18	0.00	0.00	0.00	100.00	5	0.00
25.437	0.00	0.00	92.18	0.00	0.00	0.00	100.00	5	0.00
25.539	0.00	0.00	92.18	0.00	0.00	0.00	100.00	5	0.00
25.642	0.00	0.00	92.18	0.00	0.00	0.00	100.00	5	0.00
25.744	0.00	0.00	92.18	0.00	0.00	0.00	100.00	5	0.00
25.847	0.00	0.00	92.18	0.00	0.00	0.00	100.00	5	0.00
25.949	0.00	0.00	92.18	0.00	0.00	0.00	100.00	5	0.00
26.052	0.00	0.00	92.18	0.00	0.00	0.00	100.00	5	0.00
26.155	0.00	0.00	92.18	0.00	0.00	0.00	100.00	5	0.00
26.257	0.00	0.00	92.18	0.00	0.00	0.00	100.00	5	0.00
26.360	0.00	0.00	92.18	0.00	0.00	0.00	100.00	5	0.00
26.462	0.00	0.00	92.18	0.00	0.00	0.00	100.00	5	0.00
26.565	0.00	0.00	92.18	0.00	0.00	0.00	100.00	5	0.00
26.668	0.00	0.00	92.18	0.00	0.00	0.00	100.00	5	0.00
26.770	0.00	0.00	92.18	0.00	0.00	0.00	100.00	5	0.00
26.873	0.00	0.00	92.18	0.00	0.00	0.00	100.00	5	0.00
26.975	0.00	0.00	92.18	0.00	0.00	0.00	100.00	5	0.00
27.078	0.00	0.00	92.18	0.00	0.00	0.00	100.00	5	0.00
27.180	0.00	0.00	92.18	0.00	0.00	0.00	100.00	5	0.00
27.283	0.00	0.00	92.18	0.00	0.00	0.00	100.00	5	0.00
27.386	0.00	0.00	92.18	0.00	0.00	0.00	100.00	5	0.00
27.488	0.00	0.00	92.18	0.00	0.00	0.00	100.00	5	0.00
27.591	0.00	0.00	92.18	0.00	0.00	0.00	100.00	5	0.00
27.693	0.00	0.00	92.18	0.00	0.00	0.00	100.00	5	0.00
27.796	0.00	0.00	92.18	0.00	0.00	0.00	100.00	5	0.00
27.898	0.00	0.00	92.18	0.00	0.00	0.00	100.00	5	0.00
28.001	0.00	0.00	92.18	0.00	0.00	0.00	100.00	5	0.00
28.104	0.00	0.00	92.18	0.00	0.00	0.00	100.00	5	0.00
28.206	0.00	0.00	92.18	0.00	0.00	0.00	100.00	5	0.00
28.309	0.00	0.00	92.18	0.00	0.00	0.00	100.00	5	0.00
28.411	0.00	0.00	92.18	0.00	0.00	0.00	100.00	5	0.00
28.514	0.00	0.00	92.18	0.00	0.00	0.00	100.00	5	0.00
28.616	0.00	0.00	92.18	0.00	0.00	0.00	100.00	5	0.00
28.719	0.00	0.00	92.18	0.00	0.00	0.00	100.00	5	0.00
28.822	0.00	0.00	92.18	0.00	0.00	0.00	100.00	5	0.00
28.924	0.00	0.00	92.18	0.00	0.00	0.00	100.00	5	0.00
29.027	0.00	0.00	92.18	0.00	0.00	0.00	100.00	5	0.00
29.129	0.00	0.00	92.18	0.00	0.00	0.00	100.00	5	0.00
29.232	0.00	0.00	92.18	0.00	0.00	0.00	100.00	5	0.00
29.335	0.00	0.00	92.18	0.00	0.00	0.00	100.00	5	0.00
29.437	0.00	0.00	92.18	0.00	0.00	0.00	100.00	5	0.00
29.540	0.00	0.00	92.18	0.00	0.00	0.00	100.00	5	0.00
29.642	0.00	0.00	92.18	0.00	0.00	0.00	100.00	5	0.00
29.745	0.00	0.00	92.18	0.00	0.00	0.00	100.00	5	0.00
29.847	0.00	0.00	92.18	0.00	0.00	0.00	100.00	5	0.00
29.950	0.00	0.00	92.18	0.00	0.00	0.00	100.00	5	0.00
30.053	0.00	0.00	92.18	0.00	0.00	0.00	100.00	5	0.00
30.155	0.00	0.00	92.18	0.00	0.00	0.00	100.00	5	0.00
30.258	0.00	0.00	92.18	0.00	0.00	0.00	100.00	5	0.00
30.360	0.00	0.00	92.18	0.00	0.00	0.00	100.00	5	0.00
30.463	0.00	0.00	92.18	0.00	0.00	0.00	100.00	5	0.00
30.565	0.00	0.00	92.18	0.00	0.00	0.00	100.00	5	0.00
30.668	0.00	0.00	92.18	0.00	0.00	0.00	100.00	5	0.00
30.771	0.00	0.00	92.18	0.00	0.00	0.00	100.00	5	0.00
30.873	0.00	0.00	92.18	0.00	0.00	0.00	100.00	5	0.00
30.976	0.00	0.00	92.18	0.00	0.00	0.00	100.00	5	0.00
31.078	0.00	0.00	92.18	0.00	0.00	0.00	100.00	5	0.00
31.181	0.00	0.00	92.18	0.00	0.00	0.00	100.00	5	0.00
31.284	0.00	0.00	92.18	0.00	0.00	0.00	100.00	5	0.00
31.386	0.00	0.00	92.18	0.00	0.00	0.00	100.00	5	0.00
31.489	0.00	0.00	92.18	0.00	0.00	0.00	100.00	5	0.00
31.591	0.00	0.00	92.18	0.00	0.00	0.00	100.00	5	0.00
31.694	0.00	0.00	92.18	0.00	0.00	0.00	100.00	5	0.00
31.796	0.00	0.00	92.18	0.00	0.00	0.00	100.00	5	0.00
31.899	0.00	0.00	92.18	0.00	0.00	0.00	100.00	5	0.00
32.002	0.00	0.00	92.18	0.00	0.00	0.00	100.00	5	0.00
32.104	0.00	0.00	92.18	0.00	0.00	0.00	100.00	5	0.00
32.207	0.00	0.00	92.18	0.00	0.00	0.00	100.00	5	0.00
32.309	0.00	0.00	92.18	0.00	0.00	0.00	100.00	5	0.00
32.412	0.00	0.00	92.18	0.00	0.00	0.00	100.00	5	0.00
32.514	0.00	0.00	92.18	0.00	0.00	0.00	100.00	5	0.00
32.617	0.00	0.00	92.18	0.00	0.00	0.00	100.00	5	0.00
32.720	0.00	0.00	92.18	0.00	0.00	0.00	100.00	5	0.00
32.822	0.00	0.00	92.18	0.00	0.00	0.00	100.00	5	0.00
32.925	0.00	0.00	92.18	0.00	0.00	0.00	100.00	5	0.00
33.027	0.00	0.00	92.18	0.00	0.00	0.00	100.00	5	0.00
33.130	0.00	0.00	92.18	0.00	0.00	0.00	100.00	5	0.00
33.232	0.00	0.00	92.18	0.00	0.00	0.00	100.00	5	0.00
33.335	0.00	0.00	92.18	0.00	0.00	0.00	100.00	5	0.00
33.438	0.00	0.00	92.18	0.00	0.00	0.00	100.00	5	0.00
33.540	0.00	0.00	92.18	0.00	0.00	0.00	100.00	5	0.00
33.643	0.00	0.00	92.18	0.00	0.00	0.00	100.00	5	0.00
33.745	0.00	0.00	92.18	0.00	0.00	0.00	100.00	5	0.00
33.848	0.00	0.00	92.18	0.00	0.00	0.00	100.00	5	0.00
33.951	0.00	0.00	92.18	0.00	0.00	0.00	100.00	5	0.00
34.053	0.00	0.00	92.18	0.00	0.00	0.00	100.00	5	0.00
34.156	0.00	0.00	92.18	0.00	0.00	0.00	100.00	5	0.00
34.258	0.00	0.00	92.18	0.00	0.00	0.00	100.00	5	0.00
34.361	0.00	0.00	92.18	0.00	0.00	0.00	100.00	5	0.00
34.463	0.00	0.00	92.18	0.00	0.00	0.00	100.00	5	0.00
34.566	0.00	0.00	92.18	0.00	0.00	0.00	100.00	5	0.00
34.669	0.00	0.00	92.18	0.00	0.00	0.00	100.00	5	0.00
34.771	0.00	0.00	92.18	0.00	0.00	0.00	100.00	5	0.00
34.874	0.00	0.00	92.18	0.00	0.00	0.00	100.00	5	0.00
34.976	0.00	0.00	92.18	0.00	0.00	0.00	100.00	5	0.00
35.079	0.00	0.00	92.18	0.00	0.00	0.00	100.00	5	0.00
35.181	0.00	0.00	92.18	0.00	0.00	0.00	100.00	5	0.00
35.284	0.00	0.00	92.18	0.00	0.00	0.00	100.00	5	0.00
35.387	0.00	0.00	92.18	0.00	0.00	0.00	100.00	5	0.00
35.489	0.00	0.00	92.18	0.00	0.00	0.00	100.00	5	0.00
35.592	0.00	0.00	92.18	0.00	0.00	0.00	100.00	5	0.00
35.694	0.00	0.00	92.18	0.00	0.00	0.00	100.00	5	0.00
35.797	0.00	0.00	92.18	0.00	0.00	0.00	100.00	5	0.00
35.899	0.00	0.00	92.18	0.00	0.00	0.00	100.00	5	0.00
36.002	0.00	0.00	92.18	0.00	0.00	0.00	100.00	5	0.00
36.105	0.00	0.00	92.18	0.00	0.00	0.00	100.00	5	0.00
36.207	0.00	0.00	92.18	0.00	0.00	0.00	100.00	5	0.00
36.310	0.00	0.00	92.18	0.00	0.00	0.00	100.00	5	0.00
36.412	0.00	0.00	92.18	0.00	0.00	0.00	100.00	5	0.00
36.515	0.00	0.00	92.18	0.00	0.00	0.00	100.00	5	0.00
36.618	0.00	0.00	92.18	0.00	0.00	0.00	100.00	5	0.00
36.720	0.00	0.00	92.18	0.00	0.00	0.00	100.00	5	0.00
36.823	0.00	0.00	92.18	0.00	0.00	0.00	100.00	5	0.00
36.925	0.00	0.00	92.18	0.00	0.00	0.00	100.00	5	0.00
37.028	0.00	0.00	92.18	0.00	0.00	0.00	100.00	5	0.00
37.130	0.00	0.00	92.18	0.00	0.00	0.00	100.00	5	0.00
37.233	0.00	0.00	92.18	0.00	0.00	0.00	100.00	5	0.00
37.336	0.00	0.00	92.18	0.00	0.00	0.00	100.00	5	0.00
37.438	0.00	0.00	92.18	0.00	0.00	0.00	100.00	5	0.00
37.541	0.00	0.00	92.18	0.00	0.00	0.00	100.00	5	0.00
37.643	0.00	0.00	92.18	0.00	0.00	0.00	100.00	5	0.00
37.746	0.00	0.00	92.18	0.00	0.00	0.00	100.00	5	0.00
37.848	0.00	0.00	92.18	0.00	0.00	0.00	100.00	5	0.00
37.951	0.00	0.00	92.18	0.00	0.00	0.00	100.00	5	0.00
38.054	0.00	0.00	92.18	0.00	0.00	0.00	100.00	5	0.00
38.156	0.00	0.00	92.18	0.00	0.00	0.00	100.00	5	0.00
38.259	0.00	0.00	92.18	0.00	0.00	0.00	100.00	5	0.00
38.361	0.00	0.00	92.18	0.00	0.00	0.00	100.00	5	0.00
38.464	0.00	0.00	92.18	0.00	0.00	0.00	100.00	5	0.00
38.566	0.00	0.00	92.18	0.00	0.00	0.00	100.00	5	0.00
38.669	0.00	0.00	92.18	0.00	0.00	0.00	100.00	5	0.00
38.772	0.00	0.00	92.18	0.00	0.00	0.00	100.00	5	0.00
38.874	0.00	0.00	92.18	0.00	0.00	0.00	100.00	5	0.00
38.977	0.00	0.00	92.18	0.00	0.00	0.00	100.00	5	0.00
39.079	0.00	0.00	92.18	0.00	0.00	0.00	100.00	5	0.00
39.182	0.00	0.00	92.18	0.00	0.00	0.00	100.00	5	0.00
39.285	0.00	0.00	92.18	0.00	0.00	0.00	100.00	5	0.00
39.387	0.00	0.00	92.18	0.00	0.00	0.00	100.00	5	0.00
39.490	0.00	0.00	92.18	0.00	0.00	0.00	100.00	5	0.00
39.592	0.00	0.00	92.18	0.00	0.00	0.00	100.00	5	0.00
39.695	0.00	0.00	92.18	0.00	0.00	0.00	100.00	5	0.00
39.797	0.00	0.00	92.18	0.00	0.00	0.00	100.00	5	0.00
39.900	0.00	0.00	92.18	0.00	0.00	0.00	100.00	5	0.00
40.000	0.00	0.00	126.13	0.00	0.00	0.00	100.00	5	0.00
40.103	0.00	0.00	126.13	0.00	0.00	0.00	100.00	5	0.00
40.205	0.00	0.00	126.13	0.00	0.00	0.00	100.00	5	0.00
40.308	0.00	0.00	126.13	0.00	0.00	0.00	100.00	5	0.00
40.410	0.00	0.00	126.13	0.00	0.00	0.00	100.00	5	0.00
40.513	0.00	0.00	126.13	0.00	0.00	0.00	100.00	5	0.00
40.615	0.00	0.00	126.13	0.00	0.00	0.00	100.00	5	0.00
40.718	0.00	0.00	126.13	0.00	0.00	0.00	100.00	5	0.00
40.821	0.00	0.00	126.13	0.00	0.00	0.00	100.00	5	0.00
40.923	0.00	0.00	126.13	0.00	0.00	0.00	100.00	5	0.00
41.026	0.00	0.00	126.13	0.00	0.00	0.00	100.00	5	0.00
41.128	0.00	0.00	126.13	0.00	0.00	0.00	100.00	5	0.00
41.231	0.00	0.00	126.13	0.00	0.00	0.00	100.00	5	0.00
41.334	0.00	0.00	126.13	0.00	0.00	0.00	100.00	5	0.00
41.436	0.00	0.00	126.13	0.00	0.00	0.00	100.00	5	0.00
41.539	0.00	0.00	126.13	0.00	0.00	0.00	100.00	5	0.00
41.641	0.00	0.00	126.13	0.00	0.00	0.00	100.00	5	0.00
41.744	0.00	0.00	126.13	0.00	0.00	0.00	100.00	5	0.00
41.846	0.00	0.00	126.13	0.00	0.00	0.00	100.00	5	0.00
41.949	0.00	0.00	126.13	0.00	0.00	0.00	100.00	5	0.00
42.052	0.00	0.00	126.13	0.00	0.00	0.00	100.00	5	0.00
42.154	0.00	0.00	126.13	0.00	0.00	0.00	100.00	5	0.00
42.257	0.00	0.00	126.13	0.00	0.00	0.00	100.00	5	0.00
42.359	0.00	0.00	126.13	0.00	0.00	0.00	100.00	5	0.00
42.462	0.00	0.00	126.13	0.00	0.00	0.00	100.00	5	0.00
42.564	0.00	0.00	126.13	0.00	0.00	0.00	100.00	5	0.00
42.667	0.00	0.00	126.13	0.00	0.00	0.00	100.00	5	0.00
42.770	0.00	0.00	126.13	0.00	0.00	0.00	100.00	5	0.00
42.872	0.00	0.00	126.13	0.00	0.00	0.00	100.00	5	0.00
42.975	0.00	0.00	126.13	0.00	0.00	0.00	100.00	5	0.00
43.077	0.00	0.00	126.13	0.00	0.00	0.00	100.00	5	0.00
43.180	0.00	0.00	126.13	0.00	0.00	0.00	100.00	5	0.00
43.282	0.00	0.00	126.13	0.00	0.00	0.00	100.00	5	0.00
43.385	0.00	0.00	126.13	0.00	0.00	0.00	100.00	5	0.00
43.488	0.00	0.00	126.13	0.00	0.00	0.00	100.00	5	0.00
43.590	0.00	0.00	126.13	0.00	0.00	0.00	100.00	5	0.00
43.693	0.00	0.00	126.13	0.00	0.00	0.00	100.00	5	0.00
43.795	0.00	0.00	126.13	0.00	0.00	0.00	100.00	5	0.00
43.898	0.00	0.00	126.13	0.00	0.00	0.00	100.00	5	0.00
44.001	0.00	0.00	126.13	0.00	0.00	0.00	100.00	5	0.00
44.103	0.00	0.00	126.13	0.00	0.00	0.00	100.00	5	0.00
44.206	0.00	0.00	126.13	0.00	0.00	0.00	100.00	5	0.00
44.308	0.00	0.00	126.13	0.00	0.00	0.00	100.00	5	0.00
44.411	0.00	0.00	126.13	0.00	0.00	0.00	100.00	5	0.00
44.513	0.00	0.00	126.13	0.00	0.00	0.00	100.00	5	0.00
44.616	0.00	0.00	126.13	0.00	0.00	0.00	100.00	5	0.00
44.719	0.00	0.00	126.13	0.00	0.00	0.00	100.00	5	0.00
44.821	0.00	0.00	126.13	0.00	0.00	0.00	100.00	5	0.00
44.924	0.00	0.00	126.13	0.00	0.00	0.00	100.00	5	0.00
45.026	0.00	0.00	126.13	0.00	0.00	0.00	100.00	5	0.00
45.129	0.00	0.00	126.13	0.00	0.00	0.00	100.00	5	0.00
45.231	0.00	0.00	126.13	0.00	0.00	0.00	100.00	5	0.00
45.334	0.00	0.00	126.13	0.00	0.00	0.00	100.00	5	0.00
45.437	0.00	0.00	126.13	0.00	0.00	0.00	100.00	5	0.00
45.539	0.00	0.00	126.13	0.00	0.00	0.00	100.00	5	0.00
45.642	0.00	0.00	126.13	0.00	0.00	0.00	100.00	5	0.00
45.744	0.00	0.00	126.13	0.00	0.00	0.00	100.00	5	0.00
45.847	0.00	0.00	126.13	0.00	0.00	0.00	100.00	5	0.00
45.949	0.00	0.00	126.13	0.00	0.00	0.00	100.00	5	0.00
46.052	0.00	0.00	126.13	0.00	0.00	0.00	100.00	5	0.00
46.155	0.00	0.00	126.13	0.00	0.00	0.00	100.00	5	0.00
46.257	0.00	0.00	126.13	0.00	0.00	0.00	100.00	5	0.00
46.360	0.00	0.00	126.13	0.00	0.00	0.00	100.00	5	0.00
46.462	0.00	0.00	126.13	0.00	0.00	0.00	100.00	5	0.00
46.565	0.00	0.00	126.13	0.00	0.00	0.00	100.00	5	0.00
46.668	0.00	0.00	126.13	0.00	0.00	0.00	100.00	5	0.00
46.770	0.00	0.00	126.13	0.00	0.00	0.00	100.00	5	0.00
46.873	0.00	0.00	126.13	0.00	0.00	0.00	100.00	5	0.00
46.975	0.00	0.00	126.13	0.00	0.00	0.00	100.00	5	0.00
47.078	0.00	0.00	126.13	0.00	0.00	0.00	100.00	5	0.00
47.180	0.00	0.00	126.13	0.00	0.00	0.00	100.00	5	0.00
47.283	0.00	0.00	126.13	0.00	0.00	0.00	100.00	5	0.00
47.386	0.00	0.00	126.13	0.00	0.00	0.00	100.00	5	0.00
47.488	0.00	0.00	126.13	0.00	0.00	0.00	100.00	5	0.00
47.591	0.00	0.00	126.13	0.00	0.00	0.00	100.00	5	0.00
47.693	0.00	0.00	126.13	0.00	0.00	0.00	100.00	5	0.00
47.796	0.00	0.00	126.13	0.00	0.00	0.00	100.00	5	0.00
47.898	0.00	0.00	126.13	0.00	0.00	0.00	100.00	5	0.00
48.001	0.00	0.00	126.13	0.00	0.00	0.00	100.00	5	0.00
48.104	0.00	0.00	126.13	0.00	0.00	0.00	100.00	5	0.00
48.206	0.00	0.00	126.13	0.00	0.00	0.00	100.00	5	0.00
48.309	0.00	0.00	126.13	0.00	0.00	0.00	100.00	5	0.00
48.411	0.00	0.00	126.13	0.00	0.00	0.00	100.00	5	0.00
48.514	0.00	0.00	126.13	0.00	0.00	0.00	100.00	5	0.00
48.616	0.00	0.00	126.13	0.00	0.00	0.00	100.00	5	0.00
48.719	0.00	0.00	126.13	0.00	0.00	0.00	100.00	5	0.00
48.822	0.00	0.00	126.13	0.00	0.00	0.00	100.00	5	0.00
48.924	0.00	0.00	126.13	0.00	0.00	0.00	100.00	5	0.00
49.027	0.00	0.00	126.13	0.00	0.00	0.00	100.00	5	0.00
49.129	0.00	0.00	126.13	0.00	0.00	0.00	100.00	5	0.00
49.232	0.00	0.00	126.13	0.00	0.00	0.00	100.00	5	0.00
49.335	0.00	0.00	126.13	0.00	0.00	0.00	100.00	5	0.00
49.437	0.00	0.00	126.13	0.00	0.00	0.00	100.00	5	0.00
49.540	0.00	0.00	126.13	0.00	0.00	0.00	100.00	5	0.00
49.642	0.00	0.00	126.13	0.00	0.00	0.00	100.00	5	0.00
49.745	0.00	0.00	126.13	0.00	0.00	0.00	100.00	5	0.00
49.847	0.00	0.00	126.13	0.00	0.00	0.00	100.00	5	0.00
49.950	0.00	0.00	126.13	0.00	0.00	0.00	100.00	5	0.00
50.053	0.00	0.00	126.13	0.00	0.00	0.00	100.00	5	0.00
50.155	0.00	0.00	126.13	0.00	0.00	0.00	100.00	5	0.00
50.258	0.00	0.00	126.13	0.00	0.00	0.00	100.00	5	0.00
50.360	0.00	0.00	126.13	0.00	0.00	0.00	100.00	5	0.00
50.463	0.00	0.00	126.13	0.00	0.00	0.00	100.00	5	0.00
50.565	0.00	0.00	126.13	0.00	0.00	0.00	100.00	5	0.00
50.668	0.00	0.00	126.13	0.00	0.00	0.00	100.00	5	0.00
50.771	0.00	0.00	126.13	0.00	0.00	0.00	100.00	5	0.00
50.873	0.00	0.00	126.13	0.00	0.00	0.00	100.00	5	0.00
50.976	0.00	0.00	126.13	0.00	0.00	0.00	100.00	5	0.00
51.078	0.00	0.00	126.13	0.00	0.00	0.00	100.00	5	0.00
51.181	0.00	0.00	126.13	0.00	0.00	0.00	100.00	5	0.00
51.284	0.00	0.00	126.13	0.00	0.00	0.00	100.00	5	0.00
51.386	0.00	0.00	126.13	0.00	0.00	0.00	100.00	5	0.00
51.489	0.00	0.00	126.13	0.00	0.00	0.00	100.00	5	0.00
51.591	0.00	0.00	126.13	0.00	0.00	0.00	100.00	5	0.00
51.694	0.00	0.00	126.13	0.00	0.00	0.00	100.00	5	0.00
51.796	0.00	0.00	126.13	0.00	0.00	0.00	100.00	5	0.00
51.899	0.00	0.00	126.13	0.00	0.00	0.00	100.00	5	0.00
52.002	0.00	0.00	126.13	0.00	0.00	0.00	100.00	5	0.00
52.104	0.00	0.00	126.13	0.00	0.00	0.00	100.00	5	0.00
52.207	0.00	0.00	126.13	0.00	0.00	0.00	100.00	5	0.00
52.309	0.00	0.00	126.13	0.00	0.00	0.00	100.00	5	0.00
52.412	0.00	0.00	126.13	0.00	0.00	0.00	100.00	5	0.00
52.514	0.00	0.00	126.13	0.00	0.00	0.00	100.00	5	0.00
52.617	0.00	0.00	126.13	0.00	0.00	0.00	100.00	5	0.00
52.720	0.00	0.00	126.13	0.00	0.00	0.00	100.00	5	0.00
52.822	0.00	0.00	126.13	0.00	0.00	0.00	100.00	5	0.00
52.925	0.00	0.00	126.13	0.00	0.00	0.00	100.00	5	0.00
53.027	0.00	0.00	126.13	0.00	0.00	0.00	100.00	5	0.00
53.130	0.00	0.00	126.13	0.00	0.00	0.00	100.00	5	0.00
53.232	0.00	0.00	126.13	0.00	0.00	0.00	100.00	5	0.00
53.335	0.00	0.00	126.13	0.00	0.00	0.00	100.00	5	0.00
53.438	0.00	0.00	126.13	0.00	0.00	0.00	100.00	5	0.00
53.540	0.00	0.00	126.13	0.00	0.00	0.00	100.00	5	0.00
53.643	0.00	0.00	126.13	0.00	0.00	0.00	100.00	5	0.00
53.745	0.00	0.00	126.13	0.00	0.00	0.00	100.00	5	0.00
53.848	0.00	0.00	126.13	0.00	0.00	0.00	100.00	5	0.00
53.951	0.00	0.00	126.13	0.00	0.00	0.00	100.00	5	0.00
54.053	0.00	0.00	126.13	0.00	0.00	0.00	100.00	5	0.00
54.156	0.00	0.00	126.13	0.00	0.00	0.00	100.00	5	0.00
54.258	0.00	0.00	126.13	0.00	0.00	0.00	100.00	5	0.00
54.361	0.00	0.00	126.13	0.00	0.00	0.00	100.00	5	0.00
54.463	0.00	0.00	126.13	0.00	0.00	0.00	100.00	5	0.00
54.566	0.00	0.00	126.13	0.00	0.00	0.00	100.00	5	0.00
54.669	0.00	0.00	126.13	0.00	0.00	0.00	100.00	5	0.00
54.771	0.00	0.00	126.13	0.00	0.00	0.00	100.00	5	0.00
54.874	0.00	0.00	126.13	0.00	0.00	0.00	100.00	5	0.00
54.976	0.00	0.00	126.13	0.00	0.00	0.00	100.00	5	0.00
55.079	0.00	0.00	126.13	0.00	0.00	0.00	100.00	5	0.00
55.181	0.00	0.00	126.13	0.00	0.00	0.00	100.00	5	0.00
55.284	0.00	0.00	126.13	0.00	0.00	0.00	100.00	5	0.00
55.387	0.00	0.00	126.13	0.00	0.00	0.00	100.00	5	0.00
55.489	0.00	0.00	126.13	0.00	0.00	0.00	100.00	5	0.00
55.592	0.00	0.00	126.13	0.00	0.00	0.00	100.00	5	0.00
55.694	0.00	0.00	126.13	0.00	0.00	0.00	100.00	5	0.00
55.797	0.00	0.00	126.13	0.00	0.00	0.00	100.00	5	0.00
55.899	0.00	0.00	126.13	0.00	0.00	0.00	100.00	5	0.00
56.002	0.00	0.00	126.13	0.00	0.00	0.00	100.00	5	0.00
56.105	0.00	0.00	126.13	0.00	0.00	0.00	100.00	5	0.00
56.207	0.00	0.00	126.13	0.00	0.00	0.00	100.00	5	0.00
56.310	0.00	0.00	126.13	0.00	0.00	0.00	100.00	5	0.00
56.412	0.00	0.00	126.13	0.00	0.00	0.00	100.00	5	0.00
56.515	0.00	0.00	126.13	0.00	0.00	0.00	100.00	5	0.00
56.618	0.00	0.00	126.13	0.00	0.00	0.00	100.00	5	0.00
56.720	0.00	0.00	126.13	0.00	0.00	0.00	100.00	5	0.00
56.823	0.00	0.00	126.13	0.00	0.00	0.00	100.00	5	0.00
56.925	0.00	0.00	126.13	0.00	0.00	0.00	100.00	5	0.00
57.028	0.00	0.00	126.13	0.00	0.00	0.00	100.00	5	0.00
57.130	0.00	0.00	126.13	0.00	0.00	0.00	100.00	5	0.00
57.233	0.00	0.00	126.13	0.00	0.00	0.00	100.00	5	0.00
57.336	0.00	0.00	126.13	0.00	0.00	0.00	100.00	5	0.00
57.438	0.00	0.00	126.13	0.00	0.00	0.00	100.00	5	0.00
57.541	0.00	0.00	126.13	0.00	0.00	0.00	100.00	5	0.00
57.643	0.00	0.00	126.13	0.00	0.00	0.00	100.00	5	0.00
57.746	0.00	0.00	126.13	0.00	0.00	0.00	100.00	5	0.00
57.848	0.00	0.00	126.13	0.00	0.00	0.00	100.00	5	0.00
57.951	0.00	0.00	126.13	0.00	0.00	0.00	100.00	5	0.00
58.054	0.00	0.00	126.13	0.00	0.00	0.00	100.00	5	0.00
58.156	0.00	0.00	126.13	0.00	0.00	0.00	100.00	5	0.00
58.259	0.00	0.00	126.13	0.00	0.00	0.00	100.00	5	0.00
58.361	0.00	0.00	126.13	0.00	0.00	0.00	100.00	5	0.00
58.464	0.00	0.00	126.13	0.00	0.00	0.00	100.00	5	0.00
58.566	0.00	0.00	126.13	0.00	0.00	0.00	100.00	5	0.00
58.669	0.00	0.00	126.13	0.00	0.00	0.00	100.00	5	0.00
58.772	0.00	0.00	126.13	0.00	0.00	0.00	100.00	5	0.00
58.874	0.00	0.00	126.13	0.00	0.00	0.00	100.00	5	0.00
58.977	0.00	0.00	126.13	0.00	0.00	0.00	100.00	5	0.00
59.079	0.00	0.00	126.13	0.00	0.00	0.00	100.00	5	0.00
59.182	0.00	0.00	126.13	0.00	0.00	0.00	100.00	5	0.00
59.285	0.00	0.00	126.13	0.00	0.00	0.00	100.00	5	0.00
59.387	0.00	0.00	126.13	0.00	0.00	0.00	100.00	5	0.00
59.490	0.00	0.00	126.13	0.00	0.00	0.00	100.00	5	0.00
59.592	0.00	0.00	126.13	0.00	0.00	0.00	100.00	5	0.00
59.695	0.00	0.00	126.13	0.00	0.00	0.00	100.00	5	0.00
59.797	0.00	0.00	126.13	0.00	0.00	0.00	100.00	5	0.00
59.900	0.00	0.00	126.13	0.00	0.00	0.00	100.00	5	0.00
60.000	0.00	0.00	64.28	0.00	0.00	0.00	100.00	5	0.00
60.103	0.00	0.00	64.28	0.00	0.00	0.00	100.00	5	0.00
60.205	0.00	0.00	64.28	0.00	0.00	0.00	100.00	5	0.00
60.308	0.00	0.00	64.28	0.00	0.00	0.00	100.00	5	0.00
60.410	0.00	0.00	64.28	0.00	0.00	0.00	100.00	5	0.00
60.513	0.00	0.00	64.28	0.00	0.00	0.00	100.00	5	0.00
60.615	0.00	0.00	64.28	0.00	0.00	0.00	100.00	5	0.00
60.718	0.00	0.00	64.28	0.00	0.00	0.00	100.00	5	0.00
60.821	0.00	0.00	64.28	0.00	0.00	0.00	100.00	5	0.00
60.923	0.00	0.00	64.28	0.00	0.00	0.00	100.00	5	0.00
61.026	0.00	0.00	64.28	0.00	0.00	0.00	100.00	5	0.00
61.128	0.00	0.00	64.28	0.00	0.00	0.00	100.00	5	0.00
61.231	0.00	0.00	64.28	0.00	0.00	0.00	100.00	5	0.00
61.334	0.00	0.00	64.28	0.00	0.00	0.00	100.00	5	0.00
61.436	0.00	0.00	64.28	0.00	0.00	0.00	100.00	5	0.00
61.539	0.00	0.00	64.28	0.00	0.00	0.00	100.00	5	0.00
61.641	0.00	0.00	64.28	0.00	0.00	0.00	100.00	5	0.00
61.744	0.00	0.00	64.28	0.00	0.00	0.00	100.00	5	0.00
61.846	0.00	0.00	64.28	0.00	0.00	0.00	100.00	5	0.00
61.949	0.00	0.00	64.28	0.00	0.00	0.00	100.00	5	0.00
62.052	0.00	0.00	64.28	0.00	0.00	0.00	100.00	5	0.00
62.154	0.00	0.00	64.28	0.00	0.00	0.00	100.00	5	0.00
62.257	0.00	0.00	64.28	0.00	0.00	0.00	100.00	5	0.00
62.359	0.00	0.00	64.28	0.00	0.00	0.00	100.00	5	0.00
62.462	0.00	0.00	64.28	0.00	0.00	0.00	100.00	5	0.00
62.564	0.00	0.00	64.28	0.00	0.00	0.00	100.00	5	0.00
62.667	0.00	0.00	64.28	0.00	0.00	0.00	100.00	5	0.00
62.770	0.00	0.00	64.28	0.00	0.00	0.00	100.00	5	0.00
62.872	0.00	0.00	64.28	0.00	0.00	0.00	100.00	5	0.00
62.975	0.00	0.00	64.28	0.00	0.00	0.00	100.00	5	0.00
63.077	0.00	0.00	64.28	0.00	0.00	0.00	100.00	5	0.00
63.180	0.00	0.00	64.28	0.00	0.00	0.00	100.00	5	0.00
63.282	0.00	0.00	64.28	0.00	0.00	0.00	100.00	5	0.00
63.385	0.00	0.00	64.28	0.00	0.00	0.00	100.00	5	0.00
63.488	0.00	0.00	64.28	0.00	0.00	0.00	100.00	5	0.00
63.590	0.00	0.00	64.28	0.00	0.00	0.00	100.00	5	0.00
63.693	0.00	0.00	64.28	0.00	0.00	0.00	100.00	5	0.00
63.795	0.00	0.00	64.28	0.00	0.00	0.00	100.00	5	0.00
63.898	0.00	0.00	64.28	0.00	0.00	0.00	100.00	5	0.00
64.001	0.00	0.00	64.28	0.00	0.00	0.00	100.00	5	0.00
64.103	0.00	0.00	64.28	0.00	0.00	0.00	100.00	5	0.00
64.206	0.00	0.00	64.28	0.00	0.00	0.00	100.00	5	0.00
64.308	0.00	0.00	64.28	0.00	0.00	0.00	100.00	5	0.00
64.411	0.00	0.00	64.28	0.00	0.00	0.00	100.00	5	0.00
64.513	0.00	0.00	64.28	0.00	0.00	0.00	100.00	5	0.00
64.616	0.00	0.00	64.28	0.00	0.00	0.00	100.00	5	0.00
64.719	0.00	0.00	64.28	0.00	0.00	0.00	100.00	5	0.00
64.821	0.00	0.00	64.28	0.00	0.00	0.00	100.00	5	0.00
64.924	0.00	0.00	64.28	0.00	0.00	0.00	100.00	5	0.00
65.026	0.00	0.00	64.28	0.00	0.00	0.00	100.00	5	0.00
65.129	0.00	0.00	64.28	0.00	0.00	0.00	100.00	5	0.00
65.231	0.00	0.00	64.28	0.00	0.00	0.00	100.00	5	0.00
65.334	0.00	0.00	64.28	0.00	0.00	0.00	100.00	5	0.00
65.437	0.00	0.00	64.28	0.00	0.00	0.00	100.00	5	0.00
65.539	0.00	0.00	64.28	0.00	0.00	0.00	100.00	5	0.00
65.642	0.00	0.00	64.28	0.00	0.00	0.00	100.00	5	0.00
65.744	0.00	0.00	64.28	0.00	0.00	0.00	100.00	5	0.00
65.847	0.00	0.00	64.28	0.00	0.00	0.00	100.00	5	0.00
65.949	0.00	0.00	64.28	0.00	0.00	0.00	100.00	5	0.00
66.052	0.00	0.00	64.28	0.00	0.00	0.00	100.00	5	0.00
66.155	0.00	0.00	64.28	0.00	0.00	0.00	100.00	5	0.00
66.257	0.00	0.00	64.28	0.00	0.00	0.00	100.00	5	0.00
66.360	0.00	0.00	64.28	0.00	0.00	0.00	100.00	5	0.00
66.462	0.00	0.00	64.28	0.00	0.00	0.00	100.00	5	0.00
66.565	0.00	0.00	64.28	0.00	0.00	0.00	100.00	5	0.00
66.668	0.00	0.00	64.28	0.00	0.00	0.00	100.00	5	0.00
66.770	0.00	0.00	64.28	0.00	0.00	0.00	100.00	5	0.00
66.873	0.00	0.00	64.28	0.00	0.00	0.00	100.00	5	0.00
66.975	0.00	0.00	64.28	0.00	0.00	0.00	100.00	5	0.00
67.078	0.00	0.00	64.28	0.00	0.00	0.00	100.00	5	0.00
67.180	0.00	0.00	64.28	0.00	0.00	0.00	100.00	5	0.00
67.283	0.00	0.00	64.28	0.00	0.00	0.00	100.00	5	0.00
67.386	0.00	0.00	64.28	0.00	0.00	0.00	100.00	5	0.00
67.488	0.00	0.00	64.28	0.00	0.00	0.00	100.00	5	0.00
67.591	0.00	0.00	64.28	0.00	0.00	0.00	100.00	5	0.00
67.693	0.00	0.00	64.28	0.00	0.00	0.00	100.00	5	0.00
67.796	0.00	0.00	64.28	0.00	0.00	0.00	100.00	5	0.00
67.898	0.00	0.00	64.28	0.00	0.00	0.00	100.00	5	0.00
68.001	0.00	0.00	64.28	0.00	0.00	0.00	100.00	5	0.00
68.104	0.00	0.00	64.28	0.00	0.00	0.00	100.00	5	0.00
68.206	0.00	0.00	64.28	0.00	0.00	0.00	100.00	5	0.00
68.309	0.00	0.00	64.28	0.00	0.00	0.00	100.00	5	0.00
68.411	0.00	0.00	64.28	0.00	0.00	0.00	100.00	5	0.00
68.514	0.00	0.00	64.28	0.00	0.00	0.00	100.00	5	0.00
68.616	0.00	0.00	64.28	0.00	0.00	0.00	100.00	5	0.00
68.719	0.00	0.00	64.28	0.00	0.00	0.00	100.00	5	0.00
68.822	0.00	0.00	64.28	0.00	0.00	0.00	100.00	5	0.00
68.924	0.00	0.00	64.28	0.00	0.00	0.00	100.00	5	0.00
69.027	0.00	0.00	64.28	0.00	0.00	0.00	100.00	5	0.00
69.129	0.00	0.00	64.28	0.00	0.00	0.00	100.00	5	0.00
69.232	0.00	0.00	64.28	0.00	0.00	0.00	100.00	5	0.00
69.335	0.00	0.00	64.28	0.00	0.00	0.00	100.00	5	0.00
69.437	0.00	0.00	64.28	0.00	0.00	0.00	100.00	5	0.00
69.540	0.00	0.00	64.28	0.00	0.00	0.00	100.00	5	0.00
69.642	0.00	0.00	64.28	0.00	0.00	0.00	100.00	5	0.00
69.745	0.00	0.00	64.28	0.00	0.00	0.00	100.00	5	0.00
69.847	0.00	0.00	64.28	0.00	0.00	0.00	100.00	5	0.00
69.950	0.00	0.00	64.28	0.00	0.00	0.00	100.00	5	0.00
70.053	0.00	0.00	64.28	0.00	0.00	0.00	100.00	5	0.00
70.155	0.00	0.00	64.28	0.00	0.00	0.00	100.00	5	0.00
70.258	0.00	0.00	64.28	0.00	0.00	0.00	100.00	5	0.00
70.360	0.00	0.00	64.28	0.00	0.00	0.00	100.00	5	0.00
70.463	0.00	0.00	64.28	0.00	0.00	0.00	100.00	5	0.00
70.565	0.00	0.00	64.28	0.00	0.00	0.00	100.00	5	0.00
70.668	0.00	0.00	64.28	0.00	0.00	0.00	100.00	5	0.00
70.771	0.00	0.00	64.28	0.00	0.00	0.00	100.00	5	0.00
70.873	0.00	0.00	64.28	0.00	0.00	0.00	100.00	5	0.00
70.976	0.00	0.00	64.28	0.00	0.00	0.00	100.00	5	0.00
71.078	0.00	0.00	64.28	0.00	0.00	0.00	100.00	5	0.00
71.181	0.00	0.00	64.28	0.00	0.00	0.00	100.00	5	0.00
71.284	0.00	0.00	64.28	0.00	0.00	0.00	100.00	5	0.00
71.386	0.00	0.00	64.28	0.00	0.00	0.00	100.00	5	0.00
71.489	0.00	0.00	64.28	0.00	0.00	0.00	100.00	5	0.00
71.591	0.00	0.00	64.28	0.00	0.00	0.00	100.00	5	0.00
71.694	0.00	0.00	64.28	0.00	0.00	0.00	100.00	5	0.00
71.796	0.00	0.00	64.28	0.00	0.00	0.00	100.00	5	0.00
71.899	0.00	0.00	64.28	0.00	0.00	0.00	100.00	5	0.00
72.002	0.00	0.00	64.28	0.00	0.00	0.00	100.00	5	0.00
72.104	0.00	0.00	64.28	0.00	0.00	0.00	100.00	5	0.00
72.207	0.00	0.00	64.28	0.00	0.00	0.00	100.00	5	0.00
72.309	0.00	0.00	64.28	0.00	0.00	0.00	100.00	5	0.00
72.412	0.00	0.00	64.28	0.00	0.00	0.00	100.00	5	0.00
72.514	0.00	0.00	64.28	0.00	0.00	0.00	100.00	5	0.00
72.617	0.00	0.00	64.28	0.00	0.00	0.00	100.00	5	0.00
72.720	0.00	0.00	64.28	0.00	0.00	0.00	100.00	5	0.00
72.822	0.00	0.00	64.28	0.00	0.00	0.00	100.00	5	0.00
72.925	0.00	0.00	64.28	0.00	0.00	0.00	100.00	5	0.00
73.027	0.00	0.00	64.28	0.00	0.00	0.00	100.00	5	0.00
73.130	0.00	0.00	64.28	0.00	0.00	0.00	100.00	5	0.00
73.232	0.00	0.00	64.28	0.00	0.00	0.00	100.00	5	0.00
73.335	0.00	0.00	64.28	0.00	0.00	0.00	100.00	5	0.00
73.438	0.00	0.00	64.28	0.00	0.00	0.00	100.00	5	0.00
73.540	0.00	0.00	64.28	0.00	0.00	0.00	100.00	5	0.00
73.643	0.00	0.00	64.28	0.00	0.00	0.00	100.00	5	0.00
73.745	0.00	0.00	64.28	0.00	0.00	0.00	100.00	5	0.00
73.848	0.00	0.00	64.28	0.00	0.00	0.00	100.00	5	0.00
73.951	0.00	0.00	64.28	0.00	0.00	0.00	100.00	5	0.00
74.053	0.00	0.00	64.28	0.00	0.00	0.00	100.00	5	0.00
74.156	0.00	0.00	64.28	0.00	0.00	0.00	100.00	5	0.00
74.258	0.00	0.00	64.28	0.00	0.00	0.00	100.00	5	0.00
74.361	0.00	0.00	64.28	0.00	0.00	0.00	100.00	5	0.00
74.463	0.00	0.00	64.28	0.00	0.00	0.00	100.00	5	0.00
74.566	0.00	0.00	64.28	0.00	0.00	0.00	100.00	5	0.00
74.669	0.00	0.00	64.28	0.00	0.00	0.00	100.00	5	0.00
74.771	0.00	0.00	64.28	0.00	0.00	0.00	100.00	5	0.00
74.874	0.00	0.00	64.28	0.00	0.00	0.00	100.00	5	0.00
74.976	0.00	0.00	64.28	0.00	0.00	0.00	100.00	5	0.00
75.079	0.00	0.00	64.28	0.00	0.00	0.00	100.00	5	0.00
75.181	0.00	0.00	64.28	0.00	0.00	0.00	100.00	5	0.00
75.284	0.00	0.00	64.28	0.00	0.00	0.00	100.00	5	0.00
75.387	0.00	0.00	64.28	0.00	0.00	0.00	100.00	5	0.00
75.489	0.00	0.00	64.28	0.00	0.00	0.00	100.00	5	0.00
75.592	0.00	0.00	64.28	0.00	0.00	0.00	100.00	5	0.00
75.694	0.00	0.00	64.28	0.00	0.00	0.00	100.00	5	0.00
75.797	0.00	0.00	64.28	0.00	0.00	0.00	100.00	5	0.00
75.899	0.00	0.00	64.28	0.00	0.00	0.00	100.00	5	0.00
76.002	0.00	0.00	64.28	0.00	0.00	0.00	100.00	5	0.00
76.105	0.00	0.00	64.28	0.00	0.00	0.00	100.00	5	0.00
76.207	0.00	0.00	64.28	0.00	0.00	0.00	100.00	5	0.00
76.310	0.00	0.00	64.28	0.00	0.00	0.00	100.00	5	0.00
76.412	0.00	0.00	64.28	0.00	0.00	0.00	100.00	5	0.00
76.515	0.00	0.00	64.28	0.00	0.00	0.00	100.00	5	0.00
76.618	0.00	0.00	64.28	0.00	0.00	0.00	100.00	5	0.00
76.720	0.00	0.00	64.28	0.00	0.00	0.00	100.00	5	0.00
76.823	0.00	0.00	64.28	0.00	0.00	0.00	100.00	5	0.00
76.925	0.00	0.00	64.28	0.00	0.00	0.00	100.00	5	0.00
77.028	0.00	0.00	64.28	0.00	0.00	0.00	100.00	5	0.00
77.130	0.00	0.00	64.28	0.00	0.00	0.00	100.00	5	0.00
77.233	0.00	0.00	64.28	0.00	0.00	0.00	100.00	5	0.00
77.336	0.00	0.00	64.28	0.00	0.00	0.00	100.00	5	0.00
77.438	0.00	0.00	64.28	0.00	0.00	0.00	100.00	5	0.00
77.541	0.00	0.00	64.28	0.00	0.00	0.00	100.00	5	0.00
77.643	0.00	0.00	64.28	0.00	0.00	0.00	100.00	5	0.00
77.746	0.00	0.00	64.28	0.00	0.00	0.00	100.00	5	0.00
77.848	0.00	0.00	64.28	0.00	0.00	0.00	100.00	5	0.00
77.951	0.00	0.00	64.28	0.00	0.00	0.00	100.00	5	0.00
78.054	0.00	0.00	64.28	0.00	0.00	0.00	100.00	5	0.00
78.156	0.00	0.00	64.28	0.00	0.00	0.00	100.00	5	0.00
78.259	0.00	0.00	64.28	0.00	0.00	0.00	100.00	5	0.00
78.361	0.00	0.00	64.28	0.00	0.00	0.00	100.00	5	0.00
78.464	0.00	0.00	64.28	0.00	0.00	0.00	100.00	5	0.00
78.566	0.00	0.00	64.28	0.00	0.00	0.00	100.00	5	0.00
78.669	0.00	0.00	64.28	0.00	0.00	0.00	100.00	5	0.00
78.772	0.00	0.00	64.28	0.00	0.00	0.00	100.00	5	0.00
78.874	0.00	0.00	64.28	0.00	0.00	0.00	100.00	5	0.00
78.977	0.00	0.00	64.28	0.00	0.00	0.00	100.00	5	0.00
79.079	0.00	0.00	64.28	0.00	0.00	0.00	100.00	5	0.00
79.182	0.00	0.00	64.28	0.00	0.00	0.00	100.00	5	0.00
79.285	0.00	0.00	64.28	0.00	0.00	0.00	100.00	5	0.00
79.387	0.00	0.00	64.28	0.00	0.00	0.00	100.00	5	0.00
79.490	0.00	0.00	64.28	0.00	0.00	0.00	100.00	5	0.00
79.592	0.00	0.00	64.28	0.00	0.00	0.00	100.00	5	0.00
79.695	0.00	0.00	64.28	0.00	0.00	0.00	100.00	5	0.00
79.797	0.00	0.00	64.28	0.00	0.00	0.00	100.00	5	0.00
79.900	0.00	0.00	64.28	0.00	0.00	0.00	100.00	5	0.00
80.000	0.00	0.00	138.49	0.00	0.00	0.00	100.00	5	0.00
80.103	0.00	0.00	138.49	0.00	0.00	0.00	100.00	5	0.00
80.205	0.00	0.00	138.49	0.00	0.00	0.00	100.00	5	0.00
80.308	0.00	0.00	138.49	0.00	0.00	0.00	100.00	5	0.00
80.410	0.00	0.00	138.49	0.00	0.00	0.00	100.00	5	0.00
80.513	0.00	0.00	138.49	0.00	0.00	0.00	100.00	5	0.00
80.615	0.00	0.00	138.49	0.00	0.00	0.00	100.00	5	0.00
80.718	0.00	0.00	138.49	0.00	0.00	0.00	100.00	5	0.00
80.821	0.00	0.00	138.49	0.00	0.00	0.00	100.00	5	0.00
80.923	0.00	0.00	138.49	0.00	0.00	0.00	100.00	5	0.00
81.026	0.00	0.00	138.49	0.00	0.00	0.00	100.00	5	0.00
81.128	0.00	0.00	138.49	0.00	0.00	0.00	100.00	5	0.00
81.231	0.00	0.00	138.49	0.00	0.00	0.00	100.00	5	0.00
81.334	0.00	0.00	138.49	0.00	0.00	0.00	100.00	5	0.00
81.436	0.00	0.00	138.49	0.00	0.00	0.00	100.00	5	0.00
81.539	0.00	0.00	138.49	0.00	0.00	0.00	100.00	5	0.00
81.641	0.00	0.00	138.49	0.00	0.00	0.00	100.00	5	0.00
81.744	0.00	0.00	138.49	0.00	0.00	0.00	100.00	5	0.00
81.846	0.00	0.00	138.49	0.00	0.00	0.00	100.00	5	0.00
81.949	0.00	0.00	138.49	0.00	0.00	0.00	100.00	5	0.00
82.052	0.00	0.00	138.49	0.00	0.00	0.00	100.00	5	0.00
82.154	0.00	0.00	138.49	0.00	0.00	0.00	100.00	5	0.00
82.257	0.00	0.00	138.49	0.00	0.00	0.00	100.00	5	0.00
82.359	0.00	0.00	138.49	0.00	0.00	0.00	100.00	5	0.00
82.462	0.00	0.00	138.49	0.00	0.00	0.00	100.00	5	0.00
82.564	0.00	0.00	138.49	0.00	0.00	0.00	100.00	5	0.00
82.667	0.00	0.00	138.49	0.00	0.00	0.00	100.00	5	0.00
82.770	0.00	0.00	138.49	0.00	0.00	0.00	100.00	5	0.00
82.872	0.00	0.00	138.49	0.00	0.00	0.00	100.00	5	0.00
82.975	0.00	0.00	138.49	0.00	0.00	0.00	100.00	5	0.00
83.077	0.00	0.00	138.49	0.00	0.00	0.00	100.00	5	0.00
83.180	0.00	0.00	138.49	0.00	0.00	0.00	100.00	5	0.00
83.282	0.00	0.00	138.49	0.00	0.00	0.00	100.00	5	0.00
83.385	0.00	0.00	138.49	0.00	0.00	0.00	100.00	5	0.00
83.488	0.00	0.00	138.49	0.00	0.00	0.00	100.00	5	0.00
83.590	0.00	0.00	138.49	0.00	0.00	0.00	100.00	5	0.00
83.693	0.00	0.00	138.49	0.00	0.00	0.00	100.00	5	0.00
83.795	0.00	0.00	138.49	0.00	0.00	0.00	100.00	5	0.00
83.898	0.00	0.00	138.49	0.00	0.00	0.00	100.00	5	0.00
84.001	0.00	0.00	138.49	0.00	0.00	0.00	100.00	5	0.00
84.103	0.00	0.00	138.49	0.00	0.00	0.00	100.00	5	0.00
84.206	0.00	0.00	138.49	0.00	0.00	0.00	100.00	5	0.00
84.308	0.00	0.00	138.49	0.00	0.00	0.00	100.00	5	0.00
84.411	0.00	0.00	138.49	0.00	0.00	0.00	100.00	5	0.00
84.513	0.00	0.00	138.49	0.00	0.00	0.00	100.00	5	0.00
84.616	0.00	0.00	138.49	0.00	0.00	0.00	100.00	5	0.00
84.719	0.00	0.00	138.49	0.00	0.00	0.00	100.00	5	0.00
84.821	0.00	0.00	138.49	0.00	0.00	0.00	100.00	5	0.00
84.924	0.00	0.00	138.49	0.00	0.00	0.00	100.00	5	0.00
85.026	0.00	0.00	138.49	0.00	0.00	0.00	100.00	5	0.00
85.129	0.00	0.00	138.49	0.00	0.00	0.00	100.00	5	0.00
85.231	0.00	0.00	138.49	0.00	0.00	0.00	100.00	5	0.00
85.334	0.00	0.00	138.49	0.00	0.00	0.00	100.00	5	0.00
85.437	0.00	0.00	138.49	0.00	0.00	0.00	100.00	5	0.00
85.539	0.00	0.00	138.49	0.00	0.00	0.00	100.00	5	0.00
85.642	0.00	0.00	138.49	0.00	0.00	0.00	100.00	5	0.00
85.744	0.00	0.00	138.49	0.00	0.00	0.00	100.00	5	0.00
85.847	0.00	0.00	138.49	0.00	0.00	0.00	100.00	5	0.00
85.949	0.00	0.00	138.49	0.00	0.00	0.00	100.00	5	0.00
86.052	0.00	0.00	138.49	0.00	0.00	0.00	100.00	5	0.00
86.155	0.00	0.00	138.49	0.00	0.00	0.00	100.00	5	0.00
86.257	0.00	0.00	138.49	0.00	0.00	0.00	100.00	5	0.00
86.360	0.00	0.00	138.49	0.00	0.00	0.00	100.00	5	0.00
86.462	0.00	0.00	138.49	0.00	0.00	0.00	100.00	5	0.00
86.565	0.00	0.00	138.49	0.00	0.00	0.00	100.00	5	0.00
86.668	0.00	0.00	138.49	0.00	0.00	0.00	100.00	5	0.00
86.770	0.00	0.00	138.49	0.00	0.00	0.00	100.00	5	0.00
86.873	0.00	0.00	138.49	0.00	0.00	0.00	100.00	5	0.00
86.975	0.00	0.00	138.49	0.00	0.00	0.00	100.00	5	0.00
87.078	0.00	0.00	138.49	0.00	0.00	0.00	100.00	5	0.00
87.180	0.00	0.00	138.49	0.00	0.00	0.00	100.00	5	0.00
87.283	0.00	0.00	138.49	0.00	0.00	0.00	100.00	5	0.00
87.386	0.00	0.00	138.49	0.00	0.00	0.00	100.00	5	0.00
87.488	0.00	0.00	138.49	0.00	0.00	0.00	100.00	5	0.00
87.591	0.00	0.00	138.49	0.00	0.00	0.00	100.00	5	0.00
87.693	0.00	0.00	138.49	0.00	0.00	0.00	100.00	5	0.00
87.796	0.00	0.00	138.49	0.00	0.00	0.00	100.00	5	0.00
87.898	0.00	0.00	138.49	0.00	0.00	0.00	100.00	5	0.00
88.001	0.00	0.00	138.49	0.00	0.00	0.00	100.00	5	0.00
88.104	0.00	0.00	138.49	0.00	0.00	0.00	100.00	5	0.00
88.206	0.00	0.00	138.49	0.00	0.00	0.00	100.00	5	0.00
88.309	0.00	0.00	138.49	0.00	0.00	0.00	100.00	5	0.00
88.411	0.00	0.00	138.49	0.00	0.00	0.00	100.00	5	0.00
88.514	0.00	0.00	138.49	0.00	0.00	0.00	100.00	5	0.00
88.616	0.00	0.00	138.49	0.00	0.00	0.00	100.00	5	0.00
88.719	0.00	0.00	138.49	0.00	0.00	0.00	100.00	5	0.00
88.822	0.00	0.00	138.49	0.00	0.00	0.00	100.00	5	0.00
88.924	0.00	0.00	138.49	0.00	0.00	0.00	100.00	5	0.00
89.027	0.00	0.00	138.49	0.00	0.00	0.00	100.00	5	0.00
89.129	0.00	0.00	138.49	0.00	0.00	0.00	100.00	5	0.00
89.232	0.00	0.00	138.49	0.00	0.00	0.00	100.00	5	0.00
89.335	0.00	0.00	138.49	0.00	0.00	0.00	100.00	5	0.00
89.437	0.00	0.00	138.49	0.00	0.00	0.00	100.00	5	0.00
89.540	0.00	0.00	138.49	0.00	0.00	0.00	100.00	5	0.00
89.642	0.00	0.00	138.49	0.00	0.00	0.00	100.00	5	0.00
89.745	0.00	0.00	138.49	0.00	0.00	0.00	100.00	5	0.00
89.847	0.00	0.00	138.49	0.00	0.00	0.00	100.00	5	0.00
89.950	0.00	0.00	138.49	0.00	0.00	0.00	100.00	5	0.00
90.053	0.00	0.00	138.49	0.00	0.00	0.00	100.00	5	0.00
90.155	0.00	0.00	138.49	0.00	0.00	0.00	100.00	5	0.00
90.258	0.00	0.00	138.49	0.00	0.00	0.00	100.00	5	0.00
90.360	0.00	0.00	138.49	0.00	0.00	0.00	100.00	5	0.00
90.463	0.00	0.00	138.49	0.00	0.00	0.00	100.00	5	0.00
90.565	0.00	0.00	138.49	0.00	0.00	0.00	100.00	5	0.00
90.668	0.00	0.00	138.49	0.00	0.00	0.00	100.00	5	0.00
90.771	0.00	0.00	138.49	0.00	0.00	0.00	100.00	5	0.00
90.873	0.00	0.00	138.49	0.00	0.00	0.00	100.00	5	0.00
90.976	0.00	0.00	138.49	0.00	0.00	0.00	100.00	5	0.00
91.078	0.00	0.00	138.49	0.00	0.00	0.00	100.00	5	0.00
91.181	0.00	0.00	138.49	0.00	0.00	0.00	100.00	5	0.00
91.284	0.00	0.00	138.49	0.00	0.00	0.00	100.00	5	0.00
91.386	0.00	0.00	138.49	0.00	0.00	0.00	100.00	5	0.00
91.489	0.00	0.00	138.49	0.00	0.00	0.00	100.00	5	0.00
91.591	0.00	0.00	138.49	0.00	0.00	0.00	100.00	5	0.00
91.694	0.00	0.00	138.49	0.00	0.00	0.00	100.00	5	0.00
91.796	0.00	0.00	138.49	0.00	0.00	0.00	100.00	5	0.00
91.899	0.00	0.00	138.49	0.00	0.00	0.00	100.00	5	0.00
92.002	0.00	0.00	138.49	0.00	0.00	0.00	100.00	5	0.00
92.104	0.00	0.00	138.49	0.00	0.00	0.00	100.00	5	0.00
92.207	0.00	0.00	138.49	0.00	0.00	0.00	100.00	5	0.00
92.309	0.00	0.00	138.49	0.00	0.00	0.00	100.00	5	0.00
92.412	0.00	0.00	138.49	0.00	0.00	0.00	100.00	5	0.00
92.514	0.00	0.00	138.49	0.00	0.00	0.00	100.00	5	0.00
92.617	0.00	0.00	138.49	0.00	0.00	0.00	100.00	5	0.00
92.720	0.00	0.00	138.49	0.00	0.00	0.00	100.00	5	0.00
92.822	0.00	0.00	138.49	0.00	0.00	0.00	100.00	5	0.00
92.925	0.00	0.00	138.49	0.00	0.00	0.00	100.00	5	0.00
93.027	0.00	0.00	138.49	0.00	0.00	0.00	100.00	5	0.00
93.130	0.00	0.00	138.49	0.00	0.00	0.00	100.00	5	0.00
93.232	0.00	0.00	138.49	0.00	0.00	0.00	100.00	5	0.00
93.335	0.00	0.00	138.49	0.00	0.00	0.00	100.00	5	0.00
93.438	0.00	0.00	138.49	0.00	0.00	0.00	100.00	5	0.00
93.540	0.00	0.00	138.49	0.00	0.00	0.00	100.00	5	0.00
93.643	0.00	0.00	138.49	0.00	0.00	0.00	100.00	5	0.00
93.745	0.00	0.00	138.49	0.00	0.00	0.00	100.00	5	0.00
93.848	0.00	0.00	138.49	0.00	0.00	0.00	100.00	5	0.00
93.951	0.00	0.00	138.49	0.00	0.00	0.00	100.00	5	0.00
94.053	0.00	0.00	138.49	0.00	0.00	0.00	100.00	5	0.00
94.156	0.00	0.00	138.49	0.00	0.00	0.00	100.00	5	0.00
94.258	0.00	0.00	138.49	0.00	0.00	0.00	100.00	5	0.00
94.361	0.00	0.00	138.49	0.00	0.00	0.00	100.00	5	0.00
94.463	0.00	0.00	138.49	0.00	0.00	0.00	100.00	5	0.00
94.566	0.00	0.00	138.49	0.00	0.00	0.00	100.00	5	0.00
94.669	0.00	0.00	138.49	0.00	0.00	0.00	100.00	5	0.00
94.771	0.00	0.00	138.49	0.00	0.00	0.00	100.00	5	0.00
94.874	0.00	0.00	138.49	0.00	0.00	0.00	100.00	5	0.00
94.976	0.00	0.00	138.49	0.00	0.00	0.00	100.00	5	0.00
95.079	0.00	0.00	138.49	0.00	0.00	0.00	100.00	5	0.00
95.181	0.00	0.00	138.49	0.00	0.00	0.00	100.00	5	0.00
95.284	0.00	0.00	138.49	0.00	0.00	0.00	100.00	5	0.00
95.387	0.00	0.00	138.49	0.00	0.00	0.00	100.00	5	0.00
95.489	0.00	0.00	138.49	0.00	0.00	0.00	100.00	5	0.00
95.592	0.00	0.00	138.49	0.00	0.00	0.00	100.00	5	0.00
95.694	0.00	0.00	138.49	0.00	0.00	0.00	100.00	5	0.00
95.797	0.00	0.00	138.49	0.00	0.00	0.00	100.00	5	0.00
95.899	0.00	0.00	138.49	0.00	0.00	0.00	100.00	5	0.00
96.002	0.00	0.00	138.49	0.00	0.00	0.00	100.00	5	0.00
96.105	0.00	0.00	138.49	0.00	0.00	0.00	100.00	5	0.00
96.207	0.00	0.00	138.49	0.00	0.00	0.00	100.00	5	0.00
96.310	0.00	0.00	138.49	0.00	0.00	0.00	100.00	5	0.00
96.412	0.00	0.00	138.49	0.00	0.00	0.00	100.00	5	0.00
96.515	0.00	0.00	138.49	0.00	0.00	0.00	100.00	5	0.00
96.618	0.00	0.00	138.49	0.00	0.00	0.00	100.00	5	0.00
96.720	0.00	0.00	138.49	0.00	0.00	0.00	100.00	5	0.00
96.823	0.00	0.00	138.49	0.00	0.00	0.00	100.00	5	0.00
96.925	0.00	0.00	138.49	0.00	0.00	0.00	100.00	5	0.00
97.028	0.00	0.00	138.49	0.00	0.00	0.00	100.00	5	0.00
97.130	0.00	0.00	138.49	0.00	0.00	0.00	100.00	5	0.00
97.233	0.00	0.00	138.49	0.00	0.00	0.00	100.00	5	0.00
97.336	0.00	0.00	138.49	0.00	0.00	0.00	100.00	5	0.00
97.438	0.00	0.00	138.49	0.00	0.00	0.00	100.00	5	0.00
97.541	0.00	0.00	138.49	0.00	0.00	0.00	100.00	5	0.00
97.643	0.00	0.00	138.49	0.00	0.00	0.00	100.00	5	0.00
97.746	0.00	0.00	138.49	0.00	0.00	0.00	100.00	5	0.00
97.848	0.00	0.00	138.49	0.00	0.00	0.00	100.00	5	0.00
97.951	0.00	0.00	138.49	0.00	0.00	0.00	100.00	5	0.00
98.054	0.00	0.00	138.49	0.00	0.00	0.00	100.00	5	0.00
98.156	0.00	0.00	138.49	0.00	0.00	0.00	100.00	5	0.00
98.259	0.00	0.00	138.49	0.00	0.00	0.00	100.00	5	0.00
98.361	0.00	0.00	138.49	0.00	0.00	0.00	100.00	5	0.00
98.464	0.00	0.00	138.49	0.00	0.00	0.00	100.00	5	0.00
98.566	0.00	0.00	138.49	0.00	0.00	0.00	100.00	5	0.00
98.669	0.00	0.00	138.49	0.00	0.00	0.00	100.00	5	0.00
98.772	0.00	0.00	138.49	0.00	0.00	0.00	100.00	5	0.00
98.874	0.00	0.00	138.49	0.00	0.00	0.00	100.00	5	0.00
98.977	0.00	0.00	138.49	0.00	0.00	0.00	100.00	5	0.00
99.079	0.00	0.00	138.49	0.00	0.00	0.00	100.00	5	0.00
99.182	0.00	0.00	138.49	0.00	0.00	0.00	100.00	5	0.00
99.285	0.00	0.00	138.49	0.00	0.00	0.00	100.00	5	0.00
99.387	0.00	0.00	138.49	0.00	0.00	0.00	100.00	5	0.00
99.490	0.00	0.00	138.49	0.00	0.00	0.00	100.00	5	0.00
99.592	0.00	0.00	138.49	0.00	0.00	0.00	100.00	5	0.00
99.695	0.00	0.00	138.49	0.00	0.00	0.00	100.00	5	0.00
99.797	0.00	0.00	138.49	0.00	0.00	0.00	100.00	5	0.00
99.900	0.00	0.00	138.49	0.00	0.00	0.00	100.00	5	0.00
