0.000	40.00	0.03	1.11	0.39	0.33	0.13	11.50	4	10.50
0.144	38.38	1.16	44.55	4.10	5.82	23.87	53.60	4	17.50
0.204	37.05	1.79	66.23	5.28	7.50	39.64	59.90	4	20.50
0.308	35.28	2.62	92.55	7.25	8.82	63.89	69.00	4	25.00
0.453	31.14	3.76	116.99	9.40	9.06	85.18	72.80	4	32.00
0.513	29.34	4.03	118.38	10.01	8.53	85.34	72.10	4	32.50
0.618	28.26	4.22	119.16	10.70	8.52	91.17	76.50	4	31.00
0.763	31.25	3.85	120.46	11.24	8.22	92.36	76.70	4	29.00
0.824	31.34	3.86	120.86	11.42	8.22	93.89	77.70	4	32.00
0.928	29.31	4.13	120.96	11.57	8.05	93.16	77.00	4	32.00
1.073	31.38	3.85	120.78	11.70	7.89	92.28	76.40	4	29.50
1.134	31.46	3.84	120.90	11.59	8.02	92.97	76.90	4	31.50
1.238	29.59	4.11	121.57	11.63	7.92	92.13	75.80	4	33.00
1.383	30.62	3.98	121.83	11.58	8.04	93.16	76.50	4	30.50
1.444	31.12	3.91	121.56	11.58	8.08	93.58	77.00	4	30.00
1.548	30.77	3.98	122.42	11.62	8.10	94.13	76.90	4	31.50
1.694	29.89	4.14	123.62	11.62	8.07	93.85	75.90	4	32.50
1.755	29.67	4.16	123.32	11.58	8.06	93.30	75.70	4	31.50
1.859	30.64	4.01	122.94	11.65	7.98	92.94	75.60	4	29.50
2.004	30.74	4.00	123.10	11.65	8.05	93.76	76.20	4	31.00
2.065	30.24	4.05	122.38	11.58	8.13	94.18	77.00	4	31.00
2.169	31.08	3.93	122.17	11.67	7.96	92.91	76.10	4	31.00
2.314	29.09	4.17	121.19	11.62	7.81	90.73	74.90	4	33.50
2.375	28.38	4.24	120.43	11.61	7.68	89.15	74.00	4	32.50
2.479	30.11	4.04	121.60	11.56	8.00	92.47	76.00	4	30.00
2.624	31.01	3.93	121.86	11.50	7.98	91.74	75.30	4	31.50
2.685	30.12	4.06	122.29	11.54	7.95	91.76	75.00	4	31.50
2.790	30.28	4.05	122.67	11.55	8.00	92.41	75.30	4	32.00
2.935	30.43	4.02	122.43	11.64	7.95	92.57	75.60	4	30.00
2.996	30.88	3.98	122.80	11.59	8.04	93.25	75.90	4	30.00
3.100	29.93	4.08	121.99	11.65	7.80	90.87	74.50	4	32.50
3.245	30.32	4.05	122.91	11.55	8.12	93.83	76.30	4	31.00
3.306	30.72	3.99	122.45	11.59	8.04	93.19	76.10	4	30.00
3.410	31.41	3.89	122.29	11.60	8.11	94.07	76.90	4	30.50
3.555	29.84	4.13	123.13	11.61	8.08	93.78	76.20	4	31.50
3.616	30.27	4.05	122.60	11.63	8.11	94.27	76.90	4	30.50
3.720	30.56	4.01	122.42	11.67	7.96	92.87	75.90	4	30.50
3.865	29.95	4.10	122.71	11.65	8.02	93.38	76.10	4	32.00
3.927	29.63	4.13	122.52	11.62	7.95	92.32	75.40	4	30.50
4.031	31.02	3.94	122.09	11.66	7.92	92.33	75.60	4	30.00
4.176	31.01	3.94	122.29	11.64	8.13	94.61	77.40	4	31.00
4.237	30.97	3.94	122.03	11.66	8.10	94.52	77.50	4	31.00
4.341	30.80	3.98	122.70	11.64	8.11	94.37	76.90	4	31.50
4.486	30.01	4.08	122.33	11.61	8.07	93.73	76.60	4	31.50
4.547	30.52	4.00	122.22	11.65	8.09	94.17	77.10	4	31.00
4.651	30.70	3.99	122.49	11.69	8.01	93.61	76.40	4	30.50
4.796	29.81	4.11	122.46	11.73	7.97	93.45	76.30	4	31.50
4.857	30.33	4.04	122.46	11.69	8.01	93.59	76.40	4	29.50
4.961	31.33	3.89	121.75	11.69	7.98	93.26	76.60	4	30.50
5.107	31.45	3.89	122.30	11.65	8.04	93.68	76.60	4	32.00
5.168	30.38	4.02	122.20	11.68	7.94	92.79	75.90	4	30.50
5.272	31.03	3.94	122.35	11.67	7.88	92.01	75.20	4	31.00
5.417	30.02	4.07	122.23	11.67	7.92	92.45	75.60	4	31.50
5.478	30.40	4.03	122.40	11.71	7.89	92.42	75.50	4	30.50
5.582	30.50	4.01	122.23	11.61	8.15	94.63	77.40	4	32.00
5.727	30.77	3.96	121.78	11.69	7.88	92.06	75.60	4	31.00
5.788	30.29	4.05	122.77	11.68	7.88	92.00	74.90	4	32.00
5.892	29.46	4.15	122.23	11.62	7.99	92.80	75.90	4	31.50
6.037	30.53	4.01	122.44	11.63	7.96	92.49	75.50	4	30.50
6.098	30.61	4.01	122.65	11.67	7.86	91.81	74.90	4	31.00
6.203	30.93	3.97	122.66	11.61	8.09	93.92	76.60	4	31.00
6.348	30.28	4.06	122.90	11.60	8.07	93.60	76.20	4	32.00
6.409	30.20	4.05	122.43	11.68	7.97	93.09	76.00	4	31.00
6.513	30.29	4.03	122.12	11.65	7.96	92.72	75.90	4	31.00
6.658	30.63	4.01	122.99	11.66	7.94	92.65	75.30	4	31.50
6.719	30.71	4.01	123.02	11.60	8.11	94.12	76.50	4	30.00
6.823	30.03	4.08	122.53	11.66	7.98	93.02	75.90	4	31.00
6.968	31.44	3.86	121.44	11.54	8.09	93.35	76.90	4	29.50
7.029	31.02	3.93	122.05	11.56	8.04	92.96	76.20	4	32.50
7.133	29.06	4.17	121.29	11.50	8.08	92.95	76.60	4	32.50
7.279	30.61	3.97	121.59	11.59	7.90	91.50	75.30	4	30.00
7.340	31.18	3.87	120.65	11.57	7.87	91.08	75.50	4	30.00
7.444	29.86	4.07	121.55	11.53	8.06	92.93	76.40	4	32.00
7.589	29.92	4.07	121.75	11.58	8.04	93.06	76.40	4	30.00
7.650	30.56	3.98	121.59	11.53	8.03	92.65	76.20	4	30.50
7.754	31.06	3.92	121.81	11.64	7.96	92.66	76.10	4	30.00
7.899	30.67	3.98	122.13	11.53	8.06	92.97	76.10	4	31.50
7.960	29.77	4.10	122.15	11.60	7.94	92.11	75.40	4	32.00
8.064	29.02	4.21	122.23	11.51	8.15	93.77	76.70	4	31.00
8.209	30.75	3.98	122.32	11.63	7.87	91.53	74.80	4	30.50
8.270	30.87	3.98	122.90	11.59	7.99	92.66	75.40	4	31.00
8.375	30.79	3.98	122.49	11.61	8.01	93.01	75.90	4	32.00
8.520	30.09	4.06	122.25	11.64	8.07	93.96	76.90	4	30.00
8.581	30.91	3.94	121.82	11.70	7.86	91.97	75.50	4	30.00
8.685	31.71	3.81	120.87	11.57	8.06	93.27	77.20	4	30.50
8.830	29.90	4.07	121.59	11.61	8.04	93.32	76.80	4	32.50
8.891	29.32	4.15	121.55	11.60	8.13	94.34	77.60	4	31.50
8.995	30.72	3.97	121.99	11.58	8.06	93.33	76.50	4	30.50
9.140	30.69	3.99	122.46	11.67	8.11	94.66	77.30	4	31.00
9.201	30.47	4.00	121.95	11.68	7.98	93.19	76.40	4	30.50
9.305	30.86	3.97	122.54	11.69	7.89	92.31	75.30	4	31.00
9.451	30.30	4.06	122.89	11.63	8.03	93.43	76.00	4	31.00
9.512	30.69	4.00	122.81	11.70	7.95	93.05	75.80	4	30.50
9.616	30.28	4.07	123.31	11.64	8.02	93.38	75.70	4	32.50
9.761	30.28	4.05	122.69	11.66	8.02	93.43	76.20	4	31.00
9.822	30.42	4.03	122.57	11.64	7.96	92.69	75.60	4	30.50
9.926	31.03	3.93	122.07	11.66	7.91	92.26	75.60	4	30.50
10.071	30.11	4.07	122.51	11.67	7.94	92.67	75.60	4	30.00
10.132	30.65	3.97	121.61	11.68	7.99	93.35	76.80	4	30.00
10.236	30.17	4.05	122.32	11.66	8.02	93.45	76.40	4	32.00
10.381	30.89	3.96	122.46	11.66	8.03	93.60	76.40	4	30.50
10.442	31.04	3.95	122.62	11.60	8.10	93.90	76.60	4	31.00
10.546	31.05	3.95	122.59	11.61	8.12	94.23	76.90	4	31.50
10.692	30.53	4.05	123.65	11.56	8.13	93.98	76.00	4	31.00
10.753	30.66	4.02	123.32	11.66	8.10	94.45	76.60	4	31.00
10.857	30.98	3.97	122.88	11.66	7.99	93.12	75.80	4	30.00
11.002	30.39	4.06	123.45	11.61	8.01	92.94	75.30	4	31.00
11.063	30.51	4.05	123.50	11.62	7.94	92.30	74.70	4	31.50
11.167	30.67	4.02	123.19	11.64	8.06	93.77	76.10	4	31.00
11.312	30.44	4.07	123.79	11.64	7.99	92.99	75.10	4	31.50
11.373	30.69	4.02	123.24	11.63	8.09	93.99	76.30	4	30.50
11.477	30.55	4.02	122.73	11.61	8.12	94.22	76.80	4	30.50
11.622	30.82	3.99	123.11	11.57	8.10	93.79	76.20	4	32.50
11.684	29.79	4.12	122.64	11.58	8.04	93.17	76.00	4	32.00
11.788	30.15	4.05	122.17	11.62	8.10	94.13	77.00	4	30.50
11.933	30.84	4.00	123.49	11.62	8.03	93.37	75.60	4	32.00
11.994	30.27	4.08	123.34	11.65	8.08	94.05	76.30	4	32.00
12.098	30.59	4.03	123.26	11.61	8.06	93.59	75.90	4	30.00
12.243	31.13	3.93	122.41	11.65	7.99	93.11	76.10	4	30.50
12.304	31.07	3.95	122.85	11.61	8.04	93.44	76.10	4	31.50
12.408	30.12	4.10	123.57	11.65	8.02	93.52	75.70	4	31.00
12.553	30.86	3.99	123.18	11.68	7.94	92.67	75.20	4	30.50
12.614	30.56	4.03	123.17	11.62	8.10	94.10	76.40	4	32.00
12.718	30.54	4.02	122.88	11.60	8.09	93.87	76.40	4	30.00
12.864	31.32	3.92	122.74	11.64	8.00	93.09	75.80	4	30.50
12.925	30.52	4.03	123.01	11.61	8.02	93.10	75.70	4	31.50
13.029	30.84	3.98	122.70	11.64	8.06	93.78	76.40	4	30.50
13.174	30.02	4.08	122.57	11.63	7.95	92.44	75.40	4	32.50
13.235	30.12	4.07	122.56	11.67	8.06	94.07	76.80	4	30.50
13.339	29.93	4.09	122.36	11.59	8.07	93.47	76.40	4	31.50
13.484	30.49	4.02	122.62	11.61	7.99	92.76	75.70	4	30.00
13.545	31.00	3.96	122.69	11.59	7.97	92.41	75.30	4	30.50
13.649	31.20	3.91	121.98	11.61	8.03	93.24	76.40	4	30.50
13.794	29.63	4.11	121.86	11.63	7.89	91.81	75.30	4	32.00
13.855	29.25	4.17	122.02	11.59	8.05	93.37	76.50	4	31.50
13.960	30.76	3.98	122.42	11.58	8.01	92.83	75.80	4	29.50
14.105	30.40	4.04	122.68	11.62	8.07	93.79	76.50	4	33.00
14.166	29.06	4.18	121.55	11.53	8.16	94.02	77.40	4	32.50
14.270	29.97	4.06	121.67	11.54	8.12	93.65	77.00	4	30.50
14.415	30.61	4.00	122.37	11.60	8.09	93.81	76.70	4	30.00
14.476	30.45	4.02	122.32	11.61	8.11	94.14	77.00	4	31.00
14.580	30.38	4.05	122.90	11.59	8.17	94.69	77.00	4	31.00
14.725	31.05	3.95	122.60	11.64	8.07	93.92	76.60	4	30.00
14.786	31.28	3.91	122.26	11.66	8.02	93.47	76.50	4	30.50
14.890	31.51	3.87	121.90	11.65	7.88	91.77	75.30	4	31.50
15.036	29.36	4.16	122.19	11.58	8.02	92.87	76.00	4	33.00
15.097	28.74	4.23	121.53	11.61	7.88	91.54	75.30	4	32.00
15.201	30.86	3.95	121.93	11.61	7.92	91.92	75.40	4	30.00
15.346	29.87	4.08	121.83	11.54	8.17	94.25	77.40	4	32.50
15.407	29.42	4.14	121.80	11.59	8.13	94.26	77.40	4	31.00
15.511	30.45	4.01	122.24	11.62	8.02	93.25	76.30	4	31.00
15.656	31.08	3.96	123.10	11.70	7.96	93.09	75.60	4	31.00
15.717	30.46	4.05	123.24	11.61	8.13	94.35	76.60	4	31.00
15.821	30.31	4.05	122.87	11.68	7.98	93.23	75.90	4	31.00
15.966	30.54	4.02	122.77	11.61	8.09	93.92	76.50	4	32.00
16.027	30.14	4.08	122.84	11.71	7.94	92.94	75.70	4	31.00
16.132	30.49	4.03	122.80	11.65	8.00	93.24	75.90	4	32.00
16.277	30.61	4.01	122.78	11.68	7.98	93.25	76.00	4	30.50
16.338	30.86	3.99	123.21	11.66	8.05	93.81	76.10	4	30.50
16.442	30.41	4.05	123.11	11.70	8.00	93.59	76.00	4	32.50
16.587	30.68	3.99	122.32	11.68	7.96	93.00	76.00	4	30.00
16.648	31.01	3.94	122.06	11.68	7.98	93.24	76.40	4	30.50
16.752	30.81	3.97	122.45	11.72	7.98	93.51	76.40	4	31.00
16.897	30.61	4.01	122.81	11.68	8.03	93.77	76.40	4	30.00
16.958	31.40	3.90	122.36	11.59	8.09	93.74	76.60	4	29.50
17.062	31.05	3.94	122.47	11.60	8.00	92.82	75.80	4	31.00
17.207	29.91	4.09	122.33	11.64	8.14	94.77	77.50	4	31.00
17.269	30.24	4.06	122.86	11.69	7.99	93.42	76.00	4	30.00
17.373	30.60	4.02	123.11	11.68	8.12	94.87	77.10	4	30.50
17.518	30.32	4.06	123.19	11.65	8.08	94.15	76.40	4	30.50
17.579	30.98	3.95	122.37	11.67	7.97	93.05	76.00	4	30.50
17.683	30.22	4.07	122.86	11.64	8.02	93.38	76.00	4	31.00
17.828	30.32	4.07	123.43	11.66	8.11	94.61	76.60	4	32.00
17.889	30.07	4.11	123.50	11.65	8.02	93.44	75.70	4	31.00
17.993	30.88	3.99	123.35	11.70	7.93	92.72	75.20	4	30.00
18.138	29.84	4.08	121.62	11.63	7.90	91.90	75.60	4	32.50
18.199	28.96	4.18	121.15	11.63	7.91	92.00	75.90	4	33.00
18.303	29.89	4.07	121.77	11.68	7.99	93.31	76.60	4	31.00
18.449	31.50	3.87	121.88	11.56	8.01	92.60	76.00	4	29.50
18.510	31.18	3.92	122.27	11.58	8.05	93.20	76.20	4	32.00
18.614	29.67	4.14	122.80	11.64	7.92	92.19	75.10	4	31.50
18.759	30.68	4.01	123.00	11.68	7.97	93.11	75.70	4	30.50
18.820	30.87	3.99	123.21	11.62	8.06	93.60	76.00	4	31.50
18.924	30.39	4.03	122.38	11.69	7.96	93.09	76.10	4	30.50
19.069	31.28	3.94	123.16	11.65	8.07	94.01	76.30	4	30.00
19.130	31.52	3.85	121.30	11.62	8.07	93.79	77.30	4	29.50
19.234	30.34	4.01	121.71	11.61	7.98	92.63	76.10	4	32.50
19.379	30.86	3.96	122.22	11.60	7.99	92.72	75.90	4	31.00
19.440	30.22	4.06	122.64	11.60	8.01	92.92	75.80	4	31.50
19.545	30.28	4.06	122.84	11.64	8.04	93.62	76.20	4	31.00
19.690	31.08	3.97	123.25	11.62	8.10	94.19	76.40	4	30.50
19.751	30.89	3.98	122.99	11.65	8.00	93.18	75.80	4	31.00
19.855	29.98	4.08	122.46	11.72	8.00	93.75	76.60	4	31.50
20.000	30.18	4.08	123.18	11.69	7.98	93.27	75.70	4	30.50
20.000	38.88	0.35	13.54	1.38	1.90	2.63	19.50	4	12.00
20.060	38.05	0.79	30.04	2.98	4.16	12.41	41.30	4	15.00
20.164	33.92	2.05	69.56	4.54	8.46	38.43	55.20	4	20.50
20.310	25.25	2.93	74.07	4.61	9.75	44.90	60.60	4	21.50
20.370	24.42	3.05	74.49	4.64	9.94	46.15	62.00	4	21.50
20.474	28.85	2.92	84.39	4.97	10.70	53.18	63.00	4	16.00
20.620	33.13	2.54	84.20	4.97	10.76	53.49	63.50	4	16.00
20.681	33.63	2.51	84.47	4.98	10.81	53.77	63.70	4	16.00
20.785	34.02	2.49	84.66	4.98	10.83	53.96	63.70	4	17.00
20.930	29.95	2.94	88.08	5.04	11.07	55.84	63.40	4	20.00
20.992	29.22	3.01	88.01	5.07	11.12	56.39	64.10	4	20.00
21.096	28.77	3.07	88.37	5.11	11.09	56.64	64.10	4	18.50
21.241	32.16	2.77	89.06	5.12	11.19	57.26	64.30	4	17.50
21.302	32.81	2.73	89.57	5.14	11.19	57.48	64.20	4	17.50
21.407	31.63	2.86	90.33	5.17	11.24	58.11	64.30	4	19.00
21.552	30.59	2.97	90.92	5.21	11.27	58.76	64.60	4	17.50
21.613	31.44	2.89	90.77	5.22	11.31	59.03	65.00	4	18.50
21.718	30.20	3.00	90.50	5.18	11.31	58.56	64.70	4	19.50
21.863	31.70	2.88	91.15	5.13	11.34	58.16	63.80	4	17.50
21.924	31.82	2.87	91.20	5.14	11.35	58.30	63.90	4	19.00
22.028	30.54	2.98	91.03	5.17	11.31	58.43	64.20	4	19.50
22.174	31.08	2.91	90.47	5.14	11.37	58.46	64.60	4	17.50
22.235	31.83	2.84	90.35	5.15	11.33	58.35	64.60	4	18.00
22.339	31.64	2.86	90.56	5.18	11.31	58.55	64.70	4	19.50
22.485	31.69	2.87	91.01	5.52	10.87	59.96	65.90	4	20.00
22.546	31.42	2.90	91.00	5.80	10.56	61.22	67.30	4	21.00
22.650	30.79	2.95	90.93	6.30	9.90	62.35	68.60	4	22.00
22.795	31.58	2.90	91.68	6.74	9.69	65.30	71.20	4	21.00
22.856	31.96	2.84	90.89	6.92	9.42	65.24	71.80	4	21.50
22.960	31.95	2.85	90.95	7.16	9.29	66.45	73.10	4	22.00
23.105	31.79	2.88	91.53	7.40	9.21	68.14	74.40	4	22.00
23.165	31.92	2.85	91.09	7.59	8.48	64.37	70.70	4	22.00
23.270	31.97	2.85	91.23	7.48	9.11	68.13	74.70	4	22.50
23.415	31.19	2.93	91.36	7.45	9.34	69.64	76.20	4	23.50
23.475	31.35	2.91	91.34	7.75	8.48	65.66	71.90	4	23.00
23.579	31.51	2.89	91.08	7.69	8.87	68.17	74.80	4	23.00
23.725	31.89	2.84	90.65	7.86	8.45	66.35	73.20	4	23.50
23.785	31.17	2.93	91.19	7.90	8.45	66.77	73.20	4	23.50
23.889	31.68	2.88	91.14	7.92	8.35	66.11	72.50	4	22.50
24.035	30.61	2.95	90.37	7.81	8.54	66.68	73.80	4	23.50
24.095	31.59	2.85	90.19	7.82	8.65	67.64	75.00	4	22.50
24.199	32.59	2.75	89.63	7.80	8.58	66.96	74.70	4	23.50
24.345	32.42	2.78	90.21	7.76	8.66	67.16	74.40	4	21.50
24.405	32.71	2.75	90.02	7.80	8.40	65.50	72.80	4	22.50
24.509	30.71	2.92	89.78	7.77	8.38	65.10	72.50	4	24.50
24.654	32.15	2.81	90.30	7.79	8.42	65.57	72.60	4	21.50
24.714	32.54	2.77	90.13	7.85	8.18	64.25	71.30	4	23.00
24.819	31.00	2.92	90.50	7.71	8.89	68.56	75.80	4	23.00
24.964	32.11	2.82	90.42	7.75	8.96	69.44	76.80	4	24.00
25.024	30.86	2.93	90.28	7.76	8.58	66.56	73.70	4	24.00
25.129	30.97	2.94	90.97	7.84	8.70	68.16	74.90	4	22.50
25.274	31.66	2.88	91.03	7.90	8.50	67.16	73.80	4	23.50
25.334	30.96	2.94	90.94	7.87	8.56	67.37	74.10	4	23.00
25.438	31.48	2.89	90.92	7.90	8.43	66.63	73.30	4	23.00
25.584	31.55	2.89	91.10	7.86	8.55	67.22	73.80	4	21.50
25.644	31.97	2.84	90.76	7.86	8.66	68.01	74.90	4	23.50
25.748	30.58	2.97	90.75	7.82	8.52	66.66	73.50	4	23.00
25.894	31.55	2.89	91.13	7.84	8.72	68.32	75.00	4	23.00
25.954	31.86	2.85	90.84	7.82	8.68	67.89	74.70	4	23.00
26.058	31.67	2.88	91.08	7.86	8.45	66.42	72.90	4	23.50
26.203	31.25	2.94	91.75	7.86	8.54	67.11	73.10	4	23.50
26.264	31.69	2.88	91.20	7.88	8.48	66.82	73.30	4	23.00
26.368	30.75	2.97	91.39	7.82	8.70	68.09	74.50	4	23.00
26.513	31.70	2.88	91.32	7.94	8.39	66.58	72.90	4	23.00
26.573	31.05	2.95	91.46	7.86	8.59	67.50	73.80	4	23.00
26.678	31.02	2.94	91.25	7.85	8.66	68.03	74.60	4	24.50
26.823	31.89	2.86	91.29	7.77	8.70	67.59	74.00	4	21.50
26.883	31.94	2.84	90.57	7.76	8.57	66.55	73.50	4	23.00
26.988	31.52	2.88	90.90	7.82	8.56	66.99	73.70	4	23.50
27.133	30.82	2.95	91.00	7.77	8.57	66.54	73.10	4	23.50
27.193	31.33	2.91	91.31	7.84	8.54	66.92	73.30	4	23.00
27.297	31.20	2.91	90.88	7.81	8.79	68.67	75.60	4	24.00
27.443	31.98	2.84	90.72	7.81	8.53	66.61	73.40	4	22.50
27.503	31.36	2.89	90.79	7.82	8.44	66.02	72.70	4	23.50
27.607	31.46	2.89	90.83	7.78	8.66	67.36	74.20	4	23.00
27.753	31.18	2.92	91.06	7.84	8.43	66.12	72.60	4	23.50
27.813	31.27	2.92	91.38	7.86	8.48	66.65	72.90	4	23.00
27.917	31.36	2.90	90.81	7.79	8.79	68.45	75.40	4	23.00
28.062	31.75	2.86	90.85	7.86	8.57	67.34	74.10	4	22.00
28.123	31.60	2.87	90.79	7.77	8.75	67.97	74.90	4	22.50
28.227	32.33	2.79	90.24	7.82	8.53	66.68	73.90	4	23.00
28.372	30.65	2.95	90.35	7.82	8.49	66.37	73.50	4	22.50
28.432	31.85	2.83	90.19	7.78	8.40	65.34	72.50	4	22.00
28.537	32.88	2.72	89.28	7.73	8.50	65.73	73.60	4	22.50
28.682	31.59	2.88	90.84	7.76	8.61	66.80	73.50	4	24.00
28.742	31.12	2.91	90.59	7.74	8.72	67.47	74.50	4	23.00
28.846	31.52	2.89	91.06	7.83	8.50	66.63	73.20	4	23.50
28.992	31.47	2.91	91.49	7.84	8.53	66.93	73.20	4	23.50
29.052	31.27	2.92	91.20	7.79	8.61	67.04	73.50	4	23.00
29.156	31.54	2.90	91.42	7.74	8.93	69.11	75.60	4	22.50
29.302	30.62	2.97	91.03	7.78	8.58	66.81	73.40	4	22.50
29.362	31.62	2.87	90.78	7.78	8.62	67.06	73.90	4	22.00
29.466	30.74	2.96	91.13	7.80	8.58	66.91	73.40	4	24.50
29.611	31.29	2.92	91.42	7.74	8.70	67.40	73.70	4	24.00
29.672	30.48	2.98	90.89	7.74	8.76	67.80	74.60	4	23.00
29.776	31.92	2.83	90.37	7.79	8.49	66.17	73.20	4	22.00
29.921	31.21	2.92	91.15	7.82	8.65	67.68	74.30	4	24.50
29.981	30.72	2.96	91.03	7.85	8.41	66.02	72.50	4	22.50
30.086	31.95	2.83	90.39	7.71	8.69	67.04	74.20	4	21.50
30.231	30.87	2.95	91.17	7.74	8.55	66.19	72.60	4	24.50
30.291	30.54	2.97	90.79	7.72	8.71	67.27	74.10	4	22.50
30.396	31.49	2.87	90.48	7.79	8.69	67.70	74.80	4	23.50
30.541	31.76	2.86	90.87	7.77	8.57	66.66	73.40	4	22.00
30.601	32.01	2.83	90.63	7.80	8.54	66.61	73.50	4	22.00
30.705	31.85	2.83	90.28	7.80	8.50	66.25	73.40	4	24.50
30.851	31.03	2.92	90.69	7.85	8.46	66.41	73.20	4	22.50
30.911	31.19	2.93	91.32	7.91	8.37	66.24	72.50	4	24.00
31.015	31.34	2.91	91.32	7.90	8.46	66.80	73.20	4	22.50
31.161	31.65	2.85	90.25	7.84	8.47	66.45	73.60	4	24.50
31.221	30.63	2.93	89.83	7.82	8.50	66.46	74.00	4	23.50
31.325	32.00	2.82	90.23	7.82	8.62	67.37	74.70	4	22.00
31.470	30.82	2.92	89.96	7.87	8.59	67.60	75.10	4	24.00
31.531	31.10	2.90	90.18	7.85	8.64	67.78	75.20	4	22.50
31.635	32.52	2.78	90.29	7.82	8.51	66.49	73.60	4	21.50
31.780	31.11	2.93	91.15	7.90	8.35	66.02	72.40	4	23.00
31.840	30.95	2.95	91.18	7.88	8.64	68.09	74.70	4	24.00
31.945	31.53	2.86	90.26	7.92	8.43	66.78	74.00	4	22.50
32.090	30.79	2.94	90.38	7.87	8.42	66.23	73.30	4	24.50
32.150	30.57	2.96	90.39	7.86	8.54	67.11	74.30	4	23.50
32.254	30.85	2.94	90.63	7.87	8.57	67.47	74.50	4	22.50
32.400	31.38	2.90	91.09	7.84	8.50	66.63	73.10	4	22.00
32.460	31.97	2.85	91.13	7.85	8.64	67.85	74.50	4	22.50
32.564	31.92	2.86	91.27	7.86	8.51	66.89	73.30	4	22.50
32.710	31.49	2.92	91.94	7.90	8.53	67.39	73.30	4	22.50
32.770	31.93	2.86	91.44	7.85	8.67	68.04	74.40	4	23.00
32.874	31.63	2.86	90.56	7.93	8.49	67.27	74.30	4	23.00
33.020	30.76	2.96	90.95	7.93	8.62	68.36	75.20	4	24.00
33.080	30.69	2.96	90.81	7.97	8.50	67.75	74.60	4	23.00
33.184	32.09	2.82	90.34	7.92	8.49	67.21	74.40	4	23.00
33.329	31.87	2.86	91.26	7.86	8.64	67.97	74.50	4	21.50
33.389	32.02	2.85	91.14	7.96	8.47	67.41	74.00	4	24.50
33.494	30.62	2.97	90.84	7.94	8.41	66.80	73.50	4	23.00
33.639	31.52	2.89	91.07	7.91	8.67	68.56	75.30	4	23.00
33.699	31.79	2.88	91.46	7.93	8.61	68.25	74.60	4	23.00
33.804	32.13	2.83	90.95	7.91	8.66	68.48	75.30	4	22.50
33.949	32.06	2.83	90.67	8.00	8.36	66.91	73.80	4	23.00
34.009	31.76	2.85	90.61	8.00	8.39	67.13	74.10	4	23.00
34.113	31.65	2.87	90.81	8.02	8.42	67.52	74.40	4	23.00
34.259	31.77	2.87	91.08	7.95	8.58	68.20	74.90	4	22.00
34.319	31.61	2.87	90.85	7.94	8.54	67.83	74.70	4	24.00
34.423	32.06	2.83	90.70	8.00	8.35	66.85	73.70	4	22.50
34.569	30.60	2.96	90.44	7.96	8.52	67.84	75.00	4	23.50
34.629	31.71	2.85	90.48	8.03	8.53	68.43	75.60	4	22.50
34.733	31.02	2.92	90.52	7.97	8.54	68.04	75.20	4	23.00
34.878	31.02	2.94	91.12	7.98	8.40	67.04	73.60	4	24.00
34.939	31.48	2.90	91.35	7.96	8.50	67.65	74.10	4	22.50
35.043	31.76	2.88	91.35	7.96	8.55	68.07	74.50	4	23.50
35.188	31.13	2.95	91.78	7.96	8.66	68.90	75.10	4	24.50
35.248	30.55	2.98	90.98	7.98	8.46	67.48	74.20	4	24.00
35.353	31.09	2.93	91.06	8.01	8.58	68.69	75.40	4	23.50
35.498	31.49	2.89	90.87	7.94	8.51	67.56	74.30	4	23.00
35.558	31.68	2.88	91.37	7.92	8.58	67.90	74.30	4	23.00
35.663	32.05	2.83	90.59	7.95	8.55	67.93	75.00	4	23.50
35.808	30.81	2.94	90.65	7.99	8.39	66.98	73.90	4	23.00
35.868	31.63	2.88	90.97	7.94	8.53	67.76	74.50	4	22.00
35.972	31.51	2.87	90.47	7.95	8.60	68.32	75.50	4	23.50
36.118	30.34	2.97	90.12	7.99	8.38	66.91	74.20	4	23.00
36.178	31.53	2.86	90.12	7.93	8.47	67.20	74.60	4	22.50
36.282	32.06	2.80	89.85	7.93	8.53	67.59	75.20	4	23.00
36.428	30.32	2.98	90.31	7.96	8.55	68.09	75.40	4	24.00
36.488	30.31	2.99	90.62	7.98	8.42	67.19	74.10	4	24.00
36.592	30.43	2.99	90.86	7.96	8.41	66.89	73.60	4	23.00
36.737	30.89	2.95	91.07	7.97	8.40	66.91	73.50	4	24.00
36.798	31.32	2.92	91.50	7.95	8.50	67.55	73.80	4	22.00
36.902	32.63	2.76	89.95	7.90	8.47	66.92	74.40	4	22.50
37.047	30.12	2.98	89.69	7.90	8.23	65.06	72.50	4	24.50
37.107	30.71	2.95	90.46	7.89	8.44	66.65	73.70	4	22.00
37.212	31.37	2.89	90.50	7.98	8.37	66.76	73.80	4	23.50
37.357	32.22	2.82	90.95	7.91	8.51	67.30	74.00	4	23.00
37.417	31.51	2.89	91.07	7.93	8.59	68.12	74.80	4	24.00
37.521	31.98	2.84	90.98	8.00	8.36	66.83	73.50	4	23.00
37.667	31.82	2.86	91.03	7.95	8.44	67.10	73.70	4	23.50
37.727	31.22	2.93	91.42	7.93	8.58	68.05	74.40	4	24.00
37.831	31.01	2.93	90.73	8.02	8.44	67.67	74.60	4	23.00
37.977	32.32	2.79	90.03	8.01	8.43	67.49	75.00	4	23.00
38.037	31.27	2.89	90.28	7.99	8.45	67.51	74.80	4	24.00
38.141	31.69	2.84	90.12	8.05	8.43	67.86	75.30	4	22.50
38.286	32.60	2.76	89.82	8.00	8.41	67.31	74.90	4	23.00
38.347	32.16	2.82	90.84	7.92	8.57	67.91	74.80	4	23.50
38.451	32.17	2.82	90.84	8.03	8.48	68.12	75.00	4	23.50
38.596	31.27	2.90	90.83	8.02	8.42	67.51	74.30	4	22.50
38.656	31.21	2.92	91.01	8.03	8.31	66.77	73.40	4	24.00
38.761	31.52	2.89	91.19	8.00	8.46	67.68	74.20	4	22.00
38.906	30.35	2.98	90.52	7.99	8.56	68.38	75.50	4	24.50
38.966	30.91	2.93	90.60	8.09	8.32	67.31	74.30	4	23.00
39.071	32.25	2.78	89.79	7.99	8.46	67.52	75.20	4	22.50
39.216	32.19	2.79	89.78	8.00	8.34	66.66	74.20	4	25.00
39.276	30.30	2.94	88.97	8.00	8.18	65.45	73.60	4	26.00
39.380	28.90	3.05	88.12	7.87	8.30	65.27	74.10	4	24.50
39.526	32.11	2.77	88.98	7.94	8.27	65.61	73.70	4	21.50
39.586	32.75	2.71	88.60	7.91	8.31	65.75	74.20	4	22.00
39.690	31.03	2.89	89.58	7.99	8.26	66.03	73.70	4	24.50
39.836	31.05	2.89	89.80	7.97	8.39	66.84	74.40	4	22.50
39.896	31.93	2.80	89.37	8.01	8.42	67.40	75.40	4	22.00
40.000	32.34	2.77	89.54	7.96	8.41	67.00	74.80	4	23.00
40.000	35.77	1.90	68.01	8.78	3.64	32.00	47.00	4	14.00
40.145	37.71	1.36	51.43	7.37	4.47	32.94	64.00	4	17.00
40.205	37.60	1.39	52.28	7.32	4.86	35.59	68.10	4	18.00
40.309	36.80	1.93	70.86	7.92	6.34	50.25	70.90	4	23.50
40.454	33.27	3.35	111.44	9.67	7.98	77.21	69.30	4	30.50
40.514	30.78	3.87	119.03	10.19	8.28	84.37	70.90	4	33.50
40.619	27.66	4.32	119.37	10.85	7.57	82.11	68.80	4	32.00
40.764	30.65	4.04	123.88	11.43	7.95	90.83	73.30	4	30.50
40.825	31.18	4.00	124.59	11.49	7.99	91.81	73.70	4	29.50
40.929	29.68	4.21	124.93	11.61	7.85	91.22	73.00	4	33.50
41.074	28.93	4.33	125.20	11.70	7.98	93.37	74.60	4	30.50
41.135	30.38	4.13	125.43	11.67	8.00	93.35	74.40	4	30.50
41.239	30.86	4.09	126.30	11.78	7.87	92.68	73.40	4	31.50
41.384	30.84	4.10	126.55	11.82	8.00	94.55	74.70	4	31.00
41.445	30.79	4.12	126.76	11.87	7.95	94.40	74.50	4	31.00
41.549	30.79	4.11	126.45	11.87	7.97	94.62	74.80	4	32.00
41.694	30.73	4.13	126.87	11.95	7.85	93.83	74.00	4	32.00
41.755	30.20	4.19	126.57	11.92	7.85	93.57	73.90	4	31.50
41.860	31.05	4.04	125.41	11.91	7.83	93.22	74.30	4	31.00
42.005	30.24	4.16	125.71	11.91	7.83	93.29	74.20	4	33.00
42.066	29.51	4.26	125.86	11.95	7.75	92.65	73.60	4	33.00
42.170	30.14	4.17	125.71	11.87	7.82	92.88	73.90	4	31.50
42.315	30.47	4.15	126.40	11.95	7.88	94.10	74.40	4	33.00
42.376	30.43	4.18	127.10	11.93	7.77	92.65	72.90	4	31.00
42.480	30.29	4.19	126.78	12.00	7.78	93.37	73.60	4	31.00
42.625	30.66	4.15	127.31	12.03	7.88	94.79	74.50	4	33.50
42.686	29.72	4.25	126.41	11.95	7.84	93.75	74.20	4	32.50
42.790	29.79	4.24	126.33	12.01	7.77	93.34	73.90	4	31.00
42.935	29.49	4.28	126.15	11.96	7.78	92.97	73.70	4	32.00
42.997	30.26	4.18	126.57	11.96	7.85	93.90	74.20	4	30.00
43.101	31.04	4.04	125.51	11.94	7.85	93.68	74.60	4	30.50
43.246	30.07	4.19	126.00	11.92	7.90	94.15	74.70	4	32.50
43.307	29.43	4.27	125.79	11.96	7.90	94.46	75.10	4	32.50
43.411	30.10	4.21	126.67	12.00	7.80	93.62	73.90	4	30.50
43.556	30.34	4.17	126.51	11.97	7.92	94.75	74.90	4	33.00
43.617	29.89	4.23	126.35	12.03	7.76	93.34	73.90	4	31.50
43.721	30.98	4.07	125.95	11.95	7.86	93.87	74.50	4	31.00
43.866	29.95	4.22	126.28	12.06	7.85	94.71	75.00	4	32.50
43.927	29.99	4.20	125.82	12.04	7.70	92.77	73.70	4	32.50
44.031	30.70	4.09	125.55	11.98	7.85	94.08	74.90	4	31.00
44.177	29.84	4.24	126.44	12.08	7.64	92.35	73.00	4	33.50
44.238	29.23	4.31	126.10	11.98	7.83	93.76	74.40	4	33.50
44.342	29.31	4.31	126.27	12.03	7.74	93.11	73.70	4	31.50
44.487	30.11	4.20	126.57	11.94	7.96	94.97	75.00	4	32.00
44.548	30.21	4.18	126.42	12.05	7.76	93.47	73.90	4	31.00
44.652	30.08	4.20	126.19	12.00	7.87	94.39	74.80	4	32.00
44.797	29.94	4.24	127.05	12.00	7.78	93.31	73.40	4	33.50
44.858	29.74	4.26	126.65	12.03	7.80	93.89	74.10	4	31.50
44.962	30.64	4.14	126.85	11.99	7.80	93.54	73.70	4	31.50
45.107	30.83	4.11	126.70	11.99	7.86	94.26	74.40	4	33.00
45.168	29.77	4.24	126.31	12.02	7.70	92.54	73.30	4	32.50
45.272	30.48	4.14	126.22	12.02	7.86	94.45	74.80	4	31.50
45.418	30.27	4.18	126.62	12.02	7.72	92.81	73.30	4	31.50
45.479	30.39	4.17	126.62	12.00	7.83	93.97	74.20	4	31.50
45.583	30.10	4.21	126.60	12.08	7.71	93.16	73.60	4	32.50
45.728	30.02	4.22	126.53	11.96	7.82	93.51	73.90	4	32.50
45.789	29.95	4.24	127.08	12.04	7.68	92.52	72.80	4	31.00
45.893	30.48	4.16	126.91	11.98	7.90	94.62	74.60	4	31.00
46.038	29.88	4.24	126.73	12.08	7.71	93.15	73.50	4	33.00
46.099	29.69	4.26	126.60	12.12	7.82	94.79	74.90	4	32.00
46.203	29.82	4.25	126.74	12.05	7.77	93.64	73.90	4	30.50
46.348	31.12	4.05	125.90	12.01	7.88	94.64	75.20	4	31.50
46.409	30.33	4.15	125.97	12.02	7.72	92.85	73.70	4	32.00
46.514	30.26	4.19	126.82	12.04	7.89	94.93	74.90	4	32.00
46.659	30.81	4.11	126.62	12.05	7.86	94.67	74.80	4	31.00
46.720	30.79	4.11	126.61	11.99	7.85	94.12	74.30	4	31.50
46.824	30.41	4.16	126.51	12.02	7.84	94.22	74.50	4	32.00
46.969	30.81	4.11	126.55	12.07	7.78	93.89	74.20	4	32.50
47.030	30.47	4.16	126.86	12.06	7.91	95.38	75.20	4	31.50
47.134	30.01	4.22	126.52	12.02	7.85	94.35	74.60	4	31.50
47.279	30.58	4.12	125.92	12.01	7.93	95.24	75.60	4	31.00
47.340	30.30	4.17	126.25	12.05	7.78	93.78	74.30	4	32.00
47.444	30.28	4.17	126.18	12.06	7.77	93.73	74.30	4	32.00
47.589	30.77	4.11	126.59	12.00	7.88	94.58	74.70	4	31.00
47.651	31.01	4.06	125.90	12.02	7.70	92.56	73.50	4	31.00
47.755	31.38	3.98	124.85	12.01	7.79	93.60	75.00	4	30.50
47.900	30.49	3.94	120.27	11.86	7.52	89.15	74.10	4	30.50
47.961	30.77	3.89	119.73	11.78	7.53	88.66	74.00	4	29.50
48.065	32.15	3.72	119.68	11.73	7.58	88.91	74.30	4	28.50
48.210	31.59	3.87	122.29	11.77	7.71	90.75	74.20	4	33.00
48.271	29.58	4.17	123.23	11.75	7.80	91.60	74.30	4	34.00
48.375	28.25	4.35	122.94	11.72	7.73	90.60	73.70	4	32.50
48.520	30.97	4.03	124.78	11.81	7.72	91.26	73.10	4	31.00
48.581	30.29	4.14	125.54	11.81	7.80	92.11	73.40	4	32.50
48.685	30.27	4.18	126.41	11.88	7.80	92.68	73.30	4	31.00
48.831	30.97	4.07	126.03	11.96	7.79	93.17	73.90	4	30.50
48.892	31.30	4.02	125.87	11.91	7.83	93.29	74.10	4	32.00
48.996	30.51	4.13	126.18	11.92	7.88	93.93	74.40	4	31.00
49.141	30.18	4.21	127.13	11.95	7.82	93.48	73.50	4	33.00
49.202	29.87	4.24	126.74	11.95	7.82	93.40	73.70	4	32.50
49.306	30.00	4.20	126.01	12.00	7.85	94.20	74.80	4	31.50
49.451	31.01	4.09	126.77	11.98	7.87	94.26	74.40	4	30.00
49.512	31.13	4.04	125.88	11.99	7.88	94.42	75.00	4	32.00
49.616	30.08	4.21	126.51	11.95	7.78	93.00	73.50	4	32.00
49.761	30.25	4.19	126.64	12.02	7.82	93.98	74.20	4	31.50
49.822	30.66	4.14	126.96	12.08	7.67	92.64	73.00	4	31.50
49.926	30.37	4.18	126.97	12.02	7.84	94.20	74.20	4	31.00
50.072	30.68	4.12	126.27	12.00	7.84	94.02	74.50	4	33.00
50.133	29.75	4.21	125.32	11.98	7.71	92.35	73.70	4	32.50
50.237	29.38	4.25	124.99	11.98	7.82	93.68	75.00	4	31.00
50.382	31.01	4.03	124.87	12.00	7.81	93.71	75.00	4	31.00
50.443	30.37	4.14	125.81	11.93	7.82	93.32	74.20	4	33.00
50.547	29.03	4.31	125.08	11.99	7.75	92.92	74.30	4	32.50
50.692	30.75	4.08	125.49	11.96	7.82	93.51	74.50	4	30.50
50.753	30.71	4.09	125.68	11.97	7.80	93.36	74.30	4	31.00
50.857	30.41	4.15	126.07	12.06	7.73	93.23	74.00	4	32.00
51.002	29.53	4.29	126.68	11.98	7.84	93.89	74.10	4	32.50
51.063	29.61	4.26	126.18	11.98	7.89	94.49	74.90	4	31.00
51.167	30.11	4.18	125.92	12.00	7.76	93.09	73.90	4	32.00
51.313	30.42	4.16	126.46	11.99	7.84	94.04	74.40	4	30.00
51.374	30.59	4.13	126.32	11.99	7.86	94.30	74.60	4	33.00
51.478	29.37	4.29	125.90	11.99	7.79	93.42	74.20	4	32.50
51.623	30.17	4.19	126.36	11.96	7.93	94.87	75.10	4	31.50
51.684	30.62	4.13	126.43	12.02	7.78	93.59	74.00	4	31.00
51.788	30.30	4.18	126.71	11.99	7.83	93.87	74.10	4	31.50
51.933	30.61	4.14	126.57	11.99	7.78	93.30	73.70	4	30.50
51.994	30.62	4.12	126.09	12.02	7.75	93.17	73.90	4	31.50
52.098	30.21	4.16	125.76	11.98	7.78	93.22	74.10	4	31.50
52.243	30.57	4.12	126.02	11.95	7.78	92.96	73.80	4	31.00
52.304	30.81	4.09	126.09	11.96	7.79	93.26	74.00	4	30.50
52.409	30.47	4.14	126.25	11.94	7.79	93.01	73.70	4	32.00
52.554	30.88	4.10	126.59	11.97	7.75	92.74	73.30	4	30.50
52.615	30.60	4.13	126.29	12.03	7.75	93.24	73.80	4	32.00
52.719	30.71	4.11	126.35	11.96	7.82	93.58	74.10	4	32.50
52.864	30.55	4.12	125.97	12.01	7.82	93.86	74.50	4	31.50
52.925	30.62	4.12	126.20	12.03	7.82	94.04	74.50	4	31.00
53.029	30.36	4.15	126.06	11.96	7.90	94.44	74.90	4	33.00
53.174	29.50	4.27	125.95	11.97	7.79	93.24	74.00	4	30.50
53.235	30.48	4.14	126.17	11.99	7.75	92.91	73.60	4	30.50
53.339	30.61	4.11	125.68	11.98	7.79	93.32	74.30	4	33.00
53.484	29.72	4.25	126.27	11.99	7.76	93.02	73.70	4	31.50
53.546	29.98	4.21	126.13	12.02	7.72	92.78	73.60	4	31.00
53.650	29.48	4.25	125.39	11.96	7.73	92.39	73.70	4	33.00
53.795	30.47	4.14	126.07	11.97	7.92	94.84	75.20	4	30.50
53.856	31.02	4.06	125.92	11.98	7.87	94.33	74.90	4	30.50
53.960	31.00	4.07	126.23	11.94	7.89	94.29	74.70	4	31.50
54.105	30.31	4.18	126.76	11.91	7.93	94.50	74.50	4	33.00
54.166	30.08	4.21	126.59	11.97	7.80	93.35	73.70	4	32.00
54.270	30.56	4.14	126.66	11.95	7.82	93.40	73.70	4	31.50
54.415	29.69	4.25	126.09	11.99	7.86	94.32	74.80	4	32.50
54.476	29.57	4.26	126.06	12.00	7.82	93.90	74.50	4	31.50
54.580	30.58	4.13	126.28	11.99	7.82	93.76	74.20	4	31.00
54.726	30.69	4.10	125.81	12.00	7.87	94.45	75.10	4	31.00
54.787	31.53	3.95	124.63	12.02	7.70	92.51	74.20	4	31.00
54.891	29.90	4.21	125.78	12.01	7.74	92.91	73.90	4	33.00
55.036	30.76	4.07	125.28	12.02	7.74	93.00	74.20	4	30.00
55.097	31.01	4.00	124.07	11.97	7.78	93.10	75.00	4	30.50
55.201	31.37	3.97	124.55	11.95	7.72	92.27	74.10	4	32.50
55.346	28.78	4.32	124.33	11.93	7.80	93.11	74.90	4	34.00
55.407	28.23	4.38	123.62	11.81	7.86	92.78	75.10	4	33.00
55.511	30.32	4.08	123.79	11.93	7.66	91.36	73.80	4	31.00
55.656	29.76	4.22	125.55	11.91	7.86	93.66	74.60	4	33.50
55.717	29.01	4.31	125.13	11.93	7.88	94.07	75.20	4	34.00
55.821	29.90	4.20	125.58	11.93	7.79	92.95	74.00	4	30.00
55.967	31.41	3.98	125.08	11.92	7.83	93.30	74.60	4	30.50
56.028	30.84	4.06	125.30	11.95	7.69	91.92	73.40	4	33.00
56.132	29.90	4.19	125.32	11.96	7.84	93.82	74.90	4	31.50
56.277	30.38	4.19	127.19	11.97	7.78	93.15	73.20	4	32.50
56.338	30.08	4.22	126.83	11.95	7.83	93.61	73.80	4	31.50
56.442	30.09	4.20	126.49	11.94	7.86	93.84	74.20	4	31.50
56.587	30.44	4.15	126.31	11.94	7.88	94.08	74.50	4	31.50
56.648	30.89	4.08	125.91	11.97	7.89	94.42	75.00	4	31.00
56.752	30.72	4.11	126.17	12.01	7.84	94.15	74.60	4	30.50
56.897	30.28	4.17	126.21	11.97	7.93	94.86	75.20	4	33.00
56.958	30.01	4.22	126.60	12.04	7.79	93.88	74.20	4	32.50
57.063	30.05	4.20	126.37	12.02	7.77	93.36	73.90	4	31.00
57.208	29.51	4.29	126.54	12.01	7.89	94.84	74.90	4	33.50
57.269	29.34	4.28	125.50	11.98	7.75	92.83	74.00	4	31.50
57.373	29.92	4.19	125.42	11.96	7.86	93.94	74.90	4	33.00
57.518	29.82	4.24	126.51	12.04	7.75	93.26	73.70	4	33.00
57.579	29.78	4.23	125.97	12.00	7.80	93.60	74.30	4	31.50
57.683	30.00	4.18	125.35	12.00	7.84	94.05	75.00	4	32.50
57.828	30.25	4.16	125.82	11.99	7.82	93.79	74.50	4	31.00
57.889	31.15	4.03	125.52	11.96	7.78	93.07	74.10	4	30.50
57.993	31.53	3.97	125.22	11.97	7.82	93.55	74.70	4	31.50
58.138	29.23	4.29	125.45	11.96	7.79	93.12	74.20	4	32.50
58.199	30.03	4.18	125.60	12.00	7.84	94.05	74.90	4	31.50
58.304	29.74	4.22	125.44	12.00	7.85	94.20	75.10	4	32.50
58.449	30.20	4.17	125.99	12.02	7.87	94.65	75.10	4	33.00
58.510	29.74	4.23	125.94	12.03	7.78	93.52	74.30	4	32.00
58.614	30.52	4.14	126.29	11.99	7.83	93.94	74.40	4	31.50
58.759	29.78	4.22	125.77	12.06	7.81	94.16	74.90	4	32.50
58.820	29.53	4.25	125.52	12.01	7.80	93.71	74.70	4	31.50
58.924	30.45	4.11	125.26	12.10	7.76	93.86	74.90	4	31.00
59.069	29.17	4.28	124.78	11.96	7.72	92.39	74.00	4	33.00
59.130	28.73	4.34	124.57	11.92	7.90	94.17	75.60	4	33.00
59.234	29.86	4.20	125.49	11.99	7.68	92.10	73.40	4	31.00
59.379	30.65	4.09	125.48	12.01	7.76	93.22	74.30	4	32.50
59.441	29.79	4.22	125.65	12.03	7.72	92.93	74.00	4	33.50
59.545	30.24	4.15	125.46	11.97	7.87	94.21	75.10	4	30.50
59.690	29.95	4.23	126.78	12.07	7.79	93.96	74.10	4	32.00
59.751	29.86	4.25	126.82	11.97	7.86	94.15	74.20	4	32.00
59.855	30.06	4.22	126.76	12.07	7.79	93.98	74.10	4	31.50
60.000	30.57	4.13	126.29	12.06	7.71	92.96	73.60	4	30.50
60.000	0.00	0.00	0.00	0.00	0.00	0.00	0.00	0	0.00
60.401	39.11	0.42	16.48	1.53	2.82	4.32	26.20	4	12.50
60.800	35.55	1.48	52.50	5.91	6.39	37.71	71.80	4	17.00
61.200	34.08	1.64	55.88	7.38	5.51	40.68	72.80	4	24.00
61.600	34.09	1.78	60.79	8.50	5.35	45.46	74.80	4	22.50
62.000	35.81	1.70	60.73	8.53	5.71	48.77	80.30	4	21.00
62.400	35.42	1.71	60.73	8.68	5.30	45.95	75.70	4	21.50
62.800	35.45	1.71	60.58	8.11	6.05	49.02	80.90	4	22.50
63.200	34.20	1.77	60.69	8.29	5.33	44.20	72.80	4	22.00
63.600	35.59	1.70	60.51	8.08	5.64	45.58	75.30	4	20.00
64.000	34.78	1.74	60.48	8.07	5.90	47.62	78.70	4	21.50
64.400	34.94	1.77	61.99	8.35	5.56	46.48	75.00	4	22.00
64.800	34.55	1.76	60.98	8.14	5.93	48.29	79.20	4	23.00
65.200	34.72	1.75	60.70	7.93	5.90	46.79	77.10	4	20.50
65.600	33.92	1.79	60.87	8.01	6.05	48.50	79.70	4	22.50
66.000	34.63	1.77	61.31	7.94	6.02	47.78	77.90	4	22.50
66.400	35.42	1.73	61.17	8.09	5.98	48.34	79.00	4	21.50
66.800	35.17	1.74	61.08	8.16	5.86	47.81	78.30	4	21.00
67.200	35.51	1.73	61.37	8.00	5.86	46.89	76.40	4	20.50
67.600	33.96	1.79	60.78	8.07	5.86	47.28	77.80	4	21.00
68.000	34.53	1.79	61.75	8.13	5.88	47.79	77.40	4	23.00
68.400	35.77	1.66	59.46	7.97	5.92	47.21	79.40	4	21.00
68.800	33.75	1.80	60.83	7.93	5.88	46.59	76.60	4	21.00
69.200	34.65	1.75	60.63	8.10	5.93	48.04	79.20	4	22.00
69.600	34.23	1.77	60.57	8.02	5.89	47.21	77.90	4	21.00
70.000	34.56	1.74	59.98	8.03	5.80	46.54	77.60	4	20.50
70.400	35.40	1.67	59.18	7.97	5.87	46.82	79.10	4	21.50
70.800	33.69	1.78	59.97	7.85	5.91	46.35	77.30	4	22.50
71.200	34.60	1.79	61.81	7.99	5.76	46.04	74.50	4	20.00
71.600	34.66	1.73	59.81	7.77	6.02	46.79	78.20	4	21.50
72.000	35.99	1.55	55.84	7.66	5.63	43.13	77.20	4	19.00
72.400	33.79	1.80	60.77	7.90	5.76	45.48	74.80	4	22.00
72.800	33.84	1.81	61.33	7.91	5.89	46.63	76.00	4	20.50
73.200	34.75	1.78	61.79	7.91	6.02	47.62	77.10	4	20.00
73.600	34.54	1.76	60.75	7.96	5.85	46.53	76.60	4	20.50
74.000	34.39	1.75	60.20	7.88	5.91	46.57	77.40	4	21.00
74.400	34.32	1.80	61.62	8.02	5.95	47.75	77.50	4	22.00
74.800	35.15	1.66	58.41	7.83	5.62	44.01	75.40	4	20.00
75.200	34.06	1.73	58.92	7.77	5.77	44.87	76.10	4	21.00
75.600	35.08	1.64	57.67	7.78	5.59	43.51	75.50	4	21.00
76.000	33.55	1.64	55.07	7.49	5.69	42.61	77.40	4	21.00
76.400	35.30	1.37	48.18	7.11	5.12	36.36	75.50	4	19.00
76.800	35.37	1.27	44.81	6.53	5.37	35.06	78.20	4	17.50
77.200	34.05	1.33	45.14	6.38	5.34	34.05	75.40	4	17.00
77.600	34.74	1.31	45.45	6.45	5.29	34.10	75.00	4	18.00
78.000	34.65	1.35	46.63	6.47	5.53	35.76	76.70	4	16.50
78.400	33.78	1.43	48.21	6.61	5.72	37.82	78.40	4	17.50
78.800	34.92	1.31	45.87	6.69	5.39	36.06	78.60	4	19.00
79.200	35.54	1.18	42.03	6.30	5.45	34.34	81.70	4	17.00
79.600	34.13	1.24	42.38	6.44	4.67	30.06	70.90	4	19.50
80.000	35.58	1.18	41.86	6.35	5.04	31.99	76.40	4	16.00
80.000	0.00	0.00	0.00	0.00	0.00	0.00	0.00	0	0.00
80.406	38.67	1.02	39.42	3.09	5.79	17.92	45.40	4	15.50
80.812	28.40	4.52	128.43	9.98	9.48	94.56	73.60	4	33.50
81.218	29.68	4.52	134.25	12.41	8.31	103.16	76.80	4	35.00
81.626	29.74	4.55	135.37	13.05	8.22	107.25	79.20	4	33.50
82.034	30.31	4.46	135.28	12.95	8.24	106.77	78.90	4	32.00
82.443	30.56	4.42	135.20	12.87	8.28	106.54	78.80	4	33.00
82.851	30.39	4.46	135.58	12.75	8.20	104.52	77.10	4	32.00
83.259	30.65	4.44	136.02	12.61	7.94	100.18	73.70	4	32.50
83.668	30.92	4.39	135.66	12.21	8.73	106.52	78.50	4	31.50
84.076	31.42	4.29	134.91	12.04	8.72	104.98	77.80	4	31.00
84.484	30.04	4.53	135.96	11.94	8.74	104.37	76.80	4	30.50
84.893	29.90	4.56	136.37	11.95	8.93	106.72	78.30	4	32.50
85.301	29.75	4.58	136.39	11.81	9.01	106.38	78.00	4	31.00
85.709	31.01	4.36	135.35	11.92	8.75	104.28	77.00	4	30.50
86.118	30.41	4.50	136.83	11.79	8.95	105.49	77.10	4	33.50
86.526	29.63	4.57	135.56	11.73	9.01	105.73	78.00	4	30.50
86.934	30.36	4.46	135.42	11.77	8.97	105.63	78.00	4	33.50
87.342	31.86	4.24	134.97	11.74	8.95	105.10	77.90	4	29.50
87.751	30.74	4.40	135.36	11.83	8.62	101.93	75.30	4	31.50
88.159	30.95	4.44	137.56	11.81	8.87	104.67	76.10	4	31.50
88.567	30.55	4.46	136.36	11.77	8.95	105.41	77.30	4	31.00
88.976	30.46	4.46	135.94	11.79	8.87	104.59	76.90	4	30.50
89.384	30.62	4.44	135.87	11.78	8.90	104.87	77.20	4	30.50
89.792	29.88	4.58	136.73	11.64	9.32	108.52	79.40	4	32.00
90.201	30.86	4.42	136.50	11.74	8.97	105.37	77.20	4	32.50
90.609	30.31	4.46	135.16	11.63	8.91	103.64	76.70	4	32.00
91.017	31.41	4.32	135.70	11.64	8.96	104.33	76.90	4	31.00
91.426	31.38	4.28	134.35	11.62	8.98	104.38	77.70	4	31.00
91.834	30.22	4.51	136.18	11.69	8.97	104.86	77.00	4	32.50
92.242	30.53	4.42	134.99	11.81	8.56	101.07	74.90	4	31.00
92.650	30.73	4.43	136.00	11.62	8.97	104.22	76.60	4	32.50
93.059	30.20	4.48	135.37	11.70	8.81	103.12	76.20	4	32.00
93.467	29.30	4.64	135.91	11.63	9.23	107.38	79.00	4	31.50
93.875	29.83	4.52	134.87	11.64	8.91	103.71	76.90	4	32.00
94.284	31.04	4.38	135.90	11.67	9.00	105.03	77.30	4	29.50
94.692	29.47	4.61	135.95	11.59	8.97	103.99	76.50	4	32.00
95.100	30.72	4.45	136.59	11.70	8.89	104.06	76.20	4	31.50
95.509	30.67	4.43	135.80	11.71	9.04	105.88	78.00	4	31.50
95.917	30.87	4.39	135.39	11.64	8.95	104.14	76.90	4	30.00
96.325	31.23	4.29	134.00	11.50	8.95	102.91	76.80	4	30.00
96.734	31.09	4.38	136.07	11.59	9.08	105.23	77.30	4	30.50
97.142	29.83	4.56	136.07	11.74	8.75	102.79	75.50	4	31.00
97.550	29.79	4.56	135.92	11.71	8.93	104.59	77.00	4	33.50
97.958	31.15	4.36	135.68	11.60	9.02	104.62	77.10	4	30.50
98.367	30.50	4.46	136.19	11.58	8.98	103.96	76.30	4	30.00
98.775	30.73	4.39	134.94	11.58	9.01	104.25	77.30	4	29.50
99.183	30.32	4.49	135.98	11.73	8.91	104.51	76.90	4	32.00
99.592	30.83	4.42	136.16	11.76	8.90	104.70	76.90	4	31.50
100.000	29.64	4.56	135.14	11.65	8.88	103.42	76.50	4	32.00
