0.000	38.82	0.86	33.51	3.43	4.70	16.14	48.20	2	16.00
0.060	37.48	1.56	58.36	4.54	7.06	32.04	54.90	2	19.00
0.163	33.82	2.95	99.69	5.80	10.19	59.08	59.30	2	24.00
0.308	24.58	4.09	100.64	6.34	10.14	64.27	63.90	2	31.50
0.368	20.14	4.26	85.80	5.89	9.28	54.67	63.70	2	34.50
0.471	14.27	4.37	62.41	5.04	7.68	38.71	62.00	2	39.50
0.615	8.11	4.45	36.10	3.59	5.88	21.09	58.40	2	46.50
0.675	6.45	4.47	28.85	3.13	5.21	16.33	56.60	2	49.50
0.778	4.29	4.49	19.25	2.54	4.12	10.48	54.50	2	55.00
0.922	2.74	4.50	12.30	1.98	3.06	6.05	49.20	2	62.00
0.982	2.29	4.50	10.30	1.76	2.67	4.70	45.60	2	65.00
1.085	1.73	4.50	7.77	1.44	2.12	3.06	39.30	2	70.00
1.229	0.98	4.50	4.40	1.06	1.47	1.55	35.20	2	77.50
1.289	0.84	4.50	3.80	0.95	1.24	1.17	30.90	2	80.50
1.392	0.64	4.50	2.89	0.70	0.86	0.60	20.80	2	85.50
1.536	0.57	4.51	2.55	0.41	0.40	0.17	6.50	2	93.00
1.596	0.53	4.50	2.37	0.34	0.24	0.08	3.40	2	95.00
1.699	16.40	4.41	72.36	4.59	6.94	31.83	44.00	2	27.90
1.843	24.44	4.33	105.83	7.24	9.21	66.70	63.00	2	27.00
1.903	27.00	4.22	114.09	7.99	9.49	75.84	66.50	2	27.00
2.007	29.37	4.07	119.54	8.90	9.60	85.45	71.50	2	27.50
2.152	32.20	3.66	117.85	9.80	8.82	86.43	73.30	2	46.80
2.212	22.25	4.03	89.73	8.87	6.81	60.48	67.40	2	46.80
2.315	23.11	4.07	94.15	8.86	7.52	66.63	70.80	2	27.60
2.459	24.18	4.24	102.53	9.73	7.76	75.56	73.70	2	34.60
2.519	26.95	4.01	108.09	10.07	7.75	78.01	72.20	2	27.60
2.623	30.67	3.67	112.62	10.35	8.18	84.65	75.20	2	27.00
2.768	35.21	2.50	87.91	9.85	6.61	65.10	74.10	2	21.00
2.828	32.54	2.43	78.92	9.14	5.60	51.18	64.90	2	76.80
2.931	12.52	3.78	47.33	6.21	2.53	15.71	33.20	2	27.60
3.075	28.04	3.24	90.83	7.66	6.41	49.12	54.10	2	10.00
3.135	33.54	1.84	61.56	6.07	4.29	26.02	42.30	2	10.00
3.238	22.89	3.16	72.36	5.82	5.63	32.75	45.30	2	36.90
3.382	10.75	4.19	45.02	4.82	4.86	23.43	52.10	2	27.50
3.442	17.51	4.27	74.80	5.97	7.57	45.25	60.50	2	27.40
3.545	27.12	3.57	96.71	7.17	8.42	60.36	62.40	2	19.50
3.689	22.87	3.71	84.76	7.17	7.25	52.01	61.40	2	36.20
3.749	25.94	2.92	75.87	6.31	5.94	37.49	49.40	2	10.00
3.852	33.05	1.94	64.11	5.54	5.57	30.87	48.20	2	10.00
3.996	37.11	1.38	51.39	5.25	6.18	32.44	63.10	2	17.00
4.056	36.77	1.76	64.75	5.71	7.40	42.24	65.20	2	19.50
4.159	35.02	2.70	94.49	7.26	8.94	64.91	68.70	2	25.00
4.303	29.50	3.86	113.94	8.78	8.98	78.78	69.10	2	32.00
4.363	25.91	4.12	106.87	8.78	8.57	75.25	70.40	2	35.00
4.467	19.78	4.32	85.53	8.54	7.18	61.28	71.60	2	40.50
4.611	12.86	4.43	56.92	7.26	5.46	39.67	69.70	2	47.50
4.671	10.50	4.45	46.76	6.54	4.65	30.43	65.10	2	50.50
4.774	7.25	4.47	32.45	5.20	3.96	20.61	63.50	2	55.50
4.918	3.61	4.49	16.18	3.00	2.92	8.74	54.00	2	63.00
4.978	2.81	4.49	12.60	2.44	2.57	6.27	49.80	2	66.00
5.081	1.85	4.49	8.33	1.97	1.99	3.92	47.00	2	71.00
5.225	1.24	4.51	5.59	1.48	1.39	2.05	36.70	2	78.00
5.285	0.95	4.50	4.27	1.34	1.16	1.54	36.10	2	81.00
5.388	0.67	4.50	3.01	0.99	0.77	0.77	25.40	2	86.50
5.532	0.48	4.51	2.14	0.60	0.35	0.21	9.90	2	93.50
5.592	2.12	4.49	9.52	1.00	1.12	1.13	11.80	2	31.00
5.695	11.67	4.47	52.13	3.81	6.32	24.05	46.10	2	29.80
5.839	15.50	4.44	68.79	5.04	8.35	42.07	61.20	2	32.80
5.899	15.10	4.43	66.90	5.06	8.36	42.26	63.20	2	31.40
6.002	15.92	4.43	70.51	5.29	8.66	45.78	64.90	2	31.40
6.146	26.36	3.68	97.02	6.09	9.97	60.74	62.60	2	30.50
6.206	23.84	3.98	94.90	6.37	9.66	61.56	64.90	2	30.50
6.309	21.41	4.28	91.62	6.87	9.18	63.11	68.90	2	31.60
6.453	24.32	4.35	105.85	7.97	9.32	74.24	70.10	2	28.90
6.513	28.76	3.78	108.63	8.32	9.18	76.36	70.30	2	23.70
6.617	34.59	2.26	78.33	7.24	6.22	45.00	57.40	2	10.00
6.761	38.44	0.88	33.95	4.67	4.19	19.53	57.50	2	10.00
6.821	34.25	1.45	49.82	4.61	4.82	22.23	44.60	2	33.10
6.924	25.13	3.32	83.51	6.16	7.25	44.66	53.50	2	23.50
7.068	22.99	3.74	85.92	6.89	7.42	51.09	59.50	2	47.60
7.128	15.46	4.08	63.12	5.83	6.09	35.50	56.20	2	47.60
7.231	15.44	4.30	66.43	6.21	6.97	43.29	65.20	2	34.40
7.375	26.26	4.08	107.19	8.35	8.74	72.96	68.10	2	31.10
7.435	25.85	4.22	109.13	8.75	8.78	76.84	70.40	2	31.10
7.539	14.68	4.39	64.40	6.79	5.44	36.95	57.40	2	70.80
7.683	14.60	4.42	64.51	6.43	6.33	40.65	63.00	2	33.90
7.743	20.74	4.22	87.50	7.29	7.86	57.33	65.50	2	25.80
7.846	26.14	4.05	105.81	8.42	8.75	73.66	69.60	2	31.00
7.991	26.73	4.24	113.24	9.38	8.78	82.37	72.70	2	28.50
8.051	29.57	3.93	116.32	9.75	8.83	86.07	74.00	2	26.00
8.155	31.99	3.60	115.14	10.13	8.44	85.43	74.20	2	27.00
8.300	30.97	3.86	119.66	10.76	8.29	89.26	74.60	2	32.00
8.360	29.30	4.07	119.22	10.97	7.60	83.41	70.00	2	32.00
8.464	30.32	3.97	120.31	11.12	7.90	87.91	73.10	2	28.50
8.609	30.26	3.99	120.71	11.32	7.99	90.43	74.90	2	32.50
8.669	29.63	4.08	120.89	11.35	8.01	90.95	75.20	2	32.00
8.773	29.00	4.17	121.02	11.45	8.14	93.25	77.10	2	31.00
8.918	30.92	3.94	121.80	11.54	8.19	94.54	77.60	2	30.50
8.978	31.07	3.89	120.90	11.65	7.95	92.64	76.60	2	31.00
9.082	29.94	4.06	121.58	11.63	7.99	92.87	76.40	2	31.50
9.227	30.88	3.95	122.11	11.84	7.87	93.17	76.30	2	31.00
9.287	31.03	3.92	121.62	11.84	7.72	91.39	75.10	2	31.50
9.391	30.17	4.03	121.53	11.74	7.95	93.33	76.80	2	32.50
9.536	29.91	4.08	122.12	11.72	8.14	95.41	78.10	2	30.50
9.596	30.49	3.99	121.75	11.81	7.91	93.44	76.70	2	31.50
9.700	30.07	4.05	121.92	11.80	7.93	93.62	76.80	2	30.50
9.845	30.53	3.96	120.78	11.75	7.97	93.61	77.50	2	30.50
9.905	30.90	3.92	121.20	11.82	7.88	93.11	76.80	2	31.00
10.009	29.49	4.09	120.72	11.78	7.81	91.98	76.20	2	33.00
10.154	30.56	3.97	121.23	11.69	7.83	91.54	75.50	2	29.00
10.214	31.07	3.89	120.96	11.74	7.87	92.33	76.30	2	31.00
10.318	31.20	3.89	121.50	11.69	8.02	93.77	77.20	2	32.00
10.463	30.04	4.08	122.61	11.69	8.03	93.86	76.60	2	30.00
10.523	30.60	4.01	122.61	11.64	8.13	94.56	77.10	2	31.00
10.627	29.90	4.09	122.31	11.67	8.02	93.56	76.50	2	31.00
10.772	30.28	4.03	121.95	11.63	8.17	95.09	78.00	2	32.00
10.832	30.36	4.04	122.51	11.63	7.98	92.85	75.80	2	30.50
10.936	30.14	4.06	122.21	11.68	7.83	91.49	74.90	2	31.50
11.081	30.32	4.05	122.70	11.68	7.90	92.24	75.20	2	30.50
11.141	30.84	3.97	122.38	11.53	8.13	93.73	76.60	2	30.00
11.245	30.53	4.00	122.27	11.56	8.04	92.95	76.00	2	31.00
11.390	29.77	4.09	121.88	11.54	8.03	92.62	76.00	2	29.50
11.450	30.89	3.93	121.39	11.53	7.93	91.48	75.40	2	30.00
11.554	30.47	3.99	121.67	11.53	8.06	92.97	76.40	2	31.50
11.699	31.29	3.88	121.44	11.42	8.13	92.82	76.40	2	30.50
11.759	30.39	4.02	122.11	11.55	7.89	91.06	74.60	2	32.00
11.863	30.11	4.06	122.28	11.55	8.03	92.79	75.90	2	30.50
12.008	29.65	4.13	122.45	11.38	8.14	92.62	75.60	2	32.50
12.068	29.43	4.15	122.10	11.29	8.31	93.80	76.80	2	31.00
12.172	29.81	4.10	122.24	11.36	8.26	93.84	76.80	2	30.50
12.317	31.05	3.92	121.70	11.39	8.07	91.85	75.50	2	30.50
12.377	31.05	3.94	122.27	11.39	8.19	93.26	76.30	2	31.50
12.481	29.22	4.14	120.94	11.28	8.23	92.84	76.80	2	32.00
12.626	30.60	3.96	121.04	11.25	8.30	93.38	77.10	2	29.00
12.686	31.42	3.83	120.44	11.30	8.16	92.11	76.50	2	30.00
12.790	29.77	4.08	121.35	11.20	8.29	92.87	76.50	2	31.00
12.935	30.15	4.05	122.08	11.26	8.34	93.94	76.90	2	30.50
12.995	29.45	4.13	121.55	11.24	8.32	93.43	76.90	2	31.50
13.099	29.98	4.07	122.04	11.32	8.10	91.69	75.10	2	32.00
13.244	30.36	4.03	122.21	11.30	8.29	93.62	76.60	2	31.00
13.304	30.66	3.99	122.45	11.24	8.40	94.47	77.20	2	30.50
13.408	29.75	4.11	122.27	11.30	8.18	92.49	75.60	2	30.50
13.553	31.34	3.86	120.88	11.27	8.16	92.02	76.10	2	29.50
13.613	31.16	3.89	121.15	11.23	8.39	94.17	77.70	2	31.00
13.717	29.18	4.15	121.01	11.21	8.17	91.54	75.60	2	31.00
13.862	31.37	3.88	121.87	11.17	8.30	92.72	76.10	2	29.50
13.922	31.16	3.88	120.91	11.14	8.29	92.39	76.40	2	30.00
14.026	30.70	3.97	121.94	11.23	8.35	93.78	76.90	2	31.50
14.171	28.68	4.20	120.60	11.20	8.22	92.00	76.30	2	30.50
14.231	29.89	4.04	120.77	11.16	8.34	93.13	77.10	2	29.50
14.335	30.69	3.94	121.02	11.19	8.33	93.26	77.10	2	30.50
14.480	29.73	4.08	121.31	11.14	8.30	92.48	76.20	2	29.50
14.540	30.67	3.94	120.96	11.18	8.19	91.61	75.70	2	29.50
14.644	31.62	3.79	119.87	11.17	8.20	91.56	76.40	2	30.00
14.789	29.16	4.15	120.90	11.26	7.97	89.71	74.20	2	30.50
14.849	30.19	4.02	121.47	11.23	8.31	93.30	76.80	2	29.50
14.953	30.78	3.94	121.26	11.25	8.37	94.14	77.60	2	31.50
15.098	29.77	4.10	121.90	11.28	8.14	91.81	75.30	2	30.00
15.158	30.29	4.01	121.61	11.24	8.17	91.86	75.50	2	29.50
15.262	31.31	3.87	121.25	11.24	8.11	91.20	75.20	2	29.00
15.407	29.70	4.09	121.37	11.21	8.20	91.90	75.70	2	32.00
15.467	29.10	4.17	121.21	11.17	8.24	92.07	76.00	2	31.00
15.571	30.61	3.97	121.42	11.20	8.31	93.05	76.60	2	29.50
15.716	29.89	4.07	121.54	11.16	8.24	91.96	75.70	2	32.50
15.776	29.20	4.15	121.28	11.19	8.19	91.65	75.60	2	32.50
15.880	30.17	4.02	121.24	11.21	8.22	92.15	76.00	2	28.50
16.025	30.87	3.94	121.59	11.14	8.27	92.13	75.80	2	30.00
16.085	30.87	3.96	122.29	11.17	8.27	92.38	75.50	2	31.00
16.189	30.89	3.95	122.16	11.26	8.18	92.18	75.50	2	30.00
16.334	30.29	4.06	123.04	11.30	8.30	93.75	76.20	2	32.50
16.394	29.80	4.10	122.18	11.28	8.19	92.34	75.60	2	30.50
16.498	30.28	4.04	122.21	11.28	8.16	92.05	75.30	2	30.50
16.643	30.13	4.05	122.11	11.30	8.11	91.71	75.10	2	32.00
16.703	29.52	4.12	121.78	11.32	8.03	90.86	74.60	2	30.50
16.807	30.09	4.07	122.33	11.34	8.08	91.63	74.90	2	31.50
16.952	30.94	3.95	122.19	11.33	8.16	92.48	75.70	2	30.00
17.012	30.92	3.96	122.50	11.31	8.27	93.54	76.40	2	30.50
17.116	30.33	4.05	122.80	11.35	8.25	93.67	76.30	2	31.00
17.261	31.02	3.95	122.61	11.35	8.16	92.63	75.50	2	30.50
17.321	30.30	4.06	122.89	11.35	8.12	92.18	75.00	2	30.50
17.425	30.39	4.02	122.30	11.35	8.26	93.75	76.70	2	31.50
17.570	30.63	4.01	122.75	11.38	8.17	92.98	75.70	2	30.50
17.630	30.77	3.98	122.62	11.36	8.17	92.85	75.70	2	31.50
17.734	30.19	4.07	122.81	11.34	8.15	92.42	75.30	2	31.00
17.879	30.87	3.98	122.96	11.47	8.21	94.21	76.60	2	29.50
17.939	30.78	3.98	122.50	11.42	8.09	92.36	75.40	2	31.00
18.043	29.68	4.11	121.98	11.48	8.03	92.17	75.60	2	31.50
18.188	30.19	4.04	121.92	11.48	8.07	92.61	76.00	2	29.50
18.248	30.90	3.91	120.73	11.44	8.16	93.32	77.30	2	30.00
18.352	29.85	4.07	121.50	11.39	8.17	93.06	76.60	2	32.00
18.497	30.98	3.93	121.79	11.47	8.12	93.10	76.40	2	30.00
18.557	30.64	3.98	121.98	11.50	8.09	93.08	76.30	2	31.00
18.661	30.80	3.95	121.65	11.56	8.13	94.01	77.30	2	30.50
18.806	30.74	3.97	121.94	11.54	8.10	93.42	76.60	2	30.50
18.866	30.84	3.95	121.89	11.51	8.07	92.87	76.20	2	31.00
18.970	29.40	4.15	122.07	11.51	8.09	93.11	76.30	2	31.50
19.115	30.95	3.94	121.88	11.57	8.03	92.97	76.30	2	30.50
19.175	30.53	4.01	122.45	11.54	8.08	93.22	76.10	2	32.00
19.279	29.49	4.16	122.53	11.54	7.91	91.30	74.50	2	31.00
19.424	31.00	3.94	121.98	11.55	8.03	92.79	76.10	2	30.50
19.484	31.14	3.92	122.16	11.62	7.97	92.55	75.80	2	30.50
19.588	30.27	4.06	122.77	11.59	8.08	93.64	76.30	2	31.00
19.733	30.14	4.07	122.53	11.60	8.03	93.16	76.00	2	31.50
19.793	30.39	4.02	122.07	11.66	7.99	93.17	76.30	2	30.50
19.897	31.46	3.85	121.16	11.57	8.03	92.87	76.70	2	29.50
