0.000	30.61	3.33	101.80	10.33	6.41	66.16	65.00	1	40.00
0.061	21.57	3.86	83.34	9.41	5.55	52.25	62.70	1	55.00
0.166	12.10	4.30	52.05	7.45	4.49	33.48	64.30	1	42.50
0.312	19.48	4.22	82.24	8.29	6.58	54.53	66.30	1	25.00
0.372	26.22	3.77	98.71	8.93	7.27	64.95	65.80	1	22.50
0.476	34.75	1.62	56.29	6.68	3.95	26.40	46.90	1	10.00
0.622	35.04	2.44	85.65	8.08	6.90	55.72	65.10	1	21.00
0.682	35.85	2.20	79.03	8.25	6.76	55.75	70.50	1	21.00
0.787	33.01	3.20	105.70	9.49	7.85	74.48	70.50	1	29.00
0.933	27.74	4.12	114.41	10.59	7.76	82.19	71.80	1	33.00
0.994	27.16	4.23	114.90	10.76	7.97	85.72	74.60	1	33.00
1.099	27.21	4.30	117.10	11.08	7.98	88.38	75.50	1	33.30
1.244	26.97	4.35	117.23	11.28	7.92	89.37	76.20	1	33.00
1.306	27.39	4.33	118.59	11.33	7.89	89.35	75.30	1	32.80
1.410	27.78	4.31	119.73	11.44	7.80	89.18	74.50	1	32.70
1.556	28.27	4.26	120.56	11.54	7.94	91.62	76.00	1	32.40
1.617	28.41	4.25	120.63	11.50	8.13	93.51	77.50	1	32.20
1.722	28.41	4.25	120.76	11.53	7.95	91.74	76.00	1	32.10
1.867	29.02	4.22	122.33	11.64	7.93	92.32	75.50	1	31.80
1.929	29.10	4.19	122.04	11.57	8.12	93.95	77.00	1	31.80
2.033	29.21	4.19	122.34	11.63	7.93	92.27	75.40	1	31.80
2.179	29.71	4.14	123.03	11.64	8.14	94.74	77.00	1	31.50
2.240	29.75	4.13	122.98	11.68	7.93	92.69	75.40	1	31.50
2.345	29.95	4.12	123.36	11.65	8.01	93.30	75.60	1	31.50
2.491	30.37	4.09	124.30	11.71	7.99	93.59	75.30	1	31.00
2.552	30.28	4.09	123.96	11.68	7.96	92.93	75.00	1	31.00
2.656	30.42	4.05	123.15	11.74	7.86	92.22	74.90	1	31.00
2.802	30.62	4.04	123.71	11.61	8.06	93.64	75.70	1	30.70
2.863	30.84	4.00	123.50	11.64	8.08	94.06	76.20	1	30.70
2.968	30.46	4.02	122.38	11.57	8.33	96.35	78.70	1	30.90
3.114	30.94	3.98	123.28	11.59	8.21	95.14	77.20	1	30.60
3.175	31.12	3.95	122.98	11.64	8.15	94.86	77.10	1	30.60
3.280	30.98	3.98	123.40	11.59	8.19	94.95	76.90	1	30.70
3.425	30.74	3.99	122.51	11.63	8.19	95.17	77.70	1	30.70
3.487	30.74	4.00	122.85	11.55	8.23	95.07	77.40	1	30.70
3.591	30.90	3.97	122.69	11.69	7.97	93.16	75.90	1	30.60
3.737	31.04	3.96	123.00	11.78	7.87	92.66	75.30	1	30.70
3.798	30.75	4.00	123.05	11.71	7.97	93.32	75.80	1	30.90
3.903	30.76	4.00	123.00	11.75	7.95	93.37	75.90	1	30.90
4.048	30.74	4.03	123.99	11.65	7.98	93.03	75.00	1	31.00
4.110	30.75	4.03	123.91	11.71	7.98	93.47	75.40	1	31.20
4.214	30.46	4.04	123.19	11.62	8.09	94.04	76.30	1	31.00
4.360	30.40	4.04	122.78	11.60	8.24	95.56	77.80	1	31.20
4.421	30.45	4.04	123.17	11.66	8.23	95.89	77.90	1	31.30
4.526	30.21	4.08	123.12	11.59	8.19	95.01	77.20	1	31.30
4.672	30.33	4.09	124.02	11.74	7.96	93.44	75.30	1	31.50
4.733	30.03	4.12	123.59	11.70	7.97	93.25	75.50	1	31.50
4.837	30.07	4.10	123.34	11.80	7.82	92.31	74.80	1	31.50
4.983	30.07	4.09	122.98	11.79	7.79	91.85	74.70	1	31.50
5.044	29.88	4.12	122.98	11.68	7.91	92.37	75.10	1	31.60
5.149	29.78	4.11	122.29	11.67	8.01	93.41	76.40	1	31.50
5.295	29.43	4.16	122.49	11.57	8.30	96.05	78.40	1	31.80
5.356	29.45	4.16	122.41	11.69	8.07	94.36	77.10	1	31.60
5.461	29.57	4.15	122.70	11.65	8.12	94.64	77.10	1	31.60
5.606	29.65	4.15	123.15	11.58	8.29	96.00	78.00	1	31.50
5.668	29.89	4.13	123.48	11.62	8.23	95.70	77.50	1	31.30
5.772	29.89	4.11	122.95	11.67	8.09	94.40	76.80	1	31.30
5.918	29.76	4.14	123.09	11.73	7.86	92.20	74.90	1	31.60
5.979	29.82	4.13	123.07	11.76	7.90	92.95	75.50	1	31.50
6.084	29.76	4.13	122.87	11.74	7.86	92.28	75.10	1	31.50
6.229	30.06	4.10	123.24	11.75	8.08	95.01	77.10	1	31.50
6.291	30.00	4.11	123.37	11.69	8.12	94.93	76.90	1	31.60
6.395	29.98	4.12	123.40	11.68	8.21	95.90	77.70	1	31.60
6.541	29.81	4.12	122.89	11.67	8.20	95.68	77.90	1	31.50
6.602	29.99	4.12	123.49	11.68	8.11	94.73	76.70	1	31.30
6.707	30.21	4.09	123.51	11.64	8.28	96.31	78.00	1	31.30
6.853	30.12	4.11	123.88	11.62	8.11	94.28	76.10	1	31.20
6.914	30.15	4.09	123.43	11.72	8.02	93.97	76.10	1	31.20
7.018	30.03	4.10	123.09	11.70	8.06	94.27	76.60	1	31.20
7.164	30.42	4.06	123.56	11.64	8.20	95.39	77.20	1	31.20
7.225	30.24	4.08	123.43	11.63	8.21	95.46	77.30	1	31.30
7.330	30.02	4.08	122.59	11.73	7.88	92.37	75.30	1	31.30
7.476	30.16	4.06	122.46	11.76	7.92	93.08	76.00	1	31.20
7.537	30.20	4.06	122.75	11.72	7.96	93.30	76.00	1	31.00
7.642	30.45	4.03	122.74	11.74	8.00	93.94	76.50	1	31.00
7.787	30.45	4.05	123.31	11.71	7.96	93.14	75.50	1	31.00
7.849	30.64	4.03	123.42	11.76	7.89	92.81	75.20	1	30.90
7.953	30.50	4.03	122.98	11.66	8.04	93.76	76.20	1	31.00
8.099	30.58	4.04	123.41	11.68	8.01	93.57	75.80	1	31.00
8.160	30.42	4.02	122.43	11.72	7.97	93.43	76.30	1	31.20
8.265	30.39	4.04	122.80	11.70	7.84	91.74	74.70	1	31.00
8.410	30.61	4.02	123.18	11.77	7.87	92.66	75.20	1	31.00
8.472	30.58	4.03	123.28	11.72	7.96	93.30	75.70	1	30.90
8.576	30.86	4.00	123.32	11.70	8.15	95.44	77.40	1	31.00
8.722	30.54	4.03	123.13	11.64	8.24	95.88	77.90	1	31.00
8.783	30.55	4.02	122.94	11.65	8.10	94.31	76.70	1	31.00
8.888	30.60	4.02	123.12	11.64	8.23	95.77	77.80	1	31.20
9.034	30.46	4.04	123.09	11.64	8.27	96.22	78.20	1	31.20
9.095	30.64	4.02	123.16	11.70	8.27	96.77	78.60	1	31.20
9.199	30.67	4.03	123.53	11.70	8.10	94.77	76.70	1	30.90
9.345	30.47	4.02	122.49	11.75	7.78	91.43	74.60	1	30.90
9.407	30.78	4.00	123.22	11.74	7.84	91.98	74.60	1	31.00
9.511	30.28	4.04	122.29	11.63	8.06	93.71	76.60	1	31.20
9.657	30.58	4.02	122.86	11.74	7.93	93.10	75.80	1	30.90
9.718	30.48	4.04	123.01	11.69	7.96	93.06	75.70	1	30.90
9.823	30.40	4.02	122.22	11.77	7.86	92.50	75.70	1	30.90
9.968	30.62	4.00	122.59	11.76	7.85	92.33	75.30	1	30.90
10.030	30.35	4.02	121.97	11.71	7.90	92.52	75.90	1	31.00
10.134	30.61	4.01	122.83	11.74	7.82	91.78	74.70	1	31.00
10.280	30.30	4.06	122.97	11.63	7.99	92.91	75.60	1	31.20
10.341	30.23	4.06	122.60	11.67	7.86	91.74	74.80	1	31.30
10.446	30.23	4.07	122.95	11.61	8.07	93.66	76.20	1	31.00
10.591	30.29	4.05	122.79	11.60	8.10	93.88	76.50	1	31.20
10.653	30.41	4.04	122.74	11.65	7.99	93.10	75.90	1	31.20
10.757	30.20	4.07	122.79	11.62	8.03	93.32	76.00	1	31.30
10.903	30.13	4.07	122.56	11.68	7.96	92.99	75.90	1	31.30
10.964	29.83	4.09	121.96	11.65	8.01	93.28	76.50	1	31.50
11.069	29.74	4.12	122.41	11.72	7.82	91.65	74.90	1	31.60
11.215	29.46	4.12	121.50	11.75	7.80	91.61	75.40	1	31.80
11.276	29.39	4.16	122.14	11.67	7.90	92.20	75.50	1	31.80
11.380	29.40	4.17	122.74	11.66	7.84	91.37	74.40	1	32.10
11.526	29.13	4.20	122.24	11.65	8.23	95.83	78.40	1	31.90
11.588	29.12	4.20	122.28	11.68	8.02	93.66	76.60	1	31.90
11.692	29.30	4.19	122.71	11.61	8.16	94.72	77.20	1	31.80
11.838	29.28	4.16	121.71	11.63	8.00	93.08	76.50	1	31.80
11.899	29.56	4.13	122.17	11.75	7.84	92.11	75.40	1	31.60
12.004	29.77	4.12	122.67	11.66	7.89	92.02	75.00	1	31.30
12.149	29.98	4.09	122.76	11.65	8.07	94.02	76.60	1	31.30
12.211	30.04	4.09	122.81	11.72	8.02	93.97	76.50	1	31.50
12.315	29.70	4.13	122.54	11.69	8.00	93.46	76.30	1	31.60
12.461	29.86	4.13	123.21	11.79	7.75	91.35	74.10	1	31.50
12.522	29.71	4.13	122.70	11.72	7.84	91.91	74.90	1	31.30
12.627	29.79	4.11	122.32	11.78	7.71	90.86	74.30	1	31.30
12.773	29.96	4.09	122.61	11.73	7.85	92.08	75.10	1	31.30
12.834	29.83	4.11	122.54	11.69	7.91	92.49	75.50	1	31.20
12.938	30.28	4.06	122.95	11.76	7.81	91.91	74.80	1	31.00
13.084	30.34	4.05	122.88	11.68	7.92	92.46	75.20	1	31.00
13.145	30.52	4.02	122.74	11.73	7.87	92.30	75.20	1	31.00
13.250	30.35	4.06	123.12	11.62	8.03	93.29	75.80	1	31.20
13.396	30.16	4.08	122.95	11.61	8.08	93.81	76.30	1	31.20
13.457	30.36	4.06	123.31	11.67	8.02	93.52	75.80	1	31.20
13.561	30.39	4.06	123.41	11.60	8.01	92.96	75.30	1	31.00
13.707	30.51	4.06	123.72	11.76	7.81	91.82	74.20	1	31.00
13.769	30.51	4.06	123.98	11.71	7.86	92.06	74.30	1	30.90
13.873	30.67	4.03	123.61	11.74	7.92	92.97	75.20	1	31.00
14.019	30.65	4.01	122.88	11.64	8.22	95.65	77.80	1	30.90
14.080	30.61	4.01	122.66	11.60	8.20	95.11	77.50	1	30.70
14.185	30.65	3.99	122.18	11.66	8.08	94.22	77.10	1	30.70
14.330	31.01	3.99	123.58	11.67	7.93	92.59	74.90	1	30.60
14.392	31.11	3.96	123.05	11.72	7.90	92.54	75.20	1	30.40
14.496	31.14	3.95	123.06	11.64	8.04	93.55	76.00	1	30.40
14.642	31.18	3.94	122.87	11.54	8.14	93.93	76.40	1	30.40
14.703	31.34	3.92	122.86	11.56	8.17	94.46	76.90	1	30.30
14.808	31.35	3.91	122.73	11.61	8.09	93.86	76.50	1	30.30
14.954	31.39	3.90	122.53	11.58	8.17	94.56	77.20	1	30.30
15.015	31.35	3.91	122.72	11.51	8.23	94.73	77.20	1	30.30
15.119	31.39	3.90	122.32	11.58	8.12	94.04	76.90	1	30.30
15.265	31.06	3.92	121.88	11.59	7.91	91.69	75.20	1	30.30
15.326	31.11	3.91	121.73	11.62	7.98	92.72	76.20	1	30.40
15.431	30.95	3.94	121.96	11.57	8.04	93.01	76.30	1	30.60
15.577	30.96	3.94	121.84	11.57	8.14	94.19	77.30	1	30.60
15.638	31.07	3.96	122.93	11.59	8.14	94.36	76.80	1	30.60
15.742	30.75	4.01	123.17	11.61	8.11	94.13	76.40	1	30.90
15.888	30.80	4.01	123.42	11.64	8.12	94.50	76.60	1	30.70
15.950	30.70	4.01	122.97	11.65	7.97	92.83	75.50	1	30.60
16.054	30.89	3.97	122.65	11.63	8.08	93.91	76.60	1	30.70
16.200	30.94	3.98	123.26	11.60	8.18	94.95	77.00	1	30.60
16.261	31.13	3.96	123.12	11.60	8.15	94.55	76.80	1	30.40
16.366	30.97	3.97	122.90	11.57	8.14	94.19	76.60	1	30.60
16.511	30.98	3.95	122.42	11.62	8.09	94.08	76.80	1	30.60
16.573	30.86	3.96	122.30	11.56	8.14	94.11	76.90	1	30.40
16.677	31.04	3.94	122.42	11.62	8.03	93.33	76.20	1	30.40
16.823	30.88	3.96	122.25	11.65	8.03	93.48	76.50	1	30.40
16.884	31.10	3.93	122.08	11.61	8.09	93.90	76.90	1	30.30
16.989	31.30	3.91	122.28	11.63	7.95	92.50	75.60	1	30.30
17.135	31.49	3.89	122.37	11.52	8.08	93.05	76.00	1	30.30
17.196	31.47	3.89	122.58	11.54	8.11	93.66	76.40	1	30.40
17.300	31.22	3.93	122.74	11.59	8.02	92.92	75.70	1	30.40
17.446	31.32	3.91	122.57	11.58	8.16	94.48	77.10	1	30.30
17.507	31.21	3.91	122.20	11.54	8.11	93.58	76.60	1	30.30
17.612	31.21	3.92	122.37	11.63	8.04	93.49	76.40	1	30.40
17.758	31.01	3.95	122.39	11.60	8.09	93.88	76.70	1	30.30
17.819	31.08	3.93	122.20	11.61	8.07	93.73	76.70	1	30.30
17.924	31.20	3.92	122.26	11.55	8.14	94.06	76.90	1	30.40
18.069	30.97	3.97	122.82	11.61	8.02	93.10	75.80	1	30.70
18.131	30.79	3.99	122.90	11.55	8.18	94.45	76.90	1	30.90
18.235	30.72	4.02	123.54	11.67	7.98	93.13	75.40	1	30.90
18.381	30.55	4.03	123.03	11.62	8.03	93.34	75.90	1	30.90
18.442	30.57	4.02	122.76	11.57	8.10	93.75	76.40	1	30.70
18.547	30.45	4.04	122.94	11.57	8.16	94.42	76.80	1	30.90
18.692	30.43	4.05	123.35	11.58	8.16	94.46	76.60	1	30.90
18.754	30.60	4.03	123.27	11.66	7.95	92.68	75.20	1	30.70
18.858	30.66	4.02	123.36	11.58	8.05	93.24	75.60	1	30.90
19.004	30.46	4.03	122.71	11.61	8.08	93.85	76.50	1	30.90
19.065	30.30	4.06	122.89	11.57	8.15	94.34	76.80	1	31.00
19.170	30.37	4.05	122.95	11.61	8.10	94.09	76.50	1	31.00
19.316	30.31	4.08	123.58	11.55	8.23	95.06	76.90	1	31.20
19.377	30.20	4.09	123.37	11.59	8.17	94.67	76.70	1	31.20
19.481	30.19	4.08	123.14	11.63	8.05	93.59	76.00	1	31.00
19.627	30.56	4.04	123.55	11.61	8.11	94.15	76.20	1	30.90
19.688	30.38	4.05	123.17	11.59	8.16	94.54	76.80	1	30.90
19.793	30.51	4.04	123.25	11.66	8.01	93.39	75.80	1	31.00
19.939	30.31	4.07	123.37	11.59	8.18	94.83	76.90	1	30.90
20.000	30.46	4.04	123.07	11.64	8.09	94.18	76.50	1	30.90
20.000	39.35	0.12	4.79	0.00	0.23	0.00	0.00	1	34.10
20.060	24.82	2.33	57.88	1.60	3.25	5.19	9.00	1	49.10
20.164	10.98	4.02	44.18	1.92	3.78	7.28	16.50	1	52.50
20.308	9.78	4.64	45.41	3.31	6.39	21.14	46.60	1	30.00
20.368	13.24	4.11	54.41	3.79	7.28	27.62	50.80	1	25.00
20.473	25.39	2.79	70.88	4.18	8.19	34.27	48.40	1	10.00
20.618	34.94	1.41	49.32	3.52	7.08	24.96	50.60	1	10.00
20.678	36.03	1.26	45.51	3.47	7.10	24.64	54.10	1	14.00
20.783	35.20	1.92	67.60	4.41	9.06	39.94	59.10	1	18.00
20.928	34.37	2.36	81.21	5.44	9.64	52.47	64.60	1	18.00
20.988	34.80	2.26	78.59	5.79	9.14	52.94	67.40	1	17.90
21.093	35.67	2.01	71.53	6.35	7.95	50.44	70.50	1	18.00
21.238	36.38	1.71	62.08	6.78	6.72	45.56	73.40	1	18.00
21.298	34.28	2.07	71.02	7.27	6.93	50.36	70.90	1	30.50
21.403	18.57	3.71	68.85	7.03	5.70	40.04	58.10	1	55.00
21.548	12.35	4.45	54.99	6.73	5.35	35.98	65.40	1	40.00
21.609	13.33	4.26	56.85	6.90	5.64	38.94	68.50	1	32.50
21.713	23.53	3.45	81.15	7.91	6.82	53.95	66.50	1	22.50
21.858	35.30	1.30	46.02	5.81	4.11	23.89	51.90	1	20.00
21.919	33.23	2.05	68.12	6.75	6.13	41.33	60.70	1	25.00
22.022	33.95	2.17	73.51	7.69	6.57	50.58	68.80	1	21.00
22.167	26.81	2.92	78.40	8.64	6.51	56.23	71.70	1	33.00
22.228	25.11	3.05	76.52	8.77	6.51	57.14	74.70	1	29.00
22.332	26.89	3.10	83.34	9.23	6.99	64.50	77.40	1	29.00
22.478	28.55	3.09	88.24	10.04	6.40	64.27	72.80	1	29.30
22.538	28.71	3.09	88.66	10.12	6.66	67.37	76.00	1	29.50
22.642	29.02	3.09	89.66	10.34	6.65	68.81	76.70	1	29.80
22.788	29.10	3.09	89.99	10.56	6.72	70.92	78.80	1	30.10
22.848	29.09	3.09	89.86	10.68	6.62	70.66	78.60	1	29.90
22.952	29.20	3.08	89.87	10.78	6.54	70.55	78.50	1	30.10
23.098	29.18	3.09	90.21	10.84	6.54	70.91	78.60	1	30.20
23.158	29.23	3.08	89.98	10.85	6.64	72.02	80.00	1	30.20
23.262	29.19	3.08	89.92	10.91	6.55	71.41	79.40	1	30.20
23.408	29.33	3.07	89.93	10.90	6.56	71.45	79.50	1	30.10
23.468	29.57	3.06	90.56	10.91	6.62	72.21	79.70	1	29.90
23.572	29.69	3.06	90.78	10.90	6.41	69.85	76.90	1	29.60
23.718	30.37	3.02	91.67	10.95	6.53	71.56	78.10	1	29.30
23.778	30.61	3.01	92.18	10.97	6.53	71.60	77.70	1	29.10
23.882	30.63	2.98	91.34	11.05	6.48	71.55	78.30	1	29.30
24.028	31.09	2.96	91.98	11.07	6.55	72.46	78.80	1	29.10
24.088	31.17	2.95	92.03	11.07	6.58	72.87	79.20	1	29.00
24.192	31.26	2.94	91.97	11.09	6.63	73.50	79.90	1	28.80
24.338	31.42	2.93	91.94	11.09	6.60	73.22	79.60	1	29.10
24.398	31.30	2.94	91.93	11.12	6.55	72.91	79.30	1	29.10
24.503	31.07	2.96	91.88	11.09	6.55	72.62	79.00	1	29.10
24.648	30.91	2.98	92.18	11.06	6.65	73.55	79.80	1	29.10
24.708	30.99	2.96	91.75	11.07	6.59	72.93	79.50	1	29.00
24.813	30.88	2.97	91.70	11.09	6.57	72.82	79.40	1	29.10
24.958	31.06	2.95	91.74	11.06	6.42	71.01	77.40	1	28.80
25.018	30.98	2.96	91.71	10.95	6.66	72.89	79.50	1	28.80
25.123	31.24	2.95	92.19	10.95	6.63	72.62	78.80	1	28.70
25.268	31.27	2.96	92.42	10.93	6.69	73.15	79.20	1	28.70
25.328	31.25	2.95	92.25	10.95	6.65	72.81	78.90	1	28.70
25.433	31.12	2.96	92.10	10.85	6.67	72.34	78.50	1	28.70
25.578	31.20	2.96	92.22	10.88	6.78	73.82	80.00	1	28.70
25.638	31.22	2.95	92.09	10.84	6.66	72.18	78.40	1	28.50
25.743	30.98	2.96	91.80	10.79	6.70	72.36	78.80	1	28.50
25.888	31.30	2.94	92.04	10.86	6.59	71.52	77.70	1	28.40
25.949	31.22	2.93	91.62	10.75	6.68	71.78	78.30	1	28.50
26.053	31.25	2.94	91.88	10.76	6.75	72.59	79.00	1	28.50
26.198	31.05	2.97	92.15	10.70	6.63	71.01	77.10	1	28.70
26.259	31.02	2.97	92.04	10.68	6.71	71.67	77.90	1	28.80
26.363	30.74	2.98	91.55	10.66	6.75	71.97	78.60	1	28.70
26.508	30.46	3.00	91.32	10.56	6.74	71.18	77.90	1	28.70
26.569	30.38	3.01	91.36	10.56	6.62	69.91	76.50	1	28.70
26.673	30.37	3.00	91.22	10.56	6.68	70.54	77.30	1	28.70
26.819	30.17	3.03	91.47	10.58	6.60	69.81	76.30	1	28.80
26.879	29.99	3.04	91.08	10.53	6.71	70.69	77.60	1	29.00
26.983	29.94	3.04	90.92	10.52	6.77	71.19	78.30	1	28.80
27.129	30.16	3.03	91.39	10.43	6.86	71.59	78.30	1	28.70
27.189	30.21	3.03	91.40	10.42	6.81	70.98	77.70	1	28.70
27.293	30.10	3.03	91.28	10.39	6.82	70.90	77.70	1	28.70
27.439	29.76	3.03	90.32	10.35	6.85	70.91	78.50	1	28.70
27.499	29.95	3.03	90.60	10.38	6.75	70.04	77.30	1	28.50
27.603	30.25	3.02	91.50	10.40	6.83	71.02	77.60	1	28.40
27.749	30.12	3.03	91.12	10.33	6.78	70.06	76.90	1	28.40
27.809	30.34	3.01	91.28	10.30	6.81	70.19	76.90	1	28.20
27.913	30.46	3.00	91.37	10.29	6.89	70.87	77.60	1	28.20
28.059	30.58	2.99	91.47	10.38	6.78	70.36	76.90	1	28.20
28.119	30.62	3.00	91.72	10.32	6.87	70.92	77.30	1	28.10
28.223	30.44	2.99	91.06	10.31	6.93	71.50	78.50	1	28.20
28.369	30.27	3.01	91.09	10.27	6.92	71.07	78.00	1	28.40
28.429	30.23	3.02	91.25	10.15	7.12	72.29	79.20	1	28.20
28.533	30.36	3.02	91.59	10.25	6.66	68.31	74.60	1	28.20
28.679	30.21	3.02	91.13	10.19	6.78	69.11	75.80	1	28.20
28.739	30.26	3.02	91.31	10.11	7.07	71.53	78.30	1	28.20
28.844	29.70	3.05	90.52	9.98	7.47	74.59	82.40	1	28.20
28.989	29.17	3.08	89.90	10.15	6.41	65.03	72.30	1	28.40
29.049	29.14	3.08	89.74	10.15	6.24	63.40	70.60	1	28.50
29.154	28.96	3.09	89.35	10.18	6.12	62.34	69.80	1	28.40
29.299	29.10	3.09	89.81	9.83	7.18	70.60	78.60	1	28.40
29.359	29.28	3.08	90.10	9.84	7.08	69.72	77.40	1	28.20
29.464	29.82	3.06	91.12	9.89	6.96	68.90	75.60	1	27.90
29.609	29.72	3.05	90.71	9.88	6.99	69.09	76.20	1	27.90
29.669	29.97	3.04	91.26	9.83	7.13	70.10	76.80	1	27.80
29.774	29.83	3.04	90.73	9.77	7.15	69.88	77.00	1	27.90
29.919	29.54	3.07	90.59	9.77	7.15	69.84	77.10	1	28.20
29.979	29.48	3.07	90.47	9.79	7.14	69.85	77.20	1	28.10
30.084	29.10	3.07	89.41	9.76	7.02	68.47	76.60	1	28.10
30.229	29.48	3.06	90.32	9.72	7.13	69.38	76.80	1	27.80
30.289	29.50	3.05	90.07	9.71	7.19	69.75	77.40	1	27.80
30.394	29.43	3.07	90.42	9.68	7.21	69.80	77.20	1	28.10
30.539	29.07	3.10	90.04	9.61	7.01	67.39	74.80	1	28.10
30.600	28.85	3.09	89.29	9.57	7.10	67.94	76.10	1	28.20
30.704	28.71	3.11	89.21	9.50	7.20	68.41	76.70	1	28.20
30.849	28.92	3.10	89.56	9.53	7.11	67.69	75.60	1	28.10
30.910	28.76	3.10	89.19	9.46	7.30	69.06	77.40	1	28.10
31.014	28.68	3.11	89.08	9.48	7.08	67.10	75.30	1	28.10
31.160	28.50	3.10	88.41	9.41	7.14	67.21	76.00	1	28.10
31.220	28.59	3.11	88.81	9.45	7.20	68.03	76.60	1	27.90
31.323	28.31	3.11	88.12	9.39	7.01	65.76	74.60	1	28.10
31.469	28.32	3.12	88.26	9.28	7.24	67.20	76.10	1	28.10
31.529	28.35	3.11	88.21	9.37	7.09	66.41	75.30	1	28.20
31.633	28.16	3.11	87.67	9.25	7.15	66.13	75.40	1	28.20
31.779	27.98	3.13	87.50	9.22	7.19	66.25	75.70	1	28.20
31.839	27.91	3.12	87.11	9.23	7.10	65.57	75.30	1	28.10
31.943	28.25	3.11	87.85	9.32	7.07	65.84	74.90	1	27.90
32.089	28.75	3.10	89.02	9.30	7.24	67.36	75.70	1	27.60
32.149	28.71	3.09	88.75	9.22	7.42	68.40	77.10	1	27.50
32.253	29.30	3.05	89.22	9.38	7.26	68.14	76.40	1	27.30
32.398	29.88	3.04	90.74	9.45	7.38	69.70	76.80	1	27.20
32.458	29.94	3.03	90.85	9.43	7.42	69.95	77.00	1	27.00
32.562	30.08	3.02	90.85	9.37	7.53	70.55	77.70	1	26.70
32.708	30.23	3.00	90.73	9.38	7.53	70.58	77.80	1	26.70
32.768	30.42	2.98	90.76	9.43	7.45	70.28	77.40	1	26.70
32.872	30.41	2.99	90.83	9.40	7.49	70.41	77.50	1	26.70
33.018	30.25	3.01	90.95	9.38	7.42	69.56	76.50	1	26.70
33.078	30.22	3.01	90.90	9.38	7.31	68.63	75.50	1	26.70
33.182	30.31	3.01	91.27	9.35	7.48	69.89	76.60	1	26.60
33.328	30.90	2.97	91.88	9.39	7.42	69.69	75.80	1	26.30
33.388	30.97	2.97	91.84	9.36	7.45	69.73	75.90	1	26.30
33.493	31.09	2.96	91.88	9.41	7.39	69.53	75.70	1	26.30
33.638	30.98	2.97	91.99	9.37	7.33	68.65	74.60	1	26.30
33.698	30.77	2.99	91.86	9.27	7.47	69.26	75.40	1	26.30
33.803	30.56	2.99	91.49	9.21	7.54	69.45	75.90	1	26.40
33.948	30.76	2.98	91.78	9.21	7.50	69.16	75.40	1	26.10
34.008	30.69	2.98	91.33	9.20	7.46	68.61	75.10	1	26.10
34.112	30.72	2.98	91.56	9.16	7.64	69.98	76.40	1	26.40
34.257	30.41	3.00	91.26	9.16	7.40	67.75	74.20	1	26.30
34.317	30.28	3.00	90.99	9.05	7.64	69.16	76.00	1	26.30
34.422	30.57	2.99	91.39	9.17	7.49	68.70	75.20	1	26.30
34.567	30.31	3.00	91.06	9.09	7.65	69.59	76.40	1	26.40
34.627	29.99	3.03	90.74	9.00	7.64	68.81	75.80	1	26.40
34.732	30.22	3.01	90.97	9.05	7.72	69.89	76.80	1	26.10
34.876	30.77	2.98	91.63	9.10	7.60	69.11	75.40	1	25.80
34.937	30.77	2.97	91.45	8.98	7.91	71.05	77.70	1	25.80
35.041	30.65	2.98	91.33	9.03	7.39	66.66	73.00	1	25.80
35.186	30.99	2.96	91.62	8.93	8.07	72.07	78.70	1	25.70
35.247	30.65	2.98	91.39	8.86	7.75	68.71	75.20	1	25.80
35.351	31.03	2.96	91.75	9.07	7.19	65.19	71.10	1	25.50
35.496	31.20	2.95	91.97	8.91	7.85	69.91	76.00	1	25.50
35.557	30.70	2.97	91.29	8.83	7.80	68.87	75.40	1	25.50
35.661	30.52	3.00	91.61	8.80	7.78	68.42	74.70	1	25.80
35.807	30.95	2.95	91.37	8.96	7.95	71.24	78.00	1	25.70
35.867	30.83	2.96	91.34	8.99	7.64	68.74	75.20	1	25.70
35.971	30.87	2.97	91.72	8.93	7.50	66.97	73.00	1	25.70
36.117	30.95	2.96	91.68	8.81	8.30	73.15	79.80	1	25.50
36.177	31.32	2.93	91.84	8.97	8.03	71.99	78.40	1	25.70
36.281	30.75	2.98	91.76	9.12	6.89	62.85	68.50	1	25.80
36.427	30.09	3.02	90.88	8.76	7.68	67.23	74.00	1	25.80
36.487	30.02	3.03	91.04	8.75	7.36	64.37	70.70	1	25.80
36.591	29.61	3.06	90.50	8.57	7.93	67.93	75.10	1	25.70
36.737	30.82	2.98	91.76	8.70	7.97	69.34	75.60	1	25.40
36.797	31.03	2.96	91.73	8.81	7.72	67.98	74.10	1	25.20
36.900	31.30	2.94	92.15	8.89	8.11	72.14	78.30	1	25.10
37.046	32.35	2.82	91.09	8.94	8.34	74.54	81.80	1	25.10
37.106	32.59	2.78	90.77	9.15	7.74	70.77	78.00	1	25.10
37.210	32.18	2.83	91.18	9.27	6.66	61.74	67.70	1	25.40
37.356	30.83	2.97	91.67	8.81	7.61	67.07	73.20	1	25.40
37.416	30.94	2.97	91.85	8.75	7.75	67.83	73.90	1	25.20
37.520	30.82	2.97	91.50	8.76	7.28	63.75	69.70	1	25.10
37.665	30.84	2.98	91.95	8.46	8.54	72.28	78.60	1	25.20
37.725	31.08	2.95	91.54	8.60	8.31	71.46	78.10	1	25.40
37.830	31.52	2.90	91.40	8.84	7.76	68.63	75.10	1	25.20
37.975	31.66	2.89	91.54	8.98	7.42	66.65	72.80	1	25.20
38.035	31.40	2.91	91.35	9.03	7.37	66.48	72.80	1	25.40
38.140	31.00	2.94	91.27	9.03	7.41	66.90	73.30	1	25.40
38.285	30.90	2.97	91.74	8.85	8.42	74.53	81.20	1	25.70
38.345	31.20	2.94	91.84	8.80	8.51	74.94	81.60	1	25.70
38.450	31.54	2.91	91.93	9.07	7.65	69.41	75.50	1	25.70
38.595	30.56	2.98	91.17	9.07	6.85	62.09	68.10	1	25.70
38.655	30.13	3.02	91.04	8.86	7.39	65.43	71.90	1	25.70
38.760	30.21	3.02	91.28	8.65	8.04	69.54	76.20	1	25.70
38.905	30.02	3.03	91.02	8.72	7.33	63.94	70.20	1	25.70
38.965	29.50	3.06	90.18	8.67	7.55	65.44	72.60	1	25.80
39.070	29.88	3.03	90.39	8.49	8.47	71.84	79.50	1	25.70
39.215	30.70	2.98	91.36	8.74	8.17	71.42	78.20	1	25.20
39.276	31.54	2.91	91.70	8.83	8.25	72.82	79.40	1	25.20
39.380	32.16	2.86	91.98	9.10	7.06	64.27	69.90	1	24.90
39.525	31.30	2.94	92.10	8.75	7.57	66.25	71.90	1	25.20
39.586	30.74	2.97	91.38	8.71	7.30	63.57	69.60	1	25.20
39.690	30.73	2.98	91.61	8.48	8.34	70.73	77.20	1	25.10
39.835	31.99	2.86	91.33	8.72	8.30	72.33	79.20	1	24.80
39.896	32.22	2.82	90.99	8.90	7.72	68.67	75.50	1	24.90
40.000	31.60	2.91	91.94	8.77	7.81	68.46	74.50	1	25.10
40.000	30.02	3.50	104.95	10.64	6.48	68.93	65.70	1	42.50
40.061	20.86	4.04	84.17	9.57	5.36	51.33	61.00	1	55.00
40.165	12.97	4.45	57.76	8.03	4.48	35.98	62.30	1	40.00
40.311	21.62	4.22	91.27	8.74	6.89	60.26	66.00	1	25.00
40.371	28.08	3.56	100.04	9.15	7.33	67.09	67.10	1	20.00
40.475	35.64	1.42	50.60	6.60	3.31	21.82	43.10	1	10.00
40.621	35.33	2.44	86.29	8.07	6.62	53.40	61.90	1	21.00
40.681	36.09	2.23	80.36	8.22	6.59	54.21	67.50	1	23.50
40.786	33.27	3.29	109.50	9.73	7.73	75.23	68.70	1	31.50
40.932	28.05	4.27	119.68	10.76	8.05	86.56	72.30	1	33.00
40.993	27.61	4.37	120.78	11.07	7.83	86.69	71.80	1	33.00
41.098	27.68	4.42	122.38	11.39	7.91	90.07	73.60	1	33.30
41.243	27.60	4.46	123.18	11.57	7.85	90.80	73.70	1	33.60
41.305	27.28	4.49	122.38	11.54	7.79	89.84	73.40	1	33.60
41.409	27.23	4.48	121.90	11.62	7.75	90.01	73.80	1	33.50
41.555	27.24	4.48	122.14	11.63	7.71	89.66	73.40	1	33.60
41.616	27.09	4.49	121.55	11.63	7.66	89.03	73.20	1	33.80
41.721	27.04	4.49	121.30	11.61	7.66	88.92	73.30	1	33.80
41.867	27.25	4.48	122.06	11.55	7.67	88.64	72.60	1	33.50
41.928	27.47	4.47	122.91	11.65	7.63	88.96	72.40	1	33.30
42.032	27.66	4.46	123.27	11.61	7.82	90.83	73.70	1	33.10
42.178	28.28	4.40	124.28	11.68	7.99	93.33	75.10	1	32.80
42.239	28.40	4.39	124.78	11.72	7.82	91.67	73.50	1	32.70
42.344	28.90	4.35	125.74	11.84	7.95	94.09	74.80	1	32.40
42.490	29.10	4.32	125.60	11.88	7.83	93.08	74.10	1	32.50
42.551	29.10	4.32	125.72	11.89	7.76	92.22	73.40	1	32.70
42.656	29.06	4.32	125.66	11.91	7.65	91.16	72.50	1	32.50
42.801	29.46	4.29	126.50	11.97	7.79	93.21	73.70	1	32.40
42.863	29.52	4.28	126.46	12.00	7.88	94.57	74.80	1	32.20
42.967	29.47	4.30	126.75	11.98	7.82	93.74	74.00	1	32.40
43.113	29.27	4.32	126.35	12.07	7.68	92.74	73.40	1	32.50
43.174	29.18	4.32	126.09	12.00	7.74	92.81	73.60	1	32.50
43.279	29.25	4.31	125.91	12.07	7.72	93.18	74.00	1	32.70
43.424	29.07	4.34	126.30	11.99	7.73	92.71	73.40	1	32.50
43.486	29.36	4.29	126.08	12.06	7.69	92.68	73.50	1	32.40
43.590	29.21	4.31	126.00	12.01	7.82	93.89	74.50	1	32.50
43.736	29.39	4.32	126.88	12.02	7.74	93.02	73.30	1	32.50
43.797	29.46	4.31	126.97	12.00	7.80	93.53	73.70	1	32.40
43.902	29.61	4.29	127.17	11.95	7.87	94.09	74.00	1	32.10
44.048	29.63	4.28	126.68	11.94	7.84	93.67	73.90	1	32.20
44.109	29.63	4.27	126.48	11.95	7.91	94.50	74.70	1	32.10
44.213	29.80	4.24	126.45	12.00	7.73	92.80	73.40	1	31.90
44.359	29.90	4.23	126.44	12.04	7.82	94.17	74.50	1	31.90
44.421	30.04	4.20	126.17	12.03	7.86	94.57	75.00	1	31.80
44.525	30.14	4.19	126.32	12.04	7.85	94.45	74.80	1	31.60
44.671	30.24	4.17	126.23	12.07	7.80	94.20	74.60	1	31.90
44.732	30.10	4.20	126.28	12.00	7.90	94.86	75.10	1	31.90
44.837	30.01	4.22	126.52	12.03	7.93	95.41	75.40	1	32.10
44.982	29.78	4.25	126.62	11.99	7.98	95.71	75.60	1	32.10
45.044	29.91	4.25	127.00	12.03	7.88	94.78	74.60	1	32.20
45.148	29.81	4.26	127.13	12.05	7.72	93.05	73.20	1	32.40
45.294	29.50	4.29	126.41	11.99	7.90	94.70	74.90	1	32.40
45.355	29.59	4.28	126.75	12.06	7.82	94.34	74.40	1	32.40
45.460	29.24	4.31	126.11	11.99	7.75	92.97	73.70	1	32.40
45.606	29.41	4.30	126.34	12.01	7.76	93.27	73.80	1	32.40
45.667	29.33	4.31	126.48	12.01	7.73	92.87	73.40	1	32.20
45.771	29.65	4.28	126.80	11.98	7.84	93.88	74.00	1	32.10
45.917	29.79	4.27	127.06	12.02	7.82	93.97	74.00	1	32.10
45.978	29.71	4.26	126.54	12.00	7.71	92.44	73.00	1	31.90
46.083	29.63	4.25	126.02	11.97	7.78	93.15	73.90	1	31.90
46.229	30.04	4.22	126.90	11.99	7.94	95.14	75.00	1	31.60
46.290	30.22	4.20	126.96	11.95	7.96	95.10	74.90	1	31.60
46.395	30.22	4.19	126.77	11.98	7.86	94.20	74.30	1	31.80
46.540	30.27	4.19	126.78	12.02	7.77	93.43	73.70	1	31.90
46.602	30.07	4.22	126.82	12.03	7.77	93.53	73.70	1	31.90
46.706	29.93	4.22	126.36	11.98	7.80	93.44	73.90	1	31.80
46.852	30.18	4.19	126.49	12.04	7.90	95.11	75.20	1	31.80
46.913	30.14	4.20	126.56	12.01	7.86	94.39	74.60	1	31.90
47.018	30.08	4.22	126.80	12.00	7.89	94.66	74.70	1	31.90
47.164	30.04	4.24	127.52	12.01	7.80	93.74	73.50	1	32.10
47.225	29.92	4.25	127.22	12.06	7.74	93.28	73.30	1	32.20
47.329	29.79	4.26	127.04	12.02	7.75	93.23	73.40	1	32.20
47.475	29.53	4.27	126.11	12.00	7.76	93.14	73.90	1	32.10
47.536	29.65	4.26	126.32	11.97	7.93	94.90	75.10	1	32.10
47.641	29.89	4.24	126.70	12.03	7.83	94.20	74.40	1	31.80
47.787	30.34	4.20	127.47	11.96	7.89	94.31	74.00	1	31.60
47.848	30.48	4.16	126.92	12.01	7.80	93.67	73.80	1	31.50
47.953	30.48	4.16	126.73	12.01	7.83	93.99	74.20	1	31.60
48.098	30.27	4.20	127.02	11.94	7.91	94.50	74.40	1	31.60
48.160	30.28	4.19	126.76	11.99	7.88	94.50	74.60	1	31.60
48.264	30.50	4.16	126.81	11.97	7.94	95.02	74.90	1	31.50
48.410	30.42	4.17	126.90	12.02	7.91	95.11	74.90	1	31.60
48.471	30.32	4.17	126.55	12.02	7.94	95.49	75.50	1	31.50
48.576	30.65	4.14	126.83	12.05	7.84	94.44	74.50	1	31.50
48.721	30.79	4.12	127.02	11.97	7.92	94.82	74.70	1	31.30
48.783	30.82	4.10	126.26	12.02	7.86	94.55	74.90	1	31.30
48.887	30.75	4.11	126.49	12.07	7.76	93.67	74.10	1	31.50
49.033	30.58	4.15	126.98	11.98	7.80	93.45	73.60	1	31.60
49.094	30.58	4.15	126.86	12.05	7.83	94.37	74.40	1	31.50
49.199	30.60	4.13	126.32	12.01	7.79	93.48	74.00	1	31.30
49.345	30.69	4.12	126.43	12.00	7.93	95.13	75.20	1	31.50
49.406	30.62	4.12	126.23	12.05	7.82	94.22	74.60	1	31.60
49.511	30.43	4.15	126.28	11.95	7.94	94.94	75.20	1	31.50
49.656	30.94	4.10	126.75	12.04	7.90	95.08	75.00	1	31.20
49.718	31.03	4.08	126.52	12.06	7.77	93.73	74.10	1	31.20
49.822	30.87	4.10	126.53	11.99	7.87	94.32	74.50	1	31.20
49.968	31.09	4.06	126.30	12.02	7.78	93.57	74.10	1	30.90
50.029	31.12	4.06	126.23	11.95	7.90	94.43	74.80	1	31.00
50.134	31.24	4.02	125.67	11.95	7.87	94.12	74.90	1	30.90
50.279	30.99	4.08	126.29	11.94	7.92	94.63	74.90	1	31.20
50.341	30.85	4.08	126.00	11.97	7.89	94.37	74.90	1	31.30
50.445	30.83	4.09	126.24	11.98	7.88	94.44	74.80	1	31.50
50.591	30.59	4.16	127.21	12.02	7.89	94.77	74.50	1	31.60
50.652	30.48	4.15	126.64	12.04	7.87	94.76	74.80	1	31.60
50.757	30.22	4.19	126.57	11.98	7.86	94.16	74.40	1	31.60
50.903	30.43	4.16	126.68	11.95	7.88	94.13	74.30	1	31.50
50.964	30.64	4.14	126.83	12.03	7.81	93.95	74.10	1	31.30
51.068	30.97	4.09	126.76	12.01	7.80	93.70	73.90	1	31.30
51.214	30.96	4.10	127.06	12.05	7.86	94.69	74.50	1	31.20
51.276	31.06	4.07	126.46	12.06	7.75	93.47	73.90	1	31.00
51.380	31.00	4.08	126.38	11.98	7.90	94.57	74.80	1	31.20
51.526	30.97	4.10	127.06	12.01	7.83	94.09	74.00	1	31.30
51.587	30.78	4.11	126.63	12.03	7.86	94.58	74.70	1	31.50
51.692	30.45	4.14	126.17	12.00	7.88	94.49	74.90	1	31.50
51.837	30.91	4.11	126.98	12.04	7.84	94.40	74.30	1	31.20
51.899	30.95	4.10	126.78	12.01	7.88	94.62	74.60	1	31.20
52.003	30.92	4.10	126.79	12.03	7.84	94.25	74.30	1	31.30
52.149	30.80	4.14	127.36	12.10	7.73	93.51	73.40	1	31.60
52.210	30.56	4.16	127.14	12.01	7.89	94.76	74.50	1	31.60
52.315	30.48	4.17	127.17	12.00	7.92	95.11	74.80	1	31.60
52.461	30.57	4.16	127.09	12.07	7.74	93.41	73.50	1	31.50
52.522	30.66	4.15	127.13	12.02	7.87	94.55	74.40	1	31.50
52.626	30.65	4.13	126.68	12.02	7.84	94.24	74.40	1	31.60
52.772	30.46	4.16	126.78	11.97	7.85	94.04	74.20	1	31.60
52.833	30.42	4.17	126.75	12.02	7.80	93.74	74.00	1	31.80
52.938	30.13	4.19	126.29	12.05	7.71	92.85	73.50	1	31.90
53.084	30.13	4.23	127.42	11.99	7.97	95.54	75.00	1	31.90
53.145	30.06	4.24	127.44	12.02	7.87	94.68	74.30	1	32.10
53.250	30.01	4.24	127.13	12.01	7.85	94.29	74.20	1	32.10
53.395	29.78	4.27	127.08	11.98	7.97	95.44	75.10	1	32.10
53.457	29.76	4.26	126.73	12.03	7.90	95.05	75.00	1	31.90
53.561	29.91	4.25	127.23	11.99	7.90	94.75	74.50	1	31.80
53.707	30.18	4.22	127.35	12.04	7.84	94.33	74.10	1	31.80
53.768	30.22	4.21	127.12	12.06	7.84	94.49	74.30	1	31.60
53.873	30.20	4.20	126.86	12.00	7.87	94.47	74.50	1	31.80
54.018	30.40	4.17	126.66	12.08	7.78	94.01	74.20	1	31.60
54.080	30.43	4.17	126.96	12.09	7.67	92.67	73.00	1	31.60
54.184	30.43	4.16	126.60	12.00	7.82	93.79	74.10	1	31.60
54.330	30.56	4.15	126.95	12.08	7.78	93.91	74.00	1	31.80
54.391	30.28	4.20	127.09	12.05	7.76	93.59	73.60	1	31.90
54.496	30.31	4.19	127.02	12.05	7.81	94.09	74.10	1	31.80
54.642	30.16	4.20	126.56	12.04	7.81	94.06	74.30	1	31.90
54.703	30.11	4.22	127.16	12.06	7.78	93.87	73.80	1	31.90
54.808	29.98	4.23	126.68	12.09	7.76	93.83	74.10	1	31.90
54.953	30.04	4.23	127.15	11.99	7.88	94.48	74.30	1	31.80
55.015	30.09	4.22	126.83	12.05	7.83	94.39	74.40	1	31.80
55.119	29.99	4.22	126.53	12.06	7.74	93.31	73.70	1	31.90
55.265	30.00	4.24	127.17	12.02	7.76	93.34	73.40	1	31.90
55.326	29.97	4.23	126.68	12.06	7.81	94.17	74.30	1	32.10
55.431	29.89	4.25	126.91	12.03	7.77	93.46	73.60	1	31.90
55.576	29.85	4.25	126.79	12.04	7.81	94.04	74.20	1	32.10
55.638	29.78	4.26	126.75	12.09	7.73	93.46	73.70	1	32.10
55.742	29.79	4.27	127.12	12.07	7.83	94.50	74.30	1	32.10
55.888	29.84	4.26	127.12	12.06	7.83	94.48	74.30	1	32.10
55.949	29.80	4.26	127.07	12.03	7.77	93.44	73.50	1	31.90
56.054	29.70	4.27	126.88	12.03	7.84	94.31	74.30	1	32.10
56.200	30.04	4.23	126.98	12.02	7.83	94.10	74.10	1	31.90
56.261	29.84	4.24	126.64	11.99	7.79	93.35	73.70	1	31.90
56.365	29.81	4.26	126.85	11.98	7.86	94.14	74.20	1	32.20
56.511	29.69	4.29	127.38	12.03	7.81	93.88	73.70	1	32.40
56.573	29.63	4.29	127.09	12.01	7.77	93.38	73.50	1	32.20
56.677	29.65	4.27	126.62	12.02	7.83	94.12	74.30	1	32.20
56.823	29.48	4.30	126.68	11.99	7.84	93.99	74.20	1	32.40
56.884	29.48	4.31	127.03	11.99	7.79	93.32	73.50	1	32.40
56.989	29.48	4.31	127.15	12.08	7.68	92.83	73.00	1	32.70
57.134	29.11	4.35	126.71	11.97	7.84	93.81	74.00	1	32.50
57.196	29.37	4.32	126.78	12.01	7.79	93.54	73.80	1	32.50
57.300	29.14	4.33	126.24	11.92	7.83	93.35	73.90	1	32.70
57.446	29.19	4.31	125.82	12.06	7.73	93.21	74.10	1	32.70
57.507	28.98	4.34	125.75	11.95	7.81	93.35	74.20	1	32.80
57.612	28.96	4.36	126.20	11.98	7.80	93.46	74.10	1	32.80
57.758	28.70	4.37	125.34	11.92	7.90	94.19	75.10	1	32.70
57.819	28.83	4.36	125.61	11.98	7.78	93.15	74.20	1	32.70
57.923	28.95	4.35	126.02	11.98	7.83	93.85	74.50	1	32.50
58.069	29.21	4.33	126.48	11.98	7.81	93.57	74.00	1	32.50
58.130	29.29	4.32	126.51	11.99	7.88	94.47	74.70	1	32.40
58.235	29.25	4.30	125.80	11.96	7.86	94.02	74.70	1	32.50
58.381	29.50	4.29	126.53	12.06	7.75	93.47	73.90	1	32.10
58.442	29.54	4.27	126.25	11.97	7.82	93.63	74.20	1	32.10
58.547	29.59	4.28	126.61	12.00	7.85	94.16	74.40	1	32.40
58.692	29.41	4.31	126.87	11.98	7.86	94.14	74.20	1	32.20
58.754	29.61	4.29	126.93	11.99	7.87	94.29	74.30	1	32.10
58.858	29.69	4.27	126.66	12.02	7.86	94.47	74.60	1	32.10
59.004	29.56	4.28	126.47	11.97	7.89	94.49	74.70	1	32.40
59.065	29.61	4.28	126.85	12.04	7.87	94.79	74.70	1	32.20
59.170	29.73	4.26	126.72	12.04	7.88	94.84	74.80	1	32.10
59.316	29.99	4.22	126.67	12.09	7.79	94.17	74.30	1	32.10
59.377	29.80	4.24	126.51	11.96	7.91	94.66	74.80	1	32.10
59.481	29.85	4.24	126.48	12.02	7.96	95.68	75.70	1	32.10
59.627	29.77	4.27	127.02	11.96	7.96	95.21	75.00	1	32.10
59.688	29.92	4.25	127.07	12.02	7.92	95.20	74.90	1	31.90
59.793	30.02	4.22	126.80	12.08	7.73	93.39	73.70	1	31.90
59.939	30.02	4.21	126.51	12.03	7.83	94.21	74.50	1	31.80
60.000	30.20	4.19	126.60	12.11	7.82	94.68	74.80	1	31.80
60.000	39.62	0.00	0.00	0.05	0.00	0.00	0.00	1	12.50
60.397	9.69	4.34	42.07	4.00	5.93	23.70	56.30	1	30.00
60.796	36.83	1.08	39.81	4.05	6.08	24.65	61.90	1	14.00
61.196	29.79	1.86	55.37	5.15	7.40	38.07	68.70	1	18.40
61.596	36.31	1.50	54.38	7.27	5.62	40.82	75.10	1	18.90
61.996	37.10	1.30	48.23	7.60	4.98	37.87	78.50	1	18.90
62.396	36.74	1.46	53.69	7.82	5.22	40.84	76.10	1	19.80
62.797	35.94	1.66	59.64	7.92	6.11	48.41	81.20	1	20.40
63.197	36.06	1.65	59.36	8.41	5.41	45.47	76.60	1	21.00
63.597	35.76	1.70	60.91	8.47	5.04	42.67	70.10	1	21.00
63.997	36.13	1.64	59.25	8.12	6.23	50.58	85.40	1	20.70
64.397	35.93	1.69	60.76	8.22	5.51	45.27	74.50	1	20.50
64.797	35.38	1.73	61.28	8.07	5.70	45.96	75.00	1	20.80
65.197	34.87	1.80	62.74	8.20	5.75	47.16	75.20	1	21.40
65.597	34.75	1.82	63.32	8.29	6.07	50.36	79.50	1	21.40
65.997	35.07	1.80	63.11	8.19	5.75	47.11	74.60	1	21.00
66.397	35.12	1.77	62.27	8.15	5.77	46.98	75.40	1	21.30
66.797	34.03	1.85	63.05	8.17	6.06	49.47	78.50	1	21.70
67.197	34.55	1.86	64.37	8.18	5.92	48.38	75.20	1	21.30
67.598	35.07	1.81	63.55	8.23	5.83	47.99	75.50	1	21.40
67.998	34.89	1.81	63.31	8.17	5.96	48.67	76.90	1	21.40
68.398	34.27	1.86	63.81	8.21	6.02	49.44	77.50	1	21.60
68.798	34.39	1.85	63.76	8.30	5.75	47.71	74.80	1	21.90
69.198	34.14	1.87	63.87	8.12	6.11	49.58	77.60	1	21.70
69.598	33.83	1.86	62.85	8.17	5.90	48.22	76.70	1	21.60
69.998	34.33	1.85	63.42	8.08	6.19	50.06	78.90	1	21.40
70.398	34.49	1.86	64.29	8.19	5.90	48.29	75.10	1	21.60
70.798	34.48	1.86	64.00	8.12	6.03	48.92	76.40	1	21.40
71.198	34.69	1.83	63.49	8.10	5.88	47.68	75.10	1	21.30
71.598	34.65	1.80	62.45	8.10	5.95	48.23	77.20	1	21.30
71.998	35.27	1.79	63.17	8.23	5.71	46.98	74.40	1	21.10
72.398	34.74	1.83	63.55	8.11	5.98	48.49	76.30	1	21.40
72.799	34.52	1.84	63.49	8.16	5.97	48.73	76.80	1	21.10
73.199	34.80	1.80	62.78	8.14	5.83	47.44	75.60	1	21.30
73.599	34.63	1.84	63.61	8.13	6.14	49.93	78.50	1	21.60
73.999	34.47	1.82	62.79	8.16	6.01	49.04	78.10	1	21.40
74.399	34.39	1.83	62.97	8.05	6.01	48.44	76.90	1	21.40
74.799	34.50	1.82	62.82	8.17	5.88	48.06	76.50	1	21.40
75.199	34.41	1.84	63.34	8.10	6.01	48.68	76.90	1	21.60
75.599	34.59	1.81	62.66	8.15	6.06	49.40	78.80	1	21.30
75.999	34.23	1.85	63.32	8.23	5.84	48.08	75.90	1	21.60
76.399	34.82	1.82	63.38	8.26	5.75	47.45	74.90	1	21.30
76.799	34.56	1.83	63.19	8.18	5.96	48.78	77.20	1	21.40
77.199	34.03	1.85	62.83	8.08	6.05	48.90	77.80	1	21.60
77.600	33.58	1.85	62.07	8.12	5.92	48.06	77.40	1	21.70
78.000	34.98	1.80	62.79	8.17	5.77	47.10	75.00	1	21.10
78.400	34.94	1.80	62.72	8.10	6.11	49.44	78.80	1	21.30
78.800	34.82	1.80	62.69	8.00	6.13	49.02	78.20	1	21.10
79.200	34.44	1.85	63.55	8.04	5.92	47.59	74.90	1	21.10
79.600	34.94	1.80	62.94	8.08	5.85	47.30	75.10	1	21.10
80.000	34.93	1.80	62.82	8.09	5.82	47.04	74.90	1	21.00
80.000	0.00	0.00	0.00	0.00	0.00	0.00	0.00	0	0.00
80.431	31.60	2.57	81.11	4.33	6.43	27.85	34.30	1	37.50
80.836	28.66	3.49	100.07	8.69	7.45	64.75	64.70	1	17.50
81.242	35.02	3.03	106.25	10.64	7.39	78.69	74.10	1	31.50
81.648	33.01	3.93	129.87	14.41	7.13	102.78	79.10	1	33.10
82.056	33.66	3.76	126.64	14.66	6.92	101.44	80.10	1	33.10
82.464	32.35	4.14	133.77	14.48	7.34	106.29	79.50	1	34.10
82.872	30.89	4.45	137.55	14.12	7.84	110.71	80.50	1	34.70
83.280	30.57	4.53	138.43	13.82	7.83	108.27	78.20	1	34.50
83.688	29.72	4.63	137.72	13.37	8.22	109.91	79.80	1	34.40
84.095	29.73	4.65	138.27	13.19	8.10	106.79	77.20	1	34.20
84.503	29.12	4.70	136.97	12.97	8.26	107.13	78.20	1	34.40
84.911	28.12	4.79	134.55	12.55	8.19	102.74	76.40	1	34.40
85.319	28.36	4.76	135.09	12.31	8.63	106.20	78.60	1	34.40
85.727	27.86	4.80	133.76	12.38	8.32	103.08	77.10	1	34.40
86.134	27.63	4.82	133.08	12.15	8.62	104.82	78.80	1	34.20
86.542	28.03	4.78	133.94	12.19	8.46	103.15	77.00	1	34.10
86.950	27.77	4.81	133.51	12.08	8.55	103.38	77.40	1	33.90
87.358	28.99	4.72	136.93	12.23	8.58	104.99	76.70	1	33.00
87.766	29.84	4.61	137.70	12.35	8.48	104.68	76.00	1	32.70
88.173	29.95	4.60	137.88	12.25	8.76	107.37	77.90	1	32.50
88.581	29.97	4.59	137.54	12.25	8.74	107.02	77.80	1	32.50
88.989	29.75	4.64	138.10	12.13	8.86	107.45	77.80	1	32.50
89.397	29.97	4.61	138.31	12.12	8.84	107.16	77.50	1	32.20
89.805	30.41	4.54	138.11	12.15	8.86	107.67	78.00	1	32.10
90.213	29.83	4.61	137.64	12.04	8.81	106.14	77.10	1	32.40
90.620	30.15	4.61	139.07	12.04	9.01	108.52	78.00	1	32.20
91.028	30.38	4.56	138.64	12.09	8.83	106.78	77.00	1	31.80
91.436	30.47	4.54	138.27	12.14	8.79	106.68	77.20	1	32.20
91.844	30.07	4.60	138.28	12.13	8.77	106.41	77.00	1	32.10
92.252	30.18	4.60	138.79	12.04	8.91	107.29	77.30	1	32.10
92.659	30.32	4.55	137.83	12.03	8.98	108.03	78.40	1	31.90
93.067	30.43	4.55	138.46	12.07	8.82	106.54	76.90	1	31.90
93.475	30.76	4.49	138.25	12.08	8.84	106.76	77.20	1	31.60
93.883	30.48	4.56	138.99	12.01	8.93	107.20	77.10	1	31.90
94.291	30.03	4.62	138.61	12.00	8.98	107.77	77.70	1	32.40
94.698	29.70	4.63	137.46	11.98	8.82	105.68	76.90	1	32.40
95.106	29.75	4.65	138.27	11.96	8.84	105.70	76.40	1	32.20
95.514	30.21	4.57	138.03	12.02	8.86	106.48	77.10	1	31.90
95.922	30.28	4.55	137.77	12.01	8.92	107.21	77.80	1	31.90
96.330	30.40	4.56	138.71	12.06	8.80	106.14	76.50	1	31.80
96.738	30.67	4.51	138.33	11.92	8.98	106.97	77.30	1	31.50
97.145	30.98	4.45	137.94	12.04	8.80	105.94	76.80	1	31.30
97.553	31.25	4.40	137.36	11.98	8.76	104.93	76.40	1	31.20
97.961	31.24	4.40	137.48	11.88	8.93	106.17	77.20	1	31.00
98.369	31.16	4.40	137.09	11.97	8.98	107.48	78.40	1	31.20
98.777	31.30	4.39	137.42	12.00	8.81	105.79	77.00	1	31.20
99.184	30.84	4.46	137.58	11.96	8.90	106.41	77.30	1	31.50
99.592	30.49	4.53	138.22	11.94	8.97	107.07	77.50	1	31.80
100.000	30.24	4.59	138.64	11.94	8.91	106.42	76.80	1	32.20
