356.440	38.15	0.87	33.37	1.21	2.76	3.34	10.0	3	21.2	1
356.500	35.32	2.33	82.24	3.66	7.63	27.93	34.0	3	21.2	1
356.604	25.52	3.73	95.19	5.20	9.10	47.29	49.7	3	33.7	1
356.749	12.17	4.66	56.68	4.35	6.88	29.93	52.8	3	46.2	1
356.809	8.44	4.78	40.37	3.55	5.68	20.19	50.0	3	58.7	1
356.912	5.89	4.87	28.65	2.78	4.76	13.21	46.1	3	21.2	1
357.056	24.88	4.06	100.89	5.80	10.04	58.25	57.7	3	38.0	1
357.117	18.62	4.43	82.56	5.44	8.91	48.53	58.8	3	38.0	1
357.221	25.13	3.42	85.95	5.25	8.79	46.19	53.7	3	15.0	1
357.366	26.72	3.65	97.54	6.18	9.37	57.93	59.4	3	30.3	1
357.426	24.79	4.20	104.03	6.84	9.77	66.79	64.2	3	30.3	1
357.530	22.67	4.63	104.87	7.60	9.63	73.18	69.8	3	32.0	1
357.675	30.78	3.57	109.78	8.12	9.48	77.01	70.1	3	22.5	1
357.735	32.68	3.32	108.59	8.49	9.07	76.99	70.9	3	23.4	1
357.839	32.72	3.39	111.01	8.91	8.93	79.53	71.6	3	30.3	1
357.984	30.82	3.96	122.13	9.69	9.22	89.37	73.2	3	25.6	1
358.044	32.13	3.71	119.10	9.67	9.15	88.54	74.3	3	25.6	1
358.148	31.29	4.04	126.34	10.20	9.15	93.33	73.9	3	29.3	1
358.293	29.61	4.39	130.02	10.60	9.51	100.83	77.6	3	31.1	1
358.354	29.82	4.38	130.47	10.87	9.16	99.58	76.3	3	29.0	1
358.458	31.32	4.12	129.05	10.97	8.92	97.80	75.8	3	31.1	1
358.603	31.39	4.16	130.74	11.28	9.01	101.61	77.7	3	31.6	1
358.664	30.41	4.32	131.39	11.28	9.04	102.05	77.7	3	31.6	1
358.768	30.11	4.39	132.27	11.43	8.91	101.85	77.0	3	31.0	1
358.913	30.52	4.35	132.69	11.49	9.01	103.46	78.0	3	30.6	1
358.974	30.70	4.29	131.78	11.58	8.75	101.33	76.9	3	30.6	1
359.078	29.60	4.44	131.55	11.60	8.88	103.03	78.3	3	32.1	1
359.223	30.18	4.37	132.00	11.61	8.72	101.23	76.7	3	31.0	1
359.284	30.36	4.37	132.77	11.61	8.81	102.26	77.0	3	31.2	1
359.388	30.23	4.38	132.30	11.71	8.57	100.33	75.8	3	31.8	1
359.533	29.56	4.45	131.57	11.64	8.76	101.95	77.5	3	31.7	1
359.594	29.45	4.46	131.27	11.66	8.57	100.02	76.2	3	31.7	1
359.698	29.54	4.45	131.60	11.61	8.91	103.48	78.6	3	31.6	1
359.843	29.91	4.41	131.76	11.64	8.75	101.92	77.4	3	31.4	1
359.904	29.96	4.40	131.94	11.64	8.81	102.59	77.8	3	31.7	1
360.008	29.47	4.47	131.82	11.55	8.81	101.74	77.2	3	31.7	1
360.153	29.93	4.43	132.63	11.60	8.76	101.54	76.6	3	31.3	1
360.214	30.02	4.41	132.47	11.69	8.63	100.91	76.2	3	31.6	1
360.318	29.88	4.42	132.17	11.58	8.75	101.37	76.7	3	31.1	1
360.463	29.88	4.43	132.33	11.51	8.92	102.70	77.6	3	31.3	1
360.524	29.86	4.40	131.51	11.58	8.80	101.98	77.5	3	31.3	1
360.628	29.54	4.46	131.82	11.47	8.83	101.29	76.8	3	31.5	1
360.773	29.66	4.46	132.18	11.51	8.85	101.83	77.0	3	31.4	1
360.834	29.63	4.46	132.15	11.41	9.06	103.40	78.2	3	31.1	1
360.938	29.79	4.43	131.99	11.49	8.80	101.05	76.6	3	31.1	1
361.083	29.83	4.44	132.49	11.43	8.93	102.04	77.0	3	31.3	1
361.144	29.79	4.44	132.38	11.40	9.06	103.32	78.0	3	31.3	1
361.248	29.45	4.48	131.97	11.39	8.83	100.57	76.2	3	31.3	1
361.393	29.60	4.49	132.91	11.46	8.72	99.87	75.1	3	31.3	1
361.454	29.36	4.51	132.36	11.40	8.71	99.34	75.1	3	31.3	1
361.558	29.33	4.50	131.92	11.32	8.96	101.46	76.9	3	31.3	1
361.703	29.44	4.48	131.75	11.33	9.04	102.46	77.8	3	31.3	1
361.764	29.36	4.48	131.49	11.33	8.91	100.89	76.7	3	31.3	1
361.868	29.21	4.50	131.40	11.27	9.01	101.54	77.3	3	31.3	1
362.013	29.30	4.49	131.44	11.31	8.78	99.31	75.6	3	31.3	1
362.074	29.34	4.50	131.96	11.23	9.06	101.71	77.1	3	31.3	1
362.178	29.20	4.52	132.01	11.28	8.87	100.03	75.8	3	31.3	1
362.323	29.21	4.52	131.89	11.23	9.01	101.12	76.7	3	31.3	1
362.384	29.16	4.50	131.14	11.24	8.96	100.73	76.8	3	31.3	1
362.488	29.28	4.50	131.90	11.20	9.00	100.82	76.4	3	31.3	1
362.633	29.34	4.50	132.04	11.27	8.92	100.58	76.2	3	31.3	1
362.694	29.18	4.51	131.74	11.22	9.01	101.09	76.7	3	31.3	1
362.798	29.36	4.49	131.83	11.32	8.82	99.76	75.7	3	31.3	1
362.943	29.30	4.51	132.07	11.30	8.99	101.61	76.9	3	31.3	1
363.004	29.14	4.52	131.66	11.25	8.96	100.84	76.6	3	31.3	1
363.108	29.28	4.51	132.13	11.24	9.01	101.29	76.7	3	31.3	1
363.253	29.47	4.49	132.25	11.33	8.95	101.40	76.7	3	31.3	1
363.314	29.31	4.51	132.10	11.29	8.91	100.55	76.1	3	31.3	1
363.418	29.22	4.49	131.33	11.29	8.84	99.77	76.0	3	31.3	1
363.563	29.23	4.51	131.88	11.22	9.07	101.82	77.2	3	31.3	1
363.624	29.38	4.50	132.11	11.33	9.05	102.53	77.6	3	31.3	1
363.728	29.23	4.49	131.12	11.32	8.93	101.11	77.1	3	31.3	1
363.873	29.19	4.51	131.54	11.26	8.93	100.60	76.5	3	31.3	1
363.934	29.16	4.51	131.51	11.18	8.98	100.42	76.4	3	31.3	1
364.038	29.23	4.52	131.98	11.20	9.05	101.42	76.8	3	31.3	1
364.183	29.19	4.52	131.89	11.30	8.89	100.47	76.2	3	31.3	1
364.244	29.11	4.53	131.80	11.19	9.12	102.10	77.5	3	31.3	1
364.348	29.10	4.53	131.78	11.18	9.16	102.34	77.7	3	31.3	1
364.493	29.07	4.53	131.58	11.21	9.08	101.78	77.4	3	31.3	1
364.554	29.17	4.52	131.76	11.25	8.85	99.64	75.6	3	31.3	1
364.658	29.24	4.51	132.00	11.22	8.86	99.42	75.3	3	31.3	1
364.803	29.19	4.50	131.19	11.16	9.17	102.36	78.0	3	31.3	1
364.864	29.12	4.53	131.78	11.13	9.20	102.38	77.7	3	31.3	1
364.968	29.23	4.53	132.28	11.15	9.22	102.80	77.7	3	31.3	1
365.113	29.17	4.52	131.80	11.11	9.19	102.11	77.5	3	31.3	1
365.174	29.14	4.51	131.31	11.23	9.17	102.90	78.4	3	31.3	1
365.278	28.89	4.53	130.84	11.14	9.23	102.85	78.6	3	31.3	1
365.423	29.10	4.52	131.38	11.15	9.13	101.73	77.4	3	31.3	1
365.484	29.05	4.51	131.11	11.14	9.20	102.50	78.2	3	31.3	1
365.588	29.18	4.51	131.61	11.19	9.17	102.62	78.0	3	31.3	1
365.733	29.03	4.54	131.82	11.17	9.10	101.58	77.1	3	31.3	1
365.794	29.24	4.51	132.00	11.24	9.10	102.25	77.5	3	31.3	1
365.898	29.26	4.51	131.96	11.27	8.92	100.56	76.2	3	31.3	1
366.043	29.28	4.53	132.59	11.27	9.00	101.42	76.5	3	31.3	1
366.104	29.17	4.53	132.15	11.26	8.92	100.46	76.0	3	31.3	1
366.208	29.06	4.52	131.44	11.23	9.03	101.35	77.1	3	31.3	1
366.353	29.32	4.51	132.34	11.19	8.97	100.42	75.9	3	31.3	1
366.414	29.35	4.52	132.65	11.20	8.97	100.38	75.7	3	31.3	1
366.518	29.26	4.52	132.33	11.17	9.04	100.96	76.3	3	31.3	1
366.663	29.15	4.53	131.94	11.20	8.90	99.69	75.6	3	31.3	1
366.724	29.15	4.53	132.03	11.15	9.08	101.18	76.6	3	31.3	1
366.828	29.21	4.52	131.97	11.21	9.08	101.73	77.1	3	31.3	1
366.973	29.16	4.51	131.65	11.21	9.13	102.28	77.7	3	31.3	1
367.034	29.20	4.52	131.89	11.31	8.82	99.76	75.6	3	31.3	1
367.138	29.20	4.52	131.89	11.31	8.78	99.27	75.3	3	31.3	1
367.283	29.47	4.50	132.65	11.25	8.95	100.70	75.9	3	31.3	1
367.344	29.33	4.50	131.94	11.19	9.13	102.21	77.5	3	31.3	1
367.448	29.12	4.52	131.50	11.23	9.04	101.52	77.2	3	31.3	1
367.593	29.24	4.51	131.88	11.22	8.93	100.18	76.0	3	31.3	1
367.654	29.33	4.49	131.80	11.25	8.94	100.61	76.3	3	31.3	1
367.758	29.28	4.49	131.55	11.21	9.08	101.78	77.4	3	31.3	1
367.903	29.02	4.54	131.77	11.21	8.86	99.38	75.4	3	31.3	1
367.964	29.09	4.54	132.04	11.15	9.03	100.69	76.3	3	31.3	1
368.068	29.02	4.53	131.58	11.20	8.89	99.57	75.7	3	31.3	1
368.213	29.27	4.50	131.67	11.21	9.12	102.29	77.7	3	31.3	1
368.274	29.09	4.52	131.52	11.16	9.09	101.48	77.2	3	31.3	1
368.378	29.05	4.51	131.15	11.17	9.02	100.76	76.8	3	31.3	1
368.523	29.11	4.53	131.74	11.16	9.10	101.55	77.1	3	31.3	1
368.584	29.13	4.52	131.67	11.21	8.95	100.30	76.2	3	31.3	1
368.688	29.03	4.52	131.11	11.20	9.06	101.44	77.4	3	31.3	1
368.833	29.19	4.52	132.07	11.25	8.89	99.96	75.7	3	31.3	1
368.894	29.03	4.52	131.35	11.18	9.14	102.20	77.8	3	31.3	1
368.998	29.10	4.52	131.45	11.24	8.91	100.06	76.1	3	31.3	1
369.143	29.09	4.54	132.00	11.18	9.01	100.79	76.4	3	31.3	1
369.204	29.09	4.51	131.32	11.20	9.02	101.04	76.9	3	31.3	1
369.308	29.14	4.52	131.78	11.20	9.11	101.99	77.4	3	31.3	1
369.453	29.10	4.54	132.03	11.21	9.09	101.90	77.2	3	31.3	1
369.514	29.15	4.53	132.11	11.24	8.90	100.11	75.8	3	31.3	1
369.618	29.04	4.51	130.90	11.19	8.99	100.61	76.9	3	31.3	1
369.763	29.11	4.54	132.11	11.13	9.14	101.69	77.0	3	31.3	1
369.824	29.00	4.54	131.53	11.12	9.08	100.96	76.8	3	31.3	1
369.928	28.98	4.54	131.53	11.13	9.12	101.49	77.2	3	31.3	1
370.073	29.18	4.51	131.51	11.17	9.05	101.12	76.9	3	31.3	1
370.134	28.95	4.54	131.55	11.11	9.02	100.15	76.1	3	31.3	1
370.238	28.99	4.53	131.23	11.15	8.93	99.60	75.9	3	31.3	1
370.383	29.07	4.53	131.76	11.11	9.07	100.79	76.5	3	31.3	1
370.444	29.13	4.52	131.58	11.16	9.02	100.69	76.5	3	31.3	1
370.548	29.21	4.52	132.01	11.17	9.08	101.41	76.8	3	31.3	1
370.693	29.12	4.55	132.36	11.14	9.00	100.23	75.7	3	31.3	1
370.754	29.09	4.55	132.40	11.13	9.04	100.55	75.9	3	31.3	1
370.858	29.08	4.55	132.34	11.11	9.03	100.39	75.9	3	31.3	1
371.003	29.13	4.53	131.87	11.13	9.14	101.69	77.1	3	31.3	1
371.064	28.88	4.56	131.71	11.10	9.04	100.37	76.2	3	31.3	1
371.168	28.85	4.55	131.33	11.14	9.05	100.86	76.8	3	31.3	1
371.313	29.04	4.54	131.88	11.14	9.15	101.95	77.3	3	31.3	1
371.374	29.01	4.54	131.55	11.18	8.95	100.06	76.1	3	31.3	1
371.478	28.89	4.54	131.22	11.20	8.93	100.02	76.2	3	31.3	1
371.623	29.07	4.54	132.11	11.16	9.04	100.85	76.3	3	31.3	1
371.684	29.05	4.54	131.79	11.13	8.96	99.72	75.7	3	31.3	1
371.788	28.91	4.54	131.35	11.10	8.98	99.60	75.8	3	31.3	1
371.933	28.91	4.53	131.06	11.07	9.24	102.29	78.0	3	31.3	1
371.994	28.93	4.53	131.13	11.07	9.24	102.32	78.0	3	31.3	1
372.098	29.07	4.52	131.48	11.07	9.16	101.41	77.1	3	31.3	1
372.243	28.93	4.54	131.40	11.18	8.83	98.65	75.1	3	31.3	1
372.304	28.80	4.55	131.15	11.12	9.04	100.48	76.6	3	31.3	1
372.408	29.00	4.54	131.61	11.07	9.24	102.27	77.7	3	31.3	1
372.553	29.16	4.55	132.69	11.07	9.09	100.62	75.8	3	31.3	1
372.614	29.07	4.55	132.24	11.11	8.98	99.72	75.4	3	31.3	1
372.718	28.86	4.55	131.23	11.07	9.12	100.90	76.9	3	31.3	1
372.863	28.86	4.56	131.69	11.08	9.08	100.57	76.4	3	31.3	1
372.924	28.91	4.55	131.61	11.10	9.03	100.25	76.2	3	31.3	1
373.028	28.86	4.56	131.51	11.05	9.06	100.13	76.1	3	31.3	1
373.173	28.89	4.57	131.94	11.05	9.14	100.99	76.5	3	31.3	1
373.234	29.17	4.53	132.07	11.09	9.09	100.81	76.3	3	31.3	1
373.338	29.07	4.55	132.22	11.10	9.04	100.39	75.9	3	31.3	1
373.483	29.04	4.54	131.69	11.08	8.98	99.50	75.6	3	31.3	1
373.544	28.91	4.55	131.50	11.06	8.89	98.35	74.8	3	31.3	1
373.648	28.82	4.56	131.40	10.99	9.16	100.69	76.6	3	31.3	1
373.793	28.76	4.58	131.61	11.06	8.99	99.41	75.5	3	31.3	1
373.854	28.66	4.57	131.00	11.07	9.04	100.00	76.3	3	31.3	1
373.958	28.70	4.56	130.96	11.04	9.20	101.54	77.5	3	31.3	1
374.103	28.81	4.55	130.93	11.12	9.12	101.36	77.4	3	31.3	1
374.164	28.78	4.54	130.63	11.10	9.21	102.32	78.3	3	31.3	1
374.268	29.02	4.52	131.27	11.14	9.16	102.07	77.8	3	31.3	1
374.413	28.98	4.54	131.64	11.05	9.18	101.45	77.1	3	31.3	1
374.474	28.89	4.54	131.04	11.07	9.23	102.17	78.0	3	31.3	1
374.578	28.88	4.54	131.17	11.07	9.24	102.30	78.0	3	31.3	1
374.723	29.07	4.53	131.75	11.15	9.10	101.49	77.0	3	31.3	1
374.784	29.15	4.53	132.02	11.13	9.16	101.99	77.3	3	31.3	1
374.888	29.10	4.52	131.43	11.11	9.16	101.76	77.4	3	31.3	1
375.033	29.02	4.54	131.66	11.10	9.16	101.67	77.2	3	31.3	1
375.094	28.87	4.55	131.20	11.10	9.14	101.47	77.3	3	31.3	1
375.198	28.94	4.54	131.50	11.10	9.17	101.77	77.4	3	31.3	1
375.343	28.94	4.55	131.57	11.10	9.01	100.00	76.0	3	31.3	1
375.404	29.02	4.54	131.65	11.14	9.05	100.74	76.5	3	31.3	1
375.508	29.04	4.53	131.52	11.14	9.17	102.12	77.6	3	31.3	1
375.653	28.99	4.51	130.82	11.14	9.09	101.26	77.4	3	31.3	1
375.714	29.06	4.52	131.24	11.14	9.07	101.02	77.0	3	31.3	1
375.818	29.00	4.53	131.48	11.10	9.01	100.00	76.1	3	31.3	1
375.963	28.92	4.54	131.24	11.14	9.05	100.78	76.8	3	31.3	1
376.024	28.91	4.53	131.05	11.19	8.87	99.31	75.8	3	31.3	1
376.128	28.91	4.54	131.28	11.14	8.99	100.19	76.3	3	31.3	1
376.273	29.04	4.54	131.84	11.12	9.13	101.55	77.0	3	31.3	1
376.334	28.82	4.56	131.32	11.03	9.22	101.74	77.5	3	31.3	1
376.438	28.82	4.56	131.28	11.05	9.19	101.61	77.4	3	31.3	1
376.583	28.89	4.54	131.16	11.10	9.00	99.88	76.1	3	31.3	1
376.644	28.79	4.55	131.13	11.06	9.08	100.43	76.6	3	31.3	1
376.748	28.92	4.56	131.87	11.08	9.06	100.45	76.2	3	31.3	1
376.893	28.98	4.54	131.46	11.14	9.03	100.66	76.6	3	31.3	1
376.954	28.86	4.55	131.30	11.08	9.13	101.19	77.1	3	31.3	1
377.058	28.93	4.54	131.39	11.08	9.21	102.02	77.6	3	31.3	1
377.203	28.92	4.56	131.81	11.10	9.07	100.64	76.4	3	31.3	1
377.264	28.89	4.55	131.51	11.06	9.14	101.11	76.9	3	31.3	1
377.368	28.93	4.56	132.03	11.02	9.15	100.84	76.4	3	31.3	1
377.513	28.85	4.57	131.74	11.09	8.99	99.65	75.6	3	31.3	1
377.574	28.90	4.54	131.28	11.13	9.04	100.66	76.7	3	31.3	1
377.678	28.96	4.53	131.25	11.07	9.23	102.09	77.8	3	31.3	1
377.823	28.91	4.55	131.51	11.11	9.01	100.06	76.1	3	31.3	1
377.884	28.79	4.55	131.04	11.07	9.03	99.93	76.3	3	31.3	1
377.988	28.83	4.56	131.46	11.00	9.19	101.08	76.9	3	31.3	1
378.133	28.79	4.55	131.01	11.06	9.01	99.70	76.1	3	31.3	1
378.194	28.76	4.55	130.81	11.03	9.11	100.54	76.9	3	31.3	1
378.298	28.89	4.55	131.56	11.04	9.11	100.56	76.4	3	31.3	1
378.443	28.78	4.55	130.89	11.09	9.02	100.00	76.4	3	31.3	1
378.504	28.83	4.55	131.22	11.07	9.09	100.60	76.7	3	31.3	1
378.608	29.01	4.54	131.70	11.11	8.98	99.76	75.7	3	31.3	1
378.753	28.87	4.57	131.86	11.11	9.19	102.14	77.5	3	31.3	1
378.814	28.83	4.57	131.83	11.01	9.25	101.79	77.2	3	31.3	1
378.918	28.83	4.55	131.31	11.04	9.15	100.97	76.9	3	31.3	1
379.063	28.84	4.56	131.56	11.00	9.30	102.27	77.7	3	31.3	1
379.124	28.86	4.55	131.43	11.01	9.25	101.77	77.4	3	31.3	1
379.228	28.86	4.56	131.69	11.06	9.07	100.31	76.2	3	31.3	1
379.373	28.90	4.56	131.65	11.04	9.22	101.81	77.3	3	31.3	1
379.434	28.96	4.55	131.86	11.05	9.32	102.96	78.1	3	31.3	1
379.538	28.95	4.55	131.80	11.13	8.99	100.03	75.9	3	31.3	1
379.683	29.13	4.53	131.99	11.08	9.25	102.48	77.6	3	31.3	1
379.744	28.96	4.55	131.68	11.07	9.17	101.50	77.1	3	31.3	1
379.848	28.92	4.54	131.23	11.13	9.13	101.66	77.5	3	31.3	1
379.993	29.01	4.55	131.87	11.11	9.04	100.43	76.2	3	31.3	1
380.054	28.94	4.56	132.01	11.09	9.14	101.43	76.8	3	31.3	1
380.158	28.88	4.54	131.07	11.08	9.01	99.82	76.2	3	31.3	1
380.303	28.85	4.55	131.18	11.09	9.14	101.35	77.3	3	31.3	1
380.364	28.77	4.55	130.93	11.05	8.97	99.14	75.7	3	31.3	1
380.468	28.73	4.55	130.78	11.01	9.19	101.24	77.4	3	31.3	1
380.613	28.95	4.55	131.68	11.09	9.02	100.02	76.0	3	31.3	1
380.674	29.08	4.53	131.63	11.12	9.25	102.82	78.1	3	31.3	1
380.778	28.94	4.54	131.32	11.20	8.89	99.61	75.9	3	31.3	1
380.923	29.18	4.53	132.27	11.18	8.95	100.06	75.6	3	31.3	1
380.984	29.02	4.55	131.98	11.09	9.14	101.34	76.8	3	31.3	1
381.088	29.03	4.54	131.70	11.14	8.96	99.79	75.8	3	31.3	1
381.233	29.14	4.52	131.80	11.16	9.10	101.56	77.0	3	31.3	1
381.294	28.90	4.54	131.23	11.12	8.97	99.78	76.0	3	31.3	1
381.398	28.90	4.54	131.27	11.06	9.26	102.38	78.0	3	31.3	1
381.543	28.76	4.55	130.83	11.04	9.21	101.66	77.7	3	31.3	1
381.604	28.82	4.55	131.13	11.05	9.12	100.72	76.8	3	31.3	1
381.708	28.89	4.55	131.31	11.05	9.20	101.64	77.4	3	31.3	1
381.853	28.94	4.55	131.74	11.08	9.11	100.99	76.7	3	31.3	1
381.914	28.99	4.54	131.73	11.11	9.02	100.29	76.1	3	31.3	1
382.018	29.05	4.55	132.14	11.08	9.04	100.15	75.8	3	31.3	1
382.163	28.95	4.54	131.34	11.14	9.06	100.99	76.9	3	31.3	1
382.224	29.09	4.52	131.35	11.18	9.08	101.46	77.2	3	31.3	1
382.328	29.10	4.53	131.72	11.15	9.17	102.27	77.6	3	31.3	1
382.473	29.10	4.54	132.10	11.12	9.08	100.98	76.4	3	31.3	1
382.534	28.97	4.54	131.41	11.10	9.08	100.75	76.7	3	31.3	1
382.638	28.95	4.53	131.22	11.16	9.04	100.90	76.9	3	31.3	1
382.783	28.97	4.53	131.36	11.12	9.04	100.50	76.5	3	31.3	1
382.844	28.91	4.54	131.27	11.10	9.02	100.10	76.3	3	31.3	1
382.948	29.01	4.52	131.15	11.12	8.93	99.36	75.8	3	31.3	1
383.093	29.13	4.53	131.96	11.14	8.97	99.91	75.7	3	31.3	1
383.154	28.96	4.54	131.50	11.06	8.99	99.42	75.6	3	31.3	1
383.258	28.94	4.55	131.72	11.09	9.03	100.18	76.1	3	31.3	1
383.403	28.86	4.55	131.36	11.10	9.03	100.22	76.3	3	31.3	1
383.464	28.89	4.55	131.50	11.14	8.85	98.62	75.0	3	31.3	1
383.568	28.95	4.55	131.61	11.03	8.99	99.11	75.3	3	31.3	1
383.713	28.92	4.54	131.41	11.05	8.99	99.38	75.6	3	31.3	1
383.774	28.85	4.54	131.04	11.09	8.94	99.14	75.7	3	31.3	1
383.878	29.10	4.52	131.67	11.15	8.85	98.65	74.9	3	31.3	1
384.023	29.07	4.53	131.68	11.16	8.87	98.93	75.1	3	31.3	1
384.084	28.88	4.56	131.53	11.07	9.10	100.73	76.6	3	31.3	1
384.188	28.84	4.55	131.09	11.10	9.05	100.47	76.6	3	31.3	1
384.333	28.73	4.54	130.48	11.12	9.05	100.67	77.1	3	31.3	1
384.394	28.73	4.55	130.79	11.04	9.09	100.31	76.7	3	31.3	1
384.498	28.87	4.54	131.21	11.08	9.08	100.61	76.7	3	31.3	1
384.643	28.85	4.55	131.38	11.07	9.13	101.11	77.0	3	31.3	1
384.704	28.99	4.54	131.64	11.08	9.10	100.75	76.5	3	31.3	1
384.808	28.93	4.54	131.45	11.10	8.99	99.86	76.0	3	31.3	1
384.953	29.00	4.54	131.74	11.09	9.02	100.03	75.9	3	31.3	1
385.014	29.03	4.54	131.70	11.04	9.11	100.53	76.3	3	31.3	1
385.118	29.00	4.53	131.45	11.10	9.14	101.49	77.2	3	31.3	1
385.263	29.03	4.55	131.96	11.11	9.04	100.45	76.1	3	31.3	1
385.324	29.05	4.53	131.71	11.16	8.92	99.53	75.6	3	31.3	1
385.428	28.91	4.55	131.43	11.11	9.02	100.16	76.2	3	31.3	1
385.573	28.95	4.54	131.46	11.12	9.04	100.57	76.5	3	31.3	1
385.634	29.00	4.52	131.22	11.14	9.07	101.10	77.0	3	31.3	1
385.738	29.07	4.52	131.43	11.17	8.96	100.14	76.2	3	31.3	1
385.883	28.98	4.53	131.42	11.10	9.15	101.55	77.3	3	31.3	1
385.944	29.03	4.54	131.69	11.10	9.11	101.10	76.8	3	31.3	1
386.048	29.08	4.54	132.12	11.10	9.10	101.08	76.5	3	31.3	1
386.193	28.96	4.53	131.33	11.09	9.08	100.63	76.6	3	31.3	1
386.254	29.12	4.52	131.74	11.18	9.01	100.79	76.5	3	31.3	1
386.358	29.01	4.52	131.03	11.19	8.94	100.05	76.4	3	31.3	1
386.503	28.96	4.55	131.62	11.12	9.12	101.42	77.1	3	31.3	1
386.564	29.00	4.54	131.50	11.16	9.02	100.68	76.6	3	31.3	1
386.668	28.98	4.53	131.39	11.18	9.02	100.86	76.8	3	31.3	1
386.813	29.07	4.54	131.99	11.16	8.95	99.88	75.7	3	31.3	1
386.874	29.00	4.53	131.50	11.13	9.13	101.65	77.3	3	31.3	1
386.978	29.09	4.53	131.82	11.12	9.15	101.67	77.1	3	31.3	1
387.123	29.06	4.52	131.38	11.19	8.96	100.20	76.3	3	31.3	1
387.184	29.04	4.53	131.53	11.18	8.94	99.93	76.0	3	31.3	1
387.288	29.21	4.51	131.81	11.20	8.91	99.77	75.7	3	31.3	1
387.433	29.21	4.53	132.33	11.26	8.95	100.76	76.1	3	31.3	1
387.494	29.15	4.53	132.03	11.20	9.04	101.27	76.7	3	31.3	1
387.598	29.10	4.54	132.08	11.15	9.06	101.03	76.5	3	31.3	1
387.743	29.16	4.52	131.89	11.19	9.04	101.19	76.7	3	31.3	1
387.804	29.09	4.52	131.38	11.23	9.00	101.14	77.0	3	31.3	1
387.908	29.41	4.52	132.92	11.17	9.04	100.93	75.9	3	31.3	1
388.053	29.11	4.54	132.11	11.20	8.94	100.09	75.8	3	31.3	1
388.114	29.14	4.53	132.06	11.19	9.01	100.83	76.4	3	31.3	1
388.218	29.08	4.53	131.88	11.18	8.91	99.59	75.5	3	31.3	1
388.363	29.16	4.52	131.87	11.19	9.11	101.94	77.3	3	31.3	1
388.424	29.07	4.54	131.88	11.19	8.99	100.55	76.2	3	31.3	1
388.528	29.08	4.53	131.70	11.17	9.07	101.33	76.9	3	31.3	1
388.673	28.95	4.55	131.84	11.16	9.03	100.76	76.4	3	31.3	1
388.734	29.10	4.54	132.11	11.18	9.09	101.59	76.9	3	31.3	1
388.838	29.14	4.52	131.64	11.20	9.04	101.20	76.9	3	31.3	1
388.983	29.09	4.55	132.34	11.16	9.03	100.73	76.1	3	31.3	1
389.044	29.11	4.53	131.84	11.15	9.07	101.12	76.7	3	31.3	1
389.148	29.05	4.54	131.81	11.14	9.06	100.99	76.6	3	31.3	1
389.293	29.31	4.51	132.28	11.23	8.88	99.73	75.4	3	31.3	1
389.354	29.07	4.53	131.66	11.10	9.06	100.58	76.4	3	31.3	1
389.458	29.04	4.52	131.40	11.12	9.10	101.19	77.0	3	31.3	1
389.603	28.93	4.53	130.92	11.19	9.06	101.41	77.5	3	31.3	1
389.664	29.11	4.52	131.52	11.28	8.88	100.09	76.1	3	31.3	1
389.768	29.24	4.52	132.14	11.22	8.99	100.79	76.3	3	31.3	1
389.913	28.93	4.54	131.45	11.14	9.19	102.42	77.9	3	31.3	1
389.974	28.90	4.55	131.37	11.17	9.04	101.00	76.9	3	31.3	1
390.078	29.13	4.54	132.30	11.19	8.94	100.07	75.6	3	31.3	1
390.223	29.09	4.52	131.58	11.20	9.11	101.99	77.5	3	31.3	1
390.284	29.23	4.52	132.18	11.19	9.16	102.57	77.6	3	31.3	1
390.388	28.99	4.53	131.19	11.16	9.15	102.18	77.9	3	31.3	1
390.533	29.09	4.52	131.58	11.15	8.94	99.63	75.7	3	31.3	1
390.594	29.07	4.53	131.59	11.14	9.03	100.64	76.5	3	31.3	1
390.698	28.95	4.53	131.03	11.16	9.10	101.58	77.5	3	31.3	1
390.843	29.10	4.52	131.41	11.19	9.18	102.66	78.1	3	31.3	1
390.904	28.81	4.54	130.67	11.18	8.96	100.15	76.6	3	31.3	1
391.008	28.92	4.55	131.70	11.20	8.94	100.10	76.0	3	31.3	1
391.153	28.99	4.55	131.98	11.18	8.98	100.35	76.0	3	31.3	1
391.214	29.13	4.54	132.13	11.23	8.82	99.03	74.9	3	31.3	1
391.318	29.10	4.54	132.06	11.19	8.83	98.85	74.9	3	31.3	1
391.463	29.06	4.54	132.03	11.14	9.01	100.35	76.0	3	31.3	1
391.524	29.02	4.54	131.84	11.14	9.03	100.53	76.2	3	31.3	1
391.628	28.98	4.55	131.73	11.08	9.08	100.60	76.4	3	31.3	1
391.773	28.95	4.54	131.48	11.10	9.11	101.13	76.9	3	31.3	1
391.834	29.07	4.54	131.97	11.14	9.20	102.54	77.7	3	31.3	1
391.938	29.06	4.54	131.93	11.14	9.11	101.57	77.0	3	31.3	1
392.083	29.04	4.53	131.57	11.15	9.09	101.36	77.0	3	31.3	1
392.144	28.92	4.55	131.66	11.15	9.08	101.27	76.9	3	31.3	1
392.248	28.92	4.56	131.87	11.13	9.13	101.54	77.0	3	31.3	1
392.393	29.05	4.53	131.61	11.13	9.15	101.82	77.4	3	31.3	1
392.454	29.18	4.52	131.89	11.16	9.12	101.79	77.2	3	31.3	1
392.558	29.07	4.51	131.18	11.19	9.01	100.80	76.8	3	31.3	1
392.703	29.06	4.55	132.23	11.14	9.12	101.58	76.8	3	31.3	1
392.764	28.98	4.55	131.77	11.10	9.11	101.17	76.8	3	31.3	1
392.868	28.90	4.56	131.74	11.09	9.08	100.67	76.4	3	31.3	1
393.013	28.92	4.55	131.55	11.10	9.12	101.23	77.0	3	31.3	1
393.074	28.90	4.55	131.59	11.08	9.12	101.05	76.8	3	31.3	1
393.178	28.83	4.55	131.25	11.07	9.09	100.63	76.7	3	31.3	1
393.323	29.18	4.51	131.74	11.21	9.03	101.21	76.8	3	31.3	1
393.384	29.01	4.53	131.49	11.12	9.09	101.09	76.9	3	31.3	1
393.488	28.95	4.55	131.60	11.11	9.09	100.97	76.7	3	31.3	1
393.633	29.06	4.53	131.79	11.15	8.99	100.22	76.0	3	31.3	1
393.694	29.05	4.54	131.82	11.12	9.09	101.10	76.7	3	31.3	1
393.798	28.96	4.55	131.68	11.09	9.08	100.77	76.5	3	31.3	1
393.943	29.08	4.53	131.69	11.18	8.95	100.10	76.0	3	31.3	1
394.004	29.08	4.54	131.94	11.12	9.10	101.23	76.7	3	31.3	1
394.108	28.87	4.54	131.00	11.09	9.20	102.04	77.9	3	31.3	1
394.253	28.87	4.56	131.61	11.08	9.01	99.89	75.9	3	31.3	1
394.314	28.89	4.56	131.74	11.12	8.96	99.62	75.6	3	31.3	1
394.418	28.93	4.55	131.59	11.11	8.97	99.69	75.8	3	31.3	1
394.563	29.08	4.52	131.52	11.16	8.98	100.19	76.2	3	31.3	1
394.624	28.98	4.54	131.44	11.12	9.08	100.98	76.8	3	31.3	1
394.728	28.97	4.53	131.35	11.13	9.17	102.00	77.7	3	31.3	1
394.873	29.02	4.55	131.96	11.12	9.04	100.58	76.2	3	31.3	1
394.934	29.03	4.55	132.02	11.11	9.08	100.84	76.4	3	31.3	1
395.038	28.93	4.56	131.88	11.15	8.94	99.71	75.6	3	31.3	1
395.183	29.04	4.54	131.84	11.19	9.03	100.98	76.6	3	31.3	1
395.244	29.09	4.53	131.81	11.22	8.99	100.80	76.5	3	31.3	1
395.348	29.04	4.52	131.22	11.12	9.29	103.23	78.7	3	31.3	1
395.493	28.94	4.53	131.25	11.19	8.95	100.21	76.4	3	31.3	1
395.554	28.99	4.54	131.57	11.14	8.97	99.89	75.9	3	31.3	1
395.658	28.89	4.55	131.47	11.07	9.25	102.41	77.9	3	31.3	1
395.803	28.91	4.56	131.78	11.13	9.02	100.40	76.2	3	31.3	1
395.864	28.87	4.57	131.86	11.11	9.01	100.17	76.0	3	31.3	1
395.968	28.83	4.55	131.30	11.08	9.18	101.67	77.4	3	31.3	1
396.113	29.17	4.55	132.61	11.12	9.02	100.32	75.6	3	31.3	1
396.174	29.03	4.56	132.33	11.08	9.17	101.65	76.8	3	31.3	1
396.278	28.93	4.55	131.67	11.12	9.18	102.05	77.5	3	31.3	1
396.423	28.89	4.56	131.71	11.13	9.06	100.83	76.6	3	31.3	1
396.484	28.95	4.54	131.55	11.13	9.09	101.17	76.9	3	31.3	1
396.588	28.93	4.54	131.48	11.13	9.13	101.60	77.3	3	31.3	1
396.733	28.87	4.55	131.30	11.13	9.19	102.31	77.9	3	31.3	1
396.794	28.93	4.55	131.49	11.12	9.31	103.57	78.8	3	31.3	1
396.898	29.02	4.53	131.51	11.13	9.29	103.37	78.6	3	31.3	1
397.043	29.07	4.55	132.22	11.09	9.19	101.96	77.1	3	31.3	1
397.104	29.09	4.54	132.09	11.11	9.18	101.96	77.2	3	31.3	1
397.208	29.00	4.55	132.05	11.07	9.17	101.60	76.9	3	31.3	1
397.353	28.95	4.56	132.06	11.06	9.18	101.50	76.9	3	31.3	1
397.414	28.92	4.56	131.81	11.04	9.20	101.52	77.0	3	31.3	1
397.518	29.11	4.53	131.96	11.08	9.17	101.67	77.0	3	31.3	1
397.663	28.95	4.55	131.75	11.01	9.26	101.96	77.4	3	31.3	1
397.724	29.02	4.55	131.97	11.04	9.23	101.95	77.2	3	31.3	1
397.828	29.07	4.53	131.62	11.06	9.22	101.98	77.5	3	31.3	1
397.973	29.04	4.53	131.54	11.10	9.22	102.27	77.7	3	31.3	1
398.034	29.10	4.54	131.98	11.11	9.20	102.29	77.5	3	31.3	1
398.138	29.07	4.54	131.91	11.13	9.13	101.57	77.0	3	31.3	1
398.283	29.06	4.53	131.67	11.17	8.90	99.41	75.5	3	31.3	1
398.344	29.06	4.53	131.67	11.15	9.06	101.01	76.7	3	31.3	1
398.448	29.08	4.52	131.48	11.18	9.07	101.40	77.1	3	31.3	1
398.593	29.14	4.53	132.09	11.21	9.17	102.75	77.8	3	31.3	1
398.654	29.08	4.54	131.95	11.21	8.93	100.10	75.9	3	31.3	1
398.758	28.90	4.55	131.47	11.20	8.88	99.43	75.6	3	31.3	1
398.903	29.07	4.55	132.38	11.14	8.95	99.65	75.3	3	31.3	1
398.964	29.22	4.54	132.62	11.19	8.85	99.10	74.7	3	31.3	1
399.068	29.12	4.53	131.88	11.16	8.91	99.44	75.4	3	31.3	1
399.213	29.16	4.55	132.64	11.14	8.92	99.37	74.9	3	31.3	1
399.274	29.05	4.55	132.05	11.12	8.90	98.95	74.9	3	31.3	1
399.378	28.98	4.53	131.35	11.08	8.92	98.93	75.3	3	31.3	1
399.523	29.02	4.55	131.89	11.07	9.07	100.39	76.1	3	31.3	1
399.584	29.28	4.52	132.39	11.16	9.04	100.92	76.2	3	31.3	1
399.688	29.32	4.51	132.26	11.17	9.08	101.40	76.7	3	31.3	1
399.833	29.25	4.52	132.27	11.11	9.20	102.22	77.3	3	31.3	1
399.894	29.10	4.54	132.12	11.12	9.23	102.68	77.7	3	31.3	1
399.998	28.96	4.53	131.33	11.12	9.22	102.48	78.0	3	31.3	1
400.143	28.85	4.55	131.24	11.15	9.06	100.97	76.9	3	31.3	1
400.204	28.94	4.55	131.67	11.15	8.92	99.38	75.5	3	31.3	1
400.308	29.14	4.52	131.85	11.16	8.97	100.05	75.9	3	31.3	1
400.453	29.06	4.54	131.96	11.09	9.18	101.84	77.2	3	31.3	1
400.514	28.97	4.54	131.50	11.10	9.14	101.41	77.1	3	31.3	1
400.618	28.91	4.54	131.23	11.17	9.00	100.50	76.6	3	31.3	1
400.763	29.05	4.52	131.38	11.27	8.79	99.04	75.4	3	31.3	1
400.824	29.03	4.54	131.74	11.12	9.03	100.34	76.2	3	31.3	1
400.928	28.88	4.54	131.16	11.08	9.11	100.87	76.9	3	31.3	1
401.073	29.11	4.53	131.75	11.12	9.03	100.42	76.2	3	31.3	1
401.134	29.09	4.54	131.93	11.12	9.09	101.01	76.6	3	31.3	1
401.238	29.07	4.54	131.93	11.11	9.05	100.61	76.3	3	31.3	1
401.383	29.23	4.53	132.33	11.17	9.04	100.99	76.3	3	31.3	1
401.444	29.02	4.54	131.66	11.08	9.15	101.43	77.0	3	31.3	1
401.548	29.15	4.54	132.38	11.09	9.20	102.05	77.1	3	31.3	1
401.693	29.05	4.55	132.15	11.12	8.98	99.82	75.5	3	31.3	1
401.754	28.96	4.56	131.98	11.10	9.00	99.90	75.7	3	31.3	1
401.858	28.91	4.56	131.70	11.05	9.11	100.59	76.4	3	31.3	1
402.003	29.00	4.55	131.85	11.12	8.97	99.82	75.7	3	31.3	1
402.064	29.18	4.53	132.06	11.13	9.08	101.07	76.5	3	31.3	1
402.168	29.05	4.53	131.70	11.13	9.05	100.70	76.5	3	31.3	1
402.313	28.91	4.55	131.54	11.08	9.18	101.72	77.3	3	31.3	1
402.374	28.92	4.55	131.54	11.07	9.11	100.80	76.6	3	31.3	1
402.478	29.01	4.55	131.92	11.10	9.11	101.16	76.7	3	31.3	1
402.623	28.99	4.54	131.53	11.05	9.13	100.80	76.6	3	31.3	1
402.684	28.99	4.54	131.58	11.09	9.10	100.92	76.7	3	31.3	1
402.788	28.99	4.54	131.63	11.10	9.05	100.44	76.3	3	31.3	1
402.933	28.80	4.55	131.09	11.09	8.94	99.23	75.7	3	31.3	1
402.994	28.85	4.54	131.05	11.11	9.03	100.38	76.6	3	31.3	1
403.098	28.84	4.54	130.81	11.12	8.91	99.10	75.8	3	31.3	1
403.243	28.88	4.55	131.30	11.07	9.15	101.33	77.2	3	31.3	1
403.304	28.89	4.53	130.89	11.12	8.97	99.68	76.2	3	31.3	1
403.408	28.87	4.53	130.89	11.08	9.16	101.41	77.5	3	31.3	1
403.553	28.99	4.53	131.41	11.15	9.03	100.64	76.6	3	31.3	1
403.614	28.80	4.56	131.34	11.07	9.10	100.67	76.6	3	31.3	1
403.718	28.96	4.54	131.40	11.12	9.09	101.03	76.9	3	31.3	1
403.863	28.88	4.56	131.70	11.05	9.17	101.29	76.9	3	31.3	1
403.924	28.83	4.55	131.15	11.05	9.23	101.96	77.7	3	31.3	1
404.028	28.88	4.55	131.54	11.03	9.16	101.05	76.8	3	31.3	1
404.173	28.80	4.56	131.40	11.08	8.91	98.68	75.1	3	31.3	1
404.234	28.81	4.56	131.46	11.08	8.96	99.29	75.5	3	31.3	1
404.338	28.70	4.56	130.91	11.11	8.97	99.70	76.2	3	31.3	1
404.483	28.90	4.55	131.51	11.02	9.10	100.34	76.3	3	31.3	1
404.544	28.83	4.56	131.37	11.05	9.11	100.60	76.6	3	31.3	1
404.648	28.86	4.56	131.52	11.03	9.10	100.43	76.4	3	31.3	1
404.793	28.90	4.55	131.53	11.09	9.01	99.86	75.9	3	31.3	1
404.854	28.83	4.55	131.20	11.06	9.17	101.35	77.2	3	31.3	1
404.958	28.96	4.56	131.94	11.07	9.15	101.30	76.8	3	31.3	1
405.103	28.78	4.56	131.24	11.00	9.24	101.62	77.4	3	31.3	1
405.164	28.83	4.56	131.37	11.02	9.25	101.96	77.6	3	31.3	1
405.268	28.79	4.55	130.93	11.05	9.27	102.37	78.2	3	31.3	1
405.413	28.86	4.54	130.95	11.10	9.11	101.15	77.2	3	31.3	1
405.474	28.84	4.55	131.20	11.05	9.17	101.37	77.3	3	31.3	1
405.578	28.98	4.56	132.08	11.07	9.07	100.42	76.0	3	31.3	1
405.723	28.98	4.56	132.14	11.05	9.15	101.10	76.5	3	31.3	1
405.784	29.00	4.56	132.15	11.11	9.01	100.14	75.8	3	31.3	1
405.888	28.91	4.54	131.25	11.16	8.89	99.19	75.6	3	31.3	1
406.033	29.10	4.55	132.29	11.08	9.13	101.17	76.5	3	31.3	1
406.094	28.94	4.55	131.74	11.09	9.12	101.16	76.8	3	31.3	1
406.198	28.98	4.55	131.73	11.11	9.05	100.55	76.3	3	31.3	1
406.343	29.04	4.54	131.84	11.09	9.02	100.04	75.9	3	31.3	1
406.404	28.90	4.55	131.54	11.05	9.15	101.09	76.8	3	31.3	1
406.508	28.84	4.55	131.34	11.10	8.95	99.40	75.7	3	31.3	1
406.653	28.78	4.56	131.28	11.05	9.16	101.17	77.1	3	31.3	1
406.714	28.86	4.56	131.68	11.12	9.10	101.20	76.9	3	31.3	1
406.818	28.83	4.55	131.04	11.15	8.92	99.49	75.9	3	31.3	1
406.963	28.83	4.56	131.36	11.09	9.08	100.74	76.7	3	31.3	1
407.024	28.90	4.55	131.50	11.09	9.07	100.61	76.5	3	31.3	1
407.128	28.91	4.56	131.75	11.08	9.00	99.78	75.7	3	31.3	1
407.273	28.99	4.54	131.75	11.11	9.21	102.35	77.7	3	31.3	1
407.334	28.90	4.54	131.29	11.16	8.98	100.22	76.3	3	31.3	1
407.438	28.88	4.55	131.33	11.11	8.97	99.62	75.9	3	31.3	1
407.583	28.94	4.54	131.42	11.06	8.99	99.41	75.6	3	31.3	1
407.644	29.10	4.54	131.99	11.10	9.08	100.78	76.4	3	31.3	1
407.748	29.11	4.53	131.83	11.10	9.22	102.39	77.7	3	31.3	1
407.893	28.97	4.54	131.51	11.11	9.19	102.06	77.6	3	31.3	1
407.954	28.87	4.55	131.41	11.10	9.11	101.09	76.9	3	31.3	1
408.058	28.79	4.55	131.05	11.11	8.99	99.87	76.2	3	31.3	1
408.203	28.78	4.57	131.58	11.11	9.02	100.21	76.2	3	31.3	1
408.264	28.84	4.57	131.83	11.09	8.95	99.23	75.3	3	31.3	1
408.368	28.92	4.56	132.00	11.08	8.97	99.36	75.3	3	31.3	1
408.513	28.95	4.55	131.78	11.08	9.15	101.36	76.9	3	31.3	1
408.574	28.92	4.55	131.61	11.04	9.05	99.91	75.9	3	31.3	1
408.678	28.91	4.55	131.43	11.05	9.15	101.08	76.9	3	31.3	1
408.823	28.73	4.56	131.02	11.09	9.00	99.82	76.2	3	31.3	1
408.884	28.83	4.55	131.12	11.11	8.95	99.43	75.8	3	31.3	1
408.988	28.95	4.55	131.75	11.10	9.01	99.99	75.9	3	31.3	1
409.133	28.87	4.58	132.19	11.05	9.03	99.86	75.5	3	31.3	1
409.194	28.90	4.56	131.92	11.07	8.98	99.35	75.3	3	31.3	1
409.298	28.85	4.56	131.52	11.09	8.99	99.71	75.8	3	31.3	1
409.443	28.96	4.56	132.03	11.12	9.03	100.37	76.0	3	31.3	1
409.504	29.00	4.54	131.77	11.13	9.01	100.25	76.1	3	31.3	1
409.608	28.94	4.55	131.62	11.09	9.07	100.60	76.4	3	31.3	1
409.753	28.87	4.54	131.10	11.06	9.21	101.80	77.6	3	31.3	1
409.814	28.83	4.54	130.76	11.08	9.14	101.30	77.5	3	31.3	1
409.918	28.89	4.54	131.11	11.10	9.13	101.34	77.3	3	31.3	1
410.063	28.98	4.55	131.71	11.08	9.11	100.89	76.6	3	31.3	1
410.124	29.10	4.52	131.61	11.17	9.04	100.95	76.7	3	31.3	1
410.228	29.03	4.54	131.74	11.15	9.09	101.30	76.9	3	31.3	1
410.373	28.90	4.56	131.70	11.11	9.12	101.26	76.9	3	31.3	1
410.434	28.88	4.57	132.06	11.11	9.04	100.38	76.0	3	31.3	1
410.538	28.74	4.56	130.94	11.14	9.02	100.50	76.8	3	31.3	1
410.683	28.91	4.56	131.88	11.12	9.03	100.47	76.2	3	31.3	1
410.744	28.91	4.57	132.06	11.11	9.05	100.55	76.1	3	31.3	1
410.848	28.82	4.55	131.10	11.03	9.14	100.86	76.9	3	31.3	1
410.993	28.73	4.56	131.12	11.08	9.07	100.51	76.7	3	31.3	1
411.054	28.71	4.57	131.09	11.04	9.18	101.37	77.3	3	31.3	1
411.158	28.91	4.55	131.49	11.05	9.18	101.53	77.2	3	31.3	1
411.303	28.70	4.55	130.55	11.09	9.14	101.38	77.7	3	31.3	1
411.364	28.78	4.55	131.10	11.10	9.05	100.37	76.6	3	31.3	1
411.468	28.77	4.55	130.84	11.03	9.08	100.20	76.6	3	31.3	1
411.613	28.68	4.55	130.49	11.11	8.93	99.23	76.0	3	31.3	1
411.674	28.84	4.54	130.97	11.10	9.06	100.56	76.8	3	31.3	1
411.778	28.91	4.53	131.10	11.13	9.01	100.27	76.5	3	31.3	1
411.923	28.73	4.56	131.02	11.08	9.07	100.53	76.7	3	31.3	1
411.984	28.77	4.55	131.02	11.10	9.03	100.26	76.5	3	31.3	1
412.088	28.68	4.55	130.52	11.10	9.04	100.29	76.8	3	31.3	1
412.233	28.85	4.56	131.60	11.10	9.10	101.00	76.7	3	31.3	1
412.294	28.85	4.55	131.30	11.11	9.09	101.05	77.0	3	31.3	1
412.398	28.89	4.55	131.53	11.06	9.19	101.67	77.3	3	31.3	1
412.543	29.01	4.54	131.68	11.10	9.17	101.77	77.3	3	31.3	1
412.604	28.92	4.55	131.59	11.07	9.23	102.17	77.6	3	31.3	1
412.708	28.96	4.55	131.80	11.10	9.01	100.01	75.9	3	31.3	1
412.853	28.85	4.57	131.78	11.07	9.18	101.66	77.1	3	31.3	1
412.914	29.01	4.55	131.98	11.13	9.03	100.49	76.1	3	31.3	1
413.018	28.89	4.56	131.78	11.08	9.11	100.85	76.5	3	31.3	1
413.163	29.11	4.55	132.41	11.10	9.23	102.48	77.4	3	31.3	1
413.224	28.86	4.57	131.80	11.07	9.13	101.06	76.7	3	31.3	1
413.328	28.76	4.56	131.10	11.05	9.13	100.92	77.0	3	31.3	1
413.473	28.87	4.56	131.57	11.13	9.09	101.26	77.0	3	31.3	1
413.534	28.92	4.53	131.09	11.19	9.00	100.77	76.9	3	31.3	1
413.638	29.14	4.54	132.21	11.16	9.01	100.57	76.1	3	31.3	1
413.783	29.27	4.54	132.89	11.17	9.11	101.69	76.5	3	31.3	1
413.844	29.10	4.54	132.15	11.17	9.07	101.27	76.6	3	31.3	1
413.948	29.03	4.54	131.82	11.12	9.14	101.60	77.1	3	31.3	1
414.093	29.00	4.55	131.82	11.15	8.98	100.12	76.0	3	31.3	1
414.154	29.10	4.54	132.10	11.13	9.07	100.99	76.4	3	31.3	1
414.258	29.03	4.54	131.65	11.09	9.18	101.78	77.3	3	31.3	1
414.403	28.80	4.55	131.16	11.06	9.13	100.95	77.0	3	31.3	1
414.464	28.89	4.54	131.23	11.14	9.05	100.76	76.8	3	31.3	1
414.568	28.74	4.54	130.35	11.12	9.06	100.70	77.3	3	31.3	1
414.713	28.91	4.55	131.39	11.15	8.92	99.47	75.7	3	31.3	1
414.774	28.85	4.55	131.37	11.10	9.07	100.71	76.7	3	31.3	1
414.878	28.85	4.55	131.35	11.13	9.00	100.15	76.2	3	31.3	1
415.023	28.92	4.55	131.57	11.12	8.99	100.01	76.0	3	31.3	1
415.084	28.94	4.56	131.82	11.12	9.02	100.26	76.1	3	31.3	1
415.188	28.93	4.54	131.40	11.15	9.08	101.30	77.1	3	31.3	1
415.333	29.18	4.54	132.36	11.15	9.27	103.29	78.0	3	31.3	1
415.394	28.92	4.56	131.74	11.12	9.03	100.44	76.2	3	31.3	1
415.498	28.75	4.55	130.94	11.14	9.00	100.28	76.6	3	31.3	1
415.643	28.84	4.54	130.95	11.13	9.00	100.17	76.5	3	31.3	1
415.704	29.00	4.54	131.66	11.17	8.96	100.10	76.0	3	31.3	1
415.808	28.99	4.54	131.63	11.16	8.90	99.34	75.5	3	31.3	1
415.953	28.91	4.56	131.68	11.18	8.89	99.39	75.5	3	31.3	1
416.014	28.79	4.55	131.13	11.14	8.94	99.61	76.0	3	31.3	1
416.118	28.83	4.54	131.03	11.11	8.93	99.17	75.7	3	31.3	1
416.263	28.94	4.54	131.37	11.03	9.09	100.27	76.3	3	31.3	1
416.324	29.10	4.52	131.64	11.12	8.89	98.91	75.1	3	31.3	1
416.428	29.00	4.53	131.44	11.15	8.88	98.98	75.3	3	31.3	1
416.573	28.83	4.54	130.95	11.12	9.07	100.90	77.1	3	31.3	1
416.634	28.63	4.56	130.53	11.08	8.99	99.62	76.3	3	31.3	1
416.738	28.78	4.54	130.78	11.05	9.16	101.19	77.4	3	31.3	1
416.883	29.11	4.53	132.01	11.12	8.96	99.63	75.5	3	31.3	1
416.944	28.97	4.54	131.45	11.09	8.99	99.79	75.9	3	31.3	1
417.048	28.89	4.54	131.26	11.02	9.10	100.28	76.4	3	31.3	1
417.193	28.86	4.55	131.26	11.06	9.12	100.85	76.8	3	31.3	1
417.254	28.84	4.56	131.40	11.10	9.15	101.55	77.3	3	31.3	1
417.358	28.89	4.54	131.14	11.09	8.98	99.66	76.0	3	31.3	1
417.503	28.86	4.55	131.27	11.07	9.08	100.59	76.6	3	31.3	1
417.564	28.82	4.56	131.30	11.03	9.14	100.84	76.8	3	31.3	1
417.668	28.73	4.55	130.57	11.06	9.08	100.47	76.9	3	31.3	1
417.813	28.75	4.55	130.77	11.05	9.11	100.63	77.0	3	31.3	1
417.874	28.67	4.56	130.68	11.05	9.10	100.53	76.9	3	31.3	1
417.978	28.55	4.57	130.42	11.01	9.11	100.36	76.9	3	31.3	1
418.123	28.85	4.55	131.28	11.07	9.06	100.34	76.4	3	31.3	1
418.184	28.69	4.56	130.95	10.99	9.19	101.07	77.2	3	31.3	1
418.288	28.65	4.56	130.64	11.02	9.13	100.63	77.0	3	31.3	1
418.433	28.69	4.56	130.78	11.03	9.14	100.82	77.1	3	31.3	1
418.494	28.81	4.54	130.89	11.08	9.03	100.02	76.4	3	31.3	1
418.598	28.68	4.56	130.90	11.00	9.02	99.18	75.8	3	31.3	1
418.743	28.77	4.56	131.19	11.09	8.95	99.18	75.6	3	31.3	1
418.804	28.75	4.57	131.34	11.02	9.19	101.27	77.1	3	31.3	1
418.908	28.82	4.55	131.21	11.05	9.15	101.09	77.0	3	31.3	1
419.053	28.94	4.55	131.61	11.06	9.17	101.39	77.0	3	31.3	1
419.114	28.87	4.54	130.94	11.08	9.13	101.12	77.2	3	31.3	1
419.218	28.84	4.53	130.72	11.11	9.01	100.11	76.6	3	31.3	1
419.363	28.93	4.53	131.18	11.07	9.16	101.37	77.3	3	31.3	1
419.424	28.83	4.55	131.21	11.08	9.06	100.43	76.5	3	31.3	1
419.528	28.72	4.55	130.58	11.02	9.21	101.54	77.8	3	31.3	1
419.673	28.56	4.55	130.05	11.01	9.18	101.08	77.7	3	31.3	1
419.734	28.74	4.53	130.32	11.07	9.18	101.60	78.0	3	31.3	1
419.838	28.80	4.54	130.69	11.01	9.11	100.27	76.7	3	31.3	1
419.983	28.75	4.56	131.17	11.06	9.07	100.27	76.4	3	31.3	1
420.044	28.75	4.56	130.99	11.03	9.12	100.58	76.8	3	31.3	1
420.148	28.81	4.55	131.08	11.06	9.18	101.58	77.5	3	31.3	1
420.293	28.75	4.57	131.24	11.03	9.16	101.03	77.0	3	31.3	1
420.354	28.71	4.57	131.24	10.98	9.19	100.92	76.9	3	31.3	1
420.458	28.61	4.57	130.63	11.03	9.19	101.42	77.6	3	31.3	1
420.603	28.71	4.56	130.93	11.04	9.14	100.97	77.1	3	31.3	1
420.664	28.73	4.56	131.06	11.01	9.15	100.76	76.9	3	31.3	1
420.768	28.58	4.56	130.43	11.00	9.04	99.44	76.2	3	31.3	1
420.913	28.66	4.56	130.75	11.01	9.09	100.04	76.5	3	31.3	1
420.974	28.70	4.57	131.04	10.95	9.30	101.77	77.7	3	31.3	1
421.078	28.67	4.57	131.04	11.02	9.22	101.55	77.5	3	31.3	1
421.223	28.69	4.55	130.59	10.99	9.20	101.16	77.5	3	31.3	1
421.284	28.80	4.54	130.67	11.01	9.16	100.84	77.2	3	31.3	1
421.388	28.66	4.56	130.64	11.00	9.22	101.42	77.6	3	31.3	1
421.533	28.63	4.57	130.98	11.00	9.15	100.68	76.9	3	31.3	1
421.594	28.85	4.55	131.31	11.03	9.32	102.83	78.3	3	31.3	1
421.698	28.66	4.55	130.43	11.11	9.02	100.27	76.9	3	31.3	1
421.843	28.88	4.55	131.39	11.13	8.99	100.05	76.1	3	31.3	1
421.904	28.66	4.56	130.67	11.05	9.20	101.57	77.7	3	31.3	1
422.008	28.77	4.55	130.98	11.11	9.02	100.17	76.5	3	31.3	1
422.153	28.88	4.54	131.00	11.06	9.11	100.73	76.9	3	31.3	1
422.214	28.74	4.55	130.70	11.04	8.97	99.10	75.8	3	31.3	1
422.318	28.59	4.58	130.82	11.02	9.13	100.62	76.9	3	31.3	1
422.463	28.90	4.56	131.82	11.06	9.07	100.30	76.1	3	31.3	1
422.524	28.91	4.57	132.02	11.05	9.01	99.52	75.4	3	31.3	1
422.628	28.80	4.57	131.58	11.05	9.03	99.78	75.8	3	31.3	1
422.773	28.69	4.56	130.70	11.12	8.94	99.48	76.1	3	31.3	1
422.834	28.71	4.56	130.78	11.09	9.09	100.89	77.1	3	31.3	1
422.938	28.89	4.55	131.56	11.12	9.05	100.68	76.5	3	31.3	1
423.083	28.85	4.55	131.25	11.14	8.89	99.11	75.5	3	31.3	1
423.144	28.87	4.55	131.52	11.12	8.95	99.53	75.7	3	31.3	1
423.248	28.87	4.56	131.63	11.08	8.96	99.32	75.5	3	31.3	1
423.393	29.31	4.55	133.26	11.13	8.96	99.74	74.8	3	31.3	1
423.454	29.08	4.56	132.55	11.02	9.22	101.53	76.6	3	31.3	1
423.558	28.94	4.56	131.87	11.08	9.06	100.37	76.1	3	31.3	1
423.703	28.89	4.55	131.53	11.13	8.87	98.72	75.1	3	31.3	1
423.764	28.85	4.56	131.49	11.12	8.95	99.54	75.7	3	31.3	1
423.868	28.75	4.55	130.82	11.11	9.09	101.02	77.2	3	31.3	1
424.013	28.95	4.55	131.72	11.08	9.13	101.15	76.8	3	31.3	1
424.074	28.94	4.55	131.58	11.12	9.05	100.65	76.5	3	31.3	1
424.178	28.75	4.57	131.52	11.06	9.16	101.37	77.1	3	31.3	1
424.323	29.02	4.55	132.12	11.12	9.12	101.46	76.8	3	31.3	1
424.384	28.90	4.56	131.88	11.10	9.05	100.43	76.2	3	31.3	1
424.488	28.65	4.57	130.95	11.08	9.04	100.10	76.4	3	31.3	1
424.633	28.95	4.54	131.39	11.11	9.11	101.24	77.0	3	31.3	1
424.694	28.82	4.57	131.56	11.06	9.08	100.43	76.3	3	31.3	1
424.798	28.74	4.56	131.12	11.05	9.14	101.00	77.0	3	31.3	1
424.943	28.70	4.58	131.36	11.04	9.09	100.37	76.4	3	31.3	1
425.004	28.65	4.56	130.71	11.14	9.02	100.47	76.9	3	31.3	1
425.108	28.89	4.55	131.47	11.12	8.99	99.98	76.0	3	31.3	1
425.253	28.75	4.56	131.12	11.05	9.18	101.45	77.4	3	31.3	1
425.314	28.50	4.57	130.40	10.99	9.24	101.50	77.8	3	31.3	1
425.418	28.62	4.57	130.89	11.03	9.21	101.63	77.6	3	31.3	1
425.563	28.70	4.58	131.33	10.99	9.22	101.36	77.2	3	31.3	1
425.624	28.60	4.58	131.01	11.02	9.12	100.56	76.8	3	31.3	1
425.728	28.70	4.56	130.87	11.01	9.06	99.77	76.2	3	31.3	1
425.873	28.69	4.57	131.17	11.00	9.14	100.53	76.6	3	31.3	1
425.934	28.71	4.56	131.06	11.08	9.06	100.40	76.6	3	31.3	1
426.038	28.63	4.57	130.94	11.01	9.14	100.71	76.9	3	31.3	1
426.183	28.66	4.57	131.06	11.04	9.10	100.54	76.7	3	31.3	1
426.244	28.66	4.58	131.30	11.01	9.03	99.41	75.7	3	31.3	1
426.348	28.79	4.55	131.06	11.04	9.20	101.51	77.5	3	31.3	1
426.493	28.84	4.57	131.66	11.05	9.13	100.90	76.6	3	31.3	1
426.554	28.80	4.57	131.62	11.03	9.10	100.33	76.2	3	31.3	1
426.658	28.62	4.56	130.50	11.03	9.11	100.53	77.0	3	31.3	1
426.803	28.70	4.57	131.06	11.04	9.24	101.98	77.8	3	31.3	1
426.864	28.73	4.57	131.23	11.07	9.15	101.33	77.2	3	31.3	1
426.968	28.68	4.56	130.91	11.01	9.17	100.96	77.1	3	31.3	1
427.113	28.73	4.57	131.37	11.00	9.13	100.44	76.5	3	31.3	1
427.174	28.69	4.57	131.10	11.04	9.00	99.35	75.8	3	31.3	1
427.278	28.60	4.58	131.03	11.01	9.08	99.94	76.3	3	31.3	1
427.423	28.81	4.58	131.85	11.02	9.06	99.91	75.8	3	31.3	1
427.484	28.85	4.56	131.55	11.03	9.18	101.24	77.0	3	31.3	1
427.588	28.84	4.55	131.28	11.11	9.01	100.08	76.2	3	31.3	1
427.733	28.86	4.56	131.52	11.04	9.19	101.43	77.1	3	31.3	1
427.794	28.89	4.56	131.66	11.07	9.04	100.07	76.0	3	31.3	1
427.898	28.82	4.55	130.99	11.09	9.02	100.09	76.4	3	31.3	1
428.043	28.72	4.56	131.00	11.03	9.18	101.29	77.3	3	31.3	1
428.104	28.56	4.55	130.06	11.05	9.11	100.64	77.4	3	31.3	1
428.208	28.61	4.56	130.54	11.05	9.13	100.82	77.2	3	31.3	1
428.353	28.75	4.56	131.15	11.06	9.02	99.73	76.0	3	31.3	1
428.414	28.70	4.56	130.74	11.06	9.11	100.72	77.0	3	31.3	1
428.518	28.85	4.55	131.28	11.10	8.95	99.35	75.7	3	31.3	1
428.663	28.90	4.55	131.48	11.05	9.25	102.25	77.8	3	31.3	1
428.724	28.57	4.56	130.27	11.03	9.21	101.51	77.9	3	31.3	1
428.828	28.76	4.54	130.55	11.02	9.16	100.88	77.3	3	31.3	1
428.973	28.83	4.56	131.37	11.04	9.13	100.83	76.8	3	31.3	1
429.034	28.69	4.57	131.16	11.03	8.98	99.09	75.5	3	31.3	1
429.138	28.78	4.56	131.29	11.02	9.15	100.83	76.8	3	31.3	1
429.283	28.65	4.57	131.02	11.04	9.15	101.05	77.1	3	31.3	1
429.344	28.63	4.58	131.18	11.03	9.11	100.53	76.6	3	31.3	1
429.448	28.67	4.59	131.52	11.03	9.17	101.15	76.9	3	31.3	1
429.593	28.76	4.58	131.67	10.98	9.24	101.41	77.0	3	31.3	1
429.654	28.79	4.58	131.79	10.99	9.06	99.58	75.6	3	31.3	1
429.758	28.67	4.59	131.48	10.98	9.19	100.90	76.7	3	31.3	1
429.903	28.80	4.58	131.98	11.02	9.22	101.67	77.0	3	31.3	1
429.964	28.87	4.57	132.02	11.01	9.09	100.00	75.7	3	31.3	1
430.068	28.74	4.57	131.44	10.94	9.15	100.12	76.2	3	31.3	1
430.213	28.60	4.58	130.88	11.02	9.19	101.31	77.4	3	31.3	1
430.274	28.63	4.58	131.12	11.02	9.02	99.38	75.8	3	31.3	1
430.378	28.60	4.56	130.46	10.99	9.14	100.43	77.0	3	31.3	1
430.523	28.70	4.57	131.10	10.99	9.20	101.06	77.1	3	31.3	1
430.584	28.70	4.57	131.21	11.01	8.97	98.75	75.3	3	31.3	1
430.688	28.68	4.58	131.32	11.03	9.18	101.22	77.1	3	31.3	1
430.833	28.74	4.56	131.07	11.01	9.11	100.36	76.6	3	31.3	1
430.894	28.51	4.58	130.62	10.93	9.11	99.61	76.3	3	31.3	1
430.998	28.90	4.55	131.48	11.00	9.20	101.13	76.9	3	31.3	1
431.143	28.68	4.57	131.04	11.02	9.15	100.83	76.9	3	31.3	1
431.204	28.70	4.57	131.25	10.97	9.14	100.26	76.4	3	31.3	1
431.308	28.62	4.58	130.95	11.01	9.15	100.67	76.9	3	31.3	1
431.453	28.57	4.59	131.10	11.02	9.05	99.81	76.1	3	31.3	1
431.514	28.75	4.57	131.48	10.97	9.16	100.55	76.5	3	31.3	1
431.618	28.71	4.58	131.48	10.98	9.02	99.08	75.4	3	31.3	1
431.763	28.64	4.60	131.65	10.96	9.23	101.17	76.8	3	31.3	1
431.824	28.62	4.59	131.23	10.98	9.08	99.70	76.0	3	31.3	1
431.928	28.63	4.58	131.09	11.03	9.00	99.25	75.7	3	31.3	1
432.073	28.71	4.59	131.65	11.01	9.11	100.32	76.2	3	31.3	1
432.134	28.79	4.58	131.85	10.99	9.13	100.38	76.1	3	31.3	1
432.238	28.72	4.57	131.28	10.98	9.25	101.51	77.3	3	31.3	1
432.383	28.81	4.59	132.16	11.01	9.11	100.34	75.9	3	31.3	1
432.444	28.66	4.59	131.59	10.99	9.13	100.32	76.2	3	31.3	1
432.548	28.63	4.59	131.47	11.00	9.07	99.86	76.0	3	31.3	1
432.693	28.72	4.59	131.93	11.02	9.11	100.39	76.1	3	31.3	1
432.754	28.77	4.58	131.77	10.96	9.20	100.79	76.5	3	31.3	1
432.858	28.86	4.56	131.46	11.02	9.15	100.80	76.7	3	31.3	1
433.003	28.78	4.57	131.62	11.04	9.01	99.50	75.6	3	31.3	1
433.064	28.62	4.59	131.50	10.98	9.17	100.72	76.6	3	31.3	1
433.168	28.74	4.59	131.84	11.02	9.20	101.35	76.9	3	31.3	1
433.313	28.61	4.59	131.41	10.97	9.09	99.74	75.9	3	31.3	1
433.374	28.41	4.60	130.85	10.91	9.19	100.33	76.7	3	31.3	1
433.478	28.57	4.59	131.02	10.96	9.28	101.76	77.7	3	31.3	1
433.623	28.80	4.58	131.84	11.00	9.15	100.61	76.3	3	31.3	1
433.684	28.57	4.59	131.19	10.94	9.07	99.18	75.6	3	31.3	1
433.788	28.63	4.58	131.04	10.96	9.20	100.88	77.0	3	31.3	1
433.933	28.96	4.59	132.82	10.98	9.16	100.55	75.7	3	31.3	1
433.994	28.80	4.59	132.26	11.00	8.98	98.69	74.6	3	31.3	1
434.098	28.79	4.58	131.95	11.00	9.19	101.17	76.7	3	31.3	1
434.243	28.74	4.59	131.82	10.98	9.18	100.86	76.5	3	31.3	1
434.304	28.47	4.59	130.65	10.97	8.99	98.65	75.5	3	31.3	1
434.408	28.63	4.58	131.11	10.95	9.18	100.56	76.7	3	31.3	1
434.553	28.88	4.58	132.26	10.97	9.13	100.15	75.7	3	31.3	1
434.614	28.58	4.60	131.47	10.90	9.10	99.17	75.4	3	31.3	1
434.718	28.66	4.59	131.44	10.95	9.22	101.02	76.9	3	31.3	1
434.863	28.83	4.57	131.77	11.01	9.13	100.54	76.3	3	31.3	1
434.924	28.73	4.59	131.76	11.02	9.05	99.69	75.7	3	31.3	1
435.028	28.47	4.58	130.51	10.98	9.19	100.95	77.4	3	31.3	1
435.173	28.56	4.59	131.18	10.98	9.23	101.39	77.3	3	31.3	1
435.234	28.63	4.59	131.33	10.99	9.21	101.17	77.0	3	31.3	1
435.338	28.76	4.57	131.43	11.04	9.01	99.47	75.7	3	31.3	1
435.483	28.80	4.58	131.78	11.04	9.07	100.16	76.0	3	31.3	1
435.544	28.68	4.58	131.41	11.01	9.11	100.32	76.3	3	31.3	1
435.648	28.69	4.57	131.02	11.01	9.15	100.71	76.9	3	31.3	1
435.793	28.90	4.56	131.81	11.02	9.15	100.86	76.5	3	31.3	1
435.854	29.00	4.55	132.09	11.06	9.16	101.29	76.7	3	31.3	1
435.958	28.95	4.57	132.17	11.11	9.02	100.26	75.9	3	31.3	1
436.103	28.91	4.58	132.29	11.15	8.97	99.94	75.5	3	31.3	1
436.164	28.91	4.56	131.92	11.09	9.17	101.64	77.0	3	31.3	1
436.268	28.80	4.55	131.03	11.07	9.12	100.88	77.0	3	31.3	1
436.413	28.89	4.56	131.60	11.08	9.14	101.27	77.0	3	31.3	1
436.474	28.67	4.57	131.10	11.02	9.16	100.86	76.9	3	31.3	1
436.578	28.84	4.56	131.44	11.05	9.17	101.34	77.1	3	31.3	1
436.723	28.79	4.57	131.47	11.03	9.19	101.36	77.1	3	31.3	1
436.784	28.77	4.56	131.17	11.01	9.14	100.61	76.7	3	31.3	1
436.888	28.70	4.57	131.16	10.96	9.15	100.25	76.4	3	31.3	1
437.033	28.60	4.58	131.08	10.94	9.27	101.43	77.4	3	31.3	1
437.094	28.75	4.57	131.37	11.02	9.21	101.49	77.3	3	31.3	1
437.198	28.82	4.57	131.68	11.00	9.13	100.37	76.2	3	31.3	1
437.343	28.84	4.57	131.87	11.06	9.17	101.43	76.9	3	31.3	1
437.404	28.70	4.58	131.37	11.07	9.07	100.33	76.4	3	31.3	1
437.508	28.62	4.57	130.68	11.09	9.07	100.58	77.0	3	31.3	1
437.653	28.77	4.56	131.17	11.07	9.04	100.06	76.3	3	31.3	1
437.714	28.86	4.55	131.20	11.06	9.09	100.49	76.6	3	31.3	1
437.818	28.69	4.55	130.50	11.02	9.33	102.84	78.8	3	31.3	1
437.963	28.81	4.55	131.23	11.03	9.34	103.09	78.6	3	31.3	1
438.024	28.98	4.54	131.70	11.13	9.09	101.14	76.8	3	31.3	1
438.128	28.88	4.55	131.49	11.09	9.11	101.07	76.9	3	31.3	1
438.273	28.79	4.56	131.30	11.06	9.12	100.81	76.8	3	31.3	1
438.334	28.86	4.56	131.52	11.09	8.98	99.57	75.7	3	31.3	1
438.438	28.93	4.55	131.51	11.05	9.26	102.34	77.8	3	31.3	1
438.583	28.93	4.55	131.68	11.07	9.28	102.73	78.0	3	31.3	1
438.644	28.81	4.56	131.48	11.04	9.13	100.79	76.7	3	31.3	1
438.748	28.99	4.56	132.09	11.04	9.07	100.17	75.8	3	31.3	1
438.893	29.00	4.56	132.14	11.08	8.99	99.69	75.4	3	31.3	1
438.954	28.69	4.58	131.42	11.06	9.12	100.85	76.7	3	31.3	1
439.058	28.77	4.57	131.47	11.10	9.13	101.41	77.1	3	31.3	1
439.203	29.04	4.55	132.26	11.13	9.13	101.70	76.9	3	31.3	1
439.264	28.82	4.57	131.62	11.11	9.01	100.09	76.0	3	31.3	1
439.368	28.83	4.56	131.51	11.09	9.22	102.24	77.7	3	31.3	1
439.513	28.87	4.55	131.50	11.13	9.02	100.47	76.4	3	31.3	1
439.574	28.72	4.57	131.29	11.02	9.29	102.34	78.0	3	31.3	1
439.678	28.88	4.55	131.51	11.11	9.02	100.22	76.2	3	31.3	1
439.823	28.75	4.58	131.66	11.02	9.20	101.36	77.0	3	31.3	1
439.884	28.72	4.57	131.35	10.98	9.21	101.13	77.0	3	31.3	1
439.988	28.69	4.56	130.80	11.07	9.02	99.91	76.4	3	31.3	1
440.133	28.61	4.58	130.96	11.02	9.26	102.01	77.9	3	31.3	1
440.194	28.66	4.58	131.20	10.97	9.17	100.58	76.7	3	31.3	1
440.298	28.70	4.56	130.93	11.03	9.08	100.14	76.5	3	31.3	1
440.443	28.75	4.57	131.46	11.10	9.04	100.28	76.3	3	31.3	1
440.504	28.72	4.59	131.83	11.04	9.11	100.57	76.3	3	31.3	1
440.608	28.81	4.57	131.74	11.08	9.15	101.37	76.9	3	31.3	1
440.753	28.58	4.60	131.50	11.01	9.23	101.64	77.3	3	31.3	1
440.814	28.65	4.58	131.28	11.02	9.21	101.48	77.3	3	31.3	1
440.918	28.68	4.58	131.35	11.08	8.98	99.48	75.7	3	31.3	1
441.063	28.76	4.56	131.21	11.02	9.25	101.91	77.7	3	31.3	1
441.124	28.81	4.56	131.45	11.03	9.13	100.67	76.6	3	31.3	1
441.228	28.75	4.58	131.54	11.03	9.05	99.79	75.9	3	31.3	1
441.373	28.71	4.57	131.21	11.13	8.93	99.34	75.7	3	31.3	1
441.434	28.73	4.57	131.25	11.07	9.14	101.16	77.1	3	31.3	1
441.538	28.68	4.56	130.70	11.10	9.20	102.08	78.1	3	31.3	1
441.683	28.84	4.57	131.67	11.02	9.32	102.65	78.0	3	31.3	1
441.744	28.87	4.57	131.93	11.05	9.29	102.58	77.8	3	31.3	1
441.848	28.86	4.56	131.73	11.09	9.20	102.10	77.5	3	31.3	1
441.993	29.07	4.56	132.67	11.07	9.10	100.74	75.9	3	31.3	1
442.054	29.12	4.55	132.51	11.10	9.09	100.84	76.1	3	31.3	1
442.158	28.98	4.55	131.90	11.12	9.00	100.11	75.9	3	31.3	1
442.303	28.92	4.57	132.04	11.08	9.21	102.05	77.3	3	31.3	1
442.364	29.00	4.55	132.01	11.13	9.09	101.18	76.7	3	31.3	1
442.468	28.91	4.55	131.50	11.11	9.13	101.41	77.1	3	31.3	1
442.613	28.80	4.55	131.11	11.13	9.07	101.01	77.0	3	31.3	1
442.674	28.90	4.55	131.52	11.19	9.03	101.00	76.8	3	31.3	1
442.778	28.96	4.55	131.68	11.14	9.12	101.61	77.2	3	31.3	1
442.923	29.14	4.54	132.23	11.16	9.05	100.99	76.4	3	31.3	1
442.984	29.00	4.55	131.83	11.12	9.02	100.28	76.1	3	31.3	1
443.088	28.85	4.56	131.68	11.12	8.98	99.84	75.8	3	31.3	1
443.233	28.93	4.54	131.20	11.15	9.01	100.44	76.6	3	31.3	1
443.294	28.90	4.55	131.53	11.12	9.05	100.65	76.5	3	31.3	1
443.398	28.93	4.54	131.24	11.09	9.14	101.39	77.3	3	31.3	1
443.543	28.98	4.55	131.88	11.14	9.05	100.86	76.5	3	31.3	1
443.604	28.96	4.55	131.68	11.18	9.09	101.64	77.2	3	31.3	1
443.708	29.10	4.55	132.29	11.20	8.97	100.51	76.0	3	31.3	1
443.853	29.06	4.55	132.14	11.11	9.23	102.57	77.6	3	31.3	1
443.914	28.84	4.56	131.43	11.08	9.18	101.75	77.4	3	31.3	1
444.018	28.93	4.55	131.51	11.13	9.16	102.05	77.6	3	31.3	1
444.163	28.89	4.56	131.67	11.09	9.22	102.26	77.7	3	31.3	1
444.224	28.95	4.55	131.74	11.05	9.17	101.38	77.0	3	31.3	1
444.328	28.95	4.54	131.46	11.13	9.11	101.39	77.1	3	31.3	1
444.473	28.89	4.55	131.57	11.08	9.20	101.87	77.4	3	31.3	1
444.534	29.03	4.54	131.94	11.13	9.17	102.12	77.4	3	31.3	1
444.638	29.12	4.53	131.93	11.20	9.03	101.13	76.7	3	31.3	1
444.783	28.94	4.56	131.99	11.15	9.12	101.64	77.0	3	31.3	1
444.844	28.80	4.57	131.72	11.11	9.01	100.05	76.0	3	31.3	1
444.948	28.84	4.56	131.62	11.12	9.15	101.66	77.2	3	31.3	1
445.093	28.89	4.55	131.35	11.18	8.94	100.01	76.1	3	31.3	1
445.154	28.76	4.57	131.31	11.13	9.04	100.68	76.7	3	31.3	1
445.258	28.83	4.56	131.42	11.09	9.14	101.42	77.2	3	31.3	1
445.403	29.16	4.56	132.91	11.16	9.02	100.66	75.7	3	31.3	1
445.464	29.04	4.57	132.69	11.12	9.18	102.04	76.9	3	31.3	1
445.568	29.11	4.54	132.25	11.13	9.17	102.09	77.2	3	31.3	1
445.713	29.04	4.54	131.89	11.18	9.06	101.34	76.8	3	31.3	1
445.774	28.96	4.55	131.82	11.15	9.09	101.39	76.9	3	31.3	1
445.878	28.98	4.55	131.85	11.13	9.07	100.91	76.5	3	31.3	1
446.023	29.14	4.52	131.85	11.21	9.06	101.50	77.0	3	31.3	1
446.084	28.89	4.55	131.45	11.11	9.23	102.62	78.1	3	31.3	1
446.188	28.93	4.54	131.24	11.15	9.19	102.39	78.0	3	31.3	1
446.333	29.20	4.52	132.09	11.22	9.02	101.17	76.6	3	31.3	1
446.394	29.04	4.54	131.74	11.20	9.02	101.02	76.7	3	31.3	1
446.498	29.07	4.53	131.79	11.20	8.97	100.49	76.2	3	31.3	1
446.643	29.14	4.51	131.27	11.27	9.03	101.69	77.5	3	31.3	1
446.704	29.04	4.54	131.87	11.21	9.07	101.74	77.1	3	31.3	1
446.808	29.18	4.53	132.24	11.18	9.00	100.56	76.0	3	31.3	1
446.953	29.18	4.53	132.15	11.28	8.84	99.67	75.4	3	31.3	1
447.014	29.10	4.55	132.28	11.26	8.90	100.15	75.7	3	31.3	1
447.118	28.96	4.55	131.82	11.26	8.93	100.56	76.3	3	31.3	1
447.263	29.17	4.53	132.17	11.32	8.89	100.65	76.1	3	31.3	1
447.324	29.12	4.54	132.10	11.24	9.10	102.23	77.4	3	31.3	1
447.428	29.08	4.52	131.52	11.23	9.12	102.45	77.9	3	31.3	1
447.573	29.08	4.54	131.91	11.26	9.00	101.25	76.8	3	31.3	1
447.634	29.17	4.54	132.32	11.25	9.02	101.49	76.7	3	31.3	1
447.738	28.98	4.53	131.19	11.26	8.96	100.88	76.9	3	31.3	1
447.883	29.18	4.52	131.91	11.23	9.20	103.32	78.3	3	31.3	1
447.944	29.09	4.54	131.93	11.25	8.97	100.89	76.5	3	31.3	1
448.048	29.11	4.53	131.75	11.25	8.95	100.68	76.4	3	31.3	1
448.193	29.30	4.53	132.68	11.25	9.01	101.35	76.4	3	31.3	1
448.254	29.30	4.52	132.48	11.27	9.11	102.68	77.5	3	31.3	1
448.358	29.26	4.52	132.30	11.29	9.05	102.16	77.2	3	31.3	1
448.503	29.36	4.51	132.54	11.29	9.04	102.11	77.0	3	31.3	1
448.564	29.33	4.52	132.59	11.26	9.04	101.76	76.8	3	31.3	1
448.668	29.40	4.51	132.64	11.25	9.12	102.56	77.3	3	31.3	1
448.813	29.36	4.51	132.33	11.30	8.95	101.18	76.5	3	31.3	1
448.874	29.40	4.50	132.22	11.33	8.99	101.81	77.0	3	31.3	1
448.978	29.29	4.52	132.35	11.30	8.97	101.37	76.6	3	31.3	1
449.123	29.22	4.51	131.71	11.30	9.11	102.91	78.1	3	31.3	1
449.184	29.23	4.51	131.83	11.24	9.17	103.04	78.2	3	31.3	1
449.288	29.30	4.50	131.94	11.27	9.04	101.87	77.2	3	31.3	1
449.433	29.24	4.52	132.09	11.25	9.11	102.47	77.6	3	31.3	1
449.494	29.15	4.51	131.48	11.34	8.84	100.28	76.3	3	31.3	1
449.598	29.29	4.50	131.90	11.29	8.97	101.29	76.8	3	31.3	1
449.743	29.19	4.51	131.65	11.29	8.99	101.44	77.1	3	31.3	1
449.804	29.27	4.51	131.97	11.28	9.13	102.94	78.0	3	31.3	1
449.908	29.24	4.53	132.36	11.28	8.96	101.05	76.3	3	31.3	1
450.053	29.34	4.50	132.04	11.28	9.08	102.33	77.5	3	31.3	1
450.114	29.25	4.51	132.04	11.26	9.06	102.06	77.3	3	31.3	1
450.218	29.18	4.53	132.13	11.27	8.98	101.22	76.6	3	31.3	1
450.363	29.21	4.50	131.55	11.27	9.11	102.67	78.0	3	31.3	1
450.424	29.15	4.50	131.27	11.28	9.07	102.35	78.0	3	31.3	1
450.528	29.28	4.51	132.18	11.28	8.98	101.26	76.6	3	31.3	1
450.673	29.21	4.50	131.32	11.37	8.92	101.41	77.2	3	31.3	1
450.734	29.20	4.52	131.97	11.27	9.06	102.17	77.4	3	31.3	1
450.838	29.15	4.51	131.46	11.33	9.01	102.02	77.6	3	31.3	1
450.983	29.16	4.51	131.64	11.35	8.88	100.86	76.6	3	31.3	1
451.044	29.24	4.51	131.84	11.36	8.94	101.54	77.0	3	31.3	1
451.148	29.25	4.52	132.21	11.32	8.95	101.32	76.6	3	31.3	1
451.293	29.42	4.51	132.63	11.39	8.77	99.94	75.3	3	31.3	1
451.354	29.46	4.51	132.81	11.36	8.97	101.95	76.8	3	31.3	1
451.458	29.40	4.52	132.79	11.34	9.00	102.00	76.8	3	31.3	1
451.603	29.35	4.52	132.73	11.27	8.94	100.74	75.9	3	31.3	1
451.664	29.44	4.51	132.82	11.26	9.01	101.41	76.4	3	31.3	1
451.768	29.44	4.50	132.33	11.31	9.04	102.22	77.2	3	31.3	1
451.913	29.50	4.48	132.12	11.36	9.12	103.58	78.4	3	31.3	1
451.974	29.27	4.51	131.98	11.29	9.09	102.67	77.8	3	31.3	1
452.078	29.24	4.51	131.87	11.27	9.10	102.59	77.8	3	31.3	1
452.223	29.37	4.51	132.41	11.36	9.06	102.95	77.7	3	31.3	1
452.284	29.28	4.51	131.98	11.43	8.78	100.35	76.0	3	31.3	1
452.388	29.23	4.51	131.81	11.37	8.77	99.65	75.6	3	31.3	1
452.533	29.38	4.51	132.40	11.34	8.96	101.60	76.7	3	31.3	1
452.594	29.38	4.50	132.29	11.32	8.98	101.65	76.8	3	31.3	1
452.698	29.37	4.50	132.31	11.27	9.15	103.10	77.9	3	31.3	1
452.843	29.30	4.52	132.49	11.32	8.96	101.38	76.5	3	31.3	1
452.904	29.40	4.49	132.05	11.35	8.96	101.74	77.0	3	31.3	1
453.008	29.45	4.49	132.30	11.35	9.02	102.37	77.4	3	31.3	1
453.153	29.44	4.51	132.80	11.36	8.95	101.69	76.6	3	31.3	1
453.214	29.32	4.52	132.40	11.30	9.05	102.26	77.2	3	31.3	1
453.318	29.35	4.51	132.51	11.33	8.82	99.90	75.4	3	31.3	1
453.463	29.70	4.50	133.65	11.38	8.90	101.23	75.7	3	31.3	1
453.524	29.57	4.50	132.99	11.31	9.14	103.39	77.7	3	31.3	1
453.628	29.30	4.52	132.41	11.28	9.08	102.40	77.3	3	31.3	1
453.773	29.45	4.51	132.78	11.27	8.98	101.22	76.2	3	31.3	1
453.834	29.48	4.49	132.27	11.31	9.02	102.06	77.2	3	31.3	1
453.938	29.39	4.51	132.47	11.33	8.93	101.22	76.4	3	31.3	1
454.083	29.29	4.52	132.51	11.31	8.94	101.15	76.3	3	31.3	1
454.144	29.31	4.51	132.20	11.30	8.93	100.88	76.3	3	31.3	1
454.248	29.32	4.51	132.38	11.33	9.02	102.19	77.2	3	31.3	1
454.393	29.47	4.49	132.43	11.41	8.94	102.03	77.0	3	31.3	1
454.454	29.42	4.50	132.52	11.35	9.09	103.13	77.8	3	31.3	1
454.558	29.27	4.51	132.14	11.33	9.08	102.93	77.9	3	31.3	1
454.703	29.41	4.51	132.61	11.31	8.88	100.48	75.8	3	31.3	1
454.764	29.29	4.51	132.12	11.32	8.88	100.54	76.1	3	31.3	1
454.868	29.25	4.51	131.80	11.31	8.90	100.70	76.4	3	31.3	1
455.013	29.42	4.50	132.50	11.31	9.05	102.31	77.2	3	31.3	1
455.074	29.18	4.53	132.13	11.26	9.06	101.94	77.1	3	31.3	1
455.178	29.24	4.52	132.05	11.24	9.02	101.34	76.7	3	31.3	1
455.323	29.44	4.50	132.63	11.24	9.00	101.14	76.3	3	31.3	1
455.384	29.38	4.50	132.33	11.29	8.99	101.57	76.8	3	31.3	1
455.488	29.38	4.52	132.74	11.26	9.02	101.54	76.5	3	31.3	1
455.633	29.31	4.52	132.45	11.32	9.16	103.65	78.3	3	31.3	1
455.694	29.26	4.52	132.38	11.28	9.04	101.99	77.0	3	31.3	1
455.798	29.26	4.50	131.77	11.30	9.04	102.23	77.6	3	31.3	1
455.943	29.14	4.52	131.64	11.28	9.00	101.52	77.1	3	31.3	1
456.004	29.35	4.50	132.22	11.31	9.03	102.16	77.3	3	31.3	1
456.108	29.32	4.51	132.18	11.29	9.06	102.29	77.4	3	31.3	1
456.253	29.32	4.50	132.03	11.24	9.08	102.04	77.3	3	31.3	1
456.314	29.23	4.52	132.21	11.26	9.07	102.16	77.3	3	31.3	1
456.418	29.18	4.53	132.06	11.26	9.01	101.53	76.9	3	31.3	1
456.563	29.17	4.52	132.01	11.26	8.94	100.66	76.3	3	31.3	1
456.624	29.30	4.50	131.77	11.31	8.99	101.69	77.2	3	31.3	1
456.728	29.47	4.49	132.40	11.29	9.07	102.34	77.3	3	31.3	1
456.873	29.20	4.52	132.00	11.28	9.07	102.33	77.5	3	31.3	1
456.934	29.29	4.53	132.53	11.34	9.00	102.10	77.0	3	31.3	1
457.038	29.21	4.52	131.99	11.35	8.96	101.72	77.1	3	31.3	1
457.183	29.25	4.52	132.12	11.39	8.80	100.32	75.9	3	31.3	1
457.244	29.10	4.54	132.05	11.29	8.99	101.56	76.9	3	31.3	1
457.348	29.13	4.53	131.86	11.26	9.05	101.97	77.3	3	31.3	1
457.493	28.99	4.51	130.67	11.32	9.01	102.02	78.1	3	31.3	1
457.554	29.03	4.51	130.98	11.28	9.01	101.58	77.6	3	31.3	1
457.658	29.00	4.53	131.27	11.28	9.08	102.42	78.0	3	31.3	1
457.803	29.22	4.52	131.98	11.28	9.03	101.80	77.1	3	31.3	1
457.864	29.39	4.49	132.05	11.29	9.10	102.69	77.8	3	31.3	1
457.968	29.34	4.50	132.02	11.33	8.90	100.84	76.4	3	31.3	1
458.113	29.08	4.52	131.54	11.30	9.05	102.25	77.7	3	31.3	1
458.174	28.98	4.54	131.50	11.29	9.05	102.17	77.7	3	31.3	1
458.278	29.24	4.52	132.22	11.24	9.14	102.71	77.7	3	31.3	1
458.423	29.07	4.54	131.85	11.23	9.10	102.17	77.5	3	31.3	1
458.484	29.17	4.52	131.73	11.28	9.11	102.81	78.0	3	31.3	1
458.588	29.31	4.51	132.17	11.29	8.93	100.81	76.3	3	31.3	1
458.733	29.34	4.51	132.40	11.26	8.98	101.15	76.4	3	31.3	1
458.794	29.24	4.51	132.02	11.26	8.82	99.34	75.2	3	31.3	1
458.898	29.04	4.53	131.52	11.28	8.92	100.66	76.5	3	31.3	1
459.043	29.12	4.51	131.36	11.27	9.07	102.20	77.8	3	31.3	1
459.104	29.25	4.52	132.15	11.28	9.01	101.69	77.0	3	31.3	1
459.208	29.26	4.51	131.91	11.25	8.94	100.58	76.3	3	31.3	1
459.353	29.16	4.51	131.64	11.27	8.94	100.76	76.5	3	31.3	1
459.414	29.18	4.51	131.58	11.26	9.07	102.10	77.6	3	31.3	1
459.518	29.22	4.51	131.79	11.31	9.04	102.30	77.6	3	31.3	1
459.663	29.15	4.50	131.13	11.27	9.04	101.79	77.6	3	31.3	1
459.724	29.05	4.51	131.02	11.23	8.97	100.70	76.9	3	31.3	1
459.828	29.01	4.53	131.43	11.20	9.05	101.35	77.1	3	31.3	1
459.973	29.31	4.52	132.33	11.26	9.05	101.93	77.0	3	31.3	1
460.034	29.34	4.52	132.52	11.22	9.01	101.06	76.3	3	31.3	1
460.138	29.23	4.52	132.13	11.22	8.98	100.78	76.3	3	31.3	1
460.283	29.31	4.52	132.35	11.30	8.95	101.05	76.4	3	31.3	1
460.344	29.33	4.50	131.89	11.31	9.04	102.28	77.5	3	31.3	1
460.448	29.25	4.51	131.84	11.27	9.10	102.57	77.8	3	31.3	1
460.593	29.26	4.53	132.48	11.20	9.10	101.95	77.0	3	31.3	1
460.654	29.22	4.52	132.18	11.25	9.02	101.48	76.8	3	31.3	1
460.758	29.26	4.52	132.11	11.26	9.04	101.72	77.0	3	31.3	1
460.903	29.28	4.52	132.32	11.30	9.02	101.85	77.0	3	31.3	1
460.964	29.40	4.50	132.26	11.35	8.94	101.43	76.7	3	31.3	1
461.068	29.36	4.51	132.31	11.34	8.95	101.44	76.7	3	31.3	1
461.213	29.38	4.49	131.96	11.30	9.08	102.54	77.7	3	31.3	1
461.274	29.23	4.52	132.00	11.28	8.94	100.79	76.4	3	31.3	1
461.378	29.13	4.52	131.54	11.29	9.01	101.70	77.3	3	31.3	1
461.523	29.21	4.51	131.65	11.30	8.91	100.67	76.5	3	31.3	1
461.584	29.21	4.51	131.84	11.25	9.00	101.21	76.8	3	31.3	1
461.688	29.23	4.51	131.70	11.24	9.06	101.80	77.3	3	31.3	1
461.833	29.26	4.52	132.20	11.27	9.08	102.37	77.4	3	31.3	1
461.894	29.22	4.49	131.30	11.30	9.05	102.25	77.9	3	31.3	1
461.998	29.30	4.51	132.09	11.30	9.02	101.97	77.2	3	31.3	1
462.143	29.28	4.51	132.14	11.31	8.99	101.68	77.0	3	31.3	1
462.204	29.15	4.52	131.63	11.29	9.02	101.77	77.3	3	31.3	1
462.308	29.08	4.52	131.44	11.24	9.01	101.26	77.0	3	31.3	1
462.453	29.27	4.51	132.13	11.28	8.80	99.33	75.2	3	31.3	1
462.514	29.20	4.52	131.97	11.24	8.94	100.55	76.2	3	31.3	1
462.618	29.29	4.53	132.63	11.25	9.02	101.52	76.5	3	31.3	1
462.763	29.19	4.52	132.01	11.22	9.11	102.17	77.4	3	31.3	1
462.824	29.30	4.51	132.16	11.31	8.92	100.88	76.3	3	31.3	1
462.928	29.07	4.52	131.48	11.24	8.98	100.88	76.7	3	31.3	1
463.073	29.03	4.53	131.41	11.21	9.01	100.96	76.8	3	31.3	1
463.134	29.15	4.51	131.42	11.28	8.99	101.35	77.1	3	31.3	1
463.238	29.32	4.51	132.12	11.24	9.16	102.91	77.9	3	31.3	1
463.383	29.18	4.51	131.50	11.21	9.17	102.79	78.2	3	31.3	1
463.444	29.07	4.53	131.59	11.18	9.09	101.70	77.3	3	31.3	1
463.548	29.19	4.52	131.96	11.24	9.12	102.49	77.7	3	31.3	1
463.693	29.15	4.52	131.82	11.27	9.09	102.40	77.7	3	31.3	1
463.754	29.07	4.52	131.44	11.21	9.12	102.25	77.8	3	31.3	1
463.858	29.26	4.52	132.37	11.21	9.07	101.71	76.8	3	31.3	1
464.003	29.21	4.53	132.30	11.29	8.96	101.17	76.5	3	31.3	1
464.064	29.34	4.51	132.27	11.37	8.86	100.79	76.2	3	31.3	1
464.168	29.31	4.51	132.11	11.25	9.13	102.80	77.8	3	31.3	1
464.313	29.34	4.52	132.72	11.34	8.91	101.04	76.1	3	31.3	1
464.374	29.11	4.53	131.95	11.27	9.03	101.84	77.2	3	31.3	1
464.478	29.33	4.50	131.89	11.23	9.07	101.83	77.2	3	31.3	1
464.623	29.25	4.52	132.33	11.28	9.04	101.92	77.0	3	31.3	1
464.684	29.23	4.52	132.16	11.26	9.10	102.46	77.5	3	31.3	1
464.788	29.17	4.52	131.94	11.32	8.94	101.21	76.7	3	31.3	1
464.933	29.19	4.52	131.93	11.23	9.03	101.40	76.9	3	31.3	1
464.994	29.00	4.54	131.62	11.22	8.96	100.60	76.4	3	31.3	1
465.098	29.11	4.51	131.35	11.21	9.11	102.12	77.7	3	31.3	1
465.243	29.19	4.53	132.16	11.21	9.15	102.51	77.6	3	31.3	1
465.304	29.33	4.51	132.22	11.33	8.91	100.95	76.4	3	31.3	1
465.408	29.07	4.50	130.85	11.25	9.02	101.45	77.5	3	31.3	1
465.553	29.11	4.50	131.01	11.28	9.05	102.01	77.9	3	31.3	1
465.614	29.30	4.48	131.22	11.33	8.97	101.58	77.4	3	31.3	1
465.718	29.34	4.49	131.80	11.30	9.07	102.46	77.7	3	31.3	1
465.863	29.35	4.50	132.21	11.30	9.09	102.65	77.6	3	31.3	1
465.924	29.29	4.51	131.99	11.22	9.11	102.17	77.4	3	31.3	1
466.028	29.30	4.48	131.32	11.28	9.10	102.60	78.1	3	31.3	1
466.173	29.40	4.51	132.53	11.25	9.11	102.48	77.3	3	31.3	1
466.234	29.30	4.52	132.38	11.23	9.01	101.11	76.4	3	31.3	1
466.338	29.05	4.53	131.62	11.18	9.20	102.87	78.2	3	31.3	1
466.483	29.00	4.53	131.32	11.19	9.24	103.36	78.7	3	31.3	1
466.544	29.04	4.55	132.08	11.19	9.08	101.53	76.9	3	31.3	1
466.648	29.12	4.53	131.92	11.23	8.99	101.00	76.6	3	31.3	1
466.793	29.13	4.53	131.82	11.21	8.94	100.25	76.1	3	31.3	1
466.854	28.99	4.54	131.50	11.17	8.97	100.24	76.2	3	31.3	1
466.958	28.88	4.52	130.63	11.17	8.98	100.30	76.8	3	31.3	1
467.103	29.19	4.54	132.40	11.16	9.01	100.57	76.0	3	31.3	1
467.164	29.20	4.53	132.29	11.24	8.87	99.77	75.4	3	31.3	1
467.268	29.14	4.53	131.92	11.19	9.01	100.80	76.4	3	31.3	1
467.413	29.16	4.52	131.73	11.28	8.96	101.11	76.8	3	31.3	1
467.474	29.28	4.51	131.97	11.28	8.98	101.34	76.8	3	31.3	1
467.578	29.29	4.50	131.88	11.26	9.12	102.75	77.9	3	31.3	1
467.723	29.22	4.51	131.81	11.23	9.13	102.53	77.8	3	31.3	1
467.784	29.16	4.54	132.40	11.15	9.08	101.22	76.5	3	31.3	1
467.888	29.15	4.52	131.87	11.18	9.02	100.75	76.4	3	31.3	1
468.033	29.27	4.52	132.31	11.24	9.03	101.56	76.8	3	31.3	1
468.094	29.17	4.53	132.27	11.22	8.88	99.56	75.3	3	31.3	1
468.198	29.11	4.53	131.93	11.16	9.06	101.17	76.7	3	31.3	1
468.343	29.10	4.54	132.07	11.17	9.09	101.59	76.9	3	31.3	1
468.404	29.14	4.53	132.00	11.22	9.01	101.05	76.6	3	31.3	1
468.508	29.18	4.52	131.99	11.22	9.02	101.22	76.7	3	31.3	1
468.653	29.21	4.52	131.88	11.24	9.00	101.11	76.7	3	31.3	1
468.714	29.13	4.51	131.53	11.27	8.91	100.37	76.3	3	31.3	1
468.818	29.09	4.52	131.42	11.22	9.10	102.05	77.7	3	31.3	1
468.963	29.26	4.52	132.36	11.18	9.11	101.94	77.0	3	31.3	1
469.024	29.47	4.51	132.86	11.31	8.97	101.47	76.4	3	31.3	1
469.128	29.20	4.52	131.99	11.26	8.91	100.32	76.0	3	31.3	1
469.273	29.21	4.51	131.75	11.23	8.94	100.43	76.2	3	31.3	1
469.334	29.21	4.50	131.39	11.29	8.97	101.23	77.0	3	31.3	1
469.438	29.22	4.50	131.56	11.32	8.91	100.78	76.6	3	31.3	1
469.583	29.17	4.53	132.23	11.32	8.90	100.76	76.2	3	31.3	1
469.644	29.21	4.52	132.01	11.24	9.07	102.01	77.3	3	31.3	1
469.748	29.10	4.52	131.49	11.22	9.06	101.62	77.3	3	31.3	1
469.893	29.13	4.52	131.55	11.27	8.97	101.13	76.9	3	31.3	1
469.954	29.11	4.54	132.12	11.22	9.12	102.31	77.4	3	31.3	1
470.058	29.21	4.54	132.49	11.22	9.07	101.76	76.8	3	31.3	1
470.203	29.12	4.54	132.21	11.24	8.90	100.10	75.7	3	31.3	1
470.264	29.12	4.52	131.60	11.19	8.99	100.62	76.5	3	31.3	1
470.368	29.04	4.53	131.46	11.22	8.96	100.52	76.5	3	31.3	1
470.513	28.89	4.55	131.32	11.15	9.01	100.51	76.5	3	31.3	1
470.574	29.07	4.54	131.91	11.15	9.21	102.68	77.8	3	31.3	1
470.678	28.88	4.54	131.24	11.15	8.93	99.57	75.9	3	31.3	1
470.823	28.93	4.55	131.65	11.17	9.08	101.35	77.0	3	31.3	1
470.884	29.08	4.54	132.03	11.14	8.97	99.93	75.7	3	31.3	1
470.988	29.07	4.54	131.92	11.18	9.00	100.63	76.3	3	31.3	1
471.133	29.15	4.53	131.95	11.16	8.99	100.37	76.1	3	31.3	1
471.194	28.89	4.55	131.45	11.09	9.11	101.01	76.8	3	31.3	1
471.298	28.99	4.54	131.60	11.20	8.91	99.73	75.8	3	31.3	1
471.443	29.03	4.54	131.66	11.14	9.18	102.25	77.7	3	31.3	1
471.504	29.05	4.54	131.82	11.17	9.09	101.51	77.0	3	31.3	1
471.608	29.02	4.53	131.56	11.15	9.14	101.85	77.4	3	31.3	1
471.753	29.14	4.53	131.94	11.16	9.14	102.06	77.4	3	31.3	1
471.814	28.95	4.55	131.65	11.17	8.96	100.07	76.0	3	31.3	1
471.918	29.04	4.53	131.52	11.18	9.03	100.99	76.8	3	31.3	1
472.063	28.99	4.53	131.43	11.15	9.26	103.18	78.5	3	31.3	1
472.124	29.12	4.53	131.96	11.19	9.08	101.57	77.0	3	31.3	1
472.228	29.06	4.54	131.88	11.15	9.26	103.26	78.3	3	31.3	1
472.373	29.15	4.54	132.25	11.21	8.97	100.58	76.1	3	31.3	1
472.434	29.23	4.53	132.29	11.17	9.02	100.74	76.1	3	31.3	1
472.538	29.08	4.53	131.78	11.21	8.95	100.32	76.1	3	31.3	1
472.683	29.00	4.53	131.26	11.19	8.97	100.39	76.5	3	31.3	1
472.744	28.81	4.54	130.80	11.16	9.07	101.22	77.4	3	31.3	1
472.848	28.91	4.54	131.11	11.14	9.08	101.19	77.2	3	31.3	1
472.993	29.04	4.55	132.24	11.14	9.01	100.42	75.9	3	31.3	1
473.054	29.18	4.53	132.11	11.18	9.25	103.40	78.3	3	31.3	1
473.158	29.04	4.53	131.59	11.20	9.00	100.84	76.6	3	31.3	1
473.303	29.14	4.54	132.15	11.18	9.03	100.91	76.4	3	31.3	1
473.364	29.11	4.53	132.02	11.22	9.13	102.47	77.6	3	31.3	1
473.468	29.15	4.52	131.91	11.28	8.89	100.21	76.0	3	31.3	1
473.613	29.26	4.54	132.78	11.26	8.92	100.38	75.6	3	31.3	1
473.674	29.13	4.54	132.25	11.23	9.10	102.20	77.3	3	31.3	1
473.778	29.12	4.52	131.48	11.26	8.97	101.00	76.8	3	31.3	1
473.923	29.31	4.50	131.89	11.26	9.17	103.21	78.3	3	31.3	1
473.984	29.29	4.52	132.31	11.24	8.95	100.66	76.1	3	31.3	1
474.088	29.04	4.53	131.46	11.15	9.17	102.30	77.8	3	31.3	1
474.233	29.21	4.53	132.43	11.23	8.96	100.66	76.0	3	31.3	1
474.294	29.16	4.53	131.94	11.21	9.10	101.99	77.3	3	31.3	1
474.398	29.22	4.52	132.08	11.24	8.96	100.73	76.3	3	31.3	1
474.543	29.07	4.53	131.62	11.23	9.08	101.91	77.4	3	31.3	1
