1321.975	32.20	1.81	58.42	3.10	5.99	18.55	31.8	3	21.2	2
1322.120	18.08	3.85	69.60	4.18	8.05	33.65	48.3	3	33.7	2
1322.180	13.19	4.30	56.76	3.95	6.96	27.53	48.5	3	46.2	2
1322.284	8.02	4.65	37.33	3.46	5.38	18.60	49.8	3	58.7	2
1322.429	10.12	4.17	42.21	3.75	5.78	21.70	51.4	3	28.9	2
1322.489	12.91	3.79	48.91	4.26	6.61	28.18	57.6	3	28.9	2
1322.593	7.65	4.41	33.75	3.29	5.02	16.52	48.9	3	56.5	2
1322.738	26.04	2.79	72.75	4.43	7.48	33.11	45.5	3	15.0	2
1322.798	29.09	2.70	78.56	4.66	9.09	42.34	53.9	3	18.5	2
1322.902	29.69	2.90	86.21	4.80	10.76	51.67	59.9	3	15.0	2
1323.047	28.95	2.96	85.60	4.41	10.64	46.88	54.8	3	33.7	2
1323.108	20.51	3.80	77.98	4.02	9.70	39.00	50.0	3	33.7	2
1323.212	17.87	3.67	65.67	3.90	9.30	36.32	55.3	3	24.3	2
1323.357	27.19	2.82	76.77	4.24	10.26	43.51	56.7	3	15.0	2
1323.418	30.25	2.66	80.55	4.38	10.73	47.05	58.4	3	28.3	2
1323.522	20.08	3.54	71.16	4.03	9.85	39.64	55.7	3	28.3	2
1323.667	13.60	4.41	60.02	3.83	9.04	34.66	57.7	3	18.5	2
1323.727	18.07	3.89	70.28	4.10	9.78	40.11	57.1	3	20.6	2
1323.831	23.51	3.35	78.76	4.39	10.72	47.03	59.7	3	18.5	2
1323.976	29.41	2.92	85.96	4.59	11.36	52.13	60.7	3	15.0	2
1324.037	31.94	2.65	84.64	4.53	11.28	51.16	60.4	3	15.0	2
1324.141	27.48	2.89	79.44	4.39	10.96	48.13	60.6	3	21.0	2
1324.286	29.77	2.88	85.63	4.60	11.41	52.51	61.3	3	16.9	2
1324.347	30.34	2.87	87.08	4.63	11.57	53.57	61.5	3	20.0	2
1324.451	27.00	3.06	82.53	4.51	11.29	50.99	61.8	3	16.9	2
1324.596	29.45	2.99	88.17	4.67	11.78	54.94	62.3	3	18.6	2
1324.657	29.19	3.03	88.41	4.67	11.80	55.16	62.4	3	18.6	2
1324.761	29.21	3.04	88.76	4.68	11.81	55.28	62.3	3	18.4	2
1324.906	29.45	3.04	89.40	4.68	11.85	55.48	62.1	3	18.3	2
1324.967	29.59	3.03	89.81	4.70	11.86	55.78	62.1	3	18.3	2
1325.071	29.85	3.02	90.01	4.71	11.89	56.04	62.3	3	18.1	2
1325.216	30.20	2.99	90.24	4.77	11.89	56.74	62.9	3	18.0	2
1325.277	30.25	2.99	90.41	4.77	11.88	56.68	62.7	3	18.1	2
1325.381	30.26	3.00	90.78	4.75	11.87	56.38	62.1	3	18.2	2
1325.526	30.21	2.99	90.45	4.77	11.85	56.55	62.5	3	18.1	2
1325.587	30.15	3.00	90.32	4.77	11.84	56.51	62.6	3	18.1	2
1325.691	30.12	3.00	90.34	4.77	11.87	56.57	62.6	3	18.2	2
1325.836	30.03	3.02	90.63	4.74	11.87	56.28	62.1	3	18.2	2
1325.897	29.98	3.03	90.89	4.73	11.87	56.18	61.8	3	18.1	2
1326.001	30.20	3.01	90.79	4.72	11.90	56.10	61.8	3	18.1	2
1326.146	30.23	3.01	91.11	4.73	11.91	56.35	61.8	3	18.1	2
1326.207	30.25	3.01	91.07	4.73	11.90	56.31	61.8	3	18.1	2
1326.311	30.24	3.00	90.85	4.76	11.88	56.60	62.3	3	18.1	2
1326.456	30.20	3.00	90.72	4.73	11.90	56.32	62.1	3	18.1	2
1326.517	30.18	3.00	90.68	4.73	11.92	56.40	62.2	3	18.1	2
1326.621	30.03	3.00	90.22	4.73	11.92	56.40	62.5	3	18.1	2
1326.766	30.13	3.01	90.63	4.76	11.86	56.47	62.3	3	18.1	2
1326.827	30.15	3.01	90.68	4.76	11.91	56.65	62.5	3	18.1	2
1326.931	30.18	3.00	90.56	4.74	11.92	56.54	62.4	3	18.1	2
1327.076	30.11	3.02	90.80	4.75	11.92	56.57	62.3	3	18.1	2
1327.137	30.15	3.02	90.89	4.72	11.93	56.33	62.0	3	18.1	2
1327.241	30.02	3.01	90.39	4.72	11.92	56.32	62.3	3	18.1	2
1327.386	29.95	3.01	90.27	4.70	11.92	56.03	62.1	3	18.1	2
1327.447	30.01	3.01	90.38	4.71	11.91	56.08	62.0	3	18.1	2
1327.551	29.93	3.02	90.48	4.67	11.94	55.73	61.6	3	18.1	2
1327.696	29.97	3.02	90.59	4.70	11.93	56.11	61.9	3	18.1	2
1327.757	29.94	3.01	90.21	4.71	11.93	56.15	62.2	3	18.1	2
1327.861	29.99	3.00	90.10	4.72	11.88	56.05	62.2	3	18.1	2
1328.006	30.47	2.99	90.99	4.84	11.82	57.24	62.9	3	18.1	2
1328.067	30.08	3.00	90.23	4.77	11.89	56.75	62.9	3	18.1	2
1328.171	29.76	3.02	89.80	4.66	11.97	55.84	62.2	3	18.1	2
1328.316	29.73	3.03	90.07	4.63	12.02	55.70	61.8	3	18.1	2
1328.377	29.74	3.04	90.55	4.64	11.99	55.63	61.4	3	18.1	2
1328.481	29.70	3.02	89.83	4.63	12.01	55.62	61.9	3	18.1	2
1328.626	29.71	3.04	90.17	4.64	12.01	55.76	61.8	3	18.1	2
1328.687	29.72	3.03	90.08	4.65	11.99	55.74	61.9	3	18.1	2
1328.791	29.73	3.03	90.21	4.60	11.99	55.20	61.2	3	18.1	2
1328.936	29.73	3.03	90.08	4.63	12.01	55.63	61.8	3	18.1	2
1328.997	29.73	3.03	90.17	4.64	11.99	55.60	61.7	3	18.1	2
1329.101	29.64	3.04	90.04	4.63	12.04	55.72	61.9	3	18.1	2
1329.246	29.65	3.05	90.37	4.63	12.05	55.82	61.8	3	18.1	2
1329.307	29.65	3.04	90.26	4.64	12.03	55.75	61.8	3	18.1	2
1329.411	29.75	3.04	90.47	4.63	11.99	55.51	61.4	3	18.1	2
1329.556	29.63	3.03	89.84	4.62	12.04	55.59	61.9	3	18.1	2
1329.617	29.58	3.04	89.82	4.62	12.05	55.61	61.9	3	18.1	2
1329.721	29.48	3.04	89.59	4.61	12.03	55.52	62.0	3	18.1	2
1329.866	29.59	3.04	89.90	4.60	12.04	55.38	61.6	3	18.1	2
1329.927	29.59	3.04	89.83	4.62	12.04	55.63	61.9	3	18.1	2
1330.031	29.64	3.04	89.96	4.60	12.02	55.30	61.5	3	18.1	2
1330.176	29.70	3.04	90.39	4.62	12.03	55.61	61.5	3	18.1	2
1330.237	29.67	3.04	90.16	4.61	12.02	55.43	61.5	3	18.1	2
1330.341	29.62	3.03	89.90	4.60	12.03	55.30	61.5	3	18.1	2
1330.486	29.56	3.04	89.78	4.57	12.05	55.03	61.3	3	18.1	2
1330.547	29.53	3.04	89.77	4.58	12.04	55.18	61.5	3	18.1	2
1330.651	29.41	3.04	89.55	4.60	12.05	55.40	61.9	3	18.1	2
1330.796	29.51	3.05	90.02	4.59	12.06	55.40	61.5	3	18.1	2
1330.857	29.50	3.05	89.95	4.57	12.07	55.18	61.3	3	18.1	2
1330.961	29.41	3.04	89.43	4.57	12.05	55.03	61.5	3	18.1	2
1331.106	29.51	3.05	89.87	4.59	12.05	55.26	61.5	3	18.1	2
1331.167	29.49	3.04	89.79	4.57	12.06	55.09	61.4	3	18.1	2
1331.271	29.42	3.04	89.37	4.59	12.08	55.46	62.1	3	18.1	2
1331.416	29.56	3.04	89.94	4.59	12.08	55.50	61.7	3	18.1	2
1331.477	29.54	3.04	89.77	4.58	12.06	55.18	61.5	3	18.1	2
1331.581	29.64	3.03	89.93	4.60	12.05	55.48	61.7	3	18.1	2
1331.726	29.63	3.04	90.13	4.59	12.06	55.42	61.5	3	18.1	2
1331.787	29.55	3.04	89.89	4.59	12.05	55.37	61.6	3	18.1	2
1331.891	29.60	3.04	90.02	4.62	12.05	55.61	61.8	3	18.1	2
1332.036	29.57	3.04	89.76	4.62	12.03	55.55	61.9	3	18.1	2
1332.097	29.63	3.04	90.14	4.63	12.04	55.72	61.8	3	18.1	2
1332.201	29.52	3.04	89.75	4.61	12.01	55.34	61.7	3	18.1	2
1332.346	29.64	3.03	89.84	4.63	12.01	55.65	61.9	3	18.1	2
1332.407	29.67	3.03	89.97	4.65	11.99	55.77	62.0	3	18.1	2
1332.511	29.76	3.03	90.27	4.63	11.99	55.49	61.5	3	18.1	2
1332.656	29.72	3.04	90.38	4.65	12.02	55.94	61.9	3	18.1	2
1332.717	29.80	3.04	90.64	4.66	12.00	55.89	61.7	3	18.1	2
1332.821	29.78	3.03	90.30	4.66	12.01	55.97	62.0	3	18.1	2
1332.966	29.74	3.04	90.40	4.64	12.02	55.78	61.7	3	18.1	2
1333.027	29.74	3.03	90.23	4.65	12.02	55.89	61.9	3	18.1	2
1333.131	29.81	3.04	90.68	4.65	12.01	55.83	61.6	3	18.1	2
1333.276	29.82	3.04	90.63	4.67	11.99	55.96	61.7	3	18.1	2
1333.337	29.82	3.04	90.56	4.67	12.00	56.05	61.9	3	18.1	2
1333.441	29.81	3.03	90.36	4.67	11.99	56.01	62.0	3	18.1	2
1333.586	29.77	3.04	90.41	4.66	12.01	55.92	61.9	3	18.1	2
1333.647	29.78	3.03	90.35	4.65	12.00	55.85	61.8	3	18.1	2
1333.751	29.78	3.03	90.12	4.64	12.00	55.74	61.9	3	18.1	2
1333.896	29.77	3.04	90.43	4.65	12.00	55.79	61.7	3	18.1	2
1333.957	29.73	3.04	90.42	4.64	12.01	55.73	61.6	3	18.1	2
1334.061	29.82	3.04	90.80	4.65	12.01	55.81	61.5	3	18.1	2
1334.206	29.78	3.04	90.55	4.66	12.00	55.93	61.8	3	18.1	2
1334.267	29.81	3.05	90.81	4.71	11.99	56.44	62.2	3	18.1	2
1334.371	29.79	3.05	90.71	4.67	12.00	56.03	61.8	3	18.1	2
1334.516	29.84	3.04	90.76	4.67	12.03	56.22	62.0	3	18.1	2
1334.577	29.77	3.04	90.61	4.67	12.00	56.06	61.9	3	18.1	2
1334.681	29.76	3.04	90.48	4.71	11.99	56.52	62.5	3	18.1	2
1334.826	29.92	3.02	90.33	4.69	12.00	56.29	62.3	3	18.1	2
1334.887	29.88	3.03	90.48	4.70	11.98	56.30	62.2	3	18.1	2
1334.991	29.78	3.03	90.17	4.68	11.99	56.07	62.2	3	18.1	2
1335.136	29.98	3.03	90.86	4.69	11.98	56.19	61.8	3	18.1	2
1335.197	29.98	3.03	90.89	4.69	11.98	56.18	61.8	3	18.1	2
1335.301	29.98	3.03	90.80	4.70	11.97	56.24	61.9	3	18.1	2
1335.446	29.95	3.03	90.71	4.70	11.94	56.08	61.8	3	18.1	2
1335.507	29.87	3.03	90.47	4.71	11.94	56.23	62.2	3	18.1	2
1335.611	29.83	3.03	90.46	4.71	11.95	56.25	62.2	3	18.1	2
1335.756	29.91	3.04	90.91	4.68	11.99	56.18	61.8	3	18.1	2
1335.817	29.98	3.04	91.13	4.68	12.01	56.17	61.6	3	18.1	2
1335.921	29.87	3.04	90.89	4.68	11.99	56.17	61.8	3	18.1	2
1336.066	29.93	3.05	91.15	4.69	11.98	56.23	61.7	3	18.1	2
1336.127	29.81	3.04	90.54	4.70	11.98	56.30	62.2	3	18.1	2
1336.231	29.84	3.03	90.50	4.69	11.95	56.04	61.9	3	18.1	2
1336.376	29.83	3.04	90.75	4.72	11.95	56.36	62.1	3	18.1	2
1336.437	29.83	3.03	90.45	4.70	11.95	56.11	62.0	3	18.1	2
1336.541	29.88	3.04	90.71	4.70	11.97	56.23	62.0	3	18.1	2
1336.686	29.86	3.03	90.42	4.68	11.98	56.11	62.1	3	18.1	2
1336.747	29.83	3.03	90.50	4.69	11.94	56.00	61.9	3	18.1	2
1336.851	29.92	3.02	90.48	4.72	11.97	56.51	62.5	3	18.1	2
1336.996	30.02	3.03	91.01	4.70	11.96	56.19	61.7	3	18.1	2
1337.057	29.88	3.04	90.79	4.70	11.94	56.13	61.8	3	18.1	2
1337.161	29.97	3.03	90.90	4.72	11.98	56.53	62.2	3	18.1	2
1337.306	29.95	3.03	90.67	4.68	12.00	56.17	61.9	3	18.1	2
1337.367	29.98	3.03	90.76	4.68	12.01	56.20	61.9	3	18.1	2
1337.471	29.84	3.02	90.21	4.68	11.98	56.13	62.2	3	18.1	2
1337.616	29.78	3.04	90.61	4.70	12.00	56.36	62.2	3	18.1	2
1337.677	29.69	3.04	90.23	4.68	12.00	56.13	62.2	3	18.1	2
1337.781	29.75	3.04	90.39	4.67	12.00	56.08	62.0	3	18.1	2
1337.926	29.67	3.05	90.43	4.66	12.05	56.08	62.0	3	18.1	2
1337.987	29.56	3.04	89.93	4.66	12.03	56.03	62.3	3	18.1	2
1338.091	29.70	3.05	90.60	4.64	12.03	55.87	61.7	3	18.1	2
1338.236	29.67	3.04	90.35	4.65	12.05	56.05	62.0	3	18.1	2
1338.297	29.71	3.04	90.41	4.66	12.04	56.16	62.1	3	18.1	2
1338.401	29.70	3.03	89.87	4.65	12.03	56.00	62.3	3	18.1	2
1338.546	29.82	3.04	90.76	4.69	12.03	56.49	62.2	3	18.1	2
1338.607	29.86	3.05	91.08	4.68	12.03	56.28	61.8	3	18.1	2
1338.711	29.83	3.04	90.54	4.67	12.01	56.10	62.0	3	18.1	2
1338.856	29.81	3.03	90.30	4.65	12.00	55.83	61.8	3	18.1	2
1338.917	29.81	3.03	90.40	4.66	12.00	55.94	61.9	3	18.1	2
1339.021	29.73	3.04	90.26	4.66	12.00	55.90	61.9	3	18.1	2
1339.166	29.81	3.04	90.49	4.66	11.99	55.94	61.8	3	18.1	2
1339.227	29.78	3.05	90.70	4.66	12.00	55.93	61.7	3	18.1	2
1339.331	29.70	3.03	90.06	4.67	12.00	56.08	62.3	3	18.1	2
1339.476	29.71	3.04	90.28	4.69	11.97	56.15	62.2	3	18.1	2
1339.537	29.74	3.04	90.38	4.68	11.95	55.90	61.9	3	18.1	2
1339.641	29.78	3.03	90.22	4.67	11.99	55.96	62.0	3	18.1	2
1339.786	29.89	3.03	90.64	4.68	12.01	56.15	62.0	3	18.1	2
1339.847	29.74	3.04	90.39	4.66	12.00	55.93	61.9	3	18.1	2
1339.951	29.72	3.05	90.67	4.62	12.00	55.50	61.2	3	18.1	2
1340.096	29.69	3.05	90.66	4.65	12.02	55.82	61.6	3	18.1	2
1340.157	29.67	3.05	90.40	4.64	12.00	55.66	61.6	3	18.1	2
1340.261	29.56	3.04	89.79	4.65	12.00	55.79	62.1	3	18.1	2
1340.406	29.84	3.04	90.78	4.68	12.00	56.16	61.9	3	18.1	2
1340.467	29.87	3.03	90.54	4.70	11.98	56.33	62.2	3	18.1	2
1340.571	29.80	3.03	90.44	4.70	11.97	56.21	62.2	3	18.1	2
1340.716	29.94	3.04	90.91	4.72	12.00	56.56	62.2	3	18.1	2
1340.777	29.95	3.04	90.92	4.71	11.97	56.38	62.0	3	18.1	2
1340.881	30.09	3.03	91.22	4.70	11.97	56.22	61.6	3	18.1	2
1341.026	29.91	3.03	90.65	4.71	11.96	56.35	62.2	3	18.1	2
1341.087	29.85	3.03	90.54	4.71	11.97	56.41	62.3	3	18.1	2
1341.191	29.90	3.04	90.84	4.70	11.98	56.26	61.9	3	18.1	2
1341.336	29.93	3.03	90.55	4.70	12.00	56.46	62.4	3	18.1	2
1341.397	29.90	3.03	90.72	4.67	12.00	56.11	61.8	3	18.1	2
1341.501	29.82	3.03	90.40	4.68	12.00	56.16	62.1	3	18.1	2
1341.646	29.85	3.03	90.50	4.68	12.01	56.20	62.1	3	18.1	2
1341.707	29.76	3.03	90.25	4.68	12.01	56.19	62.3	3	18.1	2
1341.811	29.83	3.03	90.23	4.69	12.01	56.36	62.5	3	18.1	2
1341.956	29.79	3.02	89.95	4.71	12.00	56.51	62.8	3	18.1	2
1342.017	29.89	3.02	90.38	4.72	12.00	56.57	62.6	3	18.1	2
1342.121	29.82	3.02	89.94	4.70	11.99	56.32	62.6	3	18.1	2
1342.266	29.86	3.04	90.67	4.67	12.00	56.03	61.8	3	18.1	2
1342.327	29.86	3.04	90.71	4.68	11.99	56.16	61.9	3	18.1	2
1342.431	29.87	3.04	90.66	4.66	11.99	55.87	61.6	3	18.1	2
1342.576	29.93	3.03	90.75	4.69	11.97	56.13	61.8	3	18.1	2
1342.637	29.89	3.03	90.60	4.70	11.98	56.36	62.2	3	18.1	2
1342.741	29.94	3.02	90.36	4.70	11.97	56.28	62.3	3	18.1	2
1342.886	29.96	3.02	90.46	4.70	11.98	56.31	62.3	3	18.1	2
1342.947	29.92	3.04	90.95	4.70	11.97	56.32	61.9	3	18.1	2
1343.051	29.85	3.04	90.73	4.68	11.99	56.07	61.8	3	18.1	2
1343.196	29.77	3.04	90.51	4.63	12.04	55.78	61.6	3	18.1	2
1343.257	29.79	3.04	90.49	4.63	12.04	55.73	61.6	3	18.1	2
1343.361	29.84	3.03	90.46	4.68	11.98	56.03	61.9	3	18.1	2
1343.506	30.03	3.03	91.00	4.70	11.96	56.18	61.7	3	18.1	2
1343.567	30.08	3.03	91.09	4.70	11.95	56.15	61.6	3	18.1	2
1343.671	30.04	3.02	90.70	4.71	11.95	56.30	62.1	3	18.1	2
1343.816	30.06	3.02	90.65	4.74	11.95	56.59	62.4	3	18.1	2
1343.877	30.06	3.01	90.63	4.74	11.94	56.55	62.4	3	18.1	2
1343.981	30.09	3.01	90.56	4.73	11.96	56.61	62.5	3	18.1	2
1344.126	29.95	3.02	90.52	4.68	11.99	56.08	62.0	3	18.1	2
1344.187	29.98	3.02	90.51	4.70	11.98	56.32	62.2	3	18.1	2
1344.291	30.04	3.02	90.60	4.73	11.96	56.55	62.4	3	18.1	2
1344.436	30.07	3.02	90.76	4.72	11.96	56.42	62.2	3	18.1	2
1344.497	30.09	3.02	90.94	4.73	11.92	56.40	62.0	3	18.1	2
1344.601	30.13	3.01	90.78	4.74	11.95	56.69	62.4	3	18.1	2
1344.746	30.25	3.01	90.92	4.79	11.92	57.13	62.8	3	18.1	2
1344.807	30.39	3.01	91.43	4.79	11.89	56.91	62.3	3	18.1	2
1344.911	30.36	3.00	91.15	4.79	11.91	57.07	62.6	3	18.1	2
1345.056	30.60	3.00	91.75	4.89	11.81	57.76	63.0	3	18.1	2
1345.117	30.26	3.01	91.17	4.77	11.90	56.79	62.3	3	18.1	2
1345.221	29.93	3.02	90.49	4.69	11.99	56.19	62.1	3	18.1	2
1345.366	29.70	3.03	89.95	4.68	12.00	56.14	62.4	3	18.1	2
1345.427	29.63	3.03	89.75	4.64	12.02	55.77	62.1	3	18.1	2
1345.531	29.47	3.04	89.50	4.63	12.05	55.77	62.3	3	18.1	2
1345.676	29.70	3.02	89.80	4.68	12.03	56.31	62.7	3	18.1	2
1345.737	29.89	3.03	90.53	4.70	12.02	56.48	62.4	3	18.1	2
1345.841	31.48	2.86	90.13	5.15	11.24	57.86	64.2	3	18.1	2
1345.986	33.59	2.60	87.26	5.77	10.19	58.76	67.3	3	18.1	2
1346.047	33.83	2.56	86.65	5.83	10.07	58.78	67.8	3	18.1	2
1346.151	33.78	2.59	87.48	5.85	10.19	59.65	68.2	3	18.1	2
1346.296	33.00	2.71	89.33	5.62	10.69	60.11	67.3	3	18.1	2
1346.357	32.95	2.74	90.16	5.58	10.78	60.17	66.7	3	18.1	2
1346.461	32.89	2.76	90.65	5.51	10.88	60.01	66.2	3	18.1	2
1346.606	32.77	2.77	90.82	5.51	10.90	60.02	66.1	3	18.1	2
1346.667	32.67	2.78	90.81	5.47	10.93	59.83	65.9	3	18.1	2
1346.771	32.70	2.76	90.16	5.50	10.90	59.95	66.5	3	18.1	2
1346.916	32.71	2.78	90.83	5.46	10.95	59.83	65.9	3	18.1	2
1346.977	32.75	2.78	91.00	5.48	10.93	59.92	65.8	3	18.1	2
1347.081	32.66	2.78	90.79	5.49	10.93	59.99	66.1	3	18.1	2
1347.226	32.67	2.79	91.16	5.47	10.95	59.96	65.8	3	18.1	2
1347.287	32.70	2.78	90.76	5.48	10.93	59.90	66.0	3	18.1	2
1347.391	32.66	2.78	90.68	5.50	10.92	60.03	66.2	3	18.1	2
1347.536	32.76	2.76	90.55	5.50	10.87	59.79	66.0	3	18.1	2
1347.597	32.70	2.77	90.51	5.49	10.87	59.73	66.0	3	18.1	2
1347.701	32.56	2.78	90.50	5.44	10.93	59.47	65.7	3	18.1	2
1347.846	32.72	2.78	90.91	5.45	10.95	59.63	65.6	3	18.1	2
1347.907	32.54	2.80	91.20	5.40	11.07	59.79	65.6	3	18.1	2
1348.011	32.28	2.82	90.98	5.38	11.12	59.88	65.8	3	18.1	2
1348.156	32.41	2.83	91.76	5.37	11.17	60.02	65.4	3	18.1	2
1348.217	32.43	2.84	91.95	5.38	11.14	59.96	65.2	3	18.1	2
1348.321	32.37	2.83	91.52	5.39	11.15	60.11	65.7	3	18.1	2
1348.466	32.41	2.81	91.03	5.39	11.14	60.07	66.0	3	18.1	2
1348.527	32.34	2.80	90.71	5.42	11.10	60.15	66.3	3	18.1	2
1348.631	32.44	2.79	90.59	5.42	11.03	59.77	66.0	3	18.1	2
1348.776	33.13	2.71	89.63	5.66	10.60	59.99	66.9	3	18.1	2
1348.837	32.98	2.74	90.25	5.58	10.79	60.15	66.6	3	18.1	2
1348.941	32.24	2.84	91.49	5.31	11.20	59.54	65.1	3	18.1	2
1349.086	32.31	2.84	91.66	5.35	11.15	59.59	65.0	3	18.1	2
1349.147	32.80	2.75	90.07	5.54	10.78	59.70	66.3	3	18.1	2
1349.251	32.60	2.76	90.09	5.50	10.84	59.64	66.2	3	18.1	2
1349.396	33.81	2.55	86.23	5.92	9.89	58.61	68.0	3	18.1	2
1349.456	34.14	2.45	83.74	6.04	9.64	58.22	69.5	3	18.1	2
1349.560	34.78	2.30	79.87	6.28	8.97	56.37	70.6	3	18.1	2
1349.705	35.26	2.17	76.54	6.41	8.63	55.35	72.3	3	18.1	2
1349.765	35.43	2.14	75.86	6.52	8.39	54.67	72.1	3	18.1	2
1349.869	35.57	2.08	73.84	6.61	8.04	53.13	72.0	3	18.1	2
1350.014	35.72	2.02	72.08	6.67	7.88	52.56	72.9	3	18.1	2
1350.074	35.65	2.04	72.90	6.65	7.99	53.13	72.9	3	18.1	2
1350.178	35.72	2.03	72.55	6.68	7.91	52.88	72.9	3	18.1	2
1350.323	35.81	2.01	72.13	6.70	7.87	52.70	73.1	3	18.1	2
1350.383	35.76	2.03	72.49	6.67	7.95	53.01	73.1	3	18.1	2
1350.487	35.74	2.04	72.93	6.68	7.91	52.85	72.5	3	18.1	2
1350.632	35.94	2.07	74.21	6.72	7.80	52.36	70.5	3	18.1	2
1350.692	35.86	2.05	73.47	6.71	7.82	52.48	71.4	3	18.1	2
1350.796	35.74	2.01	71.92	6.71	7.80	52.36	72.8	3	18.1	2
1350.941	35.80	2.02	72.38	6.65	7.92	52.68	72.8	3	18.1	2
1351.001	35.75	2.01	71.98	6.70	7.78	52.16	72.5	3	18.1	2
1351.105	35.79	1.98	70.81	6.69	7.72	51.60	72.9	3	18.1	2
1351.250	35.66	2.01	71.80	6.71	7.74	51.98	72.4	3	18.1	2
1351.310	35.68	2.01	71.74	6.72	7.73	51.95	72.4	3	18.1	2
1351.414	35.70	2.03	72.32	6.69	7.87	52.68	72.8	3	18.1	2
1351.559	35.75	2.04	73.07	6.69	7.98	53.39	73.1	3	18.1	2
1351.619	35.79	2.00	71.58	6.73	7.82	52.64	73.5	3	18.1	2
1351.723	35.78	2.01	71.91	6.72	7.74	52.04	72.4	3	18.1	2
1351.868	35.71	2.01	71.79	6.72	7.80	52.46	73.1	3	18.1	2
1351.928	35.67	2.01	71.71	6.69	7.83	52.41	73.1	3	18.1	2
1352.032	35.62	2.03	72.17	6.65	7.98	53.07	73.5	3	18.1	2
1352.177	35.68	2.04	72.82	6.68	7.96	53.14	73.0	3	18.1	2
1352.237	35.73	2.02	72.18	6.71	7.79	52.30	72.5	3	18.1	2
1352.341	35.76	1.99	71.20	6.74	7.79	52.54	73.8	3	18.1	2
1352.486	35.78	2.01	71.75	6.67	7.88	52.57	73.3	3	18.1	2
1352.546	35.74	2.00	71.53	6.63	7.95	52.65	73.6	3	18.1	2
1352.650	35.71	2.01	71.69	6.69	7.84	52.43	73.1	3	18.1	2
1352.795	35.83	2.03	72.89	6.70	7.79	52.14	71.5	3	18.1	2
1352.855	35.77	2.04	73.14	6.71	7.82	52.47	71.7	3	18.1	2
1352.959	35.83	2.03	72.85	6.71	7.86	52.70	72.3	3	18.1	2
1353.104	35.88	2.01	72.07	6.73	7.75	52.15	72.4	3	18.1	2
1353.164	35.86	2.01	72.00	6.72	7.73	51.96	72.2	3	18.1	2
1353.268	35.86	2.02	72.26	6.73	7.73	52.02	72.0	3	18.1	2
1353.413	35.81	2.03	72.53	6.67	7.83	52.28	72.1	3	18.1	2
1353.473	35.82	1.99	71.42	6.69	7.77	51.97	72.8	3	18.1	2
1353.577	35.86	1.99	71.34	6.69	7.76	51.93	72.8	3	18.1	2
1353.722	35.70	2.00	71.53	6.69	7.79	52.13	72.9	3	18.1	2
1353.782	35.75	2.03	72.43	6.68	7.79	52.01	71.8	3	18.1	2
1353.886	35.83	1.99	71.27	6.72	7.68	51.63	72.4	3	18.1	2
1354.031	35.82	1.98	70.96	6.73	7.70	51.77	73.0	3	18.1	2
1354.091	35.75	2.00	71.36	6.75	7.78	52.48	73.5	3	18.1	2
1354.195	35.67	2.05	73.12	6.71	7.87	52.86	72.3	3	18.1	2
1354.340	35.65	2.02	72.18	6.68	7.89	52.74	73.1	3	18.1	2
1354.400	35.60	2.01	71.72	6.69	7.86	52.60	73.3	3	18.1	2
1354.504	35.61	2.05	72.98	6.67	7.81	52.07	71.3	3	18.1	2
1354.649	35.70	2.06	73.59	6.63	8.00	53.05	72.1	3	18.1	2
1354.709	35.72	2.04	72.90	6.66	7.91	52.73	72.3	3	18.1	2
1354.813	35.62	2.04	72.76	6.64	7.97	52.91	72.7	3	18.1	2
1354.958	35.71	2.01	71.83	6.68	7.84	52.37	72.9	3	18.1	2
1355.018	35.67	2.01	71.86	6.70	7.86	52.67	73.3	3	18.1	2
1355.122	35.71	2.02	72.17	6.69	7.80	52.14	72.2	3	18.1	2
1355.267	35.63	2.06	73.28	6.61	8.11	53.64	73.2	3	18.1	2
1355.327	35.71	2.03	72.47	6.66	7.96	53.01	73.1	3	18.1	2
1355.431	35.68	2.02	72.08	6.69	7.87	52.61	73.0	3	18.1	2
1355.576	35.61	2.06	73.26	6.67	8.01	53.48	73.0	3	18.1	2
1355.636	35.77	2.01	72.06	6.69	7.90	52.84	73.3	3	18.1	2
1355.740	35.68	2.02	72.18	6.67	7.87	52.44	72.7	3	18.1	2
1355.885	35.64	2.04	72.88	6.65	8.08	53.76	73.8	3	18.1	2
1355.945	35.61	2.03	72.23	6.68	7.95	53.10	73.5	3	18.1	2
1356.049	35.57	2.04	72.49	6.66	7.95	52.96	73.1	3	18.1	2
1356.194	35.55	2.06	73.14	6.64	8.00	53.12	72.6	3	18.1	2
1356.254	35.53	2.05	72.71	6.67	7.97	53.17	73.1	3	18.1	2
1356.358	35.74	2.04	72.83	6.69	7.94	53.06	72.9	3	18.1	2
1356.503	35.65	2.06	73.41	6.66	8.02	53.42	72.8	3	18.1	2
1356.563	35.50	2.05	72.64	6.67	8.00	53.34	73.4	3	18.1	2
1356.667	35.50	2.05	72.67	6.65	8.01	53.28	73.3	3	18.1	2
1356.812	35.66	2.08	74.02	6.68	7.99	53.37	72.1	3	18.1	2
1356.872	35.69	2.03	72.59	6.67	7.93	52.89	72.9	3	18.1	2
1356.976	35.68	2.02	72.20	6.67	7.88	52.53	72.7	3	18.1	2
1357.121	35.66	2.08	74.00	6.61	8.11	53.57	72.4	3	18.1	2
1357.181	35.90	2.04	73.25	6.67	7.89	52.62	71.8	3	18.1	2
1357.285	35.75	2.05	73.18	6.63	8.00	53.05	72.5	3	18.1	2
1357.430	35.69	2.05	73.05	6.65	7.99	53.16	72.8	3	18.1	2
1357.490	35.62	2.05	72.89	6.70	7.88	52.78	72.4	3	18.1	2
1357.594	35.73	2.04	72.91	6.66	7.96	53.05	72.8	3	18.1	2
1357.739	35.68	2.01	71.86	6.67	8.02	53.50	74.4	3	18.1	2
1357.799	35.64	2.03	72.20	6.65	8.09	53.81	74.5	3	18.1	2
1357.903	35.61	2.03	72.44	6.69	7.90	52.84	72.9	3	18.1	2
1358.048	35.69	2.06	73.50	6.64	8.14	53.99	73.5	3	18.1	2
1358.108	35.85	2.00	71.64	6.68	7.88	52.68	73.5	3	18.1	2
1358.212	35.72	2.02	72.15	6.69	7.89	52.79	73.2	3	18.1	2
1358.357	35.63	2.05	73.14	6.67	7.95	53.05	72.5	3	18.1	2
1358.417	35.60	2.07	73.74	6.63	8.11	53.77	72.9	3	18.1	2
1358.521	35.58	2.06	73.39	6.62	8.05	53.31	72.6	3	18.1	2
1358.666	35.59	2.10	74.76	6.67	8.10	53.99	72.2	3	18.1	2
1358.726	35.57	2.11	74.94	6.60	8.23	54.34	72.5	3	18.1	2
1358.830	35.61	2.10	74.69	6.59	8.29	54.67	73.2	3	18.1	2
1358.975	35.57	2.12	75.40	6.61	8.20	54.21	71.9	3	18.1	2
1359.035	35.67	2.07	73.93	6.63	8.05	53.34	72.2	3	18.1	2
1359.139	35.74	2.06	73.78	6.61	8.10	53.61	72.7	3	18.1	2
1359.284	35.68	2.09	74.49	6.68	7.96	53.14	71.3	3	18.1	2
1359.344	35.77	2.04	73.15	6.70	7.78	52.15	71.3	3	18.1	2
1359.448	35.71	2.05	73.19	6.73	7.61	51.23	70.0	3	18.1	2
1359.593	35.68	2.07	73.77	6.71	7.77	52.19	70.7	3	18.1	2
1359.653	35.53	2.11	74.91	6.66	8.09	53.84	71.9	3	18.1	2
1359.757	35.63	2.08	74.04	6.64	8.14	54.03	73.0	3	18.1	2
1359.902	35.66	2.07	73.71	6.62	8.18	54.15	73.5	3	18.1	2
1359.962	35.56	2.11	74.89	6.59	8.22	54.12	72.3	3	18.1	2
1360.066	35.66	2.05	72.93	6.66	7.94	52.86	72.5	3	18.1	2
1360.211	35.64	2.02	72.17	6.65	7.95	52.84	73.2	3	18.1	2
1360.271	35.72	2.01	71.96	6.70	7.81	52.35	72.8	3	18.1	2
1360.375	35.64	2.05	73.00	6.73	7.74	52.12	71.4	3	18.1	2
1360.520	35.67	2.08	74.10	6.73	7.76	52.25	70.5	3	18.1	2
1360.580	35.61	2.06	73.34	6.72	7.78	52.30	71.3	3	18.1	2
1360.684	35.50	2.06	73.28	6.66	8.03	53.42	72.9	3	18.1	2
1360.829	35.80	2.04	73.15	6.68	7.85	52.44	71.7	3	18.1	2
1360.889	35.50	2.10	74.67	6.66	7.92	52.77	70.7	3	18.1	2
1360.993	35.49	2.11	74.79	6.66	7.89	52.57	70.3	3	18.1	2
1361.138	35.62	2.08	74.08	6.72	7.80	52.38	70.7	3	18.1	2
1361.198	35.70	2.07	73.83	6.65	7.88	52.41	71.0	3	18.1	2
1361.302	35.70	2.04	72.83	6.63	7.96	52.84	72.6	3	18.1	2
1361.447	35.67	2.03	72.41	6.70	7.77	52.06	71.9	3	18.1	2
1361.507	35.55	2.03	72.23	6.72	7.75	52.05	72.1	3	18.1	2
1361.611	35.56	2.05	72.84	6.65	8.09	53.79	73.9	3	18.1	2
1361.756	35.63	2.09	74.63	6.57	8.37	54.93	73.6	3	18.1	2
1361.816	35.62	2.11	74.99	6.57	8.32	54.71	73.0	3	18.1	2
1361.920	35.52	2.11	75.10	6.61	8.23	54.42	72.5	3	18.1	2
1362.065	35.67	2.07	73.74	6.62	8.13	53.84	73.0	3	18.1	2
1362.125	35.58	2.11	75.08	6.57	8.34	54.77	72.9	3	18.1	2
1362.229	35.57	2.10	74.82	6.57	8.30	54.57	72.9	3	18.1	2
1362.374	35.50	2.09	74.17	6.70	7.91	53.03	71.5	3	18.1	2
1362.434	35.33	2.13	75.33	6.68	7.97	53.25	70.7	3	18.1	2
1362.538	35.34	2.10	74.33	6.75	7.81	52.74	71.0	3	18.1	2
1362.683	35.52	2.13	75.78	6.60	8.32	54.94	72.5	3	18.1	2
1362.743	35.52	2.10	74.61	6.61	8.23	54.37	72.9	3	18.1	2
1362.847	35.44	2.11	74.76	6.59	8.20	54.03	72.3	3	18.1	2
1362.992	35.56	2.10	74.86	6.60	8.23	54.29	72.5	3	18.1	2
1363.052	35.65	2.08	74.32	6.61	8.13	53.76	72.3	3	18.1	2
1363.156	35.57	2.10	74.70	6.56	8.29	54.41	72.8	3	18.1	2
1363.301	35.64	2.10	74.90	6.57	8.28	54.42	72.7	3	18.1	2
1363.361	35.52	2.12	75.32	6.53	8.36	54.62	72.5	3	18.1	2
1363.465	35.56	2.10	74.64	6.56	8.28	54.38	72.9	3	18.1	2
1363.610	35.50	2.11	74.95	6.59	8.21	54.10	72.2	3	18.1	2
1363.670	35.51	2.11	74.83	6.54	8.32	54.47	72.8	3	18.1	2
1363.774	35.69	2.06	73.39	6.67	7.96	53.09	72.3	3	18.1	2
1363.919	35.73	2.08	74.43	6.64	8.11	53.85	72.3	3	18.1	2
1363.979	35.70	2.07	73.87	6.63	8.09	53.65	72.6	3	18.1	2
1364.083	35.60	2.10	74.61	6.58	8.30	54.60	73.2	3	18.1	2
1364.228	35.60	2.07	73.56	6.63	8.10	53.74	73.0	3	18.1	2
1364.288	35.66	2.07	73.81	6.61	8.03	53.14	72.0	3	18.1	2
1364.392	35.63	2.08	74.09	6.64	8.05	53.44	72.1	3	18.1	2
1364.537	35.39	2.10	74.49	6.58	8.26	54.32	72.9	3	18.1	2
1364.597	35.48	2.09	74.06	6.59	8.29	54.58	73.7	3	18.1	2
1364.701	35.47	2.08	73.90	6.66	8.06	53.68	72.6	3	18.1	2
1364.846	35.64	2.04	72.71	6.68	7.90	52.78	72.6	3	18.1	2
1364.906	35.53	2.09	74.09	6.64	8.02	53.23	71.8	3	18.1	2
1365.010	35.54	2.10	74.72	6.59	8.24	54.26	72.6	3	18.1	2
1365.155	35.47	2.12	75.03	6.58	8.27	54.43	72.6	3	18.1	2
1365.215	35.62	2.09	74.43	6.59	8.22	54.17	72.8	3	18.1	2
1365.319	35.71	2.05	73.25	6.65	8.03	53.36	72.8	3	18.1	2
1365.464	35.83	2.06	73.67	6.66	8.00	53.29	72.3	3	18.1	2
1365.524	35.68	2.10	74.99	6.60	8.22	54.25	72.3	3	18.1	2
1365.628	35.72	2.07	73.87	6.60	8.17	53.96	73.0	3	18.1	2
1365.773	35.71	2.07	73.82	6.64	8.07	53.59	72.6	3	18.1	2
1365.833	35.74	2.04	72.81	6.63	7.96	52.76	72.5	3	18.1	2
1365.937	35.49	2.12	75.32	6.58	8.23	54.14	71.9	3	18.1	2
1366.082	35.43	2.13	75.36	6.56	8.34	54.73	72.6	3	18.1	2
1366.142	35.47	2.13	75.39	6.59	8.18	53.93	71.5	3	18.1	2
1366.246	35.51	2.12	75.38	6.56	8.36	54.79	72.7	3	18.1	2
1366.391	35.69	2.09	74.48	6.63	8.15	54.08	72.6	3	18.1	2
1366.451	35.66	2.08	74.11	6.62	8.21	54.35	73.3	3	18.1	2
1366.555	35.60	2.07	73.64	6.64	8.04	53.38	72.5	3	18.1	2
1366.700	35.69	2.11	75.19	6.58	8.24	54.22	72.1	3	18.1	2
1366.760	35.54	2.10	74.55	6.59	8.18	53.94	72.4	3	18.1	2
1366.864	35.55	2.07	73.68	6.59	8.14	53.64	72.8	3	18.1	2
1367.009	35.61	2.09	74.43	6.60	8.17	53.98	72.5	3	18.1	2
1367.069	35.56	2.12	75.51	6.58	8.23	54.17	71.7	3	18.1	2
1367.173	35.39	2.12	75.16	6.58	8.29	54.52	72.5	3	18.1	2
1367.318	35.62	2.07	73.68	6.63	8.09	53.67	72.9	3	18.1	2
1367.378	35.70	2.05	73.08	6.69	7.87	52.62	72.0	3	18.1	2
1367.482	35.55	2.07	73.61	6.64	7.99	53.09	72.1	3	18.1	2
1367.627	35.44	2.14	75.76	6.60	8.27	54.56	72.0	3	18.1	2
1367.687	35.53	2.13	75.51	6.59	8.27	54.49	72.2	3	18.1	2
1367.791	35.61	2.06	73.42	6.65	7.99	53.12	72.4	3	18.1	2
1367.936	35.46	2.11	74.85	6.59	8.23	54.23	72.4	3	18.1	2
1367.996	35.47	2.10	74.65	6.60	8.15	53.82	72.1	3	18.1	2
1368.100	35.58	2.09	74.53	6.63	8.07	53.50	71.8	3	18.1	2
1368.245	35.53	2.11	74.88	6.60	8.16	53.91	72.0	3	18.1	2
1368.305	35.31	2.12	74.73	6.55	8.30	54.35	72.7	3	18.1	2
1368.409	35.67	2.09	74.66	6.61	8.12	53.60	71.8	3	18.1	2
1368.554	35.39	2.13	75.32	6.58	8.26	54.39	72.2	3	18.1	2
1368.614	35.40	2.13	75.32	6.57	8.36	54.93	72.9	3	18.1	2
1368.718	35.58	2.08	74.07	6.61	8.13	53.75	72.6	3	18.1	2
1368.863	35.69	2.09	74.63	6.63	8.12	53.86	72.2	3	18.1	2
1368.923	35.63	2.11	75.01	6.60	8.28	54.63	72.8	3	18.1	2
1369.027	35.38	2.11	74.73	6.59	8.23	54.26	72.6	3	18.1	2
1369.172	35.50	2.10	74.70	6.62	8.17	54.05	72.4	3	18.1	2
1369.232	35.41	2.11	74.74	6.60	8.16	53.89	72.1	3	18.1	2
1369.336	35.39	2.09	74.07	6.62	8.12	53.74	72.5	3	18.1	2
1369.481	35.65	2.07	73.71	6.65	8.03	53.40	72.4	3	18.1	2
1369.541	35.48	2.11	74.85	6.56	8.33	54.68	73.1	3	18.1	2
1369.645	35.57	2.10	74.71	6.57	8.25	54.16	72.5	3	18.1	2
1369.790	35.52	2.10	74.47	6.57	8.20	53.84	72.3	3	18.1	2
1369.850	35.60	2.11	75.17	6.57	8.23	54.07	71.9	3	18.1	2
1369.954	35.56	2.11	74.93	6.61	8.10	53.52	71.4	3	18.1	2
1370.099	35.52	2.09	74.07	6.67	8.14	54.27	73.3	3	18.1	2
1370.159	35.43	2.10	74.46	6.63	8.23	54.58	73.3	3	18.1	2
1370.263	35.54	2.07	73.45	6.64	8.05	53.43	72.7	3	18.1	2
1370.408	35.52	2.09	74.17	6.59	8.17	53.80	72.5	3	18.1	2
1370.468	35.46	2.10	74.55	6.62	8.13	53.81	72.2	3	18.1	2
1370.572	35.53	2.12	75.39	6.58	8.27	54.42	72.2	3	18.1	2
1370.717	35.57	2.10	74.60	6.59	8.24	54.32	72.8	3	18.1	2
1370.777	35.57	2.09	74.41	6.60	8.20	54.13	72.7	3	18.1	2
1370.881	35.51	2.12	75.29	6.56	8.31	54.55	72.5	3	18.1	2
1371.026	35.62	2.12	75.68	6.58	8.29	54.50	72.0	3	18.1	2
1371.086	35.56	2.10	74.79	6.60	8.21	54.20	72.5	3	18.1	2
1371.190	35.45	2.12	75.10	6.58	8.23	54.17	72.1	3	18.1	2
1371.335	35.49	2.11	74.92	6.57	8.28	54.43	72.6	3	18.1	2
1371.395	35.52	2.10	74.48	6.56	8.32	54.59	73.3	3	18.1	2
1371.499	35.50	2.11	74.82	6.59	8.26	54.45	72.8	3	18.1	2
1371.644	35.42	2.11	74.86	6.59	8.20	54.06	72.2	3	18.1	2
1371.704	35.51	2.12	75.10	6.56	8.18	53.67	71.5	3	18.1	2
1371.808	35.63	2.05	73.07	6.61	8.08	53.43	73.1	3	18.1	2
1371.953	35.59	2.13	75.85	6.56	8.26	54.25	71.5	3	18.1	2
1372.013	35.45	2.14	75.82	6.57	8.28	54.43	71.8	3	18.1	2
1372.117	35.49	2.13	75.65	6.56	8.27	54.31	71.8	3	18.1	2
1372.262	35.45	2.10	74.32	6.57	8.33	54.72	73.6	3	18.1	2
1372.322	35.39	2.12	75.02	6.60	8.20	54.11	72.1	3	18.1	2
1372.426	35.40	2.13	75.58	6.58	8.26	54.35	71.9	3	18.1	2
1372.571	35.47	2.14	75.94	6.57	8.29	54.48	71.7	3	18.1	2
1372.631	35.50	2.11	75.07	6.59	8.22	54.18	72.2	3	18.1	2
1372.735	35.53	2.13	75.57	6.57	8.26	54.29	71.8	3	18.1	2
1372.880	35.59	2.09	74.56	6.61	8.16	53.97	72.4	3	18.1	2
1372.940	35.47	2.08	73.84	6.58	8.24	54.25	73.5	3	18.1	2
1373.044	35.54	2.10	74.77	6.59	8.23	54.24	72.5	3	18.1	2
1373.189	35.35	2.09	73.99	6.59	8.17	53.86	72.8	3	18.1	2
1373.249	35.31	2.13	75.25	6.52	8.35	54.46	72.4	3	18.1	2
1373.353	35.30	2.14	75.67	6.54	8.39	54.87	72.5	3	18.1	2
1373.498	35.37	2.13	75.42	6.56	8.31	54.57	72.4	3	18.1	2
1373.558	35.42	2.10	74.44	6.57	8.24	54.13	72.7	3	18.1	2
1373.662	35.49	2.11	75.03	6.58	8.16	53.71	71.6	3	18.1	2
1373.807	35.48	2.13	75.43	6.58	8.21	54.07	71.7	3	18.1	2
1373.867	35.49	2.10	74.40	6.60	8.18	53.99	72.6	3	18.1	2
1373.971	35.60	2.08	74.08	6.63	8.11	53.82	72.7	3	18.1	2
1374.116	35.37	2.12	75.13	6.55	8.37	54.79	72.9	3	18.1	2
1374.176	35.42	2.10	74.43	6.57	8.22	54.00	72.6	3	18.1	2
1374.280	35.50	2.12	75.34	6.57	8.27	54.33	72.1	3	18.1	2
1374.425	35.50	2.12	75.09	6.57	8.24	54.15	72.1	3	18.1	2
1374.485	35.52	2.11	74.78	6.59	8.20	54.02	72.2	3	18.1	2
1374.589	35.46	2.10	74.55	6.57	8.20	53.92	72.3	3	18.1	2
1374.734	35.45	2.13	75.48	6.58	8.33	54.82	72.6	3	18.1	2
1374.794	35.53	2.12	75.22	6.58	8.25	54.25	72.1	3	18.1	2
1374.898	35.36	2.13	75.38	6.58	8.30	54.60	72.4	3	18.1	2
1375.043	35.60	2.10	74.85	6.62	8.15	53.96	72.1	3	18.1	2
1375.103	35.51	2.12	75.23	6.57	8.30	54.55	72.5	3	18.1	2
1375.207	35.52	2.10	74.48	6.60	8.15	53.82	72.3	3	18.1	2
1375.352	35.55	2.11	75.17	6.62	8.20	54.34	72.3	3	18.1	2
1375.412	35.48	2.13	75.44	6.61	8.21	54.27	71.9	3	18.1	2
1375.516	35.48	2.12	75.18	6.59	8.24	54.28	72.2	3	18.1	2
1375.661	35.50	2.12	75.17	6.58	8.37	55.06	73.2	3	18.1	2
1375.721	35.46	2.11	74.90	6.58	8.28	54.48	72.7	3	18.1	2
1375.825	35.39	2.13	75.44	6.55	8.32	54.53	72.3	3	18.1	2
1375.970	35.43	2.14	75.88	6.54	8.36	54.66	72.0	3	18.1	2
1376.030	35.43	2.12	75.16	6.57	8.28	54.45	72.4	3	18.1	2
1376.134	35.47	2.11	74.83	6.57	8.20	53.86	72.0	3	18.1	2
1376.279	35.32	2.14	75.67	6.54	8.36	54.73	72.3	3	18.1	2
1376.339	35.34	2.13	75.21	6.55	8.35	54.71	72.7	3	18.1	2
1376.443	35.40	2.14	75.67	6.52	8.38	54.62	72.2	3	18.1	2
1376.588	35.50	2.12	75.27	6.56	8.26	54.17	72.0	3	18.1	2
1376.648	35.61	2.10	74.85	6.61	8.18	54.10	72.3	3	18.1	2
1376.752	35.29	2.13	75.33	6.55	8.30	54.42	72.2	3	18.1	2
1376.897	35.45	2.11	74.92	6.56	8.25	54.13	72.3	3	18.1	2
1376.957	35.43	2.11	74.93	6.56	8.28	54.32	72.5	3	18.1	2
1377.061	35.47	2.13	75.40	6.56	8.34	54.70	72.5	3	18.1	2
1377.206	35.37	2.14	75.62	6.58	8.25	54.31	71.8	3	18.1	2
1377.266	35.28	2.13	75.27	6.55	8.32	54.55	72.5	3	18.1	2
1377.370	35.28	2.12	74.86	6.57	8.29	54.47	72.8	3	18.1	2
1377.515	35.48	2.14	75.82	6.59	8.27	54.47	71.8	3	18.1	2
1377.575	35.40	2.16	76.60	6.53	8.43	55.06	71.9	3	18.1	2
1377.679	35.44	2.12	75.02	6.56	8.29	54.38	72.5	3	18.1	2
1377.824	35.36	2.16	76.27	6.50	8.54	55.51	72.8	3	18.1	2
1377.884	35.40	2.12	74.92	6.55	8.33	54.56	72.8	3	18.1	2
1377.988	35.49	2.16	76.57	6.50	8.43	54.82	71.6	3	18.1	2
1378.133	35.59	2.12	75.49	6.56	8.22	53.89	71.4	3	18.1	2
1378.193	35.58	2.10	74.66	6.56	8.19	53.75	72.0	3	18.1	2
1378.297	35.34	2.12	74.90	6.55	8.25	54.06	72.2	3	18.1	2
1378.442	35.42	2.13	75.57	6.57	8.27	54.34	71.9	3	18.1	2
1378.502	35.42	2.12	75.02	6.61	8.14	53.86	71.8	3	18.1	2
1378.606	35.35	2.14	75.55	6.53	8.44	55.11	72.9	3	18.1	2
1378.751	35.34	2.14	75.70	6.55	8.33	54.54	72.1	3	18.1	2
1378.811	35.49	2.12	75.08	6.58	8.20	53.92	71.8	3	18.1	2
1378.915	35.40	2.14	75.91	6.56	8.26	54.17	71.4	3	18.1	2
1379.060	35.43	2.13	75.42	6.56	8.35	54.75	72.6	3	18.1	2
1379.120	35.33	2.15	75.85	6.53	8.42	55.02	72.5	3	18.1	2
1379.224	35.39	2.15	76.11	6.51	8.47	55.13	72.4	3	18.1	2
1379.369	35.50	2.16	76.57	6.55	8.33	54.58	71.3	3	18.1	2
1379.429	35.46	2.14	76.00	6.52	8.40	54.74	72.0	3	18.1	2
1379.533	35.51	2.11	74.84	6.56	8.26	54.18	72.4	3	18.1	2
1379.678	35.46	2.12	75.16	6.58	8.31	54.65	72.7	3	18.1	2
1379.738	35.39	2.15	76.21	6.51	8.47	55.12	72.3	3	18.1	2
1379.842	35.44	2.13	75.49	6.56	8.26	54.14	71.7	3	18.1	2
1379.987	35.46	2.14	75.78	6.52	8.43	54.95	72.5	3	18.1	2
1380.047	35.51	2.12	75.43	6.56	8.32	54.58	72.4	3	18.1	2
1380.151	35.46	2.16	76.49	6.54	8.30	54.25	70.9	3	18.1	2
1380.296	35.56	2.14	76.02	6.57	8.28	54.37	71.5	3	18.1	2
1380.356	35.54	2.12	75.44	6.59	8.22	54.19	71.8	3	18.1	2
1380.460	35.32	2.14	75.46	6.55	8.31	54.46	72.2	3	18.1	2
1380.605	35.49	2.13	75.51	6.55	8.36	54.73	72.5	3	18.1	2
1380.665	35.53	2.13	75.68	6.55	8.29	54.30	71.7	3	18.1	2
1380.769	35.43	2.14	75.99	6.54	8.31	54.32	71.5	3	18.1	2
1380.914	35.27	2.14	75.32	6.53	8.33	54.36	72.2	3	18.1	2
1380.974	35.30	2.14	75.72	6.53	8.35	54.51	72.0	3	18.1	2
1381.078	35.39	2.17	76.93	6.49	8.48	55.08	71.6	3	18.1	2
1381.223	35.44	2.14	75.77	6.56	8.33	54.69	72.2	3	18.1	2
1381.283	35.37	2.13	75.27	6.52	8.39	54.74	72.7	3	18.1	2
1381.387	35.28	2.15	76.00	6.54	8.39	54.85	72.2	3	18.1	2
1381.532	35.39	2.13	75.32	6.58	8.17	53.78	71.4	3	18.1	2
1381.592	35.13	2.15	75.62	6.52	8.42	54.91	72.6	3	18.1	2
1381.696	35.39	2.12	74.96	6.55	8.24	53.94	72.0	3	18.1	2
1381.841	35.45	2.14	75.73	6.56	8.30	54.45	71.9	3	18.1	2
1381.901	35.42	2.15	76.09	6.55	8.34	54.65	71.8	3	18.1	2
1382.005	35.44	2.13	75.63	6.58	8.26	54.36	71.9	3	18.1	2
1382.150	35.30	2.15	75.93	6.51	8.45	54.94	72.4	3	18.1	2
1382.210	35.23	2.14	75.27	6.52	8.35	54.48	72.4	3	18.1	2
1382.314	35.28	2.14	75.33	6.53	8.42	55.00	73.0	3	18.1	2
1382.459	35.48	2.14	76.09	6.53	8.38	54.70	71.9	3	18.1	2
1382.519	35.48	2.12	75.17	6.53	8.37	54.64	72.7	3	18.1	2
1382.623	35.45	2.12	75.28	6.53	8.37	54.69	72.6	3	18.1	2
1382.768	35.44	2.15	76.13	6.52	8.40	54.76	71.9	3	18.1	2
1382.828	35.43	2.15	76.10	6.53	8.43	55.00	72.3	3	18.1	2
1382.932	35.48	2.10	74.68	6.58	8.17	53.75	72.0	3	18.1	2
1383.077	35.50	2.13	75.65	6.52	8.42	54.91	72.6	3	18.1	2
1383.137	35.41	2.13	75.40	6.53	8.33	54.43	72.2	3	18.1	2
1383.241	35.50	2.11	74.90	6.54	8.30	54.31	72.5	3	18.1	2
1383.386	35.47	2.12	75.27	6.50	8.38	54.48	72.4	3	18.1	2
1383.446	35.36	2.13	75.46	6.50	8.50	55.29	73.3	3	18.1	2
1383.550	35.51	2.12	75.21	6.57	8.24	54.16	72.0	3	18.1	2
1383.695	35.40	2.16	76.28	6.56	8.27	54.23	71.1	3	18.1	2
1383.755	35.31	2.15	75.94	6.56	8.23	54.06	71.2	3	18.1	2
1383.859	35.14	2.17	76.19	6.51	8.40	54.67	71.8	3	18.1	2
1384.004	35.42	2.13	75.55	6.56	8.21	53.89	71.3	3	18.1	2
1384.064	35.31	2.13	75.37	6.53	8.30	54.15	71.8	3	18.1	2
1384.168	35.36	2.16	76.35	6.52	8.42	54.88	71.9	3	18.1	2
1384.313	35.48	2.17	76.89	6.56	8.34	54.68	71.1	3	18.1	2
1384.373	35.42	2.15	76.27	6.57	8.29	54.43	71.4	3	18.1	2
1384.477	35.45	2.15	76.05	6.56	8.29	54.39	71.5	3	18.1	2
1384.622	35.36	2.16	76.40	6.53	8.43	55.05	72.1	3	18.1	2
1384.682	35.35	2.15	76.11	6.54	8.38	54.76	71.9	3	18.1	2
1384.786	35.40	2.16	76.36	6.54	8.43	55.17	72.2	3	18.1	2
1384.931	35.46	2.14	75.73	6.54	8.26	54.03	71.3	3	18.1	2
1384.991	35.47	2.11	74.90	6.55	8.24	53.94	72.0	3	18.1	2
1385.095	35.45	2.12	75.17	6.51	8.38	54.53	72.5	3	18.1	2
1385.240	35.47	2.14	76.07	6.54	8.34	54.57	71.7	3	18.1	2
1385.300	35.48	2.11	74.88	6.58	8.22	54.09	72.2	3	18.1	2
1385.404	35.45	2.09	74.21	6.58	8.16	53.74	72.4	3	18.1	2
1385.549	35.31	2.15	76.02	6.57	8.23	54.07	71.1	3	18.1	2
1385.609	35.33	2.12	75.07	6.58	8.24	54.24	72.3	3	18.1	2
1385.713	35.38	2.12	75.14	6.58	8.23	54.10	72.0	3	18.1	2
1385.858	35.41	2.14	75.84	6.51	8.33	54.29	71.6	3	18.1	2
1385.918	35.35	2.14	75.54	6.56	8.22	53.98	71.5	3	18.1	2
1386.022	35.43	2.11	74.60	6.58	8.13	53.50	71.7	3	18.1	2
1386.167	35.45	2.10	74.49	6.57	8.26	54.29	72.9	3	18.1	2
1386.227	35.33	2.12	74.90	6.53	8.32	54.36	72.6	3	18.1	2
1386.331	35.33	2.10	74.34	6.55	8.26	54.08	72.8	3	18.1	2
1386.476	35.35	2.11	74.72	6.58	8.26	54.39	72.8	3	18.1	2
1386.536	35.38	2.11	74.75	6.58	8.19	53.92	72.1	3	18.1	2
1386.640	35.31	2.14	75.41	6.53	8.36	54.62	72.4	3	18.1	2
1386.785	35.33	2.15	76.12	6.51	8.48	55.17	72.5	3	18.1	2
1386.845	35.45	2.12	75.03	6.55	8.27	54.20	72.2	3	18.1	2
1386.949	35.32	2.14	75.64	6.58	8.27	54.42	71.9	3	18.1	2
1387.094	35.49	2.14	76.08	6.58	8.23	54.17	71.2	3	18.1	2
1387.154	35.31	2.12	74.79	6.58	8.21	54.01	72.2	3	18.1	2
1387.258	35.27	2.14	75.61	6.54	8.35	54.59	72.2	3	18.1	2
1387.403	35.35	2.13	75.32	6.53	8.48	55.33	73.4	3	18.1	2
1387.463	35.35	2.15	76.06	6.54	8.46	55.29	72.7	3	18.1	2
1387.567	35.41	2.14	75.60	6.59	8.25	54.40	72.0	3	18.1	2
1387.712	35.35	2.14	75.75	6.51	8.44	54.94	72.5	3	18.1	2
1387.772	35.47	2.12	75.14	6.57	8.26	54.26	72.2	3	18.1	2
1387.876	35.35	2.13	75.33	6.57	8.30	54.52	72.4	3	18.1	2
1388.021	35.43	2.13	75.51	6.61	8.25	54.52	72.2	3	18.1	2
1388.081	35.57	2.10	74.71	6.62	8.08	53.54	71.7	3	18.1	2
1388.185	35.54	2.13	75.72	6.56	8.25	54.11	71.5	3	18.1	2
1388.330	35.45	2.13	75.65	6.56	8.27	54.31	71.8	3	18.1	2
1388.390	35.51	2.11	75.00	6.58	8.24	54.22	72.3	3	18.1	2
1388.494	35.44	2.14	75.67	6.59	8.21	54.10	71.5	3	18.1	2
1388.639	35.39	2.12	75.13	6.56	8.25	54.13	72.0	3	18.1	2
1388.699	35.48	2.12	75.24	6.55	8.31	54.44	72.4	3	18.1	2
1388.803	35.33	2.12	74.80	6.54	8.32	54.39	72.7	3	18.1	2
1388.948	35.35	2.14	75.72	6.54	8.45	55.23	72.9	3	18.1	2
1389.008	35.45	2.13	75.58	6.56	8.34	54.69	72.4	3	18.1	2
1389.112	35.56	2.12	75.37	6.57	8.29	54.40	72.2	3	18.1	2
1389.257	35.39	2.14	75.76	6.54	8.35	54.66	72.1	3	18.1	2
1389.317	35.46	2.11	74.84	6.56	8.22	53.92	72.1	3	18.1	2
1389.421	35.62	2.08	74.13	6.62	8.11	53.74	72.5	3	18.1	2
1389.566	35.50	2.10	74.44	6.59	8.21	54.14	72.7	3	18.1	2
1389.626	35.46	2.09	73.99	6.56	8.24	54.07	73.1	3	18.1	2
1389.730	35.54	2.10	74.58	6.56	8.19	53.71	72.0	3	18.1	2
1389.875	35.51	2.12	75.36	6.55	8.32	54.47	72.3	3	18.1	2
1389.935	35.51	2.13	75.66	6.57	8.28	54.39	71.9	3	18.1	2
1390.039	35.44	2.15	76.03	6.56	8.33	54.62	71.8	3	18.1	2
1390.184	35.43	2.14	75.83	6.57	8.35	54.87	72.4	3	18.1	2
1390.244	35.44	2.13	75.56	6.57	8.28	54.45	72.1	3	18.1	2
1390.348	35.22	2.13	75.11	6.55	8.37	54.84	73.0	3	18.1	2
1390.493	35.62	2.10	74.72	6.62	8.12	53.71	71.9	3	18.1	2
1390.553	35.46	2.14	75.86	6.54	8.36	54.63	72.0	3	18.1	2
1390.657	35.24	2.15	75.72	6.55	8.33	54.52	72.0	3	18.1	2
1390.802	35.50	2.10	74.38	6.54	8.18	53.49	71.9	3	18.1	2
1390.862	35.46	2.11	74.69	6.52	8.29	54.00	72.3	3	18.1	2
1390.966	35.64	2.08	74.24	6.59	8.13	53.56	72.2	3	18.1	2
1391.111	35.53	2.12	75.37	6.56	8.26	54.19	71.9	3	18.1	2
1391.171	35.55	2.10	74.51	6.60	8.17	53.89	72.3	3	18.1	2
1391.275	35.43	2.12	75.18	6.57	8.23	54.07	71.9	3	18.1	2
1391.420	35.38	2.12	74.86	6.53	8.31	54.25	72.5	3	18.1	2
1391.480	35.41	2.12	75.00	6.55	8.22	53.90	71.9	3	18.1	2
1391.584	35.46	2.14	75.82	6.56	8.31	54.58	72.0	3	18.1	2
1391.729	35.54	2.13	75.79	6.56	8.36	54.87	72.4	3	18.1	2
1391.789	35.52	2.09	74.33	6.61	8.18	54.06	72.7	3	18.1	2
1391.893	35.43	2.14	75.73	6.61	8.22	54.31	71.7	3	18.1	2
1392.038	35.48	2.11	74.77	6.58	8.24	54.20	72.5	3	18.1	2
1392.098	35.48	2.12	75.16	6.58	8.26	54.35	72.3	3	18.1	2
1392.202	35.54	2.08	74.03	6.61	8.13	53.74	72.6	3	18.1	2
1392.347	35.48	2.10	74.34	6.57	8.23	54.12	72.8	3	18.1	2
1392.407	35.44	2.12	75.27	6.55	8.34	54.59	72.5	3	18.1	2
1392.511	35.27	2.13	75.23	6.55	8.34	54.57	72.5	3	18.1	2
1392.656	35.32	2.12	75.01	6.57	8.28	54.41	72.5	3	18.1	2
1392.716	35.41	2.12	75.05	6.56	8.31	54.51	72.6	3	18.1	2
1392.820	35.39	2.11	74.56	6.55	8.34	54.66	73.3	3	18.1	2
1392.965	35.58	2.12	75.48	6.61	8.22	54.32	72.0	3	18.1	2
1393.025	35.52	2.12	75.32	6.58	8.26	54.39	72.2	3	18.1	2
1393.129	35.47	2.11	74.75	6.57	8.32	54.67	73.1	3	18.1	2
1393.274	35.45	2.15	76.34	6.56	8.33	54.60	71.5	3	18.1	2
1393.334	35.56	2.11	75.18	6.59	8.22	54.17	72.1	3	18.1	2
1393.438	35.37	2.12	74.83	6.56	8.36	54.84	73.3	3	18.1	2
1393.583	35.32	2.14	75.76	6.57	8.27	54.36	71.7	3	18.1	2
1393.643	35.38	2.13	75.32	6.56	8.32	54.58	72.5	3	18.1	2
1393.747	35.40	2.16	76.40	6.54	8.35	54.66	71.5	3	18.1	2
1393.892	35.58	2.10	74.61	6.59	8.17	53.80	72.1	3	18.1	2
1393.952	35.48	2.14	75.87	6.56	8.30	54.43	71.7	3	18.1	2
1394.056	35.41	2.12	75.00	6.58	8.22	54.05	72.1	3	18.1	2
1394.201	35.49	2.10	74.65	6.55	8.18	53.59	71.8	3	18.1	2
1394.261	35.39	2.13	75.33	6.52	8.35	54.47	72.3	3	18.1	2
1394.365	35.42	2.14	75.71	6.55	8.30	54.42	71.9	3	18.1	2
1394.510	35.35	2.15	76.04	6.52	8.38	54.66	71.9	3	18.1	2
1394.570	35.43	2.10	74.46	6.54	8.28	54.15	72.7	3	18.1	2
1394.674	35.45	2.15	76.04	6.50	8.50	55.26	72.7	3	18.1	2
1394.819	35.34	2.14	75.54	6.54	8.34	54.52	72.2	3	18.1	2
1394.879	35.62	2.10	74.79	6.57	8.23	54.06	72.3	3	18.1	2
1394.983	35.44	2.13	75.50	6.54	8.34	54.55	72.3	3	18.1	2
1395.128	35.44	2.13	75.56	6.56	8.28	54.30	71.9	3	18.1	2
1395.188	35.43	2.16	76.61	6.53	8.34	54.49	71.1	3	18.1	2
1395.292	35.43	2.14	75.76	6.57	8.20	53.82	71.0	3	18.1	2
1395.437	35.34	2.14	75.52	6.53	8.33	54.45	72.1	3	18.1	2
1395.497	35.36	2.13	75.45	6.52	8.32	54.25	71.9	3	18.1	2
1395.601	35.35	2.12	75.11	6.54	8.28	54.14	72.1	3	18.1	2
1395.746	35.38	2.13	75.34	6.57	8.25	54.21	72.0	3	18.1	2
1395.806	35.36	2.13	75.31	6.56	8.34	54.65	72.6	3	18.1	2
1395.910	35.36	2.12	75.09	6.57	8.23	54.08	72.0	3	18.1	2
1396.055	35.50	2.11	75.07	6.56	8.22	53.88	71.8	3	18.1	2
1396.115	35.35	2.13	75.21	6.56	8.27	54.25	72.1	3	18.1	2
1396.219	35.41	2.11	74.68	6.57	8.23	54.07	72.4	3	18.1	2
1396.364	35.58	2.14	76.31	6.53	8.36	54.63	71.6	3	18.1	2
1396.424	35.49	2.12	75.26	6.53	8.34	54.49	72.4	3	18.1	2
1396.528	35.46	2.13	75.59	6.56	8.37	54.92	72.7	3	18.1	2
1396.673	35.39	2.14	75.75	6.53	8.46	55.28	73.0	3	18.1	2
1396.733	35.40	2.11	74.70	6.55	8.27	54.19	72.5	3	18.1	2
1396.837	35.46	2.13	75.45	6.55	8.26	54.11	71.7	3	18.1	2
1396.982	35.47	2.15	76.22	6.50	8.48	55.12	72.3	3	18.1	2
1397.042	35.52	2.11	74.99	6.56	8.30	54.44	72.6	3	18.1	2
1397.146	35.51	2.09	74.16	6.56	8.19	53.71	72.4	3	18.1	2
1397.291	35.42	2.16	76.34	6.53	8.44	55.11	72.2	3	18.1	2
1397.351	35.48	2.14	75.91	6.54	8.33	54.44	71.7	3	18.1	2
1397.455	35.34	2.15	76.04	6.53	8.39	54.73	72.0	3	18.1	2
1397.600	35.56	2.12	75.32	6.54	8.34	54.59	72.5	3	18.1	2
1397.660	35.49	2.12	75.07	6.50	8.47	55.02	73.3	3	18.1	2
1397.764	35.33	2.15	75.80	6.57	8.39	55.09	72.7	3	18.1	2
1397.909	35.49	2.11	74.91	6.58	8.31	54.72	73.0	3	18.1	2
1397.969	35.40	2.15	76.25	6.56	8.37	54.91	72.0	3	18.1	2
1398.073	35.31	2.11	74.39	6.56	8.30	54.43	73.2	3	18.1	2
1398.218	35.40	2.11	74.64	6.61	8.15	53.87	72.2	3	18.1	2
1398.278	35.35	2.13	75.16	6.56	8.30	54.51	72.5	3	18.1	2
1398.382	35.25	2.14	75.34	6.55	8.31	54.42	72.2	3	18.1	2
1398.527	35.47	2.12	75.31	6.49	8.41	54.64	72.6	3	18.1	2
1398.587	35.43	2.12	75.06	6.52	8.34	54.34	72.4	3	18.1	2
1398.691	35.38	2.12	75.11	6.55	8.31	54.43	72.5	3	18.1	2
1398.836	35.49	2.10	74.51	6.58	8.20	53.95	72.4	3	18.1	2
1398.896	35.39	2.13	75.31	6.55	8.33	54.56	72.5	3	18.1	2
1399.000	35.36	2.12	75.10	6.54	8.34	54.58	72.7	3	18.1	2
1399.145	35.31	2.14	75.75	6.49	8.42	54.65	72.1	3	18.1	2
1399.205	35.48	2.09	74.28	6.57	8.19	53.80	72.4	3	18.1	2
1399.309	35.47	2.09	74.23	6.58	8.21	54.00	72.7	3	18.1	2
1399.454	35.36	2.14	75.59	6.51	8.40	54.67	72.3	3	18.1	2
1399.514	35.40	2.14	75.61	6.56	8.26	54.14	71.6	3	18.1	2
1399.618	35.42	2.13	75.49	6.57	8.31	54.56	72.3	3	18.1	2
1399.763	35.46	2.14	75.93	6.54	8.26	53.96	71.1	3	18.1	2
1399.823	35.50	2.13	75.58	6.56	8.24	54.03	71.5	3	18.1	2
1399.927	35.64	2.10	74.93	6.60	8.21	54.16	72.3	3	18.1	2
1400.072	35.37	2.16	76.30	6.50	8.44	54.87	71.9	3	18.1	2
1400.132	35.38	2.14	75.63	6.52	8.33	54.31	71.8	3	18.1	2
1400.236	35.25	2.13	75.05	6.55	8.38	54.89	73.1	3	18.1	2
1400.381	35.37	2.13	75.34	6.52	8.34	54.36	72.2	3	18.1	2
1400.441	35.31	2.13	75.09	6.54	8.36	54.64	72.8	3	18.1	2
1400.545	35.34	2.15	75.96	6.51	8.51	55.40	72.9	3	18.1	2
1400.690	35.55	2.14	75.92	6.52	8.42	54.89	72.3	3	18.1	2
1400.750	35.49	2.13	75.60	6.53	8.33	54.39	72.0	3	18.1	2
1400.854	35.40	2.15	76.15	6.52	8.33	54.33	71.3	3	18.1	2
1400.999	35.50	2.14	76.08	6.52	8.34	54.42	71.5	3	18.1	2
1401.059	35.41	2.14	75.66	6.57	8.28	54.46	72.0	3	18.1	2
1401.163	35.41	2.11	74.87	6.56	8.22	53.92	72.0	3	18.1	2
1401.308	35.42	2.12	75.17	6.56	8.23	54.00	71.8	3	18.1	2
1401.368	35.37	2.17	76.63	6.52	8.39	54.65	71.3	3	18.1	2
1401.472	35.36	2.13	75.29	6.54	8.25	53.98	71.7	3	18.1	2
1401.617	35.35	2.12	74.92	6.53	8.36	54.57	72.8	3	18.1	2
1401.677	35.34	2.13	75.24	6.52	8.38	54.71	72.7	3	18.1	2
1401.781	35.42	2.11	74.82	6.56	8.19	53.75	71.8	3	18.1	2
1401.926	35.37	2.12	74.83	6.54	8.25	53.92	72.1	3	18.1	2
1401.986	35.42	2.10	74.54	6.52	8.33	54.33	72.9	3	18.1	2
1402.090	35.32	2.14	75.60	6.54	8.40	54.89	72.6	3	18.1	2
1402.235	35.45	2.15	76.16	6.50	8.46	55.01	72.2	3	18.1	2
1402.295	35.43	2.12	74.94	6.52	8.42	54.86	73.2	3	18.1	2
1402.399	35.40	2.14	75.64	6.51	8.41	54.75	72.4	3	18.1	2
1402.544	35.36	2.13	75.25	6.52	8.41	54.86	72.9	3	18.1	2
1402.604	35.47	2.08	73.87	6.59	8.16	53.76	72.8	3	18.1	2
1402.708	35.45	2.11	74.64	6.57	8.28	54.37	72.8	3	18.1	2
1402.853	35.52	2.13	75.71	6.53	8.37	54.69	72.2	3	18.1	2
1402.913	35.45	2.12	75.00	6.55	8.27	54.17	72.2	3	18.1	2
1403.017	35.46	2.12	75.07	6.54	8.23	53.81	71.7	3	18.1	2
1403.162	35.66	2.12	75.63	6.52	8.28	54.02	71.4	3	18.1	2
1403.222	35.50	2.14	76.13	6.51	8.34	54.26	71.3	3	18.1	2
1403.326	35.41	2.13	75.41	6.55	8.27	54.16	71.8	3	18.1	2
1403.471	35.66	2.11	75.23	6.55	8.24	53.99	71.8	3	18.1	2
1403.531	35.45	2.15	76.23	6.51	8.36	54.41	71.4	3	18.1	2
1403.635	35.46	2.12	75.34	6.54	8.27	54.09	71.8	3	18.1	2
1403.780	35.37	2.13	75.19	6.52	8.31	54.13	72.0	3	18.1	2
1403.840	35.49	2.11	75.02	6.54	8.28	54.15	72.2	3	18.1	2
1403.944	35.39	2.14	75.58	6.55	8.29	54.34	71.9	3	18.1	2
1404.089	35.53	2.15	76.44	6.52	8.41	54.81	71.7	3	18.1	2
1404.149	35.59	2.12	75.51	6.54	8.34	54.50	72.2	3	18.1	2
1404.253	35.51	2.13	75.47	6.52	8.32	54.28	71.9	3	18.1	2
1404.398	35.35	2.14	75.80	6.54	8.37	54.70	72.2	3	18.1	2
1404.458	35.34	2.14	75.73	6.53	8.36	54.57	72.1	3	18.1	2
1404.562	35.39	2.13	75.47	6.52	8.40	54.79	72.6	3	18.1	2
1404.707	35.63	2.11	75.04	6.55	8.30	54.33	72.4	3	18.1	2
1404.767	35.51	2.12	75.25	6.54	8.33	54.43	72.3	3	18.1	2
1404.871	35.49	2.12	75.10	6.57	8.22	53.99	71.9	3	18.1	2
1405.016	35.46	2.13	75.46	6.55	8.33	54.54	72.3	3	18.1	2
1405.076	35.53	2.08	74.08	6.60	8.10	53.46	72.2	3	18.1	2
1405.180	35.29	2.11	74.43	6.59	8.22	54.19	72.8	3	18.1	2
1405.325	35.37	2.15	76.21	6.53	8.43	55.02	72.2	3	18.1	2
1405.385	35.26	2.14	75.45	6.54	8.33	54.50	72.2	3	18.1	2
1405.489	35.25	2.14	75.53	6.53	8.43	55.01	72.8	3	18.1	2
1405.634	35.34	2.15	76.08	6.52	8.39	54.73	71.9	3	18.1	2
1405.694	35.40	2.13	75.31	6.55	8.26	54.11	71.9	3	18.1	2
1405.798	35.39	2.12	75.11	6.59	8.21	54.03	71.9	3	18.1	2
1405.943	35.30	2.15	76.04	6.54	8.37	54.69	71.9	3	18.1	2
1406.003	35.33	2.14	75.68	6.57	8.24	54.17	71.6	3	18.1	2
1406.107	35.27	2.14	75.42	6.53	8.33	54.42	72.2	3	18.1	2
1406.252	35.35	2.15	76.15	6.52	8.38	54.66	71.8	3	18.1	2
1406.312	35.52	2.12	75.47	6.54	8.31	54.36	72.0	3	18.1	2
1406.416	35.46	2.12	75.06	6.58	8.15	53.62	71.4	3	18.1	2
1406.561	35.49	2.13	75.56	6.49	8.45	54.82	72.6	3	18.1	2
1406.621	35.42	2.14	75.84	6.52	8.44	55.01	72.5	3	18.1	2
1406.725	35.36	2.14	75.59	6.55	8.31	54.50	72.1	3	18.1	2
1406.870	35.30	2.12	74.76	6.53	8.30	54.24	72.6	3	18.1	2
1406.930	35.32	2.10	74.29	6.57	8.16	53.59	72.1	3	18.1	2
1407.034	35.27	2.11	74.43	6.53	8.24	53.80	72.3	3	18.1	2
1407.179	35.20	2.13	74.87	6.51	8.35	54.33	72.6	3	18.1	2
1407.239	35.15	2.15	75.39	6.49	8.40	54.47	72.3	3	18.1	2
1407.343	35.29	2.13	75.34	6.58	8.20	53.94	71.6	3	18.1	2
1407.488	35.35	2.14	75.55	6.53	8.34	54.40	72.0	3	18.1	2
1407.548	35.35	2.13	75.35	6.51	8.28	53.92	71.6	3	18.1	2
1407.652	35.47	2.09	74.14	6.55	8.16	53.48	72.1	3	18.1	2
1407.797	35.46	2.11	74.90	6.57	8.26	54.22	72.4	3	18.1	2
1407.857	35.37	2.14	75.78	6.55	8.31	54.47	71.9	3	18.1	2
1407.961	35.41	2.12	74.98	6.53	8.33	54.42	72.6	3	18.1	2
1408.106	35.29	2.09	73.85	6.55	8.34	54.66	74.0	3	18.1	2
1408.166	35.34	2.13	75.41	6.53	8.42	54.94	72.9	3	18.1	2
1408.270	35.39	2.11	74.80	6.53	8.37	54.62	73.0	3	18.1	2
1408.415	35.41	2.11	74.81	6.57	8.30	54.57	72.9	3	18.1	2
1408.475	35.25	2.12	74.63	6.54	8.31	54.37	72.9	3	18.1	2
1408.579	35.32	2.12	74.97	6.55	8.30	54.35	72.5	3	18.1	2
1408.724	35.45	2.12	75.26	6.55	8.31	54.44	72.3	3	18.1	2
1408.784	35.40	2.12	74.93	6.56	8.25	54.07	72.2	3	18.1	2
1408.888	35.50	2.08	73.93	6.59	8.08	53.29	72.1	3	18.1	2
1409.033	35.53	2.12	75.24	6.57	8.25	54.23	72.1	3	18.1	2
1409.093	35.46	2.12	75.09	6.54	8.35	54.65	72.8	3	18.1	2
1409.197	35.35	2.10	74.18	6.57	8.17	53.67	72.3	3	18.1	2
1409.342	35.42	2.10	74.45	6.55	8.18	53.64	72.0	3	18.1	2
1409.402	35.30	2.14	75.48	6.52	8.27	53.90	71.4	3	18.1	2
1409.506	35.37	2.14	75.56	6.56	8.21	53.83	71.2	3	18.1	2
1409.651	35.47	2.13	75.43	6.52	8.34	54.34	72.0	3	18.1	2
1409.711	35.41	2.11	74.88	6.56	8.23	53.96	72.1	3	18.1	2
1409.815	35.38	2.12	75.02	6.56	8.21	53.87	71.8	3	18.1	2
1409.960	35.41	2.10	74.32	6.61	8.24	54.50	73.3	3	18.1	2
1410.020	35.29	2.10	74.28	6.59	8.28	54.61	73.5	3	18.1	2
1410.124	35.44	2.08	73.74	6.60	8.12	53.59	72.7	3	18.1	2
1410.269	35.38	2.13	75.29	6.51	8.37	54.51	72.4	3	18.1	2
1410.329	35.51	2.09	74.14	6.56	8.15	53.47	72.1	3	18.1	2
1410.433	35.46	2.11	74.68	6.57	8.18	53.77	72.0	3	18.1	2
1410.578	35.51	2.12	75.35	6.52	8.24	53.76	71.3	3	18.1	2
1410.638	35.69	2.07	74.00	6.60	8.08	53.30	72.0	3	18.1	2
1410.742	35.56	2.08	73.92	6.62	8.06	53.35	72.2	3	18.1	2
1410.887	35.47	2.11	74.97	6.56	8.22	53.97	72.0	3	18.1	2
1410.947	35.45	2.09	73.93	6.60	8.12	53.56	72.4	3	18.1	2
1411.051	35.42	2.09	74.03	6.62	8.07	53.41	72.1	3	18.1	2
1411.196	35.45	2.11	74.78	6.55	8.25	54.08	72.3	3	18.1	2
1411.256	35.50	2.11	75.06	6.57	8.15	53.56	71.4	3	18.1	2
1411.360	35.48	2.09	74.05	6.58	8.07	53.16	71.8	3	18.1	2
1411.505	35.26	2.13	75.21	6.53	8.32	54.36	72.3	3	18.1	2
1411.565	35.27	2.14	75.43	6.53	8.27	53.99	71.6	3	18.1	2
1411.669	35.48	2.10	74.36	6.56	8.19	53.71	72.2	3	18.1	2
1411.814	35.37	2.11	74.72	6.55	8.23	53.89	72.1	3	18.1	2
1411.874	35.41	2.09	74.09	6.54	8.21	53.74	72.5	3	18.1	2
1411.978	35.40	2.09	73.99	6.56	8.15	53.48	72.3	3	18.1	2
1412.123	35.40	2.11	74.85	6.59	8.18	53.89	72.0	3	18.1	2
1412.183	35.48	2.07	73.61	6.58	8.16	53.70	72.9	3	18.1	2
1412.287	35.33	2.12	74.89	6.53	8.26	53.91	72.0	3	18.1	2
1412.432	35.57	2.10	74.64	6.51	8.25	53.73	72.0	3	18.1	2
1412.492	35.33	2.10	74.20	6.55	8.24	53.98	72.7	3	18.1	2
1412.596	35.39	2.09	73.87	6.57	8.09	53.19	72.0	3	18.1	2
1412.741	35.38	2.12	74.86	6.51	8.31	54.13	72.3	3	18.1	2
1412.801	35.39	2.11	74.61	6.55	8.23	53.86	72.2	3	18.1	2
1412.905	35.42	2.11	74.84	6.57	8.21	53.93	72.1	3	18.1	2
1413.050	35.42	2.12	75.10	6.53	8.28	54.13	72.1	3	18.1	2
1413.110	35.44	2.10	74.51	6.55	8.18	53.58	71.9	3	18.1	2
1413.214	35.52	2.07	73.54	6.60	8.05	53.16	72.3	3	18.1	2
1413.359	35.41	2.11	74.76	6.53	8.36	54.59	73.0	3	18.1	2
1413.419	35.43	2.10	74.56	6.55	8.21	53.76	72.1	3	18.1	2
1413.523	35.41	2.11	74.54	6.57	8.17	53.67	72.0	3	18.1	2
1413.668	35.29	2.12	74.73	6.58	8.11	53.35	71.4	3	18.1	2
1413.728	35.36	2.10	74.08	6.58	8.12	53.40	72.1	3	18.1	2
1413.832	35.37	2.12	74.83	6.58	8.17	53.80	71.9	3	18.1	2
1413.977	35.41	2.11	74.56	6.55	8.16	53.45	71.7	3	18.1	2
1414.037	35.38	2.13	75.31	6.54	8.25	53.95	71.6	3	18.1	2
1414.141	35.39	2.12	74.89	6.54	8.22	53.75	71.8	3	18.1	2
1414.286	35.49	2.10	74.57	6.59	8.14	53.63	71.9	3	18.1	2
1414.346	35.33	2.16	76.35	6.54	8.34	54.56	71.5	3	18.1	2
1414.450	35.30	2.12	74.73	6.57	8.24	54.13	72.4	3	18.1	2
1414.595	35.58	2.07	73.74	6.62	8.06	53.35	72.4	3	18.1	2
1414.655	35.51	2.11	74.80	6.59	8.20	54.02	72.2	3	18.1	2
1414.759	35.41	2.11	74.69	6.56	8.25	54.12	72.5	3	18.1	2
1414.904	35.44	2.09	74.22	6.58	8.16	53.74	72.4	3	18.1	2
1414.964	35.35	2.12	75.04	6.53	8.34	54.44	72.5	3	18.1	2
1415.068	35.40	2.10	74.25	6.59	8.15	53.71	72.3	3	18.1	2
1415.213	35.47	2.12	75.30	6.56	8.31	54.48	72.3	3	18.1	2
1415.273	35.50	2.09	74.31	6.57	8.17	53.68	72.2	3	18.1	2
1415.377	35.52	2.10	74.59	6.54	8.28	54.17	72.6	3	18.1	2
1415.522	35.39	2.10	74.35	6.54	8.27	54.07	72.7	3	18.1	2
1415.582	35.45	2.10	74.58	6.56	8.14	53.37	71.6	3	18.1	2
1415.686	35.41	2.11	74.64	6.53	8.24	53.84	72.1	3	18.1	2
1415.831	35.40	2.12	75.21	6.55	8.30	54.35	72.3	3	18.1	2
1415.891	35.41	2.15	76.04	6.53	8.38	54.75	72.0	3	18.1	2
1415.995	35.46	2.11	74.88	6.58	8.15	53.69	71.7	3	18.1	2
1416.140	35.39	2.09	74.07	6.56	8.11	53.24	71.9	3	18.1	2
1416.200	35.33	2.12	74.99	6.50	8.28	53.83	71.8	3	18.1	2
1416.304	35.36	2.12	74.96	6.54	8.32	54.48	72.7	3	18.1	2
1416.449	35.37	2.09	73.94	6.57	8.27	54.32	73.5	3	18.1	2
1416.509	35.36	2.12	75.12	6.58	8.24	54.16	72.1	3	18.1	2
1416.613	35.42	2.11	74.65	6.59	8.23	54.22	72.6	3	18.1	2
1416.758	35.47	2.11	74.70	6.57	8.18	53.79	72.0	3	18.1	2
1416.818	35.32	2.15	76.11	6.49	8.43	54.68	71.8	3	18.1	2
1416.922	35.45	2.14	75.80	6.55	8.20	53.73	70.9	3	18.1	2
1417.067	35.51	2.11	75.04	6.55	8.26	54.08	72.1	3	18.1	2
1417.127	35.58	2.10	74.80	6.57	8.15	53.56	71.6	3	18.1	2
1417.231	35.29	2.14	75.69	6.57	8.21	53.95	71.3	3	18.1	2
1417.376	35.37	2.13	75.19	6.60	8.19	54.08	71.9	3	18.1	2
1417.436	35.45	2.12	75.02	6.59	8.17	53.87	71.8	3	18.1	2
1417.540	35.30	2.14	75.59	6.54	8.27	54.04	71.5	3	18.1	2
1417.685	35.28	2.14	75.66	6.51	8.44	54.94	72.6	3	18.1	2
1417.745	35.37	2.13	75.43	6.53	8.36	54.58	72.4	3	18.1	2
1417.849	35.31	2.15	75.83	6.50	8.44	54.84	72.3	3	18.1	2
1417.994	35.45	2.15	76.06	6.56	8.30	54.41	71.5	3	18.1	2
1418.054	35.37	2.13	75.41	6.61	8.15	53.81	71.4	3	18.1	2
1418.158	35.21	2.15	75.76	6.54	8.42	55.06	72.7	3	18.1	2
1418.303	35.55	2.13	75.78	6.59	8.22	54.21	71.5	3	18.1	2
1418.363	35.39	2.14	75.57	6.57	8.24	54.14	71.6	3	18.1	2
1418.467	35.42	2.11	74.58	6.57	8.18	53.79	72.1	3	18.1	2
1418.612	35.44	2.11	74.76	6.58	8.17	53.83	72.0	3	18.1	2
1418.672	35.26	2.15	75.97	6.53	8.32	54.37	71.6	3	18.1	2
1418.776	35.35	2.14	75.83	6.54	8.23	53.89	71.1	3	18.1	2
1418.921	35.56	2.11	74.89	6.54	8.22	53.77	71.8	3	18.1	2
1418.981	35.33	2.11	74.68	6.54	8.22	53.80	72.0	3	18.1	2
1419.085	35.28	2.14	75.32	6.55	8.29	54.26	72.0	3	18.1	2
1419.230	35.27	2.14	75.53	6.57	8.21	54.00	71.5	3	18.1	2
1419.290	35.31	2.13	75.30	6.57	8.28	54.40	72.2	3	18.1	2
1419.394	35.25	2.13	75.17	6.61	8.18	54.04	71.9	3	18.1	2
1419.539	35.30	2.17	76.44	6.52	8.43	54.95	71.9	3	18.1	2
1419.599	35.38	2.12	75.03	6.54	8.27	54.12	72.1	3	18.1	2
1419.703	35.44	2.10	74.42	6.56	8.16	53.54	71.9	3	18.1	2
1419.848	35.41	2.11	74.74	6.57	8.17	53.67	71.8	3	18.1	2
1419.908	35.28	2.15	75.99	6.49	8.33	54.08	71.2	3	18.1	2
1420.012	35.39	2.13	75.49	6.56	8.21	53.87	71.4	3	18.1	2
1420.157	35.22	2.14	75.51	6.51	8.35	54.41	72.1	3	18.1	2
1420.217	35.38	2.12	74.84	6.54	8.25	54.00	72.1	3	18.1	2
1420.321	35.21	2.15	75.55	6.52	8.32	54.26	71.8	3	18.1	2
1420.466	35.35	2.12	75.03	6.52	8.34	54.40	72.5	3	18.1	2
1420.526	35.40	2.09	73.98	6.55	8.15	53.39	72.2	3	18.1	2
1420.630	35.36	2.14	75.66	6.52	8.28	54.03	71.4	3	18.1	2
1420.775	35.33	2.12	74.88	6.61	8.18	54.09	72.2	3	18.1	2
1420.835	35.29	2.13	75.13	6.57	8.23	54.10	72.0	3	18.1	2
1420.939	35.40	2.10	74.20	6.57	8.21	53.90	72.6	3	18.1	2
1421.084	35.21	2.13	75.08	6.53	8.31	54.28	72.3	3	18.1	2
1421.144	35.22	2.15	75.83	6.53	8.31	54.30	71.6	3	18.1	2
1421.248	35.33	2.13	75.23	6.55	8.26	54.08	71.9	3	18.1	2
1421.393	35.27	2.13	75.01	6.56	8.17	53.62	71.5	3	18.1	2
1421.453	35.31	2.15	75.85	6.52	8.27	53.97	71.2	3	18.1	2
1421.557	35.51	2.12	75.12	6.56	8.18	53.69	71.5	3	18.1	2
1421.702	35.38	2.13	75.45	6.54	8.31	54.31	72.0	3	18.1	2
1421.762	35.42	2.13	75.51	6.54	8.28	54.17	71.7	3	18.1	2
1421.866	35.42	2.13	75.49	6.54	8.28	54.11	71.7	3	18.1	2
1422.011	35.43	2.12	75.25	6.56	8.22	53.89	71.6	3	18.1	2
1422.071	35.37	2.13	75.16	6.55	8.23	53.91	71.7	3	18.1	2
1422.175	35.29	2.15	75.73	6.51	8.34	54.25	71.6	3	18.1	2
1422.320	35.31	2.17	76.71	6.54	8.35	54.60	71.2	3	18.1	2
1422.380	35.32	2.12	74.70	6.57	8.19	53.74	71.9	3	18.1	2
1422.484	35.30	2.14	75.37	6.53	8.25	53.89	71.5	3	18.1	2
1422.629	35.37	2.12	75.09	6.54	8.35	54.56	72.7	3	18.1	2
1422.689	35.33	2.13	75.25	6.53	8.33	54.37	72.2	3	18.1	2
1422.793	35.33	2.11	74.61	6.53	8.30	54.17	72.6	3	18.1	2
1422.938	35.39	2.11	74.72	6.54	8.32	54.44	72.8	3	18.1	2
1422.998	35.41	2.10	74.36	6.59	8.20	54.05	72.7	3	18.1	2
1423.102	35.35	2.14	75.48	6.48	8.43	54.60	72.3	3	18.1	2
1423.247	35.39	2.14	75.56	6.51	8.33	54.21	71.7	3	18.1	2
1423.307	35.34	2.15	76.06	6.49	8.42	54.67	71.9	3	18.1	2
1423.411	35.40	2.15	75.94	6.52	8.32	54.25	71.4	3	18.1	2
1423.556	35.42	2.12	75.05	6.56	8.22	53.89	71.8	3	18.1	2
1423.616	35.46	2.13	75.69	6.53	8.30	54.25	71.7	3	18.1	2
1423.720	35.33	2.14	75.75	6.50	8.38	54.48	71.9	3	18.1	2
1423.865	35.28	2.17	76.51	6.48	8.48	54.99	71.9	3	18.1	2
1423.925	35.18	2.15	75.65	6.50	8.44	54.85	72.5	3	18.1	2
1424.029	35.36	2.14	75.77	6.52	8.44	55.05	72.7	3	18.1	2
1424.174	35.28	2.17	76.37	6.52	8.46	55.13	72.2	3	18.1	2
1424.234	35.34	2.15	75.99	6.53	8.35	54.58	71.8	3	18.1	2
1424.338	35.44	2.12	75.11	6.58	8.27	54.43	72.5	3	18.1	2
1424.483	35.40	2.13	75.26	6.53	8.38	54.77	72.8	3	18.1	2
1424.543	35.38	2.13	75.42	6.51	8.41	54.76	72.6	3	18.1	2
1424.647	35.41	2.15	76.01	6.54	8.30	54.23	71.3	3	18.1	2
1424.792	35.34	2.12	74.96	6.53	8.26	53.97	72.0	3	18.1	2
1424.852	35.26	2.12	74.88	6.54	8.24	53.89	72.0	3	18.1	2
1424.956	35.34	2.13	75.11	6.51	8.34	54.26	72.2	3	18.1	2
1425.101	35.32	2.14	75.67	6.51	8.41	54.78	72.4	3	18.1	2
1425.161	35.38	2.14	75.61	6.54	8.28	54.15	71.6	3	18.1	2
1425.265	35.27	2.15	75.90	6.49	8.45	54.83	72.2	3	18.1	2
1425.410	35.37	2.16	76.49	6.50	8.40	54.61	71.4	3	18.1	2
1425.470	35.54	2.11	74.95	6.56	8.16	53.53	71.4	3	18.1	2
1425.574	35.46	2.11	74.90	6.55	8.23	53.84	71.9	3	18.1	2
1425.719	35.39	2.15	75.95	6.49	8.35	54.17	71.3	3	18.1	2
1425.779	35.29	2.16	76.29	6.54	8.34	54.57	71.5	3	18.1	2
1425.883	35.31	2.15	75.88	6.51	8.37	54.48	71.8	3	18.1	2
1426.028	35.44	2.12	75.11	6.56	8.21	53.90	71.8	3	18.1	2
1426.088	35.30	2.17	76.74	6.50	8.36	54.36	70.8	3	18.1	2
1426.192	35.43	2.13	75.48	6.53	8.22	53.67	71.1	3	18.1	2
1426.337	35.35	2.13	75.12	6.53	8.29	54.17	72.1	3	18.1	2
1426.397	35.47	2.13	75.58	6.55	8.22	53.82	71.2	3	18.1	2
1426.501	35.32	2.13	75.39	6.48	8.29	53.77	71.3	3	18.1	2
1426.646	35.36	2.14	75.81	6.50	8.39	54.50	71.9	3	18.1	2
1426.706	35.28	2.14	75.46	6.51	8.26	53.76	71.2	3	18.1	2
1426.810	35.31	2.14	75.71	6.50	8.32	54.06	71.4	3	18.1	2
1426.955	35.48	2.12	75.35	6.53	8.27	54.02	71.7	3	18.1	2
1427.015	35.34	2.15	75.89	6.52	8.43	54.94	72.4	3	18.1	2
1427.119	35.30	2.17	76.56	6.50	8.43	54.82	71.6	3	18.1	2
1427.264	35.39	2.16	76.44	6.48	8.40	54.44	71.2	3	18.1	2
1427.324	35.39	2.13	75.36	6.56	8.16	53.49	71.0	3	18.1	2
1427.428	35.46	2.13	75.44	6.55	8.19	53.68	71.1	3	18.1	2
1427.573	35.40	2.14	75.74	6.54	8.27	54.04	71.3	3	18.1	2
1427.633	35.34	2.15	75.99	6.50	8.41	54.66	71.9	3	18.1	2
1427.737	35.29	2.15	76.01	6.50	8.39	54.50	71.7	3	18.1	2
1427.882	35.36	2.14	75.54	6.54	8.21	53.64	71.0	3	18.1	2
1427.942	35.31	2.17	76.75	6.49	8.39	54.49	71.0	3	18.1	2
1428.046	35.37	2.15	75.96	6.52	8.34	54.38	71.6	3	18.1	2
1428.191	35.36	2.15	75.97	6.53	8.28	54.05	71.1	3	18.1	2
1428.251	35.36	2.15	76.17	6.50	8.35	54.31	71.3	3	18.1	2
1428.355	35.38	2.12	75.13	6.54	8.23	53.81	71.6	3	18.1	2
1428.500	35.38	2.12	75.02	6.54	8.23	53.85	71.8	3	18.1	2
1428.560	35.35	2.13	75.35	6.52	8.36	54.52	72.4	3	18.1	2
1428.664	35.23	2.16	75.96	6.50	8.37	54.40	71.6	3	18.1	2
1428.809	35.39	2.14	75.67	6.53	8.27	53.97	71.3	3	18.1	2
1428.869	35.29	2.14	75.68	6.54	8.23	53.87	71.2	3	18.1	2
1428.973	35.04	2.16	75.70	6.53	8.29	54.15	71.5	3	18.1	2
1429.118	35.25	2.16	75.98	6.50	8.43	54.77	72.1	3	18.1	2
1429.178	35.31	2.15	75.88	6.52	8.36	54.44	71.7	3	18.1	2
1429.282	35.25	2.15	75.68	6.55	8.29	54.29	71.7	3	18.1	2
1429.427	35.17	2.18	76.51	6.47	8.50	55.02	71.9	3	18.1	2
1429.487	35.24	2.15	75.93	6.48	8.46	54.82	72.2	3	18.1	2
1429.591	35.35	2.16	76.53	6.51	8.42	54.78	71.6	3	18.1	2
1429.736	35.31	2.15	75.84	6.49	8.42	54.65	72.1	3	18.1	2
1429.796	35.21	2.18	76.59	6.43	8.61	55.37	72.3	3	18.1	2
1429.900	35.48	2.11	74.70	6.54	8.24	53.91	72.2	3	18.1	2
1430.045	35.32	2.16	76.44	6.49	8.35	54.14	70.8	3	18.1	2
1430.105	35.35	2.14	75.78	6.51	8.27	53.82	71.0	3	18.1	2
1430.209	35.41	2.12	75.00	6.54	8.24	53.89	71.9	3	18.1	2
1430.354	35.31	2.14	75.67	6.58	8.32	54.69	72.3	3	18.1	2
1430.414	35.42	2.11	74.72	6.57	8.20	53.90	72.1	3	18.1	2
1430.518	35.24	2.18	76.67	6.48	8.44	54.66	71.3	3	18.1	2
1430.663	35.20	2.16	76.17	6.50	8.39	54.52	71.6	3	18.1	2
1430.723	35.33	2.11	74.68	6.53	8.35	54.55	73.1	3	18.1	2
1430.827	35.42	2.09	74.10	6.55	8.21	53.81	72.6	3	18.1	2
1430.972	35.41	2.12	74.94	6.54	8.23	53.85	71.9	3	18.1	2
1431.032	35.38	2.14	75.76	6.55	8.23	53.87	71.1	3	18.1	2
1431.136	35.24	2.16	76.22	6.51	8.33	54.23	71.1	3	18.1	2
1431.281	35.42	2.14	75.72	6.53	8.33	54.39	71.8	3	18.1	2
1431.341	35.36	2.13	75.39	6.49	8.42	54.65	72.5	3	18.1	2
1431.445	35.39	2.12	75.07	6.55	8.27	54.18	72.2	3	18.1	2
1431.590	35.35	2.15	76.15	6.51	8.37	54.45	71.5	3	18.1	2
1431.650	35.47	2.14	75.82	6.53	8.30	54.21	71.5	3	18.1	2
1431.754	35.37	2.14	75.79	6.58	8.18	53.82	71.0	3	18.1	2
1431.899	35.43	2.13	75.30	6.57	8.28	54.45	72.3	3	18.1	2
1431.959	35.35	2.12	74.77	6.60	8.14	53.75	71.9	3	18.1	2
1432.063	35.30	2.14	75.55	6.52	8.31	54.21	71.8	3	18.1	2
1432.208	35.17	2.15	75.69	6.55	8.29	54.35	71.8	3	18.1	2
1432.268	35.23	2.14	75.35	6.52	8.37	54.57	72.4	3	18.1	2
1432.372	35.37	2.10	74.43	6.59	8.14	53.65	72.1	3	18.1	2
1432.517	35.33	2.12	74.72	6.58	8.21	54.04	72.3	3	18.1	2
1432.577	35.41	2.11	74.59	6.58	8.18	53.83	72.2	3	18.1	2
1432.681	35.21	2.17	76.30	6.48	8.53	55.30	72.5	3	18.1	2
1432.826	35.31	2.16	76.28	6.50	8.45	54.93	72.0	3	18.1	2
1432.886	35.45	2.13	75.54	6.56	8.15	53.50	70.8	3	18.1	2
1432.990	35.35	2.13	75.19	6.56	8.20	53.79	71.5	3	18.1	2
1433.135	35.47	2.14	75.90	6.52	8.32	54.28	71.5	3	18.1	2
1433.195	35.43	2.14	75.76	6.52	8.32	54.24	71.6	3	18.1	2
1433.299	35.26	2.15	75.66	6.53	8.35	54.48	72.0	3	18.1	2
1433.444	35.29	2.16	76.32	6.49	8.46	54.91	72.0	3	18.1	2
1433.504	35.53	2.11	74.85	6.58	8.13	53.53	71.5	3	18.1	2
1433.608	35.48	2.12	75.24	6.58	8.17	53.78	71.5	3	18.1	2
1433.753	35.47	2.11	74.89	6.56	8.17	53.61	71.6	3	18.1	2
1433.813	35.35	2.13	75.32	6.51	8.36	54.43	72.3	3	18.1	2
1433.917	35.24	2.14	75.29	6.53	8.35	54.51	72.4	3	18.1	2
1434.062	35.43	2.11	74.73	6.52	8.33	54.33	72.7	3	18.1	2
1434.122	35.40	2.12	75.11	6.56	8.17	53.63	71.4	3	18.1	2
1434.226	35.51	2.09	74.33	6.55	8.18	53.64	72.2	3	18.1	2
1434.371	35.38	2.12	74.95	6.52	8.34	54.38	72.6	3	18.1	2
1434.431	35.40	2.12	75.09	6.54	8.28	54.10	72.0	3	18.1	2
1434.535	35.39	2.12	75.10	6.55	8.19	53.62	71.4	3	18.1	2
1434.680	35.26	2.13	75.02	6.55	8.25	54.00	72.0	3	18.1	2
1434.740	35.26	2.15	75.73	6.54	8.31	54.30	71.7	3	18.1	2
1434.844	35.29	2.17	76.69	6.45	8.45	54.54	71.1	3	18.1	2
1434.989	35.41	2.11	74.80	6.56	8.21	53.81	71.9	3	18.1	2
1435.049	35.35	2.12	74.99	6.51	8.37	54.55	72.7	3	18.1	2
1435.153	35.37	2.11	74.67	6.54	8.28	54.11	72.5	3	18.1	2
1435.298	35.35	2.15	75.96	6.50	8.36	54.35	71.6	3	18.1	2
1435.358	35.37	2.16	76.21	6.50	8.44	54.86	72.0	3	18.1	2
1435.462	35.28	2.17	76.38	6.53	8.42	55.00	72.0	3	18.1	2
1435.607	35.36	2.13	75.42	6.55	8.21	53.79	71.3	3	18.1	2
1435.667	35.37	2.11	74.81	6.53	8.21	53.61	71.7	3	18.1	2
1435.771	35.21	2.16	76.04	6.46	8.44	54.47	71.6	3	18.1	2
1435.916	35.32	2.16	76.22	6.49	8.46	54.91	72.0	3	18.1	2
1435.976	35.47	2.11	74.89	6.55	8.29	54.34	72.6	3	18.1	2
1436.080	35.38	2.12	75.17	6.53	8.33	54.42	72.4	3	18.1	2
1436.225	35.27	2.13	75.29	6.57	8.30	54.53	72.4	3	18.1	2
1436.285	35.37	2.15	75.88	6.53	8.40	54.84	72.3	3	18.1	2
1436.389	35.32	2.16	76.14	6.51	8.35	54.39	71.4	3	18.1	2
1436.534	35.42	2.14	75.61	6.53	8.29	54.19	71.7	3	18.1	2
1436.594	35.38	2.12	74.92	6.56	8.22	53.95	72.0	3	18.1	2
1436.698	35.15	2.19	76.94	6.50	8.41	54.63	71.0	3	18.1	2
1436.843	35.31	2.15	75.86	6.53	8.34	54.50	71.8	3	18.1	2
1436.903	35.38	2.13	75.49	6.57	8.27	54.32	72.0	3	18.1	2
1437.007	35.43	2.12	74.98	6.54	8.31	54.28	72.4	3	18.1	2
1437.152	35.41	2.13	75.27	6.56	8.25	54.14	71.9	3	18.1	2
1437.212	35.49	2.09	74.07	6.61	8.07	53.33	72.0	3	18.1	2
1437.316	35.54	2.10	74.76	6.59	8.17	53.82	72.0	3	18.1	2
1437.461	35.45	2.13	75.33	6.57	8.27	54.32	72.1	3	18.1	2
1437.521	35.39	2.12	75.00	6.56	8.28	54.33	72.4	3	18.1	2
1437.625	35.44	2.10	74.56	6.57	8.24	54.12	72.6	3	18.1	2
1437.770	35.22	2.15	75.84	6.55	8.30	54.40	71.7	3	18.1	2
1437.830	35.37	2.14	75.70	6.52	8.37	54.54	72.0	3	18.1	2
1437.934	35.28	2.12	74.95	6.55	8.30	54.35	72.5	3	18.1	2
1438.079	35.33	2.12	74.95	6.59	8.18	53.92	71.9	3	18.1	2
1438.139	35.27	2.09	73.83	6.56	8.23	54.04	73.2	3	18.1	2
1438.243	35.28	2.15	75.85	6.56	8.27	54.23	71.5	3	18.1	2
1438.388	35.24	2.16	75.98	6.49	8.45	54.83	72.2	3	18.1	2
1438.448	35.24	2.14	75.51	6.52	8.36	54.53	72.2	3	18.1	2
1438.552	35.31	2.15	75.86	6.55	8.28	54.26	71.5	3	18.1	2
1438.697	35.34	2.16	76.44	6.48	8.50	55.12	72.1	3	18.1	2
1438.757	35.33	2.15	76.03	6.52	8.38	54.63	71.9	3	18.1	2
1438.861	35.41	2.09	74.10	6.56	8.25	54.11	73.0	3	18.1	2
1439.006	35.33	2.13	75.37	6.57	8.27	54.34	72.1	3	18.1	2
1439.066	35.24	2.14	75.24	6.55	8.36	54.74	72.7	3	18.1	2
1439.170	35.25	2.17	76.43	6.51	8.39	54.58	71.4	3	18.1	2
1439.315	35.52	2.11	74.80	6.58	8.09	53.26	71.2	3	18.1	2
1439.375	35.48	2.14	75.88	6.57	8.19	53.80	70.9	3	18.1	2
1439.479	35.39	2.14	75.90	6.54	8.28	54.14	71.3	3	18.1	2
1439.624	35.48	2.15	76.24	6.52	8.36	54.51	71.5	3	18.1	2
1439.684	35.52	2.13	75.81	6.59	8.15	53.67	70.8	3	18.1	2
1439.788	35.38	2.14	75.65	6.57	8.25	54.14	71.6	3	18.1	2
1439.933	35.43	2.14	75.82	6.59	8.20	54.03	71.3	3	18.1	2
1439.993	35.31	2.20	77.60	6.51	8.45	55.01	70.9	3	18.1	2
1440.097	35.38	2.15	76.13	6.53	8.34	54.50	71.6	3	18.1	2
1440.242	35.28	2.15	75.92	6.50	8.44	54.86	72.3	3	18.1	2
1440.302	35.24	2.16	76.02	6.52	8.48	55.27	72.7	3	18.1	2
1440.406	35.29	2.14	75.69	6.50	8.41	54.68	72.2	3	18.1	2
1440.551	35.15	2.11	74.19	6.56	8.32	54.55	73.5	3	18.1	2
1440.611	35.30	2.10	74.07	6.55	8.28	54.25	73.2	3	18.1	2
1440.715	35.46	2.12	75.24	6.51	8.33	54.25	72.1	3	18.1	2
1440.860	35.42	2.10	74.42	6.57	8.13	53.44	71.8	3	18.1	2
1440.920	35.31	2.13	75.31	6.55	8.30	54.36	72.2	3	18.1	2
1441.024	35.42	2.11	74.87	6.57	8.20	53.84	71.9	3	18.1	2
1441.169	35.25	2.18	76.72	6.51	8.49	55.24	72.0	3	18.1	2
1441.229	35.31	2.15	75.83	6.51	8.39	54.62	72.0	3	18.1	2
1441.333	35.28	2.16	76.18	6.48	8.45	54.76	71.9	3	18.1	2
1441.478	35.20	2.18	76.75	6.52	8.36	54.50	71.0	3	18.1	2
1441.538	35.33	2.14	75.48	6.55	8.23	53.90	71.4	3	18.1	2
1441.642	35.34	2.12	75.00	6.52	8.32	54.28	72.4	3	18.1	2
1441.787	35.28	2.15	75.88	6.51	8.38	54.54	71.9	3	18.1	2
1441.847	35.28	2.13	75.11	6.54	8.25	53.94	71.8	3	18.1	2
1441.951	35.38	2.13	75.41	6.53	8.25	53.89	71.5	3	18.1	2
1442.096	35.29	2.16	76.07	6.54	8.37	54.73	71.9	3	18.1	2
1442.156	35.26	2.15	75.88	6.52	8.43	54.90	72.4	3	18.1	2
1442.260	35.44	2.11	74.91	6.53	8.33	54.33	72.5	3	18.1	2
1442.405	35.28	2.13	74.97	6.51	8.29	54.02	72.1	3	18.1	2
1442.465	35.43	2.10	74.49	6.51	8.27	53.89	72.3	3	18.1	2
1442.569	35.55	2.11	74.88	6.53	8.28	54.05	72.2	3	18.1	2
1442.714	35.35	2.15	75.94	6.52	8.41	54.85	72.2	3	18.1	2
1442.774	35.24	2.17	76.39	6.49	8.46	54.95	71.9	3	18.1	2
1442.878	35.36	2.11	74.58	6.54	8.27	54.14	72.6	3	18.1	2
1443.023	35.41	2.14	75.79	6.50	8.39	54.56	72.0	3	18.1	2
1443.083	35.28	2.16	76.10	6.47	8.54	55.27	72.6	3	18.1	2
1443.187	35.36	2.12	75.04	6.52	8.27	53.90	71.8	3	18.1	2
1443.332	35.34	2.14	75.67	6.51	8.36	54.43	71.9	3	18.1	2
1443.392	35.37	2.14	75.77	6.52	8.37	54.54	72.0	3	18.1	2
1443.496	35.28	2.16	76.26	6.48	8.48	54.97	72.1	3	18.1	2
1443.641	35.17	2.12	74.69	6.57	8.18	53.71	71.9	3	18.1	2
1443.701	35.12	2.16	75.75	6.53	8.32	54.37	71.8	3	18.1	2
1443.805	35.31	2.13	75.38	6.57	8.15	53.59	71.1	3	18.1	2
1443.950	35.35	2.15	75.93	6.55	8.33	54.52	71.8	3	18.1	2
1444.010	35.33	2.14	75.51	6.53	8.22	53.64	71.0	3	18.1	2
1444.114	35.31	2.14	75.69	6.52	8.27	53.92	71.2	3	18.1	2
1444.259	35.38	2.12	75.18	6.55	8.30	54.38	72.3	3	18.1	2
1444.319	35.32	2.16	76.12	6.54	8.37	54.74	71.9	3	18.1	2
1444.423	35.18	2.16	76.17	6.53	8.30	54.17	71.1	3	18.1	2
1444.568	35.33	2.12	75.07	6.53	8.38	54.65	72.8	3	18.1	2
1444.628	35.33	2.14	75.45	6.53	8.30	54.19	71.8	3	18.1	2
1444.732	35.29	2.10	74.27	6.57	8.23	54.04	72.8	3	18.1	2
1444.877	35.20	2.18	76.84	6.46	8.54	55.20	71.8	3	18.1	2
1444.937	35.35	2.15	75.94	6.48	8.44	54.69	72.0	3	18.1	2
1445.041	35.36	2.12	75.04	6.53	8.31	54.24	72.3	3	18.1	2
1445.186	35.31	2.11	74.60	6.55	8.25	54.04	72.4	3	18.1	2
1445.246	35.26	2.12	74.76	6.53	8.26	53.93	72.1	3	18.1	2
1445.350	35.02	2.19	76.73	6.46	8.51	54.99	71.7	3	18.1	2
1445.495	35.27	2.14	75.47	6.48	8.43	54.64	72.4	3	18.1	2
1445.555	35.19	2.14	75.35	6.48	8.43	54.59	72.4	3	18.1	2
1445.659	35.19	2.16	75.98	6.51	8.33	54.28	71.4	3	18.1	2
1445.804	35.49	2.13	75.44	6.52	8.39	54.71	72.5	3	18.1	2
1445.864	35.45	2.13	75.37	6.55	8.25	54.08	71.8	3	18.1	2
1445.968	35.40	2.15	75.98	6.53	8.38	54.76	72.1	3	18.1	2
1446.113	35.43	2.14	75.83	6.55	8.32	54.48	71.8	3	18.1	2
1446.173	35.35	2.16	76.25	6.53	8.36	54.61	71.6	3	18.1	2
1446.277	35.32	2.14	75.76	6.50	8.44	54.92	72.5	3	18.1	2
1446.422	35.41	2.11	74.79	6.60	8.13	53.66	71.7	3	18.1	2
1446.482	35.33	2.15	75.89	6.50	8.41	54.59	71.9	3	18.1	2
1446.586	35.38	2.14	75.69	6.54	8.31	54.35	71.8	3	18.1	2
1446.731	35.29	2.16	76.08	6.53	8.31	54.25	71.3	3	18.1	2
1446.791	35.28	2.14	75.64	6.48	8.40	54.49	72.0	3	18.1	2
1446.895	35.01	2.16	75.77	6.50	8.38	54.46	71.9	3	18.1	2
1447.040	35.32	2.14	75.48	6.51	8.34	54.32	72.0	3	18.1	2
1447.100	35.44	2.11	74.80	6.51	8.29	53.93	72.1	3	18.1	2
1447.204	35.32	2.14	75.59	6.56	8.25	54.10	71.6	3	18.1	2
1447.349	35.30	2.15	76.00	6.53	8.38	54.70	72.0	3	18.1	2
1447.409	35.27	2.14	75.60	6.56	8.34	54.66	72.3	3	18.1	2
1447.513	35.34	2.14	75.58	6.55	8.23	53.94	71.4	3	18.1	2
1447.658	35.37	2.13	75.38	6.52	8.32	54.28	72.0	3	18.1	2
1447.718	35.19	2.16	75.95	6.51	8.36	54.38	71.6	3	18.1	2
1447.822	35.28	2.13	75.06	6.55	8.19	53.64	71.5	3	18.1	2
1447.967	35.30	2.15	75.84	6.52	8.28	54.00	71.2	3	18.1	2
1448.027	35.27	2.16	76.08	6.54	8.28	54.16	71.2	3	18.1	2
1448.131	35.10	2.17	76.21	6.47	8.42	54.52	71.5	3	18.1	2
1448.276	35.26	2.15	75.78	6.49	8.46	54.88	72.4	3	18.1	2
1448.336	35.35	2.11	74.60	6.55	8.25	54.02	72.4	3	18.1	2
1448.440	35.29	2.13	75.16	6.51	8.41	54.72	72.8	3	18.1	2
1448.585	35.44	2.14	75.80	6.52	8.32	54.21	71.5	3	18.1	2
1448.645	35.29	2.16	76.13	6.50	8.43	54.79	72.0	3	18.1	2
1448.749	35.26	2.15	75.78	6.51	8.34	54.34	71.7	3	18.1	2
1448.894	35.27	2.13	75.10	6.54	8.32	54.35	72.4	3	18.1	2
1448.954	35.25	2.15	75.65	6.50	8.43	54.82	72.5	3	18.1	2
1449.058	35.35	2.15	75.88	6.53	8.27	54.05	71.2	3	18.1	2
1449.203	35.38	2.16	76.37	6.55	8.32	54.46	71.3	3	18.1	2
1449.263	35.38	2.15	76.07	6.56	8.37	54.90	72.2	3	18.1	2
1449.367	35.20	2.17	76.44	6.56	8.30	54.41	71.2	3	18.1	2
1449.512	35.28	2.14	75.61	6.58	8.22	54.06	71.5	3	18.1	2
1449.572	35.41	2.12	74.95	6.58	8.18	53.84	71.8	3	18.1	2
1449.676	35.27	2.14	75.46	6.54	8.26	54.05	71.6	3	18.1	2
1449.821	35.50	2.11	74.83	6.58	8.07	53.12	71.0	3	18.1	2
1449.881	35.42	2.11	74.88	6.57	8.14	53.50	71.4	3	18.1	2
1449.985	35.44	2.10	74.41	6.56	8.16	53.53	71.9	3	18.1	2
1450.130	35.26	2.16	76.33	6.48	8.36	54.19	71.0	3	18.1	2
1450.190	35.24	2.16	76.23	6.52	8.30	54.13	71.0	3	18.1	2
1450.294	35.15	2.17	76.12	6.49	8.46	54.88	72.1	3	18.1	2
1450.439	35.20	2.16	76.17	6.48	8.52	55.22	72.5	3	18.1	2
1450.499	35.33	2.16	76.35	6.51	8.49	55.30	72.4	3	18.1	2
1450.603	35.40	2.13	75.41	6.56	8.33	54.66	72.5	3	18.1	2
1450.748	35.31	2.12	74.99	6.57	8.27	54.26	72.4	3	18.1	2
1450.808	35.25	2.13	75.23	6.50	8.42	54.74	72.8	3	18.1	2
1450.912	35.34	2.15	75.96	6.52	8.42	54.94	72.3	3	18.1	2
1451.057	35.32	2.15	75.79	6.55	8.25	54.04	71.3	3	18.1	2
1451.117	35.26	2.14	75.62	6.49	8.43	54.72	72.4	3	18.1	2
1451.221	35.18	2.15	75.47	6.51	8.38	54.55	72.3	3	18.1	2
1451.366	35.32	2.17	76.55	6.51	8.32	54.23	70.8	3	18.1	2
1451.426	35.37	2.15	76.15	6.55	8.35	54.67	71.8	3	18.1	2
1451.530	35.23	2.14	75.41	6.51	8.41	54.75	72.6	3	18.1	2
1451.675	35.37	2.16	76.23	6.55	8.31	54.43	71.4	3	18.1	2
1451.735	35.31	2.16	76.19	6.51	8.44	54.95	72.1	3	18.1	2
1451.839	35.42	2.13	75.49	6.56	8.19	53.73	71.2	3	18.1	2
1451.984	35.18	2.18	76.59	6.54	8.33	54.50	71.2	3	18.1	2
1452.044	35.18	2.19	77.01	6.50	8.43	54.85	71.2	3	18.1	2
1452.148	35.33	2.12	75.08	6.52	8.36	54.48	72.6	3	18.1	2
1452.293	35.37	2.15	75.93	6.55	8.30	54.33	71.6	3	18.1	2
1452.353	35.42	2.12	75.07	6.54	8.21	53.73	71.6	3	18.1	2
1452.457	35.33	2.15	76.07	6.50	8.44	54.85	72.1	3	18.1	2
1452.602	35.31	2.16	76.18	6.55	8.35	54.66	71.7	3	18.1	2
1452.662	35.34	2.14	75.52	6.55	8.27	54.14	71.7	3	18.1	2
1452.766	35.25	2.13	75.00	6.52	8.38	54.68	72.9	3	18.1	2
1452.911	35.50	2.10	74.73	6.53	8.26	53.91	72.1	3	18.1	2
1452.971	35.41	2.13	75.54	6.52	8.27	53.95	71.4	3	18.1	2
1453.075	35.47	2.10	74.35	6.58	8.16	53.70	72.2	3	18.1	2
1453.220	35.33	2.17	76.64	6.50	8.43	54.82	71.5	3	18.1	2
1453.280	35.35	2.16	76.23	6.54	8.32	54.37	71.3	3	18.1	2
1453.384	35.41	2.16	76.35	6.52	8.32	54.23	71.0	3	18.1	2
1453.529	35.32	2.15	76.05	6.57	8.30	54.49	71.7	3	18.1	2
1453.589	35.23	2.15	75.81	6.57	8.24	54.14	71.4	3	18.1	2
1453.693	35.31	2.16	76.16	6.51	8.34	54.30	71.3	3	18.1	2
1453.838	35.16	2.15	75.73	6.48	8.44	54.66	72.2	3	18.1	2
1453.898	35.22	2.15	75.87	6.48	8.44	54.76	72.2	3	18.1	2
1454.002	35.31	2.14	75.52	6.55	8.34	54.66	72.4	3	18.1	2
1454.147	35.32	2.14	75.50	6.53	8.36	54.61	72.3	3	18.1	2
1454.207	35.17	2.18	76.59	6.51	8.42	54.83	71.6	3	18.1	2
1454.311	35.17	2.17	76.27	6.49	8.45	54.84	71.9	3	18.1	2
1454.456	35.29	2.17	76.51	6.52	8.43	54.98	71.9	3	18.1	2
1454.516	35.28	2.15	75.86	6.50	8.46	55.00	72.5	3	18.1	2
1454.620	35.31	2.14	75.58	6.53	8.31	54.26	71.8	3	18.1	2
1454.765	35.31	2.15	76.02	6.52	8.39	54.71	72.0	3	18.1	2
1454.825	35.23	2.19	77.25	6.46	8.60	55.54	71.9	3	18.1	2
1454.929	35.29	2.16	76.10	6.53	8.40	54.82	72.0	3	18.1	2
1455.074	35.37	2.13	75.33	6.51	8.34	54.24	72.0	3	18.1	2
1455.134	35.23	2.16	76.04	6.48	8.43	54.64	71.9	3	18.1	2
1455.238	35.35	2.13	75.39	6.55	8.29	54.27	72.0	3	18.1	2
1455.383	35.41	2.16	76.57	6.56	8.29	54.36	71.0	3	18.1	2
1455.443	35.31	2.17	76.45	6.54	8.35	54.63	71.5	3	18.1	2
1455.547	35.31	2.13	75.31	6.51	8.37	54.44	72.3	3	18.1	2
1455.692	35.34	2.16	76.45	6.51	8.41	54.77	71.6	3	18.1	2
1455.752	35.42	2.14	75.82	6.54	8.31	54.36	71.7	3	18.1	2
1455.856	35.36	2.16	76.26	6.52	8.33	54.33	71.2	3	18.1	2
1456.001	35.32	2.16	76.30	6.56	8.28	54.31	71.2	3	18.1	2
1456.061	35.29	2.17	76.56	6.52	8.36	54.51	71.2	3	18.1	2
1456.165	35.16	2.18	76.67	6.51	8.47	55.09	71.9	3	18.1	2
1456.310	35.32	2.14	75.45	6.56	8.26	54.15	71.8	3	18.1	2
1456.370	35.18	2.15	75.69	6.56	8.30	54.47	72.0	3	18.1	2
1456.474	35.22	2.16	76.09	6.50	8.41	54.66	71.8	3	18.1	2
1456.619	35.38	2.14	75.66	6.53	8.28	54.10	71.5	3	18.1	2
1456.679	35.33	2.15	75.88	6.51	8.41	54.76	72.2	3	18.1	2
1456.783	35.22	2.16	75.97	6.50	8.54	55.50	73.1	3	18.1	2
1456.928	35.15	2.17	76.42	6.50	8.56	55.63	72.8	3	18.1	2
1456.988	35.31	2.17	76.62	6.50	8.52	55.42	72.3	3	18.1	2
1457.092	35.34	2.16	76.44	6.57	8.20	53.85	70.4	3	18.1	2
1457.237	35.31	2.17	76.55	6.52	8.34	54.40	71.1	3	18.1	2
1457.297	35.39	2.15	76.21	6.51	8.40	54.72	71.8	3	18.1	2
1457.401	35.39	2.15	76.07	6.52	8.31	54.23	71.3	3	18.1	2
1457.546	35.52	2.12	75.14	6.59	8.12	53.48	71.2	3	18.1	2
1457.606	35.29	2.18	77.09	6.50	8.39	54.54	70.7	3	18.1	2
1457.710	35.28	2.15	75.81	6.48	8.47	54.90	72.4	3	18.1	2
1457.855	35.27	2.15	75.98	6.49	8.44	54.75	72.1	3	18.1	2
1457.915	35.24	2.15	75.63	6.51	8.45	54.98	72.7	3	18.1	2
1458.019	35.28	2.13	75.18	6.51	8.32	54.18	72.1	3	18.1	2
1458.164	35.27	2.15	75.94	6.53	8.31	54.25	71.4	3	18.1	2
1458.224	35.16	2.18	76.72	6.49	8.49	55.06	71.8	3	18.1	2
1458.328	35.16	2.17	76.28	6.51	8.40	54.67	71.7	3	18.1	2
1458.473	35.11	2.18	76.39	6.50	8.45	54.98	72.0	3	18.1	2
1458.533	35.22	2.15	75.57	6.54	8.35	54.58	72.2	3	18.1	2
1458.637	35.28	2.15	75.74	6.50	8.45	54.91	72.5	3	18.1	2
1458.782	35.28	2.15	75.85	6.49	8.44	54.78	72.2	3	18.1	2
1458.842	35.32	2.15	75.98	6.53	8.40	54.81	72.1	3	18.1	2
1458.946	35.41	2.11	74.82	6.54	8.31	54.37	72.7	3	18.1	2
1459.091	35.30	2.14	75.58	6.54	8.30	54.31	71.9	3	18.1	2
1459.151	35.22	2.17	76.37	6.49	8.47	55.03	72.0	3	18.1	2
1459.255	35.07	2.19	76.84	6.46	8.55	55.27	71.9	3	18.1	2
1459.400	35.33	2.13	75.29	6.54	8.28	54.16	71.9	3	18.1	2
1459.460	35.25	2.15	75.87	6.53	8.30	54.17	71.4	3	18.1	2
1459.564	35.40	2.13	75.47	6.54	8.33	54.44	72.1	3	18.1	2
1459.709	35.19	2.17	76.32	6.53	8.39	54.85	71.9	3	18.1	2
1459.769	35.32	2.15	76.07	6.52	8.34	54.40	71.5	3	18.1	2
1459.873	35.25	2.19	77.05	6.47	8.50	54.97	71.3	3	18.1	2
1460.018	35.26	2.14	75.58	6.50	8.39	54.50	72.1	3	18.1	2
1460.078	35.25	2.14	75.55	6.49	8.46	54.90	72.7	3	18.1	2
1460.182	35.23	2.15	75.77	6.49	8.41	54.62	72.1	3	18.1	2
1460.327	35.31	2.15	75.77	6.48	8.41	54.44	71.8	3	18.1	2
1460.387	35.26	2.17	76.42	6.53	8.36	54.63	71.5	3	18.1	2
1460.491	35.28	2.15	75.84	6.51	8.36	54.44	71.8	3	18.1	2
1460.636	35.32	2.14	75.56	6.54	8.36	54.66	72.3	3	18.1	2
1460.696	35.31	2.12	74.98	6.57	8.19	53.85	71.8	3	18.1	2
1460.800	35.38	2.14	75.67	6.50	8.34	54.24	71.7	3	18.1	2
1460.945	35.18	2.16	75.90	6.51	8.44	54.94	72.4	3	18.1	2
1461.005	35.24	2.16	76.01	6.48	8.40	54.42	71.6	3	18.1	2
1461.109	35.33	2.14	75.63	6.50	8.40	54.64	72.3	3	18.1	2
1461.254	35.35	2.18	76.96	6.48	8.45	54.80	71.2	3	18.1	2
1461.314	35.43	2.15	76.32	6.49	8.49	55.08	72.2	3	18.1	2
1461.418	35.27	2.17	76.63	6.53	8.39	54.77	71.5	3	18.1	2
1461.563	35.06	2.17	76.03	6.51	8.41	54.77	72.0	3	18.1	2
1461.623	35.26	2.13	75.09	6.53	8.36	54.61	72.7	3	18.1	2
1461.727	35.22	2.15	75.56	6.51	8.35	54.35	71.9	3	18.1	2
1461.872	35.12	2.17	76.07	6.53	8.40	54.86	72.1	3	18.1	2
1461.932	35.14	2.15	75.47	6.53	8.44	55.10	73.0	3	18.1	2
1462.036	35.25	2.13	75.18	6.54	8.36	54.66	72.7	3	18.1	2
1462.181	35.17	2.17	76.26	6.46	8.51	54.94	72.0	3	18.1	2
1462.241	35.21	2.15	75.81	6.48	8.47	54.89	72.4	3	18.1	2
1462.345	35.22	2.15	75.68	6.48	8.47	54.92	72.6	3	18.1	2
1462.490	35.16	2.13	74.94	6.53	8.36	54.57	72.8	3	18.1	2
1462.550	35.14	2.15	75.61	6.48	8.45	54.74	72.4	3	18.1	2
1462.654	35.35	2.12	74.95	6.53	8.34	54.42	72.6	3	18.1	2
1462.799	35.25	2.14	75.55	6.49	8.47	54.93	72.7	3	18.1	2
1462.859	35.29	2.14	75.64	6.53	8.35	54.53	72.1	3	18.1	2
1462.963	35.28	2.15	75.69	6.54	8.35	54.57	72.1	3	18.1	2
1463.108	35.30	2.15	75.84	6.53	8.37	54.63	72.0	3	18.1	2
1463.168	35.26	2.14	75.56	6.50	8.38	54.51	72.1	3	18.1	2
1463.272	35.23	2.15	75.63	6.46	8.49	54.87	72.6	3	18.1	2
1463.417	35.39	2.14	75.74	6.54	8.37	54.80	72.3	3	18.1	2
1463.477	35.45	2.11	74.70	6.57	8.25	54.20	72.6	3	18.1	2
1463.581	35.28	2.13	75.22	6.49	8.48	55.08	73.2	3	18.1	2
1463.726	35.22	2.17	76.42	6.45	8.57	55.22	72.3	3	18.1	2
1463.786	35.29	2.14	75.68	6.49	8.43	54.71	72.3	3	18.1	2
1463.890	35.23	2.15	75.83	6.49	8.44	54.78	72.2	3	18.1	2
1464.035	35.18	2.18	76.61	6.48	8.56	55.46	72.4	3	18.1	2
1464.095	35.39	2.16	76.52	6.48	8.55	55.39	72.4	3	18.1	2
1464.199	35.20	2.17	76.22	6.51	8.33	54.24	71.2	3	18.1	2
1464.344	35.17	2.15	75.74	6.51	8.37	54.44	71.9	3	18.1	2
1464.404	35.09	2.17	76.03	6.47	8.52	55.11	72.5	3	18.1	2
1464.508	35.16	2.16	76.11	6.49	8.37	54.26	71.3	3	18.1	2
1464.653	35.33	2.15	76.09	6.49	8.39	54.47	71.6	3	18.1	2
1464.713	35.33	2.15	75.84	6.52	8.31	54.21	71.5	3	18.1	2
1464.817	35.33	2.13	75.37	6.53	8.35	54.57	72.4	3	18.1	2
1464.962	35.35	2.13	75.36	6.51	8.40	54.65	72.5	3	18.1	2
1465.022	35.32	2.14	75.70	6.50	8.44	54.84	72.4	3	18.1	2
1465.126	35.28	2.15	75.96	6.54	8.34	54.53	71.8	3	18.1	2
1465.271	35.54	2.14	76.13	6.48	8.41	54.46	71.5	3	18.1	2
1465.331	35.41	2.14	75.74	6.51	8.38	54.55	72.0	3	18.1	2
1465.435	35.41	2.14	75.61	6.52	8.40	54.73	72.4	3	18.1	2
1465.580	35.35	2.16	76.52	6.51	8.49	55.28	72.2	3	18.1	2
1465.640	35.39	2.12	74.97	6.52	8.37	54.58	72.8	3	18.1	2
1465.744	35.31	2.14	75.40	6.48	8.42	54.56	72.4	3	18.1	2
1465.889	35.21	2.15	75.82	6.53	8.39	54.79	72.3	3	18.1	2
1465.949	35.36	2.11	74.68	6.53	8.32	54.29	72.7	3	18.1	2
1466.053	35.27	2.12	74.81	6.54	8.34	54.48	72.8	3	18.1	2
1466.198	35.18	2.15	75.75	6.50	8.37	54.46	71.9	3	18.1	2
1466.258	35.22	2.15	75.72	6.50	8.44	54.86	72.5	3	18.1	2
1466.362	35.36	2.10	74.27	6.56	8.15	53.43	72.0	3	18.1	2
1466.507	35.35	2.12	74.77	6.52	8.32	54.20	72.5	3	18.1	2
1466.567	35.30	2.13	75.29	6.49	8.42	54.66	72.6	3	18.1	2
1466.671	35.16	2.15	75.75	6.44	8.58	55.26	73.0	3	18.1	2
1466.816	35.32	2.14	75.44	6.52	8.44	55.03	72.9	3	18.1	2
1466.876	35.23	2.15	75.84	6.51	8.40	54.70	72.1	3	18.1	2
1466.980	35.31	2.14	75.56	6.52	8.34	54.33	71.9	3	18.1	2
1467.125	35.23	2.15	75.75	6.49	8.45	54.81	72.4	3	18.1	2
1467.185	35.29	2.14	75.61	6.52	8.39	54.74	72.4	3	18.1	2
1467.289	35.20	2.16	76.18	6.47	8.58	55.50	72.9	3	18.1	2
1467.434	35.20	2.16	76.07	6.44	8.50	54.76	72.0	3	18.1	2
1467.494	35.37	2.10	74.24	6.53	8.27	53.99	72.7	3	18.1	2
1467.598	35.35	2.12	74.83	6.55	8.26	54.10	72.3	3	18.1	2
1467.743	35.30	2.14	75.39	6.54	8.31	54.33	72.1	3	18.1	2
1467.803	35.34	2.15	75.96	6.53	8.30	54.18	71.3	3	18.1	2
1467.907	35.29	2.17	76.45	6.53	8.31	54.25	71.0	3	18.1	2
1468.052	35.27	2.14	75.30	6.55	8.27	54.17	71.9	3	18.1	2
1468.112	35.36	2.15	76.00	6.48	8.49	55.02	72.4	3	18.1	2
1468.216	35.34	2.14	75.58	6.53	8.40	54.88	72.6	3	18.1	2
1468.361	35.13	2.16	75.93	6.47	8.51	55.01	72.4	3	18.1	2
1468.421	35.15	2.16	76.08	6.50	8.41	54.66	71.9	3	18.1	2
1468.525	35.21	2.13	74.83	6.51	8.36	54.48	72.8	3	18.1	2
1468.670	35.15	2.17	76.16	6.53	8.42	54.94	72.1	3	18.1	2
1468.730	35.15	2.17	76.44	6.49	8.47	54.96	71.9	3	18.1	2
1468.834	35.13	2.19	77.11	6.45	8.53	54.99	71.3	3	18.1	2
1468.979	35.29	2.19	77.34	6.48	8.59	55.72	72.0	3	18.1	2
1469.039	35.34	2.13	75.43	6.49	8.47	55.00	72.9	3	18.1	2
1469.143	35.20	2.16	76.20	6.48	8.53	55.29	72.6	3	18.1	2
1469.288	35.42	2.14	75.72	6.49	8.43	54.68	72.2	3	18.1	2
1469.348	35.47	2.12	75.21	6.50	8.33	54.19	72.0	3	18.1	2
1469.452	35.35	2.15	76.07	6.49	8.44	54.82	72.1	3	18.1	2
1469.597	35.19	2.16	76.07	6.50	8.38	54.46	71.6	3	18.1	2
1469.657	35.27	2.14	75.53	6.49	8.37	54.28	71.9	3	18.1	2
1469.761	35.33	2.16	76.47	6.51	8.42	54.81	71.7	3	18.1	2
1469.906	35.26	2.17	76.61	6.50	8.45	54.91	71.7	3	18.1	2
1469.966	35.31	2.15	75.81	6.52	8.31	54.16	71.4	3	18.1	2
1470.070	35.27	2.16	76.16	6.51	8.39	54.58	71.7	3	18.1	2
1470.215	35.37	2.17	76.70	6.48	8.50	55.07	71.8	3	18.1	2
1470.275	35.33	2.14	75.64	6.52	8.35	54.42	71.9	3	18.1	2
1470.379	35.30	2.14	75.60	6.50	8.39	54.55	72.2	3	18.1	2
1470.524	35.35	2.15	76.06	6.52	8.46	55.12	72.5	3	18.1	2
1470.584	35.26	2.18	76.77	6.52	8.46	55.12	71.8	3	18.1	2
1470.688	35.40	2.14	75.75	6.54	8.23	53.84	71.1	3	18.1	2
1470.833	35.41	2.12	75.01	6.57	8.18	53.79	71.7	3	18.1	2
1470.893	35.35	2.15	76.14	6.54	8.32	54.43	71.5	3	18.1	2
1470.997	35.17	2.17	76.19	6.53	8.35	54.56	71.6	3	18.1	2
1471.142	35.26	2.19	77.22	6.44	8.59	55.33	71.7	3	18.1	2
1471.202	35.30	2.16	76.30	6.50	8.45	54.92	72.0	3	18.1	2
1471.306	35.27	2.16	76.29	6.48	8.52	55.27	72.4	3	18.1	2
1471.451	35.37	2.16	76.34	6.46	8.60	55.52	72.7	3	18.1	2
1471.511	35.27	2.15	75.87	6.50	8.48	55.09	72.6	3	18.1	2
1471.615	35.24	2.14	75.41	6.52	8.41	54.80	72.7	3	18.1	2
1471.760	35.28	2.12	74.93	6.50	8.42	54.74	73.1	3	18.1	2
1471.820	35.29	2.15	75.78	6.49	8.43	54.76	72.3	3	18.1	2
1471.924	35.34	2.13	75.15	6.59	8.18	53.90	71.7	3	18.1	2
1472.069	35.23	2.15	75.69	6.49	8.45	54.87	72.5	3	18.1	2
1472.129	35.32	2.15	75.79	6.49	8.47	54.95	72.5	3	18.1	2
1472.233	35.28	2.15	75.89	6.47	8.53	55.18	72.7	3	18.1	2
1472.378	35.21	2.17	76.39	6.53	8.39	54.72	71.6	3	18.1	2
1472.438	35.26	2.16	75.99	6.51	8.42	54.79	72.1	3	18.1	2
1472.542	35.35	2.13	75.19	6.50	8.39	54.50	72.5	3	18.1	2
1472.687	35.21	2.18	76.79	6.49	8.42	54.63	71.1	3	18.1	2
1472.747	35.21	2.17	76.47	6.47	8.48	54.90	71.8	3	18.1	2
1472.851	35.21	2.18	76.76	6.50	8.43	54.77	71.3	3	18.1	2
1472.996	35.30	2.15	75.86	6.52	8.34	54.41	71.7	3	18.1	2
1473.056	35.23	2.16	76.17	6.53	8.34	54.45	71.5	3	18.1	2
1473.160	35.19	2.16	76.00	6.51	8.35	54.34	71.5	3	18.1	2
1473.305	35.19	2.15	75.76	6.51	8.42	54.79	72.3	3	18.1	2
1473.365	35.35	2.11	74.72	6.55	8.24	54.00	72.3	3	18.1	2
1473.469	35.38	2.14	75.59	6.52	8.42	54.88	72.6	3	18.1	2
1473.614	35.25	2.16	76.08	6.50	8.56	55.65	73.1	3	18.1	2
1473.674	35.31	2.15	76.05	6.49	8.48	55.05	72.4	3	18.1	2
1473.778	35.35	2.13	75.41	6.51	8.41	54.79	72.7	3	18.1	2
1473.923	35.28	2.18	77.04	6.48	8.58	55.62	72.2	3	18.1	2
1473.983	35.26	2.18	76.99	6.46	8.62	55.72	72.4	3	18.1	2
1474.087	35.18	2.20	77.53	6.46	8.63	55.70	71.8	3	18.1	2
1474.232	35.26	2.14	75.45	6.51	8.36	54.43	72.1	3	18.1	2
1474.292	35.23	2.16	75.95	6.53	8.32	54.34	71.5	3	18.1	2
1474.396	35.38	2.14	75.55	6.54	8.26	54.00	71.5	3	18.1	2
1474.541	35.32	2.19	77.27	6.46	8.53	55.14	71.4	3	18.1	2
1474.601	35.33	2.15	76.12	6.52	8.42	54.88	72.1	3	18.1	2
1474.705	35.35	2.15	76.11	6.52	8.42	54.91	72.1	3	18.1	2
1474.850	35.33	2.15	75.95	6.52	8.34	54.34	71.5	3	18.1	2
1474.910	35.21	2.18	76.86	6.46	8.59	55.46	72.1	3	18.1	2
1475.014	35.22	2.18	76.60	6.48	8.49	55.01	71.8	3	18.1	2
1475.159	35.25	2.15	75.69	6.52	8.40	54.77	72.4	3	18.1	2
1475.219	35.28	2.14	75.39	6.54	8.31	54.37	72.1	3	18.1	2
1475.323	35.21	2.17	76.40	6.51	8.34	54.32	71.1	3	18.1	2
1475.468	35.25	2.17	76.56	6.48	8.50	55.06	71.9	3	18.1	2
1475.528	35.30	2.16	76.19	6.51	8.40	54.68	71.8	3	18.1	2
1475.632	35.28	2.15	75.99	6.52	8.35	54.46	71.7	3	18.1	2
1475.777	35.50	2.16	76.51	6.50	8.38	54.50	71.2	3	18.1	2
1475.837	35.49	2.14	76.05	6.49	8.41	54.59	71.8	3	18.1	2
1475.941	35.37	2.14	75.85	6.51	8.43	54.83	72.3	3	18.1	2
1476.086	35.33	2.17	76.68	6.47	8.58	55.52	72.4	3	18.1	2
1476.146	35.44	2.14	75.90	6.54	8.33	54.42	71.7	3	18.1	2
1476.250	35.25	2.19	77.10	6.48	8.55	55.42	71.9	3	18.1	2
1476.395	35.14	2.19	76.78	6.50	8.51	55.34	72.1	3	18.1	2
1476.455	35.21	2.18	76.89	6.50	8.47	55.02	71.6	3	18.1	2
1476.559	35.27	2.15	75.65	6.52	8.37	54.57	72.1	3	18.1	2
1476.704	35.42	2.13	75.28	6.54	8.28	54.15	71.9	3	18.1	2
1476.764	35.24	2.15	75.92	6.53	8.32	54.34	71.6	3	18.1	2
1476.868	35.34	2.13	75.18	6.56	8.23	54.01	71.8	3	18.1	2
1477.013	35.27	2.16	76.26	6.50	8.48	55.08	72.2	3	18.1	2
1477.073	35.41	2.15	76.26	6.51	8.32	54.22	71.1	3	18.1	2
1477.177	35.31	2.15	75.98	6.53	8.27	54.02	71.1	3	18.1	2
1477.322	35.23	2.17	76.32	6.48	8.42	54.58	71.5	3	18.1	2
1477.382	35.17	2.16	76.08	6.52	8.33	54.30	71.4	3	18.1	2
1477.486	35.24	2.20	77.40	6.47	8.63	55.84	72.1	3	18.1	2
1477.631	35.30	2.19	77.36	6.46	8.64	55.81	72.1	3	18.1	2
1477.691	35.28	2.18	76.80	6.49	8.56	55.54	72.3	3	18.1	2
1477.795	35.39	2.15	76.10	6.52	8.42	54.91	72.1	3	18.1	2
1477.940	35.42	2.14	75.67	6.51	8.38	54.59	72.1	3	18.1	2
1478.000	35.28	2.16	76.35	6.49	8.48	54.97	72.0	3	18.1	2
1478.104	35.25	2.15	75.62	6.52	8.48	55.31	73.1	3	18.1	2
1478.249	35.35	2.15	75.90	6.51	8.43	54.83	72.2	3	18.1	2
1478.309	35.33	2.16	76.26	6.53	8.41	54.90	72.0	3	18.1	2
1478.413	35.30	2.17	76.43	6.49	8.50	55.18	72.2	3	18.1	2
1478.558	35.25	2.17	76.32	6.46	8.51	54.96	72.0	3	18.1	2
1478.618	35.39	2.14	75.88	6.54	8.30	54.30	71.6	3	18.1	2
1478.722	35.43	2.14	75.75	6.54	8.38	54.76	72.3	3	18.1	2
1478.867	35.37	2.16	76.43	6.54	8.26	54.03	70.7	3	18.1	2
1478.927	35.38	2.14	75.87	6.52	8.25	53.85	71.0	3	18.1	2
1479.031	35.22	2.15	75.75	6.52	8.37	54.53	72.0	3	18.1	2
1479.176	35.39	2.16	76.47	6.52	8.40	54.79	71.6	3	18.1	2
1479.236	35.38	2.17	76.78	6.52	8.52	55.50	72.3	3	18.1	2
1479.340	35.24	2.16	76.12	6.48	8.47	54.93	72.2	3	18.1	2
1479.485	35.20	2.18	76.62	6.47	8.56	55.35	72.2	3	18.1	2
1479.545	35.20	2.18	76.58	6.46	8.51	54.99	71.8	3	18.1	2
1479.649	35.31	2.14	75.39	6.53	8.33	54.41	72.2	3	18.1	2
1479.794	35.37	2.18	77.17	6.49	8.55	55.55	72.0	3	18.1	2
1479.854	35.28	2.18	76.84	6.52	8.44	55.02	71.6	3	18.1	2
1479.958	35.23	2.18	76.96	6.49	8.51	55.29	71.8	3	18.1	2
1480.103	35.30	2.17	76.61	6.53	8.41	54.92	71.7	3	18.1	2
1480.163	35.36	2.18	77.05	6.50	8.49	55.17	71.6	3	18.1	2
1480.267	35.34	2.18	77.04	6.45	8.57	55.30	71.8	3	18.1	2
1480.412	35.20	2.21	77.67	6.42	8.65	55.46	71.4	3	18.1	2
1480.472	35.17	2.20	77.46	6.47	8.49	54.98	71.0	3	18.1	2
1480.576	35.19	2.19	77.09	6.47	8.53	55.22	71.6	3	18.1	2
1480.721	35.07	2.18	76.50	6.52	8.39	54.72	71.5	3	18.1	2
1480.781	35.24	2.15	75.85	6.55	8.27	54.18	71.4	3	18.1	2
1480.885	35.19	2.15	75.73	6.52	8.38	54.67	72.2	3	18.1	2
1481.030	35.27	2.20	77.55	6.48	8.58	55.56	71.6	3	18.1	2
1481.090	35.31	2.17	76.59	6.51	8.43	54.88	71.7	3	18.1	2
1481.194	35.21	2.20	77.53	6.46	8.62	55.70	71.8	3	18.1	2
1481.339	35.11	2.19	76.96	6.45	8.64	55.74	72.4	3	18.1	2
1481.399	35.21	2.14	75.29	6.53	8.30	54.16	71.9	3	18.1	2
1481.503	35.23	2.16	76.28	6.50	8.38	54.48	71.4	3	18.1	2
1481.648	35.16	2.18	76.65	6.49	8.49	55.14	71.9	3	18.1	2
1481.708	35.12	2.18	76.62	6.46	8.53	55.11	71.9	3	18.1	2
1481.812	35.06	2.19	76.82	6.44	8.63	55.59	72.4	3	18.1	2
1481.957	35.23	2.17	76.62	6.50	8.44	54.83	71.6	3	18.1	2
1482.017	35.14	2.19	76.90	6.46	8.62	55.66	72.4	3	18.1	2
1482.121	35.26	2.15	75.74	6.53	8.34	54.45	71.9	3	18.1	2
1482.266	35.21	2.18	76.60	6.52	8.49	55.33	72.2	3	18.1	2
1482.326	35.32	2.16	76.34	6.51	8.49	55.30	72.4	3	18.1	2
1482.430	35.38	2.13	75.26	6.54	8.29	54.21	72.0	3	18.1	2
