1776.295	38.89	0.09	3.53	0.05	0.20	0.01	0.3	5	0.0	3
1776.355	38.89	0.09	3.41	0.05	0.21	0.01	0.3	5	0.0	3
1776.458	38.87	0.09	3.45	0.05	0.19	0.01	0.3	5	0.0	3
1776.602	38.74	0.09	3.52	0.04	0.19	0.01	0.2	5	0.5	3
1776.662	38.67	0.09	3.36	0.03	0.20	0.01	0.2	5	0.5	3
1776.765	38.76	0.09	3.39	0.04	0.21	0.01	0.2	5	0.5	3
1776.909	38.72	0.10	3.93	0.10	0.32	0.03	0.8	5	1.0	3
1776.969	38.77	0.10	3.80	0.24	0.48	0.12	3.0	5	1.0	3
1777.072	38.74	0.10	3.95	0.31	0.58	0.18	4.6	5	1.0	3
1777.216	38.80	0.12	4.50	0.37	0.66	0.25	5.5	5	1.5	3
1777.276	38.74	0.12	4.77	0.44	0.74	0.32	6.8	5	1.5	3
1777.379	38.77	0.13	4.90	0.44	0.80	0.36	7.3	5	1.5	3
1777.523	38.78	0.12	4.52	0.52	0.88	0.45	10.1	5	2.0	3
1777.583	38.76	0.13	4.88	0.59	1.00	0.59	12.1	5	2.0	3
1777.686	38.75	0.12	4.82	0.65	1.11	0.72	15.0	5	2.0	3
1777.830	38.72	0.13	5.11	0.67	1.15	0.77	15.2	5	2.5	3
1777.890	38.63	0.15	5.64	0.78	1.32	1.03	18.4	5	2.5	3
1777.993	38.70	0.16	6.04	0.86	1.48	1.28	21.2	5	2.5	3
1778.137	38.76	0.15	5.93	0.91	1.57	1.43	24.0	5	2.5	3
1778.197	38.61	0.16	6.28	0.97	1.66	1.60	25.5	5	3.0	3
1778.300	38.57	0.17	6.58	1.04	1.80	1.87	28.4	5	3.0	3
1778.444	38.65	0.17	6.52	1.08	1.90	2.05	31.4	5	3.0	3
1778.504	38.60	0.18	6.92	1.14	1.98	2.26	32.7	5	3.5	3
1778.607	38.61	0.20	7.66	1.20	2.06	2.47	32.3	5	3.5	3
1778.751	38.61	0.21	8.10	1.23	2.15	2.65	32.7	5	3.5	3
1778.811	38.67	0.21	8.14	1.27	2.20	2.80	34.4	5	4.0	3
1778.914	38.67	0.22	8.49	1.34	2.27	3.05	35.9	5	4.0	3
1779.058	38.55	0.23	8.87	1.34	2.31	3.10	34.9	5	4.0	3
1779.118	38.43	0.24	9.17	1.38	2.37	3.26	35.6	5	4.5	3
1779.221	38.44	0.25	9.65	1.46	2.44	3.55	36.8	5	4.5	3
1779.365	38.57	0.26	10.14	1.48	2.50	3.71	36.6	5	4.5	3
1779.425	38.58	0.26	10.21	1.50	2.54	3.81	37.4	5	5.0	3
1779.528	38.57	0.27	10.54	1.59	2.68	4.25	40.3	5	5.0	3
1779.672	38.57	0.28	10.86	1.64	2.71	4.45	41.0	5	5.0	3
1779.732	38.47	0.28	10.84	1.69	2.75	4.65	43.0	5	5.5	3
1779.835	38.39	0.30	11.41	1.74	2.92	5.09	44.6	5	5.5	3
1779.979	38.49	0.31	11.95	1.77	2.99	5.29	44.3	5	5.5	3
1780.039	38.53	0.31	11.78	1.77	2.99	5.29	44.9	5	6.0	3
1780.142	38.41	0.34	13.16	1.90	3.19	6.05	46.0	5	6.0	3
1780.286	38.42	0.36	13.99	1.91	3.36	6.42	45.9	5	6.0	3
1780.346	38.37	0.35	13.50	1.92	3.39	6.51	48.2	5	6.0	3
1780.449	38.33	0.39	15.07	2.01	3.58	7.20	47.8	5	6.5	3
1780.593	38.18	0.40	15.40	2.06	3.74	7.70	50.0	5	6.5	3
1780.653	38.21	0.41	15.83	2.08	3.74	7.76	49.0	5	6.5	3
1780.756	38.20	0.45	17.05	2.19	3.92	8.59	50.4	5	7.0	3
1780.900	38.19	0.48	18.16	2.24	4.14	9.27	51.1	5	7.0	3
1780.960	38.22	0.48	18.29	2.23	4.16	9.25	50.6	5	7.0	3
1781.063	38.10	0.49	18.74	2.33	4.29	9.98	53.3	5	7.5	3
1781.207	38.03	0.53	20.10	2.39	4.44	10.59	52.7	5	7.5	3
1781.267	38.05	0.53	20.18	2.39	4.45	10.64	52.7	5	7.5	3
1781.371	38.03	0.57	21.78	2.46	4.70	11.58	53.1	5	8.0	3
1781.515	37.99	0.60	22.63	2.54	4.86	12.34	54.5	5	8.0	3
1781.575	37.84	0.60	22.89	2.53	4.94	12.51	54.7	5	8.0	3
1781.679	37.87	0.65	24.71	2.60	5.12	13.31	53.9	5	8.5	3
1781.824	37.82	0.67	25.44	2.63	5.30	13.95	54.8	5	8.5	3
1781.884	37.78	0.68	25.68	2.63	5.29	13.92	54.2	5	8.5	3
1781.987	37.67	0.73	27.35	2.72	5.47	14.88	54.4	5	9.0	3
1782.132	37.66	0.76	28.63	2.78	5.71	15.88	55.5	5	9.0	3
1782.192	37.60	0.76	28.71	2.80	5.77	16.16	56.3	5	9.0	3
1782.296	37.54	0.80	30.07	2.83	5.99	16.93	56.3	5	9.5	3
1782.441	37.34	0.86	32.20	2.91	6.23	18.14	56.3	5	9.5	3
1782.501	37.34	0.86	32.15	2.92	6.23	18.19	56.6	5	9.5	3
1782.605	37.21	0.90	33.40	2.96	6.36	18.85	56.4	5	10.0	3
1782.750	37.21	0.95	35.30	3.00	6.61	19.85	56.2	5	10.0	3
1782.810	37.28	0.96	35.71	3.01	6.64	20.02	56.1	5	10.0	3
1782.914	37.13	1.01	37.35	3.07	6.80	20.89	55.9	5	10.5	3
1783.059	36.95	1.06	39.25	3.18	7.05	22.42	57.1	5	10.5	3
1783.119	36.96	1.06	39.28	3.19	7.11	22.65	57.7	5	10.5	3
1783.223	36.90	1.10	40.54	3.21	7.26	23.31	57.5	5	11.0	3
1783.368	36.78	1.15	42.31	3.29	7.45	24.51	57.9	5	11.0	3
1783.428	36.78	1.16	42.58	3.30	7.47	24.61	57.8	5	11.0	3
1783.532	36.72	1.18	43.51	3.35	7.58	25.37	58.3	5	11.5	3
1783.677	36.69	1.25	45.87	3.45	7.78	26.83	58.5	5	11.5	3
1783.737	36.68	1.26	46.18	3.47	7.79	27.06	58.6	5	11.5	3
1783.841	36.57	1.29	47.20	3.55	7.86	27.92	59.2	5	12.0	3
1783.986	36.51	1.33	48.67	3.64	7.99	29.10	59.8	5	12.0	3
1784.046	36.43	1.33	48.54	3.65	7.97	29.08	59.9	5	12.0	3
1784.150	36.44	1.32	48.19	3.73	7.78	29.01	60.2	5	12.5	3
1784.295	36.52	1.29	47.28	3.99	7.37	29.42	62.2	5	12.5	3
1784.355	36.61	1.24	45.48	4.12	6.98	28.71	63.1	5	12.5	3
1784.459	36.90	1.12	41.30	4.33	6.32	27.32	66.1	5	13.0	3
1784.604	37.05	1.03	38.01	4.63	5.60	25.91	68.1	5	13.0	3
1784.664	37.23	0.98	36.38	4.70	5.35	25.15	69.1	5	13.0	3
1784.768	37.24	0.94	34.96	4.78	5.02	24.00	68.7	5	13.5	3
1784.913	37.34	0.93	34.84	4.99	4.89	24.41	70.1	5	13.5	3
1784.973	37.36	0.91	34.01	5.03	4.79	24.06	70.7	5	13.5	3
1785.077	37.39	0.90	33.69	5.07	4.70	23.81	70.7	5	14.0	3
1785.222	37.31	0.92	34.46	5.27	4.55	23.96	69.5	5	14.0	3
1785.282	37.34	0.95	35.59	5.22	4.78	24.93	70.1	5	14.0	3
1785.386	37.32	0.93	34.69	5.20	4.83	25.12	72.4	5	14.0	3
1785.531	37.30	0.95	35.36	5.48	4.65	25.45	72.0	5	14.5	3
1785.591	37.19	0.92	34.26	5.55	4.48	24.86	72.5	5	14.5	3
1785.695	37.00	0.94	34.90	5.56	4.50	25.04	71.8	5	14.5	3
1785.840	37.28	0.97	36.04	5.73	4.45	25.54	70.9	5	15.0	3
1785.900	37.28	0.96	35.81	5.75	4.47	25.71	71.8	5	15.0	3
1786.004	37.25	0.95	35.36	5.76	4.44	25.58	72.3	5	15.0	3
1786.149	37.28	0.99	36.89	5.95	4.49	26.71	72.4	5	15.5	3
1786.209	37.35	0.98	36.77	5.98	4.44	26.53	72.2	5	15.5	3
1786.313	37.32	0.97	36.25	6.02	4.43	26.63	73.5	5	15.5	3
1786.458	37.07	1.06	39.15	6.15	4.60	28.26	72.2	5	16.0	3
1786.518	36.99	1.05	38.79	6.23	4.47	27.84	71.8	5	16.0	3
1786.622	37.12	1.02	37.82	6.24	4.48	27.96	73.9	5	16.0	3
1786.767	36.94	1.08	39.72	6.39	4.56	29.11	73.3	5	16.5	3
1786.827	36.95	1.07	39.37	6.41	4.53	29.00	73.7	5	16.5	3
1786.931	37.03	1.06	39.17	6.43	4.54	29.20	74.5	5	16.5	3
1787.076	36.88	1.10	40.58	6.60	4.59	30.30	74.7	5	17.0	3
1787.136	36.77	1.13	41.66	6.64	4.63	30.72	73.8	5	17.0	3
1787.240	36.94	1.09	40.08	6.71	4.45	29.83	74.4	5	17.0	3
1787.385	36.80	1.15	42.35	6.78	4.72	32.00	75.6	5	17.5	3
1787.445	36.76	1.17	43.11	6.82	4.73	32.27	74.9	5	17.5	3
1787.549	36.80	1.15	42.14	6.84	4.72	32.28	76.6	5	17.5	3
1787.694	36.70	1.22	44.64	6.97	4.95	34.54	77.4	5	18.0	3
1787.754	36.70	1.21	44.58	6.98	5.08	35.47	79.6	5	18.0	3
1787.858	36.60	1.24	45.44	7.01	5.08	35.61	78.4	5	18.0	3
1788.003	36.68	1.25	45.85	7.25	4.80	34.76	75.8	5	18.5	3
1788.063	36.64	1.25	45.86	7.31	4.74	34.61	75.5	5	18.5	3
1788.167	36.58	1.26	46.27	7.37	4.66	34.39	74.3	5	18.5	3
1788.312	36.82	1.30	47.77	7.43	4.82	35.86	75.1	5	19.0	3
1788.372	36.64	1.31	48.18	7.54	4.76	35.87	74.4	5	19.0	3
1788.476	36.64	1.29	47.25	7.55	4.72	35.62	75.4	5	19.0	3
1788.621	36.40	1.35	49.00	7.65	4.89	37.38	76.3	5	19.5	3
1788.681	36.38	1.35	49.14	7.71	4.82	37.18	75.7	5	19.5	3
1788.785	36.37	1.36	49.33	7.78	4.77	37.06	75.1	5	19.5	3
1788.930	36.21	1.40	50.52	7.88	4.93	38.85	76.9	5	20.0	3
1788.990	36.10	1.41	51.07	7.91	4.89	38.72	75.8	5	20.0	3
1789.094	36.21	1.39	50.50	7.92	4.94	39.10	77.4	5	20.0	3
1789.239	36.06	1.45	52.29	8.03	5.07	40.74	77.9	5	20.5	3
1789.299	35.98	1.47	52.78	8.13	4.99	40.56	76.8	5	20.5	3
1789.403	35.99	1.45	52.35	8.22	4.92	40.46	77.3	5	20.5	3
1789.548	35.92	1.50	53.83	8.27	4.93	40.78	75.8	5	21.0	3
1789.608	35.93	1.49	53.45	8.35	4.97	41.55	77.7	5	21.0	3
1789.712	35.94	1.51	54.37	8.43	4.92	41.46	76.3	5	21.0	3
1789.857	35.81	1.56	55.79	8.51	5.06	43.03	77.1	5	21.5	3
1789.917	35.67	1.58	56.51	8.56	5.06	43.32	76.7	5	21.5	3
1790.021	35.68	1.58	56.54	8.55	5.18	44.27	78.3	5	21.5	3
1790.166	35.58	1.62	57.74	8.73	5.14	44.93	77.8	5	22.0	3
1790.226	35.53	1.64	58.23	8.80	5.07	44.56	76.5	5	22.0	3
1790.330	35.46	1.65	58.51	8.79	5.25	46.17	78.9	5	22.0	3
1790.475	35.37	1.67	59.19	8.84	5.30	46.87	79.2	5	22.5	3
1790.535	35.27	1.69	59.63	8.96	5.06	45.35	76.1	5	22.5	3
1790.639	34.89	1.76	61.27	9.01	5.19	46.80	76.4	5	22.5	3
1790.784	34.93	1.77	61.90	8.85	5.78	51.13	82.6	5	23.0	3
1790.844	34.73	1.80	62.44	9.00	5.62	50.64	81.1	5	23.0	3
1790.948	35.04	1.77	62.00	9.12	5.35	48.73	78.6	5	23.0	3
1791.093	34.95	1.79	62.49	9.21	5.16	47.54	76.1	5	23.5	3
1791.153	34.59	1.83	63.30	9.27	5.25	48.67	76.9	5	23.5	3
1791.257	34.39	1.85	63.67	9.29	5.17	48.02	75.4	5	23.5	3
1791.402	34.19	1.84	62.97	9.37	5.26	49.26	78.2	5	24.0	3
1791.462	34.05	1.86	63.47	9.37	5.34	50.08	78.9	5	24.0	3
1791.566	34.05	1.87	63.64	9.39	5.22	49.01	77.0	5	24.0	3
1791.711	33.72	1.90	63.96	9.38	5.45	51.15	80.0	5	24.5	3
1791.771	33.38	1.92	64.01	9.33	5.51	51.45	80.4	5	24.5	3
1791.875	33.14	1.93	63.84	9.47	5.27	49.91	78.2	5	24.5	3
1792.020	32.79	1.94	63.69	9.44	5.29	49.95	78.4	5	25.0	3
1792.080	32.37	1.94	62.85	9.33	5.45	50.84	80.9	5	25.0	3
1792.184	31.83	1.95	61.98	9.34	4.96	46.31	74.7	5	25.0	3
1792.329	31.61	1.95	61.73	9.10	5.77	52.55	85.1	5	25.5	3
1792.389	31.25	1.95	61.07	9.04	5.81	52.54	86.0	5	25.5	3
1792.493	30.56	1.96	59.91	9.08	5.12	46.53	77.7	5	25.5	3
1792.638	29.90	1.96	58.48	8.88	5.24	46.51	79.5	5	26.0	3
1792.698	29.19	1.96	57.30	8.84	5.04	44.60	77.8	5	26.0	3
1792.802	28.50	1.96	55.86	8.64	5.22	45.13	80.8	5	26.0	3
1792.947	27.86	1.97	54.82	8.47	5.11	43.26	78.9	5	26.5	3
1793.007	27.22	1.97	53.58	8.37	5.08	42.57	79.5	5	26.5	3
1793.111	26.41	1.97	51.95	8.18	4.95	40.48	77.9	5	26.5	3
1793.256	25.74	1.97	50.80	7.94	5.05	40.14	79.0	5	26.5	3
1793.316	25.10	1.98	49.65	7.78	5.12	39.83	80.2	5	27.0	3
1793.420	24.22	1.98	47.91	7.65	4.68	35.81	74.7	5	27.0	3
1793.565	23.37	1.98	46.38	7.38	4.72	34.82	75.1	5	27.0	3
1793.625	22.81	1.98	45.16	7.27	4.69	34.10	75.5	5	27.5	3
1793.729	22.03	1.98	43.62	7.01	4.79	33.55	76.9	5	27.5	3
1793.874	21.04	1.99	41.81	6.71	4.70	31.55	75.5	5	27.5	3
1793.934	20.58	1.99	40.88	6.67	4.56	30.36	74.3	5	28.0	3
1794.038	19.61	1.99	38.96	6.38	4.63	29.53	75.8	5	28.0	3
1794.183	18.92	1.98	37.52	6.10	4.63	28.22	75.2	5	28.0	3
1794.243	18.21	1.99	36.23	5.97	4.42	26.36	72.7	5	28.5	3
1794.347	17.53	2.03	35.55	5.77	4.64	26.75	75.3	5	28.5	3
1794.492	17.28	2.14	36.89	5.54	4.82	26.70	72.4	5	28.5	3
1794.552	17.07	2.14	36.48	5.49	4.89	26.83	73.5	5	29.0	3
1794.656	16.67	2.22	37.00	5.49	4.96	27.27	73.7	5	29.0	3
1794.801	16.52	2.33	38.53	5.35	5.23	27.96	72.6	5	29.0	3
1794.861	16.49	2.26	37.34	5.43	5.10	27.71	74.2	5	29.5	3
1794.965	16.32	2.36	38.48	5.41	5.23	28.29	73.5	5	29.5	3
1795.110	16.27	2.42	39.31	5.39	5.34	28.79	73.2	5	29.5	3
1795.170	16.37	2.40	39.37	5.42	5.25	28.46	72.3	5	30.0	3
1795.274	16.33	2.43	39.76	5.50	5.22	28.73	72.3	5	30.0	3
1795.419	16.09	2.46	39.56	5.48	5.35	29.35	74.2	5	30.0	3
1795.479	16.10	2.48	39.89	5.47	5.37	29.38	73.6	5	30.5	3
1795.583	16.04	2.49	39.87	5.56	5.34	29.71	74.5	5	30.5	3
1795.728	16.05	2.51	40.24	5.61	5.30	29.76	73.9	5	30.5	3
1795.788	16.02	2.55	40.90	5.63	5.33	30.01	73.4	5	31.0	3
1795.892	16.01	2.60	41.67	5.64	5.44	30.66	73.6	5	31.0	3
1796.037	16.09	2.59	41.72	5.70	5.38	30.68	73.5	5	31.0	3
1796.097	16.19	2.56	41.46	5.75	5.28	30.36	73.2	5	31.0	3
1796.201	15.92	2.65	42.14	5.76	5.41	31.20	74.0	5	31.5	3
1796.346	16.00	2.68	42.87	5.81	5.41	31.42	73.3	5	31.5	3
1796.406	15.98	2.67	42.68	5.85	5.36	31.35	73.5	5	31.5	3
1796.510	15.93	2.70	43.06	5.88	5.43	31.94	74.2	5	32.0	3
1796.655	15.90	2.72	43.26	5.89	5.46	32.15	74.3	5	32.0	3
1796.715	15.94	2.69	42.89	5.93	5.42	32.14	74.9	5	32.0	3
1796.819	15.78	2.79	43.98	6.03	5.30	31.95	72.7	5	32.5	3
1796.964	15.73	2.80	44.12	6.01	5.46	32.80	74.4	5	32.5	3
1797.024	15.75	2.81	44.23	6.06	5.30	32.09	72.6	5	32.5	3
1797.128	15.81	2.70	42.69	6.24	5.17	32.28	75.6	5	33.0	3
1797.273	15.51	2.87	44.56	6.07	5.54	33.62	75.4	5	33.0	3
1797.333	15.69	2.80	43.90	6.17	5.39	33.26	75.8	5	33.0	3
1797.437	15.49	2.99	46.26	6.16	5.41	33.29	72.0	5	33.5	3
1797.582	15.55	2.94	45.79	6.05	5.97	36.07	78.8	5	33.5	3
1797.642	15.65	2.80	43.91	6.15	5.89	36.23	82.5	5	33.5	3
1797.746	15.74	2.76	43.42	6.28	5.75	36.06	83.1	5	34.0	3
1797.891	15.41	3.09	47.55	6.10	5.95	36.27	76.3	5	34.0	3
1797.951	15.47	3.04	47.01	6.26	5.56	34.80	74.0	5	34.0	3
1798.055	15.33	3.12	47.86	6.24	5.76	35.92	75.1	5	34.5	3
1798.200	15.42	3.10	47.81	6.43	5.49	35.30	73.8	5	34.5	3
1798.260	15.35	3.14	48.17	6.41	5.49	35.19	73.1	5	34.5	3
1798.364	15.39	3.10	47.74	6.48	5.48	35.54	74.4	5	35.0	3
1798.509	15.20	3.22	48.94	6.44	5.61	36.13	73.8	5	35.0	3
1798.569	15.31	3.15	48.18	6.51	5.57	36.25	75.2	5	35.0	3
1798.673	15.18	3.14	47.61	6.57	5.52	36.27	76.2	5	35.5	3
1798.818	15.18	3.20	48.61	6.59	5.54	36.51	75.1	5	35.5	3
1798.878	15.13	3.20	48.46	6.63	5.47	36.30	74.9	5	35.5	3
1798.982	15.06	3.28	49.32	6.64	5.51	36.54	74.1	5	36.0	3
1799.127	15.14	3.27	49.52	6.78	5.35	36.26	73.2	5	36.0	3
1799.187	14.94	3.28	49.04	6.71	5.52	37.03	75.5	5	36.0	3
1799.291	14.93	3.32	49.60	6.78	5.43	36.84	74.3	5	36.5	3
1799.436	14.81	3.39	50.29	6.80	5.50	37.43	74.4	5	36.5	3
1799.496	14.76	3.43	50.54	6.74	5.53	37.27	73.7	5	36.5	3
1799.600	14.66	3.44	50.37	6.76	5.64	38.12	75.7	5	37.0	3
1799.745	14.70	3.51	51.53	6.82	5.56	37.95	73.6	5	37.0	3
1799.805	14.85	3.47	51.55	6.83	5.59	38.21	74.1	5	37.0	3
1799.909	14.79	3.50	51.70	6.89	5.53	38.08	73.7	5	37.5	3
1800.054	14.58	3.58	52.18	6.85	5.72	39.19	75.1	5	37.5	3
1800.114	14.58	3.57	52.06	6.88	5.71	39.30	75.5	5	37.5	3
1800.218	14.42	3.61	52.07	6.94	5.62	38.96	74.8	5	38.0	3
1800.363	14.40	3.67	52.82	7.03	5.51	38.78	73.4	5	38.0	3
1800.423	14.29	3.69	52.80	6.95	5.64	39.20	74.3	5	38.0	3
1800.527	14.03	3.71	52.00	6.94	5.67	39.37	75.7	5	38.5	3
1800.672	14.30	3.80	54.30	6.96	5.72	39.80	73.3	5	38.5	3
1800.732	14.25	3.79	53.98	6.96	5.77	40.16	74.4	5	38.5	3
1800.836	14.16	3.82	54.07	7.00	5.74	40.18	74.3	5	39.0	3
1800.981	14.03	3.89	54.51	6.99	5.72	39.95	73.3	5	39.0	3
1801.041	14.04	3.87	54.37	7.03	5.68	39.89	73.4	5	39.0	3
1801.145	13.90	3.87	53.83	7.09	5.56	39.41	73.2	5	39.5	3
1801.290	13.85	3.95	54.75	7.04	5.73	40.36	73.7	5	39.5	3
1801.350	13.81	3.94	54.43	7.12	5.61	39.91	73.3	5	39.5	3
1801.454	13.80	3.93	54.27	7.03	5.82	40.93	75.4	5	40.0	3
1801.599	13.47	4.06	54.69	7.06	5.76	40.71	74.4	5	40.0	3
1801.659	13.57	4.03	54.68	7.09	5.76	40.88	74.8	5	40.0	3
1801.763	13.53	4.06	54.89	7.02	5.80	40.72	74.2	5	40.0	3
1801.908	13.35	4.12	54.99	7.04	5.75	40.47	73.6	5	40.5	3
1801.968	13.28	4.12	54.70	6.99	5.89	41.16	75.3	5	40.5	3
1802.072	13.23	4.16	55.03	7.00	5.83	40.79	74.1	5	40.5	3
1802.217	12.94	4.25	54.96	6.99	5.83	40.80	74.2	5	41.0	3
1802.277	12.93	4.26	55.06	6.99	5.83	40.75	74.0	5	41.0	3
1802.381	12.90	4.25	54.87	6.98	5.87	41.02	74.8	5	41.0	3
1802.526	12.85	4.29	55.09	6.99	5.77	40.33	73.2	5	41.5	3
1802.586	12.77	4.31	55.02	6.98	5.78	40.35	73.4	5	41.5	3
1802.690	12.87	4.29	55.27	7.02	5.82	40.87	73.9	5	41.5	3
1802.835	12.57	4.38	55.10	7.00	5.68	39.73	72.1	5	42.0	3
1802.895	12.47	4.39	54.70	6.99	5.73	40.10	73.3	5	42.0	3
1802.999	12.44	4.42	54.96	6.94	5.68	39.39	71.7	5	42.0	3
1803.144	12.33	4.49	55.34	6.83	5.79	39.56	71.5	5	42.5	3
1803.204	12.29	4.48	55.07	6.92	5.67	39.24	71.3	5	42.5	3
1803.308	12.08	4.49	54.24	6.88	5.60	38.54	71.0	5	42.5	3
1803.453	11.86	4.53	53.67	6.85	5.69	38.99	72.6	5	43.0	3
1803.513	11.93	4.51	53.85	6.87	5.71	39.25	72.9	5	43.0	3
1803.617	11.67	4.56	53.19	6.79	5.60	38.03	71.5	5	43.0	3
1803.762	11.58	4.59	53.11	6.71	5.85	39.26	73.9	5	43.5	3
1803.822	11.34	4.63	52.49	6.60	5.69	37.57	71.6	5	43.5	3
1803.926	11.39	4.62	52.63	6.72	5.48	36.82	70.0	5	43.5	3
1804.071	11.05	4.66	51.43	6.51	5.49	35.76	69.5	5	44.0	3
1804.131	11.09	4.66	51.65	6.59	5.43	35.75	69.2	5	44.0	3
1804.235	10.95	4.67	51.07	6.54	5.33	34.83	68.2	5	44.0	3
1804.380	10.69	4.69	50.12	6.48	5.52	35.75	71.3	5	44.5	3
1804.440	10.39	4.71	48.96	6.27	5.64	35.36	72.2	5	44.5	3
1804.544	10.09	4.73	47.70	6.17	5.64	34.79	72.9	5	44.5	3
1804.689	9.79	4.74	46.39	5.92	5.49	32.50	70.1	5	45.0	3
1804.749	9.75	4.75	46.32	5.87	5.47	32.11	69.3	5	45.0	3
1804.853	9.58	4.75	45.53	5.83	5.53	32.21	70.8	5	45.0	3
1804.998	9.11	4.77	43.44	5.45	5.59	30.50	70.2	5	45.5	3
1805.058	9.04	4.77	43.11	5.47	5.49	30.06	69.7	5	45.5	3
1805.162	8.85	4.77	42.24	5.34	5.48	29.26	69.3	5	45.5	3
1805.307	8.46	4.79	40.51	5.06	5.38	27.19	67.1	5	46.0	3
1805.367	8.46	4.79	40.51	5.07	5.53	28.04	69.2	5	46.0	3
1805.471	8.01	4.79	38.36	4.64	5.66	26.29	68.5	5	46.0	3
1805.616	7.67	4.79	36.78	4.49	5.45	24.46	66.5	5	46.5	3
1805.676	7.30	4.80	35.02	4.22	5.31	22.38	63.9	5	46.5	3
1805.780	7.10	4.81	34.17	4.16	5.28	21.97	64.3	5	46.5	3
1805.925	5.51	4.82	26.55	2.81	5.33	14.99	56.4	5	47.0	3
1805.985	5.07	4.83	24.46	2.53	5.30	13.39	54.8	5	47.0	3
1806.089	4.85	4.83	23.42	2.30	5.28	12.13	51.8	5	47.0	3
1806.234	4.73	4.82	22.79	2.22	5.25	11.67	51.2	5	47.5	3
1806.294	4.76	4.82	22.95	2.20	5.21	11.45	49.9	5	47.5	3
1806.398	4.58	4.82	22.09	2.17	5.18	11.22	50.8	5	47.5	3
1806.543	4.64	4.84	22.45	2.18	5.13	11.18	49.8	5	48.0	3
1806.603	4.39	4.84	21.23	2.15	5.12	11.00	51.8	5	48.0	3
1806.706	4.43	4.83	21.41	2.15	5.09	10.97	51.2	5	48.0	3
1806.851	4.29	4.84	20.78	2.10	5.05	10.61	51.0	5	48.5	3
1806.911	4.31	4.83	20.83	2.08	5.03	10.49	50.4	5	48.5	3
1807.015	4.22	4.84	20.45	2.08	4.99	10.38	50.7	5	48.5	3
1807.160	4.13	4.84	19.99	2.04	4.96	10.11	50.6	5	49.0	3
1807.220	4.21	4.84	20.39	2.03	4.89	9.94	48.7	5	49.0	3
1807.323	4.08	4.84	19.73	2.04	4.90	9.99	50.6	5	49.0	3
1807.467	4.06	4.84	19.63	2.01	4.91	9.86	50.2	5	49.5	3
1807.527	4.14	4.84	20.01	2.00	4.85	9.71	48.5	5	49.5	3
1807.630	4.06	4.84	19.67	1.99	4.82	9.59	48.8	5	49.5	3
1807.774	4.02	4.85	19.47	1.96	4.78	9.37	48.1	5	50.0	3
1807.834	3.94	4.85	19.11	1.95	4.74	9.23	48.3	5	50.0	3
1807.937	3.90	4.85	18.89	1.95	4.72	9.23	48.8	5	50.0	3
1808.081	3.93	4.84	19.03	1.92	4.71	9.05	47.6	5	50.5	3
1808.141	3.94	4.85	19.14	1.92	4.69	9.00	47.0	5	50.5	3
1808.244	3.83	4.85	18.56	1.91	4.68	8.93	48.1	5	50.5	3
1808.388	3.95	4.84	19.11	1.90	4.61	8.78	46.0	5	51.0	3
1808.448	3.83	4.84	18.54	1.88	4.57	8.59	46.3	5	51.0	3
1808.551	3.72	4.85	18.04	1.85	4.55	8.43	46.7	5	51.0	3
1808.695	3.68	4.85	17.83	1.86	4.55	8.48	47.6	5	51.0	3
1808.755	3.69	4.84	17.86	1.86	4.49	8.35	46.8	5	51.5	3
1808.858	3.43	4.84	16.57	1.85	4.46	8.26	49.8	5	51.5	3
1809.002	3.56	4.84	17.20	1.84	4.46	8.19	47.6	5	51.5	3
1809.062	3.54	4.84	17.15	1.82	4.42	8.04	46.9	5	52.0	3
1809.165	3.43	4.85	16.62	1.81	4.38	7.91	47.6	5	52.0	3
1809.309	3.44	4.84	16.67	1.83	4.37	8.01	48.1	5	52.0	3
1809.369	3.41	4.85	16.55	1.81	4.34	7.86	47.5	5	52.5	3
1809.472	3.29	4.85	15.95	1.79	4.30	7.71	48.3	5	52.5	3
1809.616	3.34	4.85	16.19	1.78	4.31	7.68	47.4	5	52.5	3
1809.676	3.27	4.85	15.88	1.78	4.26	7.60	47.9	5	53.0	3
1809.779	3.23	4.85	15.65	1.77	4.24	7.49	47.8	5	53.0	3
1809.923	3.23	4.86	15.71	1.75	4.23	7.38	47.0	5	53.0	3
1809.983	3.29	4.86	15.97	1.76	4.21	7.38	46.2	5	53.5	3
1810.086	3.23	4.84	15.63	1.74	4.14	7.19	46.0	5	53.5	3
1810.230	3.35	4.84	16.22	1.75	4.15	7.24	44.6	5	53.5	3
1810.290	3.24	4.85	15.70	1.73	4.13	7.16	45.6	5	54.0	3
1810.393	3.16	4.84	15.31	1.71	4.10	7.03	45.9	5	54.0	3
1810.537	3.15	4.84	15.24	1.73	4.10	7.07	46.4	5	54.0	3
1810.597	3.10	4.84	14.99	1.71	4.10	7.01	46.8	5	54.5	3
1810.700	3.01	4.85	14.60	1.68	4.01	6.75	46.2	5	54.5	3
1810.844	3.06	4.86	14.87	1.70	4.00	6.80	45.7	5	54.5	3
1810.904	3.06	4.85	14.86	1.69	4.00	6.77	45.6	5	55.0	3
1811.007	2.90	4.85	14.05	1.65	3.94	6.52	46.4	5	55.0	3
1811.151	2.91	4.85	14.12	1.64	3.91	6.43	45.5	5	55.0	3
1811.211	2.91	4.86	14.14	1.63	3.91	6.39	45.2	5	55.0	3
1811.314	2.86	4.85	13.87	1.61	3.87	6.25	45.0	5	55.5	3
1811.458	2.82	4.85	13.68	1.62	3.86	6.24	45.6	5	55.5	3
1811.518	2.71	4.84	13.11	1.60	3.86	6.16	47.0	5	55.5	3
1811.621	2.74	4.85	13.27	1.58	3.80	5.99	45.2	5	56.0	3
1811.765	2.67	4.86	12.97	1.59	3.76	5.97	46.0	5	56.0	3
1811.825	2.73	4.85	13.24	1.58	3.74	5.92	44.7	5	56.0	3
1811.928	2.72	4.83	13.13	1.55	3.72	5.78	44.0	5	56.5	3
1812.072	2.87	4.85	13.90	1.54	3.74	5.77	41.5	5	56.5	3
1812.132	2.75	4.85	13.37	1.54	3.72	5.73	42.8	5	56.5	3
1812.235	2.68	4.86	13.05	1.52	3.69	5.60	42.9	5	57.0	3
1812.379	2.69	4.87	13.08	1.51	3.65	5.51	42.2	5	57.0	3
1812.439	2.61	4.87	12.69	1.50	3.63	5.45	43.0	5	57.0	3
1812.542	2.53	4.86	12.32	1.51	3.60	5.45	44.2	5	57.5	3
1812.686	2.58	4.86	12.53	1.49	3.57	5.32	42.4	5	57.5	3
1812.746	2.46	4.86	11.93	1.48	3.59	5.33	44.7	5	57.5	3
1812.849	2.36	4.86	11.47	1.47	3.57	5.25	45.8	5	58.0	3
1812.993	2.47	4.87	12.03	1.45	3.50	5.07	42.2	5	58.0	3
1813.053	2.47	4.87	12.04	1.45	3.50	5.08	42.2	5	58.0	3
1813.156	2.51	4.87	12.21	1.45	3.47	5.02	41.1	5	58.5	3
1813.300	2.26	4.86	10.99	1.45	3.41	4.95	45.1	5	58.5	3
1813.360	2.33	4.86	11.30	1.46	3.41	4.99	44.2	5	58.5	3
1813.463	2.29	4.86	11.12	1.45	3.42	4.95	44.5	5	59.0	3
1813.607	2.25	4.87	10.96	1.43	3.36	4.82	44.0	5	59.0	3
1813.667	2.30	4.86	11.17	1.43	3.36	4.82	43.2	5	59.0	3
1813.770	2.33	4.86	11.32	1.44	3.34	4.81	42.5	5	59.5	3
1813.914	2.30	4.87	11.19	1.41	3.36	4.73	42.3	5	59.5	3
1813.974	2.39	4.86	11.62	1.41	3.33	4.70	40.4	5	59.5	3
1814.077	2.39	4.85	11.60	1.40	3.28	4.60	39.6	5	60.0	3
1814.221	2.27	4.87	11.06	1.42	3.25	4.61	41.6	5	60.0	3
1814.281	2.22	4.86	10.81	1.40	3.27	4.58	42.4	5	60.0	3
1814.384	2.09	4.87	10.16	1.41	3.25	4.59	45.2	5	60.5	3
1814.528	2.11	4.87	10.26	1.38	3.21	4.42	43.1	5	60.5	3
1814.588	2.22	4.87	10.82	1.39	3.20	4.44	41.0	5	60.5	3
1814.691	2.17	4.87	10.57	1.39	3.19	4.42	41.8	5	61.0	3
1814.835	2.21	4.87	10.75	1.38	3.16	4.34	40.4	5	61.0	3
1814.895	2.15	4.87	10.49	1.37	3.13	4.28	40.8	5	61.0	3
1814.998	2.19	4.86	10.66	1.36	3.11	4.22	39.5	5	61.5	3
1815.142	2.36	4.87	11.50	1.33	3.11	4.12	35.8	5	61.5	3
1815.202	2.16	4.87	10.53	1.35	3.06	4.14	39.3	5	61.5	3
1815.305	2.11	4.87	10.26	1.35	3.04	4.10	39.9	5	61.5	3
1815.449	2.08	4.87	10.14	1.35	3.02	4.08	40.2	5	62.0	3
1815.509	2.10	4.87	10.22	1.35	3.02	4.07	39.9	5	62.0	3
1815.612	2.02	4.87	9.84	1.35	3.00	4.07	41.3	5	62.0	3
1815.756	2.02	4.86	9.85	1.33	2.96	3.95	40.1	5	62.5	3
1815.816	2.01	4.86	9.76	1.31	2.92	3.82	39.2	5	62.5	3
1815.919	2.13	4.88	10.40	1.28	2.93	3.75	36.0	5	62.5	3
1816.063	1.95	4.86	9.50	1.27	2.92	3.70	39.0	5	63.0	3
1816.123	1.97	4.86	9.56	1.28	2.92	3.75	39.2	5	63.0	3
1816.226	1.98	4.87	9.62	1.29	2.90	3.72	38.7	5	63.0	3
1816.370	1.94	4.87	9.46	1.27	2.87	3.64	38.5	5	63.5	3
1816.430	1.84	4.87	8.98	1.28	2.87	3.66	40.8	5	63.5	3
1816.533	1.82	4.87	8.89	1.27	2.83	3.60	40.5	5	63.5	3
1816.677	1.75	4.87	8.51	1.26	2.78	3.50	41.1	5	64.0	3
1816.737	1.79	4.88	8.71	1.24	2.78	3.45	39.6	5	64.0	3
1816.840	1.75	4.87	8.55	1.25	2.79	3.50	40.9	5	64.0	3
1816.984	1.69	4.88	8.22	1.20	2.77	3.33	40.5	5	64.5	3
1817.044	1.74	4.87	8.50	1.19	2.75	3.27	38.4	5	64.5	3
1817.147	1.70	4.88	8.27	1.19	2.71	3.21	38.8	5	64.5	3
1817.291	1.71	4.88	8.36	1.19	2.68	3.19	38.1	5	65.0	3
1817.351	1.76	4.87	8.60	1.17	2.68	3.14	36.5	5	65.0	3
1817.454	1.80	4.87	8.75	1.19	2.66	3.18	36.3	5	65.0	3
1817.598	1.68	4.87	8.19	1.16	2.65	3.08	37.7	5	65.5	3
1817.658	1.70	4.87	8.26	1.14	2.62	3.00	36.3	5	65.5	3
1817.761	1.60	4.88	7.80	1.19	2.61	3.10	39.8	5	65.5	3
1817.905	1.71	4.88	8.34	1.16	2.58	2.99	35.8	5	66.0	3
1817.965	1.69	4.88	8.22	1.18	2.57	3.04	37.0	5	66.0	3
1818.068	1.60	4.87	7.78	1.17	2.56	2.99	38.5	5	66.0	3
1818.212	1.72	4.88	8.38	1.18	2.53	2.99	35.7	5	66.5	3
1818.272	1.69	4.88	8.23	1.19	2.51	2.99	36.3	5	66.5	3
1818.375	1.65	4.87	8.03	1.17	2.50	2.94	36.6	5	66.5	3
1818.519	1.60	4.88	7.83	1.14	2.48	2.82	36.0	5	67.0	3
1818.579	1.61	4.88	7.87	1.13	2.45	2.76	35.1	5	67.0	3
1818.682	1.58	4.87	7.67	1.14	2.47	2.81	36.7	5	67.0	3
1818.826	1.51	4.88	7.37	1.16	2.45	2.85	38.7	5	67.5	3
1818.886	1.42	4.87	6.92	1.14	2.43	2.77	40.0	5	67.5	3
1818.989	1.49	4.87	7.28	1.12	2.43	2.72	37.4	5	67.5	3
1819.133	1.54	4.87	7.48	1.11	2.41	2.66	35.6	5	68.0	3
1819.193	1.51	4.88	7.34	1.10	2.38	2.61	35.6	5	68.0	3
1819.296	1.58	4.88	7.69	1.11	2.32	2.57	33.4	5	68.0	3
1819.440	1.66	4.88	8.13	1.10	2.32	2.54	31.2	5	68.5	3
1819.500	1.58	4.86	7.70	1.09	2.31	2.52	32.8	5	68.5	3
1819.603	1.54	4.86	7.47	1.09	2.30	2.50	33.5	5	68.5	3
1819.747	1.55	4.87	7.53	1.08	2.31	2.50	33.2	5	69.0	3
1819.807	1.48	4.87	7.20	1.07	2.28	2.44	33.9	5	69.0	3
1819.910	1.49	4.88	7.26	1.06	2.24	2.38	32.8	5	69.0	3
1820.054	1.42	4.88	6.94	1.04	2.23	2.31	33.4	5	69.5	3
1820.114	1.52	4.88	7.39	1.04	2.22	2.31	31.2	5	69.5	3
1820.217	1.45	4.87	7.07	1.03	2.19	2.25	31.8	5	69.5	3
1820.361	1.43	4.88	6.96	0.99	2.20	2.19	31.4	5	70.0	3
1820.421	1.39	4.88	6.76	1.01	2.18	2.20	32.5	5	70.0	3
1820.524	1.35	4.88	6.61	1.01	2.17	2.19	33.1	5	70.0	3
1820.668	1.31	4.88	6.41	1.01	2.15	2.17	33.8	5	70.5	3
1820.728	1.34	4.88	6.54	1.01	2.13	2.15	32.8	5	70.5	3
1820.831	1.32	4.88	6.42	0.98	2.10	2.07	32.2	5	70.5	3
1820.975	1.28	4.88	6.26	0.99	2.11	2.09	33.3	5	70.5	3
1821.035	1.24	4.88	6.06	1.00	2.10	2.11	34.9	5	71.0	3
1821.138	1.27	4.88	6.22	0.96	2.06	1.98	31.8	5	71.0	3
1821.282	1.44	4.88	7.03	0.94	2.08	1.96	27.9	5	71.0	3
1821.342	1.36	4.88	6.64	0.95	2.05	1.94	29.1	5	71.5	3
1821.445	1.39	4.88	6.78	0.95	2.01	1.92	28.4	5	71.5	3
1821.589	1.42	4.89	6.95	0.93	2.03	1.89	27.2	5	71.5	3
1821.649	1.35	4.89	6.59	0.92	2.00	1.83	27.8	5	72.0	3
1821.752	1.26	4.88	6.17	0.89	1.97	1.76	28.5	5	72.0	3
1821.896	1.25	4.88	6.12	0.91	2.00	1.82	29.7	5	72.0	3
1821.956	1.21	4.88	5.88	0.91	1.97	1.80	30.5	5	72.5	3
1822.059	1.20	4.88	5.85	0.89	1.94	1.73	29.5	5	72.5	3
1822.203	1.11	4.89	5.45	0.91	1.94	1.76	32.3	5	72.5	3
1822.263	1.16	4.89	5.65	0.90	1.93	1.73	30.7	5	73.0	3
1822.366	1.17	4.88	5.74	0.88	1.89	1.65	28.8	5	73.0	3
1822.510	1.24	4.89	6.08	0.85	1.89	1.61	26.4	5	73.0	3
1822.570	1.14	4.88	5.55	0.88	1.89	1.67	30.2	5	73.5	3
1822.673	1.03	4.88	5.01	0.86	1.87	1.61	32.3	5	73.5	3
1822.817	1.08	4.88	5.25	0.86	1.86	1.59	30.3	5	73.5	3
1822.877	1.11	4.88	5.42	0.86	1.84	1.59	29.3	5	73.5	3
1822.980	1.02	4.88	4.98	0.85	1.83	1.56	31.4	5	74.0	3
1823.124	1.17	4.88	5.69	0.83	1.84	1.53	26.8	5	74.0	3
1823.184	1.21	4.88	5.91	0.83	1.82	1.50	25.4	5	74.0	3
1823.287	1.12	4.88	5.46	0.80	1.78	1.42	26.1	5	74.5	3
1823.431	1.17	4.89	5.74	0.83	1.79	1.49	26.0	5	74.5	3
1823.491	1.16	4.89	5.66	0.85	1.77	1.51	26.6	5	74.5	3
1823.594	1.08	4.88	5.27	0.80	1.75	1.40	26.5	5	75.0	3
1823.738	1.14	4.88	5.55	0.79	1.74	1.37	24.7	5	75.0	3
1823.798	1.13	4.88	5.51	0.79	1.74	1.37	25.0	5	75.0	3
1823.901	1.16	4.88	5.64	0.79	1.70	1.35	23.9	5	75.5	3
1824.045	1.07	4.88	5.21	0.80	1.68	1.35	25.8	5	75.5	3
1824.105	1.06	4.88	5.17	0.79	1.68	1.34	25.9	5	75.5	3
1824.208	1.11	4.87	5.40	0.78	1.62	1.27	23.5	5	76.0	3
1824.352	1.07	4.88	5.22	0.76	1.65	1.25	24.0	5	76.0	3
1824.412	1.07	4.88	5.24	0.77	1.64	1.26	24.0	5	76.0	3
1824.515	1.08	4.88	5.28	0.76	1.61	1.23	23.3	5	76.5	3
1824.659	1.00	4.88	4.89	0.76	1.63	1.23	25.2	5	76.5	3
1824.719	0.99	4.87	4.81	0.75	1.59	1.20	24.8	5	76.5	3
1824.822	1.02	4.87	4.97	0.74	1.54	1.15	23.1	5	77.0	3
1824.966	1.01	4.88	4.91	0.74	1.54	1.14	23.3	5	77.0	3
1825.026	0.84	4.88	4.10	0.72	1.56	1.12	27.4	5	77.0	3
1825.129	0.79	4.87	3.87	0.70	1.53	1.08	27.9	5	77.5	3
1825.273	1.00	4.87	4.86	0.74	1.54	1.14	23.5	5	77.5	3
1825.333	0.98	4.88	4.77	0.72	1.51	1.09	22.9	5	77.5	3
1825.436	0.81	4.88	3.97	0.69	1.52	1.05	26.4	5	78.0	3
1825.580	1.07	4.87	5.22	0.71	1.48	1.06	20.3	5	78.0	3
1825.640	1.06	4.87	5.14	0.71	1.47	1.03	20.1	5	78.0	3
1825.743	0.99	4.87	4.83	0.69	1.46	1.01	20.9	5	78.5	3
1825.887	1.09	4.88	5.34	0.70	1.49	1.04	19.4	5	78.5	3
1825.947	1.23	4.87	6.01	0.69	1.47	1.01	16.9	5	78.5	3
1826.050	0.95	4.88	4.64	0.68	1.46	0.99	21.4	5	79.0	3
1826.194	0.88	4.88	4.27	0.65	1.44	0.93	21.8	5	79.0	3
1826.254	0.87	4.88	4.27	0.66	1.45	0.95	22.4	5	79.0	3
1826.357	0.85	4.88	4.15	0.65	1.41	0.92	22.2	5	79.5	3
1826.501	0.92	4.89	4.52	0.65	1.39	0.91	20.1	5	79.5	3
1826.561	0.95	4.88	4.65	0.65	1.37	0.89	19.1	5	79.5	3
1826.664	0.82	4.87	4.00	0.64	1.35	0.86	21.5	5	80.0	3
1826.808	0.81	4.89	3.94	0.62	1.36	0.85	21.6	5	80.0	3
1826.868	0.87	4.88	4.25	0.63	1.36	0.85	20.1	5	80.0	3
1826.971	0.82	4.88	3.99	0.61	1.35	0.82	20.5	5	80.5	3
1827.115	0.84	4.89	4.13	0.59	1.35	0.79	19.3	5	80.5	3
1827.175	0.91	4.89	4.45	0.59	1.33	0.78	17.6	5	80.5	3
1827.278	0.93	4.88	4.54	0.63	1.30	0.82	18.1	5	80.5	3
1827.422	0.83	4.90	4.06	0.61	1.29	0.79	19.5	5	81.0	3
1827.482	0.73	4.89	3.57	0.60	1.28	0.77	21.7	5	81.0	3
1827.585	0.81	4.90	3.97	0.58	1.28	0.75	18.9	5	81.0	3
1827.729	0.79	4.89	3.89	0.59	1.28	0.75	19.4	5	81.5	3
1827.789	0.77	4.89	3.77	0.59	1.26	0.75	19.7	5	81.5	3
1827.892	0.84	4.88	4.10	0.58	1.25	0.73	17.8	5	81.5	3
1828.036	0.80	4.87	3.90	0.55	1.21	0.66	17.0	5	82.0	3
1828.096	0.75	4.88	3.65	0.56	1.21	0.67	18.3	5	82.0	3
1828.199	0.66	4.87	3.23	0.59	1.22	0.71	22.1	5	82.0	3
1828.343	0.75	4.88	3.68	0.55	1.21	0.66	18.0	5	82.5	3
1828.403	0.76	4.88	3.72	0.54	1.20	0.65	17.5	5	82.5	3
1828.506	0.71	4.88	3.45	0.52	1.20	0.62	18.0	5	82.5	3
1828.650	0.68	4.88	3.33	0.54	1.14	0.62	18.6	5	83.0	3
1828.710	0.74	4.88	3.63	0.53	1.14	0.60	16.6	5	83.0	3
1828.813	0.74	4.88	3.61	0.53	1.13	0.60	16.6	5	83.0	3
1828.957	0.77	4.88	3.74	0.50	1.10	0.55	14.8	5	83.5	3
1829.017	0.75	4.89	3.68	0.51	1.10	0.56	15.3	5	83.5	3
1829.120	0.51	4.88	2.49	0.52	1.11	0.57	22.9	5	83.5	3
1829.264	0.56	4.89	2.74	0.48	1.10	0.52	19.2	5	84.0	3
1829.324	0.61	4.89	3.01	0.49	1.08	0.52	17.5	5	84.0	3
1829.427	0.68	4.89	3.35	0.48	1.08	0.52	15.4	5	84.0	3
1829.571	0.60	4.89	2.93	0.44	1.04	0.46	15.7	5	84.5	3
1829.631	0.67	4.89	3.25	0.45	1.02	0.46	14.0	5	84.5	3
1829.734	0.67	4.88	3.25	0.44	1.01	0.45	13.8	5	84.5	3
1829.878	0.68	4.88	3.33	0.44	1.02	0.46	13.7	5	85.0	3
1829.938	0.66	4.88	3.21	0.46	1.02	0.47	14.6	5	85.0	3
1830.041	0.64	4.88	3.10	0.44	1.00	0.44	14.1	5	85.0	3
1830.185	0.56	4.87	2.72	0.43	0.98	0.42	15.3	5	85.5	3
1830.245	0.62	4.88	3.03	0.43	0.97	0.42	13.8	5	85.5	3
1830.348	0.59	4.88	2.89	0.44	0.98	0.44	15.1	5	85.5	3
1830.492	0.69	4.88	3.39	0.44	0.98	0.43	12.7	5	86.0	3
1830.552	0.71	4.88	3.45	0.43	0.95	0.40	11.7	5	86.0	3
1830.655	0.69	4.88	3.37	0.42	0.95	0.40	11.8	5	86.0	3
1830.799	0.59	4.88	2.87	0.41	0.94	0.39	13.5	5	86.5	3
1830.859	0.59	4.88	2.88	0.40	0.93	0.38	13.1	5	86.5	3
1830.962	0.64	4.87	3.11	0.40	0.90	0.36	11.6	5	86.5	3
1831.106	0.73	4.89	3.58	0.40	0.92	0.37	10.3	5	87.0	3
1831.166	0.61	4.88	2.97	0.39	0.89	0.35	11.8	5	87.0	3
1831.269	0.54	4.88	2.62	0.40	0.86	0.35	13.3	5	87.0	3
1831.413	0.82	4.88	4.02	0.37	0.90	0.34	8.4	5	87.5	3
1831.473	0.75	4.87	3.64	0.37	0.89	0.33	9.2	5	87.5	3
1831.576	0.73	4.88	3.55	0.38	0.85	0.33	9.2	5	87.5	3
1831.720	0.83	4.89	4.07	0.36	0.87	0.31	7.7	5	88.0	3
1831.780	0.73	4.88	3.58	0.37	0.86	0.32	8.9	5	88.0	3
1831.883	0.61	4.89	2.98	0.35	0.85	0.29	9.9	5	88.0	3
1832.027	0.64	4.90	3.11	0.39	0.87	0.34	10.9	5	88.5	3
1832.087	0.57	4.89	2.77	0.37	0.84	0.31	11.0	5	88.5	3
1832.190	0.60	4.87	2.92	0.35	0.81	0.28	9.6	5	88.5	3
1832.334	0.66	4.88	3.21	0.36	0.84	0.30	9.3	5	89.0	3
1832.394	0.57	4.87	2.78	0.33	0.80	0.27	9.7	5	89.0	3
1832.497	0.65	4.88	3.18	0.30	0.78	0.23	7.3	5	89.0	3
1832.641	0.61	4.88	3.00	0.32	0.77	0.25	8.2	5	89.5	3
1832.701	0.60	4.89	2.93	0.30	0.76	0.23	7.9	5	89.5	3
1832.804	0.59	4.88	2.90	0.29	0.78	0.23	7.9	5	89.5	3
1832.948	0.65	4.89	3.19	0.31	0.77	0.24	7.5	5	89.5	3
1833.008	0.56	4.88	2.74	0.30	0.75	0.23	8.2	5	90.0	3
1833.111	0.57	4.88	2.78	0.30	0.73	0.22	7.7	5	90.0	3
1833.255	0.53	4.89	2.58	0.30	0.72	0.22	8.5	5	90.0	3
1833.315	0.53	4.89	2.60	0.28	0.70	0.19	7.5	5	90.5	3
1833.418	0.56	4.88	2.75	0.30	0.69	0.21	7.5	5	90.5	3
1833.562	0.49	4.88	2.39	0.30	0.69	0.21	8.8	5	90.5	3
1833.622	0.45	4.89	2.20	0.29	0.68	0.19	8.9	5	91.0	3
1833.725	0.41	4.89	2.02	0.28	0.65	0.18	8.9	5	91.0	3
1833.869	0.41	4.88	1.98	0.29	0.68	0.20	10.1	5	91.0	3
1833.929	0.49	4.89	2.41	0.27	0.64	0.17	7.3	5	91.5	3
1834.032	0.56	4.88	2.75	0.26	0.64	0.17	6.1	5	91.5	3
1834.176	0.61	4.88	2.96	0.27	0.66	0.18	6.1	5	91.5	3
1834.236	0.58	4.88	2.85	0.27	0.64	0.17	6.0	5	92.0	3
1834.339	0.47	4.87	2.29	0.24	0.63	0.15	6.7	5	92.0	3
1834.483	0.42	4.89	2.06	0.26	0.62	0.16	7.7	5	92.0	3
1834.543	0.49	4.89	2.40	0.25	0.61	0.15	6.4	5	92.5	3
1834.646	0.54	4.89	2.64	0.24	0.60	0.14	5.3	5	92.5	3
1834.790	0.28	4.89	1.38	0.22	0.60	0.13	9.7	5	92.5	3
1834.850	0.36	4.87	1.75	0.23	0.58	0.13	7.6	5	93.0	3
1834.953	0.44	4.88	2.16	0.21	0.56	0.12	5.5	5	93.0	3
1835.097	0.61	4.88	2.98	0.20	0.55	0.11	3.6	5	93.0	3
1835.157	0.56	4.88	2.72	0.21	0.56	0.12	4.4	5	93.0	3
1835.260	0.57	4.88	2.80	0.21	0.56	0.12	4.3	5	93.5	3
1835.404	0.53	4.87	2.56	0.20	0.54	0.10	4.1	5	93.5	3
1835.464	0.48	4.88	2.32	0.20	0.51	0.10	4.3	5	93.5	3
1835.567	0.49	4.88	2.37	0.19	0.51	0.10	4.1	5	94.0	3
1835.711	0.68	4.89	3.31	0.18	0.51	0.09	2.8	5	94.0	3
1835.771	0.60	4.88	2.91	0.22	0.51	0.11	3.8	5	94.0	3
1835.874	0.42	4.87	2.05	0.20	0.49	0.10	4.7	5	94.5	3
1836.018	0.52	4.88	2.52	0.23	0.48	0.11	4.3	5	94.5	3
1836.078	0.45	4.88	2.20	0.23	0.47	0.11	4.9	5	94.5	3
1836.181	0.50	4.88	2.42	0.21	0.46	0.10	4.0	5	95.0	3
1836.325	18.42	2.65	48.78	0.11	0.36	0.04	0.1	5	0.0	3
1836.385	27.92	1.47	40.91	0.07	0.26	0.02	0.0	5	0.0	3
1836.488	35.30	0.52	18.31	0.03	0.24	0.01	0.0	5	0.0	3
1836.632	37.88	0.19	7.35	0.03	0.24	0.01	0.1	5	0.5	3
1836.692	38.19	0.14	5.53	0.01	0.24	0.00	0.1	5	0.5	3
1836.795	38.54	0.12	4.62	0.02	0.22	0.01	0.1	5	0.5	3
1836.939	38.51	0.12	4.55	0.18	0.44	0.08	1.7	5	1.0	3
1836.999	38.43	0.10	3.98	0.28	0.65	0.18	4.5	5	1.0	3
1837.102	38.58	0.11	4.17	0.35	0.76	0.26	6.3	5	1.0	3
1837.246	38.61	0.12	4.69	0.43	0.92	0.39	8.4	5	1.5	3
1837.306	38.51	0.12	4.80	0.49	1.06	0.52	10.8	5	1.5	3
1837.409	38.58	0.12	4.82	0.56	1.19	0.67	13.8	5	1.5	3
1837.553	38.62	0.12	4.65	0.65	1.26	0.82	17.7	5	2.0	3
1837.613	38.62	0.14	5.30	0.73	1.34	0.97	18.4	5	2.0	3
1837.716	38.57	0.14	5.29	0.78	1.42	1.10	20.8	5	2.0	3
1837.860	38.66	0.15	5.90	0.86	1.50	1.29	21.9	5	2.5	3
1837.920	38.67	0.16	6.36	0.96	1.67	1.61	25.3	5	2.5	3
1838.023	38.54	0.18	6.77	1.02	1.77	1.80	26.6	5	2.5	3
1838.167	38.53	0.18	6.89	1.05	1.89	1.99	28.9	5	3.0	3
1838.227	38.56	0.19	7.30	1.12	2.00	2.24	30.8	5	3.0	3
1838.330	38.54	0.21	7.92	1.19	2.13	2.53	32.0	5	3.0	3
1838.474	38.48	0.20	7.67	1.23	2.23	2.74	35.7	5	3.5	3
1838.534	38.52	0.22	8.34	1.29	2.37	3.07	36.8	5	3.5	3
1838.637	38.51	0.23	8.70	1.35	2.48	3.34	38.4	5	3.5	3
1838.781	38.41	0.23	8.89	1.37	2.54	3.47	39.0	5	3.5	3
1838.841	38.44	0.25	9.55	1.40	2.63	3.69	38.6	5	4.0	3
1838.944	38.45	0.25	9.75	1.45	2.73	3.95	40.5	5	4.0	3
1839.088	38.47	0.26	9.99	1.46	2.77	4.04	40.4	5	4.0	3
1839.148	38.43	0.27	10.33	1.50	2.83	4.26	41.2	5	4.5	3
1839.251	38.44	0.28	10.67	1.57	2.91	4.58	42.9	5	4.5	3
1839.395	38.52	0.28	10.71	1.59	2.97	4.74	44.3	5	4.5	3
1839.455	38.42	0.29	11.26	1.63	3.04	4.95	44.0	5	5.0	3
1839.558	38.43	0.30	11.67	1.70	3.13	5.32	45.6	5	5.0	3
1839.702	38.44	0.31	12.06	1.72	3.16	5.45	45.2	5	5.0	3
1839.762	38.38	0.32	12.26	1.77	3.22	5.70	46.5	5	5.5	3
1839.865	38.22	0.33	12.48	1.82	3.35	6.10	48.9	5	5.5	3
1840.009	38.23	0.33	12.52	1.87	3.36	6.28	50.1	5	5.5	3
1840.069	38.27	0.33	12.75	1.90	3.41	6.49	50.9	5	6.0	3
