2560.089	38.91	0.35	13.55	0.97	2.02	1.96	14.5	4	11.5	4
2560.192	35.68	1.29	46.01	3.05	6.67	20.33	44.2	4	16.5	4
2560.337	26.04	1.89	49.12	3.50	7.90	27.60	56.2	4	17.5	4
2560.397	25.28	1.94	49.10	3.58	8.06	28.89	58.8	4	17.5	4
2560.501	29.94	1.92	57.46	3.92	8.85	34.74	60.5	4	12.5	4
2560.646	35.31	1.60	56.41	3.86	8.82	34.03	60.3	4	12.5	4
2560.706	35.96	1.55	55.91	3.84	8.81	33.83	60.5	4	11.5	4
2560.810	36.66	1.50	54.98	3.83	8.79	33.67	61.2	4	12.5	4
2560.955	32.11	1.86	59.87	3.97	9.17	36.44	60.9	4	15.5	4
2561.015	30.92	1.93	59.62	3.99	9.20	36.74	61.6	4	15.5	4
2561.119	31.29	1.96	61.42	4.06	9.37	38.06	62.0	4	13.5	4
2561.264	35.35	1.74	61.59	4.02	9.34	37.51	60.9	4	12.5	4
2561.324	35.77	1.71	61.05	4.01	9.32	37.41	61.3	4	13.5	4
2561.428	35.47	1.79	63.47	4.11	9.53	39.19	61.8	4	15.5	4
2561.573	32.26	1.96	63.20	4.09	9.52	38.92	61.6	4	15.0	4
2561.633	33.00	1.95	64.32	4.13	9.57	39.52	61.5	4	13.0	4
2561.737	35.15	1.81	63.64	4.13	9.51	39.25	61.7	4	13.0	4
2561.882	35.41	1.82	64.29	4.16	9.58	39.83	62.0	4	15.5	4
2561.942	33.61	1.90	63.80	4.14	9.57	39.57	62.0	4	15.5	4
2562.046	32.26	1.96	63.25	4.10	9.54	39.15	61.9	4	15.0	4
2562.191	34.30	1.85	63.54	4.06	9.57	38.88	61.2	4	13.0	4
2562.251	35.19	1.81	63.79	4.05	9.67	39.20	61.5	4	13.0	4
2562.355	35.80	1.79	64.14	3.99	9.72	38.76	60.4	4	14.5	4
2562.500	33.08	1.95	64.53	4.00	9.84	39.37	61.0	4	13.5	4
2562.560	34.43	1.88	64.69	4.00	9.84	39.33	60.8	4	13.5	4
2562.664	35.41	1.84	65.05	4.01	9.87	39.60	60.9	4	13.0	4
2562.809	34.60	1.89	65.44	4.02	9.88	39.75	60.7	4	14.5	4
2562.869	34.98	1.88	65.70	4.02	9.87	39.70	60.4	4	13.5	4
2562.973	35.43	1.84	65.32	4.03	9.86	39.72	60.8	4	14.5	4
2563.118	33.37	1.96	65.30	4.07	9.89	40.24	61.6	4	13.5	4
2563.178	34.59	1.89	65.32	4.05	9.87	39.94	61.1	4	13.5	4
2563.282	35.58	1.80	64.02	3.98	9.72	38.73	60.5	4	13.0	4
2563.427	35.07	1.86	65.21	4.05	9.86	39.95	61.3	4	15.5	4
2563.487	33.65	1.92	64.58	4.01	9.80	39.34	60.9	4	14.5	4
2563.591	34.48	1.90	65.48	4.03	9.87	39.83	60.8	4	13.0	4
2563.736	35.77	1.81	64.63	4.03	9.84	39.67	61.4	4	13.5	4
2563.796	36.02	1.80	64.93	4.01	9.81	39.37	60.6	4	13.5	4
2563.900	34.15	1.90	64.96	4.03	9.81	39.52	60.8	4	14.5	4
2564.045	34.28	1.90	65.12	4.02	9.83	39.52	60.7	4	13.5	4
2564.105	35.09	1.85	64.88	4.02	9.81	39.40	60.7	4	13.5	4
2564.209	35.65	1.82	64.93	4.01	9.82	39.36	60.6	4	14.0	4
2564.354	33.28	1.96	65.30	4.03	9.89	39.87	61.0	4	15.0	4
2564.414	34.07	1.92	65.52	4.02	9.86	39.62	60.5	4	13.5	4
2564.518	35.49	1.84	65.13	4.01	9.81	39.38	60.5	4	13.5	4
2564.663	33.77	1.94	65.66	4.02	9.84	39.56	60.2	4	14.5	4
2564.723	34.09	1.93	65.76	4.02	9.86	39.65	60.3	4	13.5	4
2564.827	35.36	1.85	65.24	3.98	9.83	39.16	60.0	4	13.5	4
2564.972	35.83	1.83	65.61	4.00	9.88	39.51	60.2	4	14.5	4
2565.032	34.17	1.91	65.19	3.99	9.89	39.46	60.5	4	14.5	4
2565.136	32.83	1.97	64.78	3.98	9.83	39.14	60.4	4	15.0	4
2565.281	34.70	1.87	65.03	3.98	9.88	39.32	60.5	4	13.5	4
2565.341	35.34	1.84	65.10	3.96	9.86	39.04	60.0	4	13.0	4
2565.445	34.73	1.89	65.71	4.00	9.90	39.64	60.3	4	14.5	4
2565.590	35.31	1.85	65.14	3.97	9.88	39.24	60.2	4	13.5	4
2565.650	35.56	1.84	65.48	3.98	9.91	39.47	60.3	4	14.5	4
2565.754	34.70	1.90	65.92	4.01	9.92	39.73	60.3	4	13.0	4
2565.899	35.71	1.85	66.17	4.02	9.92	39.93	60.3	4	14.5	4
2565.959	34.82	1.91	66.56	4.04	9.98	40.29	60.5	4	14.5	4
2566.063	35.29	1.89	66.56	4.02	10.00	40.24	60.5	4	13.0	4
2566.208	35.23	1.88	66.12	4.02	9.98	40.13	60.7	4	13.5	4
2566.268	34.28	1.93	66.32	3.99	9.97	39.72	59.9	4	15.0	4
2566.372	33.83	1.93	65.29	3.98	9.90	39.41	60.4	4	13.5	4
2566.517	35.50	1.84	65.25	3.97	9.92	39.41	60.4	4	13.0	4
2566.577	34.83	1.88	65.37	3.98	9.92	39.52	60.5	4	14.5	4
2566.681	34.44	1.91	65.81	3.99	9.94	39.63	60.2	4	13.0	4
2566.826	35.75	1.83	65.52	3.95	9.87	38.97	59.5	4	13.0	4
2566.886	35.49	1.85	65.73	3.96	9.91	39.30	59.8	4	15.0	4
2566.990	35.38	1.84	65.23	4.00	9.90	39.58	60.7	4	13.0	4
2567.135	35.04	1.89	66.20	4.01	9.97	39.95	60.4	4	13.0	4
2567.195	35.41	1.86	65.82	4.03	9.94	40.09	60.9	4	13.5	4
2567.299	35.43	1.85	65.64	4.03	9.97	40.16	61.2	4	15.0	4
2567.444	32.66	1.98	64.54	3.98	9.86	39.23	60.8	4	14.5	4
2567.504	33.87	1.94	65.63	4.00	9.92	39.69	60.5	4	13.5	4
2567.608	35.31	1.85	65.33	3.99	9.85	39.32	60.2	4	14.0	4
2567.753	35.36	1.85	65.39	4.00	9.94	39.77	60.8	4	13.5	4
2567.813	35.55	1.85	65.61	4.01	9.97	39.95	60.9	4	14.5	4
2567.917	33.79	1.94	65.53	3.99	9.97	39.75	60.7	4	13.5	4
2568.062	35.51	1.85	65.60	3.99	9.92	39.64	60.4	4	13.5	4
2568.122	35.77	1.83	65.32	3.98	9.91	39.44	60.4	4	13.5	4
2568.226	34.30	1.91	65.55	3.99	9.93	39.61	60.4	4	14.0	4
2568.371	35.75	1.83	65.31	3.97	9.88	39.20	60.0	4	13.5	4
2568.431	34.48	1.89	65.25	3.98	9.88	39.34	60.3	4	14.5	4
2568.535	33.40	1.94	64.91	3.99	9.92	39.60	61.0	4	13.5	4
2568.680	35.51	1.83	64.85	3.96	9.88	39.16	60.4	4	13.0	4
2568.740	35.36	1.85	65.41	3.95	9.92	39.19	59.9	4	15.0	4
2568.844	34.96	1.87	65.33	3.94	9.90	39.05	59.8	4	13.0	4
2568.989	33.70	1.92	64.84	3.94	9.85	38.83	59.9	4	14.0	4
2569.049	34.71	1.88	65.40	3.95	9.87	38.98	59.6	4	13.0	4
2569.153	35.12	1.87	65.59	3.99	9.94	39.71	60.5	4	15.0	4
2569.298	34.24	1.91	65.52	4.00	9.89	39.55	60.4	4	13.0	4
2569.358	35.10	1.86	65.25	3.97	9.84	39.11	59.9	4	13.0	4
2569.462	35.77	1.82	65.17	3.95	9.81	38.75	59.5	4	13.5	4
2569.607	34.75	1.88	65.43	3.95	9.88	39.04	59.7	4	15.0	4
2569.667	33.70	1.92	64.84	3.93	9.87	38.75	59.8	4	14.5	4
2569.771	35.14	1.85	65.14	3.94	9.85	38.80	59.6	4	13.0	4
2569.916	35.81	1.82	65.11	3.96	9.83	38.96	59.8	4	13.0	4
2569.976	35.80	1.82	65.11	3.95	9.85	38.87	59.7	4	13.0	4
2570.080	35.26	1.84	64.82	3.95	9.84	38.87	60.0	4	14.5	4
2570.225	33.93	1.91	64.84	3.95	9.88	38.98	60.1	4	13.5	4
2570.285	34.80	1.85	64.48	3.94	9.86	38.82	60.2	4	13.5	4
2570.389	35.61	1.82	64.83	3.97	9.86	39.16	60.4	4	13.0	4
2570.534	33.49	1.93	64.53	3.97	9.84	39.07	60.5	4	15.0	4
2570.594	32.87	1.95	64.25	3.96	9.83	38.88	60.5	4	14.5	4
2570.698	34.77	1.87	64.93	3.97	9.88	39.21	60.4	4	13.0	4
2570.843	34.56	1.89	65.19	3.96	9.88	39.15	60.1	4	14.5	4
2570.903	33.36	1.94	64.77	3.97	9.84	39.05	60.3	4	14.5	4
2571.007	33.64	1.94	65.21	3.97	9.90	39.32	60.3	4	13.5	4
2571.152	35.55	1.84	65.32	3.96	9.88	39.10	59.9	4	12.5	4
2571.212	35.90	1.81	64.82	3.97	9.84	39.07	60.3	4	13.5	4
2571.316	35.16	1.86	65.39	3.97	9.91	39.34	60.2	4	13.5	4
2571.461	35.26	1.87	65.92	4.00	10.00	39.98	60.6	4	13.0	4
2571.522	35.60	1.84	65.42	3.99	9.95	39.67	60.6	4	13.0	4
2571.626	34.88	1.88	65.48	3.97	9.94	39.48	60.3	4	15.0	4
2571.771	32.88	1.97	64.83	3.96	9.83	38.94	60.1	4	14.5	4
2571.831	34.13	1.91	65.25	3.97	9.86	39.13	60.0	4	13.5	4
2571.935	35.30	1.85	65.23	3.98	9.89	39.33	60.3	4	13.0	4
2572.080	34.35	1.89	64.91	3.94	9.89	38.96	60.0	4	14.5	4
2572.140	34.90	1.87	65.28	3.99	9.91	39.51	60.5	4	13.5	4
2572.244	35.57	1.81	64.37	3.94	9.83	38.74	60.2	4	13.0	4
2572.389	33.85	1.91	64.82	3.93	9.86	38.77	59.8	4	15.0	4
2572.449	32.97	1.95	64.27	3.94	9.84	38.79	60.4	4	14.5	4
2572.553	34.19	1.91	65.18	3.97	9.91	39.35	60.4	4	13.0	4
2572.698	35.61	1.81	64.49	3.95	9.89	39.09	60.6	4	13.5	4
2572.758	35.80	1.79	64.04	3.94	9.84	38.75	60.5	4	13.0	4
2572.862	35.10	1.82	63.88	3.92	9.84	38.58	60.4	4	14.5	4
2573.007	32.84	1.96	64.31	3.97	9.91	39.36	61.2	4	13.5	4
2573.067	34.11	1.90	64.64	3.97	9.89	39.31	60.8	4	13.5	4
2573.171	35.47	1.83	64.88	3.94	9.82	38.73	59.7	4	13.0	4
2573.316	34.28	1.90	65.26	3.96	9.89	39.18	60.0	4	14.5	4
2573.376	33.46	1.95	65.10	3.99	9.91	39.51	60.7	4	14.5	4
2573.480	33.37	1.96	65.46	3.99	9.96	39.68	60.6	4	13.5	4
2573.625	35.38	1.86	65.83	3.94	9.92	39.14	59.5	4	13.0	4
2573.685	34.99	1.88	65.93	3.95	9.95	39.33	59.7	4	14.0	4
2573.789	34.52	1.92	66.29	4.00	9.99	39.94	60.2	4	13.5	4
2573.934	35.70	1.83	65.41	3.93	9.89	38.82	59.3	4	13.0	4
2573.994	34.81	1.89	65.63	3.96	9.91	39.20	59.7	4	14.5	4
2574.098	33.20	1.97	65.35	3.98	9.88	39.36	60.2	4	15.0	4
2574.243	35.02	1.88	65.69	3.95	9.87	38.94	59.3	4	13.5	4
2574.303	35.47	1.85	65.62	3.96	9.88	39.13	59.6	4	14.0	4
2574.407	33.90	1.94	65.87	3.99	9.92	39.54	60.0	4	13.5	4
2574.552	35.20	1.88	66.29	4.02	9.94	39.98	60.3	4	15.0	4
2574.612	33.96	1.94	65.72	3.99	9.89	39.51	60.1	4	14.5	4
2574.716	33.79	1.94	65.40	3.99	9.90	39.51	60.4	4	13.5	4
2574.861	35.78	1.79	64.07	3.94	9.75	38.39	59.9	4	13.0	4
2574.921	36.05	1.75	63.22	3.92	9.71	38.06	60.2	4	13.0	4
2575.025	36.25	1.75	63.34	3.92	9.69	38.00	60.0	4	13.0	4
2575.170	34.24	1.85	63.48	3.96	9.75	38.57	60.8	4	15.0	4
2575.230	33.16	1.92	63.72	3.95	9.80	38.75	60.8	4	15.0	4
2575.334	34.23	1.87	64.04	3.93	9.82	38.57	60.2	4	13.0	4
2575.479	33.82	1.92	64.84	3.94	9.88	38.90	60.0	4	14.5	4
2575.539	32.97	1.95	64.38	3.96	9.89	39.15	60.8	4	14.5	4
2575.643	34.84	1.87	65.02	4.00	9.89	39.58	60.9	4	13.5	4
2575.788	34.77	1.89	65.67	4.00	9.96	39.80	60.6	4	13.0	4
2575.848	35.35	1.85	65.37	3.98	9.92	39.48	60.4	4	13.0	4
2575.952	35.85	1.82	65.14	3.97	9.89	39.22	60.2	4	13.5	4
2576.097	35.33	1.85	65.39	4.00	9.91	39.67	60.7	4	13.0	4
2576.157	35.69	1.81	64.59	3.96	9.82	38.93	60.3	4	13.0	4
2576.261	34.40	1.89	65.09	3.98	9.90	39.42	60.6	4	15.0	4
2576.406	33.76	1.93	65.08	3.98	9.94	39.53	60.7	4	13.5	4
2576.466	34.75	1.87	65.07	3.98	9.88	39.33	60.5	4	13.5	4
2576.570	35.61	1.82	64.63	3.97	9.82	38.93	60.2	4	13.5	4
2576.715	34.08	1.90	64.59	3.99	9.86	39.33	60.9	4	14.5	4
2576.775	33.10	1.95	64.46	3.98	9.84	39.18	60.8	4	14.5	4
2576.879	34.23	1.90	65.07	3.98	9.89	39.35	60.5	4	13.0	4
2577.024	35.61	1.84	65.69	3.97	9.91	39.31	59.8	4	13.0	4
2577.084	35.83	1.83	65.58	3.96	9.91	39.29	59.9	4	13.0	4
2577.188	34.32	1.90	65.37	3.99	9.93	39.63	60.6	4	14.5	4
2577.333	35.12	1.86	65.40	3.98	9.94	39.53	60.4	4	13.0	4
2577.393	35.56	1.83	65.20	3.99	9.89	39.46	60.5	4	13.0	4
2577.497	35.78	1.83	65.40	3.99	9.92	39.52	60.4	4	14.5	4
2577.642	34.73	1.88	65.45	3.96	9.90	39.27	60.0	4	13.0	4
2577.702	35.30	1.85	65.24	3.95	9.89	39.08	59.9	4	13.0	4
2577.806	35.73	1.83	65.31	3.96	9.88	39.17	60.0	4	13.0	4
2577.951	33.42	1.93	64.66	3.98	9.89	39.39	60.9	4	15.0	4
2578.011	32.75	1.96	64.35	3.98	9.87	39.30	61.1	4	14.5	4
2578.115	34.70	1.88	65.36	3.97	9.90	39.28	60.1	4	13.5	4
2578.260	35.81	1.81	64.71	3.96	9.82	38.90	60.1	4	13.0	4
2578.320	35.90	1.77	63.53	3.94	9.79	38.57	60.7	4	13.5	4
2578.424	33.71	1.90	64.16	3.99	9.88	39.40	61.4	4	14.5	4
2578.569	34.50	1.87	64.65	3.97	9.85	39.12	60.5	4	13.0	4
2578.629	35.18	1.85	65.09	3.99	9.89	39.47	60.6	4	13.0	4
2578.733	35.86	1.81	65.04	3.97	9.87	39.14	60.2	4	13.0	4
2578.878	35.03	1.86	65.30	3.99	9.93	39.64	60.7	4	13.0	4
2578.938	35.61	1.82	64.89	3.96	9.86	39.02	60.1	4	13.5	4
2579.042	34.65	1.89	65.46	3.99	9.94	39.61	60.5	4	14.5	4
2579.187	34.92	1.87	65.25	3.99	9.91	39.54	60.6	4	13.5	4
2579.247	35.34	1.85	65.38	3.98	9.91	39.41	60.3	4	13.5	4
2579.351	34.67	1.87	64.85	3.96	9.89	39.17	60.4	4	14.0	4
2579.496	35.77	1.83	65.51	3.98	9.94	39.50	60.3	4	13.0	4
2579.556	35.92	1.82	65.46	3.98	9.93	39.47	60.3	4	14.0	4
2579.660	35.08	1.87	65.59	3.98	9.93	39.56	60.3	4	13.5	4
2579.805	35.94	1.82	65.53	3.97	9.91	39.35	60.0	4	13.5	4
2579.865	34.52	1.90	65.48	3.98	9.92	39.45	60.2	4	14.5	4
2579.969	32.99	1.96	64.83	3.99	9.89	39.41	60.8	4	14.5	4
2580.114	35.21	1.85	64.98	3.97	9.89	39.24	60.4	4	13.5	4
2580.174	35.43	1.85	65.41	3.98	9.92	39.51	60.4	4	13.0	4
2580.278	34.47	1.89	65.18	3.97	9.90	39.34	60.4	4	14.5	4
2580.423	33.45	1.95	65.36	3.98	9.93	39.55	60.5	4	13.0	4
2580.483	34.57	1.89	65.18	3.98	9.89	39.30	60.3	4	13.5	4
2580.587	35.47	1.84	65.09	3.97	9.87	39.18	60.2	4	13.5	4
2580.732	34.46	1.92	66.24	3.98	9.93	39.55	59.7	4	13.5	4
2580.792	35.14	1.88	66.17	4.00	9.95	39.78	60.1	4	13.0	4
2580.896	35.10	1.89	66.17	3.99	9.96	39.75	60.1	4	14.5	4
2581.041	35.23	1.88	66.37	4.02	10.01	40.19	60.6	4	13.0	4
2581.102	35.50	1.87	66.21	4.00	9.99	39.94	60.3	4	13.5	4
2581.206	34.80	1.92	66.81	4.03	10.01	40.35	60.4	4	13.5	4
2581.351	35.62	1.87	66.71	4.01	9.96	39.92	59.8	4	14.5	4
2581.411	34.55	1.93	66.76	4.03	9.98	40.23	60.3	4	14.0	4
2581.515	35.17	1.91	67.13	4.05	10.04	40.70	60.6	4	14.5	4
2581.660	34.57	1.94	67.15	4.06	10.00	40.56	60.4	4	13.0	4
2581.721	35.10	1.91	67.22	4.05	10.01	40.56	60.3	4	13.5	4
2581.825	35.65	1.87	66.55	4.02	9.96	40.03	60.2	4	13.0	4
2581.970	34.75	1.89	65.72	3.99	9.89	39.46	60.0	4	15.0	4
2582.030	34.17	1.92	65.58	4.00	9.92	39.64	60.4	4	13.0	4
2582.134	35.46	1.84	65.11	3.98	9.85	39.20	60.2	4	13.5	4
2582.279	34.34	1.90	65.38	4.00	9.90	39.58	60.5	4	14.5	4
2582.339	34.87	1.88	65.67	4.01	9.92	39.82	60.6	4	13.0	4
2582.443	35.30	1.87	65.85	4.02	9.92	39.88	60.6	4	15.0	4
2582.588	35.63	1.82	64.80	4.00	9.81	39.23	60.5	4	13.0	4
2582.648	34.81	1.87	65.19	4.03	9.83	39.61	60.8	4	15.0	4
2582.752	34.32	1.90	65.04	4.01	9.86	39.55	60.8	4	13.0	4
2582.897	35.75	1.82	65.00	4.03	9.83	39.61	60.9	4	13.5	4
2582.957	35.88	1.82	65.34	4.03	9.82	39.55	60.5	4	13.0	4
2583.061	34.04	1.92	65.19	4.02	9.86	39.65	60.8	4	14.5	4
2583.206	33.75	1.94	65.40	4.02	9.86	39.62	60.6	4	13.5	4
2583.266	34.84	1.88	65.45	4.01	9.86	39.55	60.4	4	13.5	4
2583.370	35.59	1.83	65.18	3.99	9.83	39.23	60.2	4	13.0	4
2583.515	34.07	1.92	65.29	4.03	9.84	39.68	60.8	4	15.0	4
2583.575	33.09	1.95	64.61	4.02	9.78	39.35	60.9	4	15.0	4
2583.679	34.84	1.87	65.16	4.02	9.81	39.40	60.5	4	13.5	4
2583.824	35.81	1.81	64.91	4.01	9.78	39.26	60.5	4	13.5	4
2583.884	35.87	1.82	65.47	4.03	9.83	39.60	60.5	4	14.5	4
2583.988	33.58	1.94	65.27	4.03	9.81	39.52	60.6	4	15.0	4
2584.133	34.99	1.86	65.00	4.02	9.79	39.40	60.6	4	13.5	4
2584.193	35.49	1.83	64.79	4.01	9.78	39.19	60.5	4	13.5	4
2584.297	34.25	1.91	65.28	4.05	9.82	39.76	60.9	4	15.0	4
2584.442	35.23	1.85	65.09	3.99	9.81	39.10	60.1	4	13.5	4
2584.502	35.61	1.81	64.46	4.00	9.79	39.11	60.7	4	13.5	4
2584.606	35.91	1.79	64.41	4.01	9.75	39.14	60.8	4	13.5	4
2584.751	33.57	1.94	65.05	4.02	9.82	39.47	60.7	4	14.5	4
2584.811	33.37	1.96	65.37	4.04	9.82	39.70	60.7	4	13.5	4
2584.915	35.08	1.86	65.29	4.05	9.80	39.64	60.7	4	13.5	4
2585.060	35.56	1.83	65.15	4.01	9.78	39.26	60.3	4	15.0	4
2585.120	33.73	1.91	64.43	4.01	9.72	38.96	60.5	4	15.0	4
2585.224	33.48	1.93	64.53	3.99	9.75	38.92	60.3	4	13.5	4
2585.369	35.61	1.81	64.38	3.99	9.73	38.80	60.3	4	13.5	4
2585.429	35.88	1.80	64.52	3.99	9.75	38.92	60.3	4	13.5	4
2585.533	34.73	1.89	65.75	4.04	9.85	39.81	60.5	4	15.0	4
2585.678	33.80	1.93	65.19	4.03	9.86	39.69	60.9	4	13.5	4
2585.738	34.80	1.88	65.31	4.04	9.83	39.68	60.8	4	13.0	4
2585.842	35.63	1.82	64.93	4.03	9.81	39.53	60.9	4	13.5	4
2585.987	34.06	1.92	65.55	4.04	9.80	39.53	60.3	4	15.0	4
2586.047	33.65	1.95	65.69	4.02	9.82	39.48	60.1	4	13.5	4
2586.151	35.17	1.86	65.58	4.02	9.84	39.59	60.4	4	13.0	4
2586.296	34.14	1.92	65.68	4.05	9.87	39.98	60.9	4	13.5	4
2586.356	35.11	1.86	65.28	4.02	9.85	39.64	60.7	4	13.5	4
2586.460	35.81	1.82	65.33	4.01	9.80	39.29	60.1	4	14.0	4
2586.605	33.44	1.95	65.15	4.05	9.87	39.95	61.3	4	14.5	4
2586.665	34.51	1.90	65.52	4.03	9.86	39.74	60.7	4	13.5	4
2586.769	35.41	1.85	65.62	4.03	9.82	39.58	60.3	4	13.0	4
2586.914	35.91	1.82	65.29	4.00	9.79	39.20	60.0	4	13.0	4
2586.974	35.00	1.87	65.56	4.03	9.82	39.58	60.4	4	14.5	4
2587.078	33.66	1.95	65.54	4.04	9.77	39.50	60.3	4	13.5	4
2587.223	35.43	1.83	64.80	4.06	9.75	39.57	61.1	4	13.5	4
2587.283	35.79	1.80	64.54	4.02	9.74	39.15	60.7	4	13.5	4
2587.387	34.75	1.88	65.41	4.03	9.81	39.48	60.4	4	14.5	4
2587.532	34.78	1.90	66.14	4.05	9.88	40.03	60.5	4	13.0	4
2587.592	35.31	1.86	65.81	4.02	9.86	39.64	60.2	4	13.5	4
2587.696	34.09	1.92	65.40	4.04	9.87	39.91	61.0	4	14.0	4
2587.841	35.52	1.83	65.08	4.07	9.83	40.03	61.5	4	13.5	4
2587.901	35.82	1.81	64.82	4.04	9.81	39.60	61.1	4	13.5	4
2588.005	34.27	1.91	65.50	4.05	9.85	39.85	60.8	4	13.5	4
2588.150	35.78	1.81	64.89	4.01	9.80	39.31	60.6	4	13.0	4
2588.210	35.67	1.82	64.98	4.02	9.81	39.38	60.6	4	15.0	4
2588.314	33.50	1.93	64.52	4.02	9.76	39.28	60.9	4	14.5	4
2588.459	35.03	1.85	64.91	4.04	9.78	39.46	60.8	4	13.0	4
2588.519	35.57	1.82	64.67	4.03	9.78	39.47	61.0	4	13.5	4
2588.623	35.17	1.85	64.92	4.04	9.82	39.65	61.1	4	14.5	4
2588.768	34.85	1.88	65.37	4.02	9.84	39.57	60.5	4	14.5	4
2588.828	35.17	1.85	65.16	4.04	9.81	39.59	60.8	4	13.5	4
2588.932	35.86	1.81	64.84	4.03	9.76	39.33	60.6	4	13.5	4
2589.077	35.14	1.85	65.12	4.06	9.79	39.73	61.0	4	13.0	4
2589.137	35.56	1.82	64.69	4.05	9.76	39.57	61.2	4	13.5	4
2589.241	33.86	1.90	64.49	4.06	9.79	39.73	61.6	4	14.0	4
2589.386	35.50	1.79	63.61	3.97	9.73	38.67	60.8	4	13.0	4
2589.446	35.82	1.77	63.54	3.99	9.73	38.78	61.0	4	14.0	4
2589.550	33.44	1.93	64.45	4.00	9.74	38.91	60.4	4	14.5	4
2589.695	34.77	1.87	65.08	4.03	9.79	39.45	60.6	4	13.5	4
2589.755	35.36	1.83	64.84	4.03	9.78	39.38	60.7	4	13.5	4
2589.859	36.02	1.79	64.57	4.04	9.74	39.37	61.0	4	13.5	4
2590.004	33.62	1.93	64.78	4.03	9.76	39.32	60.7	4	14.5	4
2590.064	33.37	1.95	65.13	4.06	9.80	39.81	61.1	4	13.5	4
2590.168	35.21	1.84	64.74	4.05	9.75	39.51	61.0	4	13.0	4
2590.313	35.09	1.85	64.92	4.06	9.80	39.77	61.3	4	14.5	4
2590.373	34.78	1.87	65.13	4.04	9.82	39.67	60.9	4	13.5	4
2590.477	35.47	1.83	64.78	4.01	9.82	39.37	60.8	4	13.0	4
2590.622	33.35	1.95	65.08	4.03	9.81	39.57	60.8	4	15.0	4
2590.682	33.53	1.95	65.30	4.03	9.81	39.56	60.6	4	13.0	4
2590.786	34.93	1.86	64.97	4.05	9.79	39.60	61.0	4	13.0	4
2590.931	35.85	1.82	65.07	4.06	9.74	39.50	60.7	4	14.5	4
2590.991	34.44	1.89	65.21	4.09	9.76	39.87	61.1	4	14.5	4
2591.095	33.81	1.93	65.37	4.11	9.82	40.36	61.7	4	13.0	4
2591.240	35.73	1.81	64.51	4.07	9.71	39.56	61.3	4	13.0	4
2591.300	36.15	1.77	64.16	4.03	9.65	38.92	60.7	4	13.0	4
2591.404	34.52	1.86	64.21	4.04	9.70	39.19	61.0	4	14.5	4
2591.549	33.46	1.94	64.89	4.07	9.74	39.60	61.0	4	13.0	4
2591.609	34.64	1.86	64.60	4.05	9.70	39.27	60.8	4	13.0	4
2591.713	35.50	1.81	64.26	4.07	9.70	39.49	61.5	4	13.5	4
2591.858	35.89	1.80	64.51	4.08	9.67	39.48	61.2	4	14.5	4
2591.918	34.46	1.89	64.99	4.11	9.73	39.99	61.5	4	14.5	4
2592.022	33.94	1.93	65.44	4.14	9.74	40.26	61.5	4	13.5	4
2592.167	35.80	1.79	64.05	4.12	9.59	39.52	61.7	4	13.5	4
2592.227	34.75	1.85	64.18	4.14	9.63	39.88	62.1	4	15.0	4
2592.331	34.38	1.88	64.47	4.13	9.60	39.61	61.4	4	13.5	4
2592.476	35.96	1.77	63.58	4.14	9.48	39.27	61.8	4	13.0	4
2592.536	35.89	1.79	64.37	4.34	9.30	40.33	62.7	4	16.0	4
2592.640	34.86	1.85	64.48	4.51	9.14	41.24	64.0	4	14.0	4
2592.785	35.93	1.79	64.49	4.31	9.33	40.18	62.3	4	13.5	4
2592.845	36.15	1.75	63.20	4.22	9.28	39.17	62.0	4	13.5	4
2592.949	35.08	1.82	63.86	4.27	9.35	39.90	62.5	4	16.0	4
2593.094	34.95	1.85	64.65	4.80	8.77	42.11	65.1	4	15.0	4
2593.154	35.36	1.83	64.66	5.02	8.59	43.09	66.6	4	16.0	4
2593.258	33.07	1.94	64.17	5.22	8.26	43.13	67.2	4	16.5	4
2593.403	34.63	1.88	65.02	5.83	7.89	45.98	70.7	4	18.0	4
2593.463	34.40	1.89	65.10	6.03	7.72	46.59	71.6	4	19.0	4
2593.567	34.85	1.91	66.73	6.45	7.43	47.91	71.8	4	18.5	4
2593.712	34.42	1.94	66.61	6.89	7.08	48.79	73.2	4	19.0	4
2593.772	34.71	1.91	66.38	7.14	6.73	48.04	72.4	4	19.5	4
2593.876	35.05	1.85	64.89	7.31	6.67	48.79	75.2	4	21.0	4
2594.021	33.19	1.94	64.46	7.49	6.41	48.06	74.6	4	19.5	4
2594.081	34.30	1.89	64.78	7.56	6.42	48.60	75.0	4	20.0	4
2594.185	35.09	1.87	65.55	7.72	6.34	48.98	74.7	4	20.0	4
2594.330	35.02	1.86	65.10	7.74	6.55	50.71	77.9	4	21.0	4
2594.390	34.91	1.89	65.85	7.90	6.35	50.15	76.2	4	22.0	4
2594.494	35.34	1.81	63.83	7.84	6.23	48.84	76.5	4	20.0	4
2594.639	33.92	1.92	65.15	7.96	6.32	50.25	77.1	4	21.5	4
2594.699	34.60	1.91	65.92	7.96	6.17	49.13	74.5	4	21.0	4
2594.803	35.12	1.88	66.11	8.02	6.43	51.55	78.0	4	21.5	4
2594.948	34.51	1.93	66.47	8.03	6.38	51.21	77.0	4	20.5	4
2595.008	34.63	1.92	66.41	8.11	6.36	51.56	77.6	4	21.5	4
2595.112	34.25	1.94	66.49	8.11	6.16	49.94	75.1	4	21.0	4
2595.257	35.47	1.84	65.15	8.06	6.25	50.39	77.4	4	21.0	4
2595.317	35.00	1.88	65.90	8.10	6.08	49.24	74.7	4	21.5	4
2595.421	34.63	1.91	66.27	8.05	6.41	51.59	77.8	4	22.0	4
2595.566	35.21	1.91	67.38	8.18	6.06	49.57	73.6	4	19.5	4
2595.626	35.21	1.91	67.16	8.06	6.07	48.98	72.9	4	21.0	4
2595.730	33.98	1.94	65.90	8.07	6.22	50.22	76.2	4	22.0	4
2595.875	34.47	1.92	66.22	8.00	6.06	48.47	73.2	4	21.0	4
2595.935	35.00	1.86	65.23	7.97	6.22	49.52	75.9	4	21.0	4
2596.039	33.85	1.93	65.19	7.98	6.15	49.13	75.4	4	21.5	4
2596.184	35.38	1.82	64.23	8.09	6.00	48.56	75.6	4	20.5	4
2596.244	34.49	1.91	65.71	8.05	6.10	49.12	74.8	4	22.5	4
2596.348	34.74	1.89	65.71	8.10	6.31	51.10	77.8	4	20.5	4
2596.493	34.62	1.91	66.20	8.04	6.34	50.92	76.9	4	21.5	4
2596.553	33.94	1.95	66.07	8.08	6.16	49.77	75.3	4	21.0	4
2596.657	34.39	1.93	66.44	8.03	6.38	51.24	77.1	4	21.5	4
2596.802	34.39	1.95	67.10	8.00	6.51	52.07	77.6	4	21.0	4
2596.862	34.42	1.95	66.97	8.11	6.39	51.84	77.4	4	21.0	4
2596.966	35.31	1.87	65.88	7.99	6.27	50.11	76.1	4	21.0	4
2597.111	34.82	1.91	66.35	8.01	6.38	51.10	77.0	4	21.5	4
2597.171	34.74	1.93	67.17	8.12	6.32	51.29	76.4	4	20.5	4
2597.275	34.97	1.92	67.22	8.01	6.38	51.14	76.1	4	21.5	4
2597.420	34.87	1.92	67.11	8.00	6.41	51.30	76.4	4	21.0	4
2597.480	35.21	1.92	67.46	8.07	6.31	50.90	75.5	4	20.5	4
2597.584	34.44	1.94	66.90	8.04	6.29	50.55	75.6	4	22.0	4
2597.729	35.18	1.84	64.76	7.91	6.15	48.68	75.2	4	21.0	4
2597.789	34.57	1.91	66.11	7.86	6.49	51.03	77.2	4	21.5	4
2597.893	33.82	1.97	66.75	8.00	6.18	49.45	74.1	4	21.0	4
2598.038	34.76	1.91	66.49	7.98	6.35	50.69	76.2	4	20.5	4
2598.098	34.52	1.91	65.90	8.02	6.26	50.25	76.2	4	22.5	4
2598.202	34.28	1.90	65.15	7.95	6.30	50.10	76.9	4	20.0	4
2598.347	34.72	1.90	66.12	7.97	6.28	50.09	75.8	4	22.0	4
2598.407	33.83	1.94	65.62	7.87	6.42	50.49	76.9	4	21.5	4
2598.511	34.58	1.89	65.47	7.94	6.19	49.19	75.1	4	20.5	4
2598.656	35.16	1.84	64.69	7.89	6.28	49.52	76.5	4	22.0	4
2598.716	33.29	1.92	63.75	7.81	6.18	48.24	75.7	4	22.0	4
2598.820	34.56	1.86	64.37	7.86	6.14	48.22	74.9	4	21.0	4
2598.965	34.51	1.92	66.18	7.92	6.38	50.54	76.4	4	21.5	4
2599.025	33.73	1.96	66.09	7.86	6.30	49.53	74.9	4	21.0	4
2599.129	34.66	1.93	66.76	7.91	6.36	50.26	75.3	4	20.0	4
2599.274	33.86	1.94	65.82	7.90	6.36	50.25	76.4	4	20.5	4
2599.334	34.75	1.87	64.88	7.99	6.16	49.26	75.9	4	20.0	4
2599.438	34.04	1.89	64.37	7.85	6.25	49.03	76.2	4	21.5	4
2599.583	34.43	1.92	65.97	7.88	6.46	50.91	77.2	4	21.5	4
2599.643	33.73	1.96	66.05	7.90	6.33	49.99	75.7	4	21.5	4
2599.747	35.08	1.87	65.44	7.87	6.23	49.08	75.0	4	19.5	4
2599.892	34.59	1.90	65.81	7.80	6.37	49.69	75.5	4	19.5	4
2599.952	34.12	1.91	65.02	7.74	6.29	48.64	74.8	4	21.5	4
2600.056	34.30	1.96	67.21	7.85	6.40	50.22	74.7	4	20.5	4
2600.201	34.51	1.94	66.95	7.82	6.50	50.86	76.0	4	22.5	4
2600.261	33.39	1.97	65.93	7.72	6.54	50.50	76.6	4	21.5	4
2600.365	34.75	1.89	65.64	7.76	6.44	50.00	76.2	4	20.5	4
2600.510	35.04	1.86	65.23	7.85	6.24	48.94	75.0	4	21.0	4
2600.570	34.69	1.91	66.32	7.86	6.41	50.44	76.1	4	20.0	4
2600.674	34.31	1.93	66.12	7.82	6.55	51.21	77.4	4	21.5	4
2600.819	35.33	1.86	65.61	7.75	6.30	48.84	74.4	4	20.5	4
2600.879	35.64	1.84	65.65	7.78	6.32	49.12	74.8	4	19.5	4
2600.983	34.24	1.92	65.58	7.77	6.31	49.01	74.7	4	21.5	4
2601.128	34.17	1.93	65.83	7.70	6.68	51.47	78.2	4	19.5	4
2601.188	34.82	1.89	65.74	7.72	6.55	50.58	76.9	4	21.0	4
2601.292	34.37	1.93	66.37	7.76	6.55	50.84	76.6	4	21.0	4
2601.437	35.43	1.86	65.90	7.71	6.37	49.06	74.4	4	20.0	4
2601.497	35.41	1.86	65.84	7.79	6.30	49.11	74.6	4	21.0	4
2601.601	34.27	1.93	66.29	7.72	6.48	50.08	75.5	4	20.5	4
2601.746	35.08	1.85	65.04	7.70	6.33	48.72	74.9	4	19.0	4
2601.806	35.13	1.87	65.63	7.70	6.43	49.51	75.4	4	21.5	4
2601.910	34.85	1.88	65.67	7.65	6.36	48.65	74.1	4	20.5	4
2602.055	34.49	1.92	66.13	7.66	6.43	49.30	74.5	4	19.5	4
2602.115	35.00	1.88	65.89	7.64	6.49	49.55	75.2	4	21.0	4
2602.219	34.84	1.90	66.25	7.62	6.62	50.41	76.1	4	20.0	4
2602.364	34.30	1.91	65.39	7.67	6.63	50.88	77.8	4	19.5	4
2602.424	34.51	1.89	65.28	7.66	6.64	50.90	78.0	4	21.5	4
2602.528	33.41	1.96	65.52	7.61	6.55	49.86	76.1	4	20.5	4
2602.673	35.43	1.83	64.78	7.54	6.36	47.96	74.0	4	19.0	4
2602.733	35.74	1.82	64.88	7.53	6.39	48.08	74.1	4	20.0	4
2602.837	35.07	1.90	66.47	7.53	6.61	49.72	74.8	4	20.5	4
2602.982	34.44	1.94	66.76	7.46	6.77	50.49	75.6	4	20.5	4
2603.042	34.36	1.92	65.96	7.50	6.64	49.83	75.6	4	21.0	4
2603.146	34.71	1.89	65.72	7.53	6.56	49.42	75.2	4	20.0	4
2603.291	34.31	1.92	65.85	7.56	6.50	49.09	74.5	4	19.5	4
2603.351	35.13	1.88	66.03	7.46	6.48	48.33	73.2	4	20.5	4
2603.455	35.33	1.86	65.75	7.38	6.61	48.81	74.2	4	19.0	4
2603.600	33.61	1.93	64.77	7.35	6.71	49.29	76.1	4	21.0	4
2603.660	34.01	1.94	65.85	7.41	6.78	50.22	76.3	4	21.0	4
2603.764	33.66	1.95	65.68	7.43	6.55	48.68	74.1	4	19.5	4
2603.909	35.21	1.87	65.83	7.27	6.73	48.97	74.4	4	19.5	4
2603.969	35.34	1.88	66.44	7.34	6.86	50.38	75.8	4	20.5	4
2604.073	34.13	1.93	65.91	7.39	6.58	48.62	73.8	4	20.5	4
2604.218	34.84	1.89	65.90	7.38	6.70	49.47	75.1	4	19.5	4
2604.278	34.10	1.90	64.69	7.37	6.74	49.71	76.9	4	21.0	4
2604.382	33.62	1.94	65.26	7.35	6.67	49.04	75.1	4	20.5	4
2604.527	33.91	1.91	64.74	7.32	6.66	48.77	75.3	4	21.0	4
2604.587	33.68	1.92	64.51	7.37	6.59	48.58	75.3	4	20.0	4
2604.691	35.16	1.84	64.60	7.26	6.66	48.31	74.8	4	20.0	4
2604.836	35.34	1.84	65.10	7.32	6.60	48.29	74.2	4	19.0	4
2604.896	34.96	1.85	64.75	7.30	6.62	48.33	74.6	4	20.5	4
2605.000	34.83	1.86	64.81	7.32	6.65	48.62	75.0	4	19.0	4
2605.145	34.59	1.92	66.38	7.33	6.64	48.70	73.4	4	19.0	4
2605.205	34.03	1.93	65.73	7.23	6.80	49.18	74.8	4	20.5	4
2605.309	34.71	1.90	65.94	7.28	6.61	48.11	73.0	4	20.0	4
2605.454	34.77	1.90	66.04	7.37	6.68	49.24	74.6	4	19.5	4
2605.514	34.93	1.91	66.62	7.33	6.80	49.87	74.9	4	19.5	4
2605.618	35.61	1.85	65.72	7.25	6.70	48.51	73.8	4	18.5	4
2605.763	34.47	1.88	64.95	7.25	6.68	48.44	74.6	4	21.5	4
2605.823	33.83	1.90	64.31	7.26	6.47	46.98	73.1	4	20.0	4
2605.927	34.53	1.92	66.16	7.20	6.84	49.24	74.4	4	19.0	4
2606.072	35.44	1.87	66.29	7.25	6.73	48.77	73.6	4	20.0	4
2606.132	34.14	1.94	66.15	7.15	6.94	49.59	75.0	4	20.0	4
2606.236	35.17	1.86	65.57	7.18	6.76	48.53	74.0	4	18.5	4
2606.381	34.67	1.84	63.63	7.06	6.80	48.02	75.5	4	21.0	4
2606.441	32.89	1.91	62.93	6.95	6.89	47.88	76.1	4	20.5	4
2606.545	34.54	1.83	63.05	7.03	6.56	46.16	73.2	4	19.0	4
2606.690	35.80	1.76	63.09	6.90	6.70	46.20	73.2	4	18.0	4
2606.750	35.96	1.77	63.62	6.81	7.03	47.87	75.2	4	19.0	4
2606.854	34.16	1.91	65.16	6.87	7.08	48.61	74.6	4	19.0	4
2606.999	34.27	1.92	65.81	7.01	6.89	48.27	73.3	4	20.0	4
2607.059	34.09	1.94	66.22	7.02	6.99	49.10	74.1	4	19.0	4
2607.163	34.72	1.90	66.11	7.14	6.68	47.69	72.1	4	19.5	4
2607.308	34.54	1.92	66.40	7.07	6.89	48.72	73.4	4	18.0	4
2607.368	35.20	1.83	64.26	7.07	6.77	47.85	74.5	4	20.0	4
2607.472	34.01	1.91	65.10	7.08	6.87	48.63	74.7	4	19.0	4
2607.617	35.01	1.86	65.29	7.14	6.67	47.60	72.9	4	19.0	4
2607.677	34.92	1.89	65.84	7.05	7.08	49.90	75.8	4	20.0	4
2607.781	35.29	1.81	64.02	7.07	6.79	48.01	75.0	4	20.0	4
2607.926	35.10	1.86	65.45	7.08	6.56	46.41	70.9	4	19.5	4
2607.986	35.05	1.88	66.04	7.17	6.53	46.82	70.9	4	20.0	4
2608.090	34.79	1.91	66.57	7.08	6.84	48.40	72.7	4	19.5	4
2608.235	35.06	1.86	65.38	7.05	6.69	47.15	72.1	4	19.0	4
2608.295	35.49	1.84	65.25	7.12	6.72	47.86	73.4	4	19.0	4
2608.399	34.55	1.92	66.48	7.10	6.79	48.24	72.6	4	19.0	4
2608.544	35.08	1.89	66.22	6.94	7.09	49.27	74.4	4	19.0	4
2608.604	35.30	1.84	65.01	7.00	6.48	45.39	69.8	4	18.0	4
2608.708	35.12	1.89	66.41	7.07	6.07	42.96	64.7	4	19.5	4
2608.853	35.28	1.87	65.97	7.21	6.25	45.12	68.4	4	20.0	4
2608.913	34.72	1.91	66.21	7.16	6.56	46.96	70.9	4	19.0	4
2609.017	35.19	1.88	66.09	7.00	7.23	50.62	76.6	4	19.5	4
2609.162	34.76	1.93	67.02	6.91	7.46	51.57	77.0	4	18.5	4
2609.222	35.07	1.92	67.19	6.80	7.51	51.07	76.0	4	19.5	4
2609.326	34.97	1.92	67.17	6.81	7.79	52.98	78.9	4	18.5	4
2609.471	34.73	1.92	66.64	7.03	7.18	50.49	75.8	4	20.0	4
2609.531	34.66	1.91	66.06	7.09	6.85	48.61	73.6	4	20.0	4
2609.635	34.83	1.89	65.82	7.17	6.31	45.25	68.8	4	18.5	4
2609.780	35.27	1.86	65.57	6.95	6.51	45.19	68.9	4	18.5	4
2609.840	35.78	1.76	63.14	6.89	6.63	45.70	72.4	4	18.5	4
2609.944	34.93	1.89	65.89	7.01	6.76	47.39	71.9	4	18.5	4
2610.089	34.23	1.96	66.91	6.88	7.10	48.85	73.0	4	19.0	4
2610.149	34.89	1.89	66.00	6.94	6.94	48.16	73.0	4	19.5	4
2610.253	34.44	1.94	66.84	6.88	7.03	48.38	72.4	4	18.5	4
2610.398	35.45	1.84	65.13	6.78	6.96	47.12	72.4	4	18.0	4
2610.458	35.86	1.76	62.95	6.66	6.86	45.73	72.6	4	18.0	4
2610.562	33.20	1.88	62.41	6.65	7.01	46.61	74.7	4	20.0	4
2610.707	35.21	1.77	62.48	6.67	6.85	45.67	73.1	4	17.5	4
2610.767	35.60	1.75	62.26	6.61	6.89	45.55	73.2	4	18.0	4
2610.871	34.46	1.88	64.69	6.64	7.07	46.95	72.6	4	19.5	4
2611.016	35.11	1.86	65.36	6.78	7.11	48.21	73.8	4	18.0	4
2611.076	34.31	1.90	65.37	6.72	7.09	47.70	73.0	4	19.5	4
2611.180	34.67	1.88	65.30	6.74	6.99	47.11	72.1	4	20.0	4
2611.325	34.49	1.90	65.52	6.74	7.04	47.47	72.5	4	20.0	4
2611.385	34.18	1.93	65.96	6.80	6.97	47.37	71.8	4	18.0	4
2611.489	35.14	1.83	64.40	6.76	6.99	47.25	73.4	4	18.5	4
2611.634	34.96	1.84	64.35	6.75	7.00	47.24	73.4	4	18.5	4
2611.694	34.14	1.92	65.48	6.76	6.96	47.04	71.8	4	20.5	4
2611.798	34.13	1.92	65.65	6.71	7.25	48.67	74.1	4	18.5	4
2611.943	34.80	1.89	65.74	6.72	7.18	48.27	73.4	4	19.5	4
2612.003	34.71	1.92	66.81	6.86	7.06	48.41	72.5	4	18.5	4
2612.107	34.94	1.92	67.00	6.89	7.01	48.25	72.0	4	18.5	4
2612.252	34.42	1.88	64.71	6.68	7.11	47.45	73.3	4	20.0	4
2612.312	33.86	1.93	65.36	6.71	7.06	47.36	72.5	4	18.0	4
2612.416	34.64	1.90	65.88	6.75	7.09	47.86	72.6	4	18.5	4
2612.561	34.40	1.89	65.11	6.67	7.16	47.74	73.3	4	19.0	4
2612.621	34.70	1.90	66.07	6.71	7.25	48.64	73.6	4	20.0	4
2612.725	34.82	1.89	65.83	6.71	7.17	48.07	73.0	4	18.5	4
2612.870	33.93	1.92	65.07	6.66	7.11	47.31	72.7	4	17.5	4
2612.930	34.39	1.87	64.37	6.67	7.09	47.32	73.5	4	18.0	4
2613.034	35.16	1.86	65.27	6.67	7.05	47.03	72.1	4	19.5	4
2613.179	35.00	1.85	64.60	6.55	7.07	46.27	71.6	4	20.0	4
2613.239	34.41	1.88	64.86	6.57	7.07	46.45	71.6	4	18.5	4
2613.343	35.36	1.84	65.07	6.61	7.17	47.38	72.8	4	18.0	4
2613.488	33.88	1.93	65.55	6.62	7.06	46.76	71.3	4	18.0	4
2613.548	33.94	1.92	65.01	6.61	7.01	46.37	71.3	4	18.5	4
2613.652	34.50	1.89	65.24	6.61	7.21	47.66	73.1	4	19.0	4
2613.797	34.72	1.90	66.03	6.59	7.36	48.53	73.5	4	19.5	4
2613.857	34.36	1.92	66.04	6.69	7.16	47.91	72.5	4	19.0	4
2613.961	34.66	1.88	65.10	6.65	7.16	47.60	73.1	4	17.5	4
2614.106	33.64	1.92	64.43	6.59	7.07	46.60	72.3	4	20.0	4
2614.166	33.72	1.90	64.01	6.58	7.10	46.70	73.0	4	18.5	4
2614.270	34.99	1.85	64.76	6.60	7.01	46.26	71.4	4	18.0	4
2614.415	34.11	1.90	64.80	6.50	7.24	47.12	72.7	4	19.5	4
2614.475	34.19	1.90	64.93	6.57	7.15	46.97	72.3	4	18.5	4
2614.579	34.24	1.92	65.79	6.59	7.33	48.34	73.5	4	18.0	4
2614.724	34.20	1.90	64.92	6.59	7.18	47.36	72.9	4	20.5	4
2614.784	33.62	1.90	63.94	6.50	7.18	46.69	73.0	4	18.5	4
2614.888	35.42	1.79	63.31	6.40	7.02	44.87	70.9	4	17.0	4
2615.033	34.52	1.88	64.73	6.47	7.28	47.09	72.8	4	19.5	4
2615.093	34.25	1.88	64.28	6.49	7.26	47.08	73.2	4	19.0	4
2615.197	34.07	1.91	65.02	6.46	7.24	46.80	72.0	4	19.0	4
2615.342	34.68	1.89	65.54	6.50	7.25	47.12	71.9	4	19.0	4
2615.402	34.40	1.91	65.81	6.58	7.15	47.03	71.5	4	19.5	4
2615.506	33.74	1.94	65.28	6.52	7.33	47.84	73.3	4	18.5	4
2615.651	35.22	1.82	64.25	6.44	7.22	46.52	72.4	4	17.0	4
2615.711	34.86	1.84	64.07	6.45	7.20	46.48	72.5	4	19.0	4
2615.815	33.38	1.94	64.62	6.50	7.16	46.55	72.0	4	19.5	4
2615.960	34.60	1.87	64.62	6.49	7.14	46.38	71.8	4	18.0	4
2616.020	35.07	1.85	65.05	6.56	7.12	46.71	71.8	4	18.5	4
2616.124	34.18	1.91	65.26	6.53	7.01	45.75	70.1	4	19.0	4
2616.269	34.56	1.89	65.37	6.54	7.23	47.25	72.3	4	19.0	4
2616.329	34.68	1.92	66.58	6.60	7.25	47.87	71.9	4	19.0	4
2616.433	34.79	1.87	65.17	6.60	7.20	47.48	72.9	4	18.5	4
2616.578	35.18	1.83	64.32	6.56	7.13	46.73	72.6	4	18.0	4
2616.638	34.91	1.88	65.68	6.54	7.14	46.72	71.1	4	18.0	4
2616.742	35.21	1.89	66.41	6.57	7.31	48.02	72.3	4	19.5	4
2616.887	34.77	1.91	66.54	6.60	7.31	48.20	72.4	4	18.0	4
2616.947	34.24	1.93	65.98	6.48	7.37	47.79	72.4	4	18.5	4
2617.051	34.76	1.91	66.26	6.53	7.33	47.82	72.2	4	18.5	4
2617.196	35.13	1.84	64.58	6.53	7.20	46.99	72.8	4	18.0	4
2617.256	34.51	1.90	65.68	6.50	7.31	47.48	72.3	4	18.5	4
2617.360	34.09	1.93	65.74	6.52	7.11	46.38	70.6	4	17.0	4
2617.505	34.43	1.93	66.36	6.48	7.34	47.57	71.7	4	18.0	4
2617.565	34.84	1.90	66.11	6.44	7.21	46.39	70.2	4	18.0	4
2617.669	34.54	1.89	65.11	6.51	7.05	45.91	70.5	4	18.0	4
2617.814	34.22	1.91	65.26	6.54	7.25	47.41	72.6	4	18.0	4
2617.874	34.10	1.94	66.23	6.46	7.37	47.61	71.9	4	18.0	4
2617.978	34.52	1.96	67.69	6.48	7.45	48.32	71.4	4	18.0	4
2618.123	34.01	1.93	65.54	6.53	7.22	47.18	72.0	4	18.0	4
2618.183	34.18	1.89	64.75	6.45	7.21	46.47	71.8	4	18.0	4
2618.287	35.11	1.84	64.73	6.51	7.11	46.27	71.5	4	18.5	4
2618.432	35.19	1.86	65.56	6.52	7.00	45.64	69.6	4	18.5	4
2618.492	34.77	1.89	65.78	6.55	7.01	45.90	69.8	4	18.0	4
2618.596	34.15	1.91	65.32	6.49	7.00	45.49	69.6	4	18.0	4
2618.741	34.55	1.90	65.78	6.45	7.25	46.76	71.1	4	18.0	4
2618.801	34.74	1.86	64.66	6.48	7.24	46.91	72.6	4	19.0	4
2618.905	34.33	1.87	64.21	6.51	7.17	46.64	72.6	4	18.0	4
2619.050	34.61	1.86	64.28	6.66	6.90	45.97	71.5	4	18.5	4
2619.110	34.59	1.82	62.91	6.63	6.79	45.00	71.5	4	18.5	4
2619.214	34.53	1.84	63.60	6.64	6.81	45.21	71.1	4	18.0	4
2619.359	34.24	1.89	64.63	6.54	7.16	46.84	72.5	4	19.0	4
2619.419	33.27	1.92	63.93	6.48	7.08	45.86	71.7	4	18.5	4
2619.523	34.69	1.86	64.43	6.38	7.28	46.45	72.1	4	17.0	4
2619.668	34.43	1.88	64.57	6.33	7.34	46.46	72.0	4	18.5	4
2619.728	34.00	1.89	64.12	6.34	7.36	46.68	72.8	4	18.5	4
2619.832	35.08	1.79	62.90	6.27	7.18	45.02	71.6	4	17.5	4
2619.977	33.41	1.91	63.94	6.24	7.40	46.17	72.2	4	19.0	4
2620.037	33.76	1.91	64.35	6.34	7.24	45.92	71.4	4	17.5	4
2620.141	35.27	1.77	62.31	6.30	7.01	44.20	70.9	4	17.0	4
2620.286	35.15	1.84	64.55	6.29	7.13	44.91	69.6	4	20.0	4
2620.346	33.22	1.91	63.48	6.15	7.18	44.15	69.5	4	18.0	4
2620.450	34.36	1.88	64.53	6.29	7.34	46.13	71.5	4	17.5	4
2620.595	33.99	1.88	63.98	6.18	7.51	46.43	72.6	4	19.0	4
2620.655	34.27	1.87	64.21	6.23	7.42	46.23	72.0	4	17.0	4
2620.759	34.86	1.85	64.63	6.28	7.37	46.29	71.6	4	18.0	4
2620.904	34.75	1.83	63.47	6.37	7.13	45.43	71.6	4	18.5	4
2620.964	33.81	1.91	64.65	6.32	7.41	46.85	72.5	4	20.0	4
2621.068	34.25	1.84	62.96	6.23	7.30	45.46	72.2	4	18.0	4
2621.213	32.42	1.96	63.41	6.19	7.43	46.00	72.5	4	19.0	4
2621.273	33.58	1.89	63.64	6.29	7.29	45.88	72.1	4	17.5	4
2621.377	34.34	1.89	64.90	6.32	7.44	47.03	72.5	4	18.5	4
2621.522	34.46	1.89	65.10	6.33	7.25	45.94	70.6	4	18.0	4
2621.582	34.38	1.88	64.78	6.31	7.36	46.45	71.7	4	17.0	4
2621.686	33.84	1.90	64.35	6.30	7.57	47.67	74.1	4	18.5	4
2621.831	35.35	1.82	64.43	6.19	7.28	45.04	69.9	4	18.0	4
2621.891	34.28	1.89	64.91	6.31	7.10	44.77	69.0	4	19.0	4
2621.995	34.57	1.83	63.35	6.30	7.21	45.41	71.7	4	17.0	4
2622.140	34.59	1.89	65.26	6.24	7.45	46.45	71.2	4	16.5	4
2622.200	34.62	1.84	63.77	6.22	7.32	45.54	71.4	4	17.5	4
2622.304	34.30	1.85	63.53	6.32	7.16	45.25	71.2	4	18.0	4
2622.449	34.74	1.84	64.00	6.34	7.33	46.44	72.6	4	18.0	4
2622.509	33.95	1.88	63.98	6.24	7.46	46.60	72.8	4	18.0	4
2622.613	34.58	1.88	65.10	6.30	7.50	47.27	72.6	4	18.0	4
2622.758	35.21	1.84	64.68	6.28	7.39	46.36	71.7	4	18.5	4
2622.818	33.55	1.90	63.63	6.18	7.45	46.02	72.3	4	19.5	4
2622.922	34.10	1.92	65.50	6.23	7.52	46.84	71.5	4	16.5	4
2623.067	32.50	1.94	63.02	6.18	7.12	44.02	69.9	4	19.0	4
2623.127	33.31	1.90	63.41	6.22	7.27	45.26	71.4	4	18.0	4
2623.231	34.50	1.90	65.50	6.17	7.58	46.79	71.4	4	17.0	4
2623.376	34.05	1.87	63.83	6.18	7.54	46.62	73.0	4	18.5	4
2623.436	33.46	1.92	64.18	6.21	7.43	46.13	71.9	4	17.5	4
2623.540	34.81	1.84	63.97	6.27	7.38	46.27	72.3	4	17.5	4
2623.685	34.53	1.88	64.90	6.28	7.36	46.22	71.2	4	17.5	4
2623.745	34.42	1.88	64.72	6.25	7.33	45.81	70.8	4	18.5	4
2623.849	34.22	1.92	65.63	6.26	7.41	46.42	70.7	4	17.5	4
2623.994	34.86	1.89	65.96	6.32	7.40	46.78	70.9	4	18.0	4
2624.054	34.07	1.90	64.66	6.22	7.41	46.03	71.2	4	19.0	4
2624.158	34.46	1.88	64.78	6.33	7.33	46.40	71.6	4	17.5	4
2624.303	34.78	1.86	64.56	6.27	7.38	46.25	71.6	4	18.5	4
2624.363	33.41	1.92	64.18	6.27	7.23	45.29	70.6	4	18.5	4
2624.467	34.99	1.83	64.20	6.21	7.32	45.44	70.8	4	17.0	4
2624.612	34.52	1.86	64.32	6.23	7.31	45.55	70.8	4	17.5	4
2624.672	34.80	1.86	64.59	6.19	7.44	46.03	71.3	4	18.5	4
2624.776	34.06	1.92	65.56	6.27	7.41	46.47	70.9	4	18.5	4
2624.921	34.96	1.84	64.16	6.23	7.22	44.95	70.1	4	17.0	4
2624.981	35.21	1.79	63.02	6.08	7.40	44.99	71.4	4	18.0	4
2625.085	34.73	1.87	65.07	6.13	7.52	46.06	70.8	4	17.0	4
2625.230	33.24	1.92	63.67	6.12	7.30	44.65	70.1	4	18.0	4
2625.290	33.95	1.89	64.15	6.16	7.49	46.13	71.9	4	18.5	4
2625.394	34.43	1.90	65.25	6.09	7.67	46.74	71.6	4	16.5	4
2625.539	34.55	1.88	65.09	6.09	7.57	46.11	70.8	4	17.0	4
2625.599	35.20	1.81	63.81	6.19	7.30	45.17	70.8	4	18.5	4
2625.703	33.85	1.92	65.07	6.27	7.43	46.56	71.5	4	19.0	4
2625.848	34.97	1.83	64.12	6.14	7.39	45.38	70.8	4	16.5	4
2625.908	34.95	1.82	63.57	6.13	7.27	44.54	70.1	4	18.5	4
2626.012	34.70	1.84	63.98	6.20	7.40	45.89	71.7	4	17.5	4
2626.157	34.40	1.90	65.20	6.23	7.44	46.34	71.1	4	17.0	4
2626.217	34.99	1.85	64.59	6.18	7.45	46.09	71.4	4	17.5	4
2626.321	33.89	1.92	64.95	6.18	7.39	45.72	70.4	4	19.0	4
2626.466	34.52	1.88	64.78	6.20	7.47	46.28	71.4	4	18.0	4
2626.526	35.08	1.83	64.18	6.20	7.37	45.68	71.2	4	17.0	4
2626.630	35.51	1.79	63.50	6.07	7.45	45.27	71.3	4	18.0	4
2626.775	34.30	1.91	65.37	6.09	7.58	46.17	70.6	4	17.5	4
2626.835	33.78	1.90	64.21	6.14	7.60	46.66	72.7	4	19.5	4
2626.939	34.55	1.84	63.69	6.19	7.31	45.24	71.0	4	17.5	4
2627.084	34.99	1.89	65.96	6.22	7.56	47.06	71.4	4	17.0	4
2627.144	34.86	1.87	65.26	6.18	7.63	47.12	72.2	4	18.0	4
2627.248	34.73	1.87	65.06	6.20	7.64	47.37	72.8	4	17.5	4
2627.393	33.46	1.91	63.92	6.15	7.55	46.47	72.7	4	19.0	4
2627.453	33.51	1.93	64.70	6.16	7.61	46.89	72.5	4	18.0	4
2627.557	34.32	1.90	65.32	6.19	7.60	47.03	72.0	4	18.5	4
2627.702	35.25	1.84	64.93	6.27	7.22	45.28	69.7	4	19.0	4
2627.762	34.19	1.91	65.20	6.19	7.36	45.58	69.9	4	17.0	4
2627.866	34.66	1.90	65.74	6.15	7.64	46.95	71.4	4	19.0	4
2628.011	34.49	1.88	64.68	6.12	7.51	45.95	71.0	4	17.5	4
2628.071	34.96	1.86	64.93	6.08	7.59	46.16	71.1	4	18.0	4
2628.175	35.27	1.82	64.11	6.12	7.37	45.11	70.4	4	17.5	4
2628.320	34.30	1.89	64.89	6.14	7.54	46.26	71.3	4	17.5	4
2628.380	34.76	1.89	65.71	6.16	7.57	46.59	70.9	4	17.0	4
2628.484	34.60	1.87	64.84	6.17	7.40	45.70	70.5	4	17.5	4
2628.629	34.83	1.85	64.37	6.13	7.52	46.14	71.7	4	18.0	4
2628.689	34.31	1.89	64.85	6.14	7.55	46.37	71.5	4	17.5	4
2628.793	35.09	1.84	64.74	6.11	7.57	46.23	71.4	4	17.0	4
2628.938	33.51	1.90	63.71	6.11	7.47	45.64	71.6	4	18.5	4
2628.998	33.92	1.91	64.78	6.16	7.66	47.12	72.7	4	17.5	4
2629.102	34.65	1.85	64.10	6.16	7.39	45.53	71.0	4	17.5	4
2629.247	33.99	1.90	64.52	6.18	7.52	46.51	72.1	4	18.0	4
2629.307	34.01	1.93	65.70	6.17	7.70	47.47	72.2	4	18.5	4
2629.411	34.90	1.85	64.67	6.10	7.50	45.75	70.7	4	17.0	4
2629.556	33.37	1.93	64.45	6.05	7.63	46.15	71.6	4	19.0	4
2629.616	33.84	1.90	64.12	6.06	7.51	45.52	71.0	4	17.0	4
2629.720	35.35	1.81	64.02	5.92	7.63	45.19	70.6	4	15.5	4
2629.865	33.89	1.81	61.35	6.02	7.06	42.47	69.2	4	18.0	4
2629.925	34.12	1.85	63.28	5.96	7.51	44.78	70.8	4	16.0	4
2630.029	35.68	1.67	59.65	6.01	6.97	41.91	70.3	4	17.5	4
2630.174	33.92	1.84	62.27	5.96	7.32	43.61	70.0	4	17.5	4
2630.234	34.33	1.85	63.60	5.86	7.82	45.82	72.0	4	17.5	4
2630.338	34.18	1.91	65.43	5.95	7.82	46.52	71.1	4	17.0	4
2630.483	34.65	1.90	65.77	6.14	7.56	46.43	70.6	4	18.0	4
2630.543	34.54	1.88	64.95	6.18	7.37	45.58	70.2	4	18.0	4
2630.647	35.40	1.79	63.36	6.03	7.50	45.25	71.4	4	17.0	4
2630.792	34.78	1.82	63.17	6.09	7.34	44.69	70.7	4	17.5	4
2630.852	35.17	1.82	64.01	6.05	7.46	45.16	70.5	4	17.5	4
2630.956	34.84	1.86	64.95	6.13	7.55	46.27	71.2	4	18.0	4
2631.101	34.33	1.88	64.67	6.10	7.59	46.28	71.6	4	17.0	4
2631.161	34.92	1.82	63.40	6.10	7.41	45.22	71.3	4	18.0	4
2631.265	33.32	1.91	63.74	6.03	7.57	45.63	71.6	4	18.0	4
2631.410	32.19	1.95	62.89	5.94	7.34	43.58	69.3	4	19.0	4
2631.470	32.67	1.97	64.34	5.90	7.75	45.69	71.0	4	16.5	4
2631.574	34.23	1.91	65.29	5.91	7.94	46.90	71.8	4	16.0	4
2631.719	35.17	1.82	63.90	5.99	7.58	45.38	71.0	4	16.5	4
2631.779	35.13	1.85	65.02	6.13	7.43	45.52	70.0	4	19.0	4
2631.883	34.53	1.87	64.74	6.10	7.35	44.85	69.3	4	18.5	4
2632.028	35.32	1.81	63.89	6.10	7.26	44.28	69.3	4	18.5	4
2632.088	33.57	1.88	63.22	5.93	7.78	46.18	73.0	4	17.5	4
2632.192	34.06	1.87	63.67	6.03	7.37	44.48	69.8	4	18.5	4
2632.337	34.66	1.90	65.80	6.14	7.29	44.74	68.0	4	19.0	4
2632.397	34.29	1.91	65.63	6.05	7.59	45.93	70.0	4	16.5	4
2632.501	35.63	1.80	63.96	5.86	7.29	42.73	66.8	4	16.5	4
2632.646	34.82	1.90	66.28	5.72	8.37	47.91	72.3	4	17.0	4
2632.706	35.00	1.88	65.72	5.73	8.47	48.52	73.8	4	17.0	4
2632.810	35.10	1.89	66.50	5.69	8.57	48.77	73.3	4	18.0	4
2632.955	35.37	1.84	64.97	5.55	8.40	46.59	71.7	4	17.0	4
2633.015	34.26	1.86	63.60	5.80	7.82	45.37	71.3	4	19.0	4
2633.119	35.12	1.83	64.39	5.84	7.39	43.17	67.0	4	15.5	4
2633.264	34.91	1.82	63.49	5.79	7.60	44.01	69.3	4	16.5	4
2633.324	34.80	1.82	63.49	5.86	7.47	43.82	69.0	4	18.5	4
2633.428	34.71	1.83	63.62	5.90	7.48	44.18	69.4	4	18.0	4
2633.573	35.24	1.77	62.35	5.67	7.71	43.72	70.1	4	17.0	4
2633.633	35.07	1.82	63.71	5.81	7.43	43.18	67.8	4	16.0	4
2633.737	35.59	1.75	62.29	5.57	7.62	42.43	68.1	4	17.0	4
2633.882	33.27	1.92	63.75	5.73	7.49	42.93	67.3	4	16.5	4
2633.942	34.61	1.80	62.29	5.58	7.68	42.84	68.8	4	16.0	4
2634.046	33.52	1.88	62.94	5.63	7.99	44.94	71.4	4	18.0	4
2634.191	33.19	1.91	63.39	5.93	7.43	44.09	69.6	4	17.5	4
2634.251	34.16	1.87	63.93	6.04	7.19	43.37	67.9	4	17.5	4
2634.355	34.18	1.87	63.90	6.04	7.09	42.80	67.0	4	17.5	4
2634.500	35.08	1.87	65.62	5.97	7.79	46.51	70.9	4	16.5	4
2634.560	35.55	1.81	64.26	5.80	7.57	43.91	68.3	4	15.5	4
2634.664	34.12	1.90	64.91	5.64	8.09	45.61	70.3	4	16.5	4
2634.809	35.14	1.85	64.92	6.10	7.19	43.88	67.6	4	17.5	4
2634.869	34.73	1.90	66.09	6.06	7.85	47.54	71.9	4	18.5	4
2634.973	34.78	1.87	64.89	6.07	7.51	45.53	70.2	4	17.5	4
2635.118	35.23	1.83	64.47	6.01	7.49	44.99	69.8	4	17.5	4
2635.178	35.31	1.83	64.49	6.07	7.50	45.48	70.5	4	17.5	4
2635.282	34.25	1.92	65.92	6.04	7.79	47.00	71.3	4	17.5	4
2635.427	34.51	1.85	63.83	6.06	7.41	44.92	70.4	4	18.0	4
2635.487	34.54	1.86	64.32	6.03	7.60	45.82	71.2	4	17.5	4
2635.591	34.51	1.85	63.90	6.15	7.36	45.30	70.9	4	18.0	4
2635.736	33.56	1.94	64.94	6.05	7.60	45.95	70.8	4	18.5	4
2635.796	34.44	1.87	64.39	6.06	7.44	45.11	70.1	4	16.5	4
2635.900	33.59	1.88	63.22	6.01	7.40	44.45	70.3	4	18.5	4
2636.045	35.04	1.88	65.76	5.92	7.89	46.72	71.0	4	16.0	4
2636.105	35.63	1.76	62.82	5.88	7.43	43.69	69.6	4	17.0	4
2636.209	33.33	1.88	62.56	5.80	7.75	44.93	71.8	4	18.0	4
2636.354	33.96	1.88	64.02	5.98	7.52	44.98	70.3	4	17.5	4
2636.414	34.03	1.90	64.80	6.00	7.79	46.75	72.1	4	17.5	4
2636.518	34.73	1.87	65.04	5.95	7.70	45.86	70.5	4	16.5	4
2636.663	35.80	1.75	62.81	5.85	7.52	44.03	70.1	4	17.5	4
2636.723	34.42	1.86	63.99	5.93	7.44	44.13	69.0	4	19.0	4
2636.827	34.59	1.86	64.34	5.95	7.57	45.06	70.0	4	17.0	4
2636.972	33.46	1.93	64.59	5.95	7.74	46.05	71.3	4	16.5	4
2637.032	34.52	1.82	62.76	6.02	7.30	43.91	70.0	4	17.5	4
2637.136	35.59	1.80	63.90	5.82	7.67	44.65	69.9	4	15.5	4
2637.281	34.75	1.78	61.73	5.74	7.36	42.25	68.4	4	17.5	4
2637.341	32.88	1.88	61.82	5.64	7.62	42.98	69.5	4	17.5	4
2637.445	34.91	1.78	62.08	5.75	7.68	44.16	71.1	4	16.5	4
2637.590	35.16	1.86	65.28	5.79	7.44	43.09	66.0	4	15.0	4
2637.650	35.01	1.84	64.53	5.60	7.88	44.15	68.4	4	17.0	4
2637.754	34.07	1.89	64.51	5.95	7.39	43.95	68.1	4	19.0	4
2637.899	33.99	1.89	64.22	6.04	7.18	43.34	67.5	4	17.5	4
2637.959	34.46	1.87	64.55	6.10	7.33	44.69	69.2	4	17.0	4
2638.063	34.92	1.90	66.26	5.90	7.88	46.51	70.2	4	17.5	4
2638.208	34.90	1.87	65.38	6.04	7.53	45.52	69.6	4	18.5	4
2638.268	34.69	1.88	65.35	5.95	7.75	46.15	70.6	4	16.5	4
2638.372	34.82	1.82	63.31	5.99	7.45	44.62	70.5	4	19.5	4
2638.517	34.08	1.87	63.83	5.82	7.53	43.85	68.7	4	16.0	4
2638.577	34.91	1.78	61.98	5.89	7.35	43.28	69.8	4	17.5	4
2638.681	33.60	1.90	63.88	5.94	7.48	44.39	69.5	4	17.5	4
2638.826	34.95	1.84	64.17	6.02	7.38	44.46	69.3	4	18.0	4
2638.886	34.68	1.89	65.58	6.00	7.79	46.73	71.3	4	18.5	4
2638.990	33.79	1.91	64.46	6.03	7.50	45.22	70.1	4	17.0	4
2639.135	34.62	1.83	63.29	6.00	7.55	45.32	71.6	4	18.5	4
2639.195	32.89	1.91	62.66	5.88	7.57	44.54	71.1	4	17.5	4
2639.299	33.31	1.93	64.36	5.96	7.84	46.70	72.6	4	17.0	4
2639.444	34.41	1.91	65.62	5.99	7.71	46.19	70.4	4	16.5	4
2639.504	35.12	1.86	65.36	5.91	7.50	44.29	67.8	4	16.5	4
2639.608	34.36	1.86	63.85	6.05	7.22	43.67	68.4	4	19.0	4
2639.753	34.80	1.83	63.87	5.71	8.09	46.18	72.3	4	17.0	4
2639.813	35.23	1.83	64.30	5.65	8.28	46.77	72.7	4	16.0	4
2639.917	35.43	1.77	62.80	5.89	7.75	45.61	72.6	4	19.0	4
2640.062	34.66	1.82	63.12	5.87	7.74	45.43	72.0	4	18.0	4
2640.122	34.77	1.86	64.55	5.82	8.16	47.50	73.6	4	18.0	4
2640.226	35.13	1.87	65.68	5.80	7.91	45.85	69.8	4	17.5	4
2640.371	33.76	1.88	63.56	5.99	7.32	43.83	69.0	4	18.0	4
2640.431	34.30	1.90	65.01	5.86	7.88	46.20	71.1	4	16.0	4
2640.535	35.28	1.83	64.60	5.73	7.58	43.47	67.3	4	16.0	4
2640.680	35.40	1.79	63.46	5.93	7.08	41.97	66.1	4	17.0	4
2640.740	35.11	1.87	65.49	6.15	7.23	44.47	67.9	4	19.0	4
2640.844	34.75	1.85	64.40	5.86	7.58	44.45	69.0	4	17.0	4
2640.989	32.60	1.94	63.21	5.77	7.79	44.98	71.2	4	17.5	4
2641.049	34.06	1.87	63.64	5.90	7.47	44.10	69.3	4	17.5	4
2641.153	34.69	1.87	64.81	5.91	7.60	44.92	69.3	4	18.0	4
2641.298	33.99	1.92	65.39	5.93	7.94	47.13	72.1	4	17.5	4
2641.358	33.80	1.91	64.40	5.92	7.76	45.93	71.3	4	17.5	4
2641.462	34.54	1.90	65.48	5.91	7.90	46.66	71.3	4	16.0	4
2641.607	33.63	1.90	63.86	5.95	7.74	46.08	72.2	4	16.5	4
2641.667	34.60	1.81	62.53	5.90	7.48	44.12	70.6	4	16.0	4
2641.771	35.63	1.76	62.55	5.69	7.79	44.29	70.8	4	16.5	4
2641.916	34.04	1.87	63.82	5.92	7.39	43.71	68.5	4	18.5	4
2641.976	32.91	1.94	63.78	5.75	7.97	45.82	71.8	4	17.5	4
2642.080	33.77	1.91	64.33	5.91	7.75	45.85	71.3	4	17.5	4
2642.225	35.15	1.85	64.98	5.92	7.77	45.97	70.8	4	16.5	4
2642.285	35.27	1.84	64.86	6.04	7.66	46.22	71.3	4	18.5	4
2642.389	34.49	1.89	65.15	6.05	7.75	46.88	72.0	4	17.0	4
2642.534	33.72	1.92	64.65	5.91	7.69	45.46	70.3	4	18.5	4
2642.594	33.48	1.93	64.76	6.00	7.42	44.52	68.7	4	17.5	4
2642.698	34.97	1.81	63.28	5.83	7.47	43.52	68.8	4	16.0	4
2642.843	33.80	1.86	62.95	5.88	7.07	41.60	66.1	4	16.0	4
2642.903	34.68	1.83	63.62	5.71	7.52	42.94	67.5	4	16.0	4
2643.007	35.18	1.75	61.45	5.72	7.30	41.77	68.0	4	18.0	4
2643.152	33.08	1.90	62.89	5.83	7.42	43.23	68.7	4	18.0	4
2643.212	32.58	1.94	63.09	5.70	7.71	43.95	69.7	4	16.5	4
2643.316	34.65	1.81	62.63	5.69	7.68	43.73	69.8	4	17.5	4
2643.461	33.88	1.91	64.72	5.63	7.80	43.92	67.9	4	16.0	4
2643.521	35.06	1.81	63.47	5.52	7.93	43.80	69.0	4	16.0	4
2643.625	33.80	1.88	63.66	5.74	7.31	41.95	65.9	4	18.5	4
2643.770	34.96	1.82	63.66	5.61	7.81	43.79	68.8	4	17.0	4
2643.830	33.96	1.87	63.57	5.73	7.44	42.59	67.0	4	17.0	4
2643.934	35.36	1.77	62.61	5.68	7.57	43.02	68.7	4	16.5	4
2644.079	32.83	1.92	62.97	5.62	7.85	44.09	70.0	4	17.0	4
2644.139	34.26	1.85	63.47	5.53	8.11	44.80	70.6	4	15.5	4
2644.243	35.12	1.80	63.28	5.87	7.26	42.66	67.4	4	16.5	4
2644.388	35.08	1.86	65.21	5.69	8.14	46.29	71.0	4	18.0	4
2644.448	34.06	1.89	64.35	5.76	7.70	44.35	68.9	4	17.5	4
2644.552	33.96	1.90	64.64	5.98	7.28	43.57	67.4	4	19.0	4
2644.697	33.56	1.95	65.57	6.01	7.22	43.37	66.2	4	17.5	4
2644.757	33.78	1.93	65.28	5.93	7.66	45.41	69.6	4	17.0	4
2644.861	35.18	1.87	65.95	5.58	8.16	45.54	69.1	4	15.0	4
2645.006	34.26	1.87	64.07	5.82	7.61	44.32	69.2	4	18.5	4
2645.066	33.35	1.92	64.15	5.91	7.36	43.53	67.9	4	17.5	4
2645.170	32.95	1.95	64.31	5.85	7.16	41.89	65.1	4	16.0	4
2645.315	34.24	1.88	64.44	5.69	7.60	43.26	67.1	4	19.0	4
2645.375	33.29	1.94	64.52	5.81	7.28	42.28	65.5	4	17.0	4
2645.479	34.22	1.91	65.41	5.75	7.50	43.09	65.9	4	15.0	4
2645.624	34.25	1.85	63.29	5.77	7.28	42.05	66.4	4	18.0	4
2645.684	33.54	1.91	63.98	5.76	7.35	42.34	66.2	4	16.5	4
2645.788	35.24	1.78	62.64	5.62	7.61	42.80	68.3	4	17.0	4
2645.933	33.90	1.91	64.74	5.57	7.99	44.50	68.7	4	16.0	4
2645.993	34.90	1.86	64.79	5.46	8.18	44.70	69.0	4	15.5	4
2646.097	35.59	1.78	63.43	5.84	7.55	44.08	69.5	4	18.5	4
2646.242	34.70	1.85	64.32	5.88	6.99	41.10	63.9	4	16.0	4
2646.302	35.36	1.80	63.62	5.64	7.35	41.44	65.1	4	15.0	4
2646.406	33.60	1.84	61.90	5.60	7.59	42.50	68.7	4	18.5	4
2646.551	35.08	1.82	63.83	5.60	7.78	43.59	68.3	4	15.5	4
2646.611	35.69	1.75	62.45	5.76	7.44	42.83	68.6	4	16.5	4
2646.715	35.62	1.80	64.25	5.92	7.48	44.23	68.8	4	17.5	4
2646.860	33.71	1.91	64.30	5.72	7.74	44.32	68.9	4	16.0	4
2646.920	34.81	1.83	63.59	5.73	7.83	44.90	70.6	4	17.0	4
2647.024	33.78	1.86	62.99	5.94	7.22	42.89	68.1	4	17.5	4
2647.169	35.09	1.83	64.33	5.90	7.43	43.82	68.1	4	18.5	4
2647.229	34.49	1.87	64.42	5.79	7.61	44.09	68.4	4	16.0	4
2647.333	34.04	1.87	63.54	5.70	7.79	44.41	69.9	4	16.5	4
2647.478	34.32	1.87	64.32	5.79	7.88	45.64	70.9	4	18.0	4
2647.538	34.71	1.82	63.35	5.94	7.48	44.45	70.2	4	17.5	4
2647.642	34.17	1.85	63.09	5.75	7.79	44.79	71.0	4	17.5	4
2647.787	33.92	1.90	64.29	5.83	7.63	44.48	69.2	4	18.5	4
2647.847	32.58	1.94	63.19	5.74	7.55	43.35	68.6	4	17.0	4
2647.951	35.21	1.75	61.47	5.67	7.49	42.41	69.0	4	16.5	4
2648.096	33.91	1.89	64.17	5.64	8.18	46.12	71.9	4	17.5	4
2648.156	34.17	1.87	63.92	5.80	7.97	46.20	72.3	4	17.5	4
2648.260	34.09	1.88	64.12	5.98	7.71	46.08	71.9	4	18.0	4
2648.405	34.35	1.91	65.62	5.71	8.38	47.86	72.9	4	16.5	4
2648.465	35.03	1.87	65.50	5.58	8.39	46.81	71.5	4	16.0	4
2648.569	35.14	1.87	65.80	5.51	8.57	47.24	71.8	4	17.0	4
2648.714	35.28	1.86	65.56	5.53	8.49	47.00	71.7	4	16.0	4
2648.774	35.76	1.79	64.05	5.45	8.33	45.39	70.9	4	16.0	4
2648.878	33.30	1.88	62.61	5.63	7.63	42.98	68.7	4	17.0	4
2649.023	34.62	1.83	63.43	5.76	7.37	42.50	67.0	4	18.5	4
2649.083	32.94	1.91	62.89	5.67	7.57	42.92	68.3	4	16.5	4
2649.187	35.07	1.76	61.69	5.73	7.50	42.94	69.6	4	17.0	4
2649.332	33.47	1.90	63.56	5.67	7.71	43.72	68.8	4	17.5	4
2649.392	34.03	1.92	65.48	5.65	8.21	46.36	70.8	4	16.0	4
2649.496	34.51	1.88	64.90	5.95	7.60	45.23	69.7	4	18.5	4
2649.641	34.24	1.91	65.25	5.84	7.20	42.07	64.5	4	15.0	4
2649.701	35.14	1.82	64.04	5.61	7.69	43.14	67.4	4	15.5	4
2649.805	33.93	1.83	62.16	5.73	7.31	41.91	67.4	4	18.5	4
2649.950	33.58	1.88	63.08	5.79	7.54	43.66	69.2	4	18.0	4
2650.010	34.12	1.88	64.30	5.75	7.52	43.24	67.2	4	15.0	4
2650.114	35.12	1.80	63.15	5.60	7.74	43.32	68.6	4	17.0	4
2650.259	33.72	1.90	64.20	5.83	7.78	45.40	70.7	4	17.5	4
2650.319	33.97	1.91	64.85	5.88	7.51	44.11	68.0	4	18.0	4
2650.423	34.53	1.88	64.88	5.58	8.20	45.75	70.5	4	16.0	4
2650.568	33.92	1.89	64.25	5.70	7.53	42.93	66.8	4	15.5	4
2650.628	35.19	1.73	60.72	5.61	7.45	41.75	68.8	4	16.5	4
2650.732	32.95	1.88	61.87	5.59	7.88	44.02	71.1	4	18.5	4
2650.877	32.90	1.93	63.50	5.57	7.88	43.88	69.1	4	15.0	4
2650.937	34.22	1.80	61.58	5.61	7.61	42.73	69.4	4	15.5	4
2651.041	35.83	1.64	58.76	5.52	7.32	40.43	68.8	4	16.0	4
2651.186	33.07	1.83	60.60	5.51	7.58	41.81	69.0	4	18.5	4
2651.246	30.72	1.92	58.83	5.33	7.65	40.83	69.4	4	18.5	4
2651.350	33.67	1.82	61.19	5.53	7.60	42.07	68.7	4	16.5	4
2651.495	35.79	1.69	60.56	5.44	7.53	40.95	67.6	4	15.5	4
2651.555	34.77	1.77	61.38	5.47	7.78	42.52	69.3	4	17.5	4
2651.659	32.84	1.89	62.09	5.47	7.77	42.51	68.5	4	16.5	4
2651.804	35.23	1.79	63.05	5.47	7.82	42.77	67.8	4	15.5	4
2651.864	34.79	1.80	62.51	5.50	7.87	43.25	69.2	4	17.0	4
2651.968	34.69	1.88	65.10	5.66	7.83	44.32	68.1	4	16.5	4
2652.113	34.92	1.85	64.62	5.80	7.61	44.08	68.2	4	18.0	4
2652.173	34.01	1.90	64.51	5.69	8.03	45.73	70.9	4	17.5	4
2652.277	34.39	1.90	65.34	5.79	7.55	43.69	66.9	4	17.0	4
2652.422	35.36	1.85	65.45	5.73	7.93	45.45	69.4	4	17.5	4
2652.482	34.60	1.87	64.74	5.86	7.58	44.38	68.5	4	18.0	4
2652.586	33.67	1.94	65.30	5.79	7.29	42.20	64.6	4	15.5	4
2652.731	35.31	1.81	63.79	5.70	7.30	41.61	65.2	4	18.0	4
2652.791	33.47	1.89	63.21	5.59	7.82	43.69	69.1	4	17.0	4
2652.895	34.84	1.84	64.17	5.80	7.55	43.75	68.2	4	17.0	4
2653.040	34.86	1.83	63.71	5.63	7.45	41.95	65.8	4	15.5	4
2653.100	35.31	1.82	64.12	5.69	7.50	42.65	66.5	4	17.0	4
2653.204	34.04	1.90	64.56	5.66	7.91	44.80	69.4	4	16.0	4
2653.349	34.05	1.88	63.86	5.86	7.38	43.24	67.7	4	17.0	4
2653.409	33.09	1.90	63.00	5.79	7.15	41.42	65.7	4	18.0	4
2653.513	34.69	1.86	64.48	5.60	7.88	44.12	68.4	4	16.0	4
2653.658	33.21	1.91	63.28	5.66	7.48	42.37	67.0	4	16.5	4
2653.718	34.72	1.83	63.46	5.55	7.88	43.74	68.9	4	16.0	4
2653.822	34.49	1.84	63.53	5.70	7.68	43.77	68.9	4	16.0	4
2653.967	35.01	1.80	62.93	5.68	7.78	44.15	70.2	4	17.0	4
2654.027	35.08	1.84	64.57	5.76	7.63	43.93	68.0	4	15.5	4
2654.131	34.79	1.84	63.85	5.69	7.75	44.10	69.1	4	17.5	4
2654.276	33.88	1.87	63.22	5.65	7.87	44.50	70.4	4	17.0	4
2654.336	34.15	1.88	64.23	5.68	7.80	44.26	68.9	4	16.0	4
2654.440	34.94	1.85	64.50	5.69	7.83	44.53	69.0	4	16.5	4
2654.585	34.81	1.84	64.00	5.70	7.83	44.59	69.7	4	17.5	4
2654.645	33.34	1.92	64.00	5.70	7.75	44.21	69.1	4	18.5	4
2654.749	34.00	1.91	64.90	5.75	7.69	44.26	68.2	4	15.5	4
2654.894	33.80	1.91	64.40	5.69	7.95	45.24	70.3	4	16.5	4
2654.954	34.56	1.88	64.93	5.83	7.80	45.44	70.0	4	16.5	4
2655.058	34.40	1.86	64.01	5.88	7.15	42.05	65.7	4	17.0	4
2655.203	35.14	1.86	65.43	5.58	7.73	43.13	65.9	4	15.5	4
2655.263	35.84	1.75	62.66	5.56	7.64	42.44	67.7	4	16.0	4
2655.367	33.33	1.89	63.10	5.47	8.12	44.39	70.4	4	17.5	4
2655.512	33.05	1.93	63.81	5.75	7.38	42.47	66.6	4	16.5	4
2655.572	34.41	1.83	63.07	5.57	7.76	43.24	68.6	4	16.5	4
2655.676	32.86	1.92	62.93	5.56	7.67	42.67	67.8	4	17.5	4
2655.821	35.56	1.76	62.62	5.60	7.58	42.47	67.8	4	16.0	4
2655.881	35.66	1.79	63.76	5.61	7.49	42.05	65.9	4	17.5	4
2655.985	34.20	1.88	64.33	5.81	7.54	43.80	68.1	4	18.5	4
2656.130	32.86	1.92	63.13	5.69	7.51	42.76	67.7	4	18.0	4
2656.190	33.42	1.94	65.00	5.64	7.89	44.51	68.5	4	15.5	4
2656.294	34.36	1.86	64.05	5.77	7.50	43.30	67.6	4	16.5	4
2656.439	34.05	1.90	64.58	5.83	7.65	44.59	69.0	4	17.5	4
2656.499	34.53	1.86	64.18	5.78	7.91	45.69	71.2	4	17.0	4
2656.603	33.59	1.91	64.26	5.75	7.63	43.86	68.3	4	16.0	4
2656.748	35.47	1.74	61.64	5.75	7.46	42.89	69.6	4	18.0	4
2656.808	34.22	1.81	61.91	5.75	7.68	44.11	71.3	4	17.5	4
2656.912	33.79	1.87	63.06	5.71	7.87	44.99	71.3	4	17.5	4
2657.057	34.69	1.84	63.69	5.70	7.87	44.80	70.3	4	17.5	4
2657.117	34.91	1.84	64.15	5.76	7.92	45.61	71.1	4	17.5	4
2657.221	33.92	1.89	64.26	5.73	7.86	45.03	70.1	4	16.5	4
2657.366	34.34	1.84	63.31	5.75	7.65	44.03	69.5	4	16.5	4
2657.426	34.97	1.83	63.84	5.81	7.53	43.74	68.5	4	16.0	4
2657.530	35.25	1.81	63.87	5.70	7.88	44.89	70.3	4	17.5	4
2657.675	34.52	1.83	63.23	5.69	7.59	43.23	68.4	4	15.5	4
2657.735	34.07	1.84	62.55	5.55	7.68	42.63	68.2	4	17.5	4
2657.839	34.20	1.83	62.65	5.74	7.46	42.88	68.4	4	16.0	4
2657.984	35.76	1.71	61.16	5.64	7.56	42.62	69.7	4	16.0	4
2658.044	35.24	1.79	62.96	5.71	7.63	43.55	69.2	4	17.0	4
2658.148	34.50	1.85	63.80	5.68	7.70	43.74	68.6	4	17.5	4
2658.293	34.29	1.88	64.48	5.71	7.89	45.07	69.9	4	15.5	4
2658.353	35.33	1.77	62.67	5.60	7.71	43.18	68.9	4	16.0	4
2658.457	34.77	1.80	62.58	5.58	7.84	43.73	69.9	4	17.0	4
2658.602	34.08	1.88	64.05	5.66	7.90	44.65	69.7	4	15.5	4
2658.662	35.14	1.79	62.98	5.67	7.66	43.42	68.9	4	16.5	4
2658.766	34.26	1.85	63.26	5.68	7.85	44.54	70.4	4	17.5	4
2658.911	33.81	1.89	63.79	5.59	8.01	44.74	70.1	4	16.5	4
2658.971	33.19	1.87	62.16	5.57	7.95	44.26	71.2	4	17.5	4
2659.075	32.72	1.92	62.74	5.73	7.60	43.53	69.4	4	17.5	4
2659.220	33.77	1.87	63.09	5.73	7.76	44.48	70.5	4	16.5	4
2659.280	34.12	1.86	63.45	5.68	7.75	44.00	69.4	4	16.5	4
2659.384	33.61	1.91	64.33	5.65	8.00	45.22	70.3	4	17.5	4
2659.529	34.24	1.85	63.34	5.70	7.55	43.03	67.9	4	16.5	4
2659.589	35.12	1.80	63.04	5.62	7.73	43.43	68.9	4	16.0	4
2659.693	36.01	1.70	61.26	5.61	7.52	42.18	68.8	4	17.0	4
2659.838	34.27	1.83	62.88	5.73	7.65	43.81	69.7	4	17.0	4
2659.898	34.67	1.80	62.44	5.67	7.67	43.51	69.7	4	17.0	4
2660.002	35.48	1.74	61.82	5.64	7.64	43.09	69.7	4	16.5	4
2660.147	32.49	1.93	62.83	5.59	7.90	44.17	70.3	4	18.0	4
2660.207	33.35	1.93	64.34	5.68	7.77	44.14	68.6	4	16.0	4
2660.311	33.86	1.87	63.44	5.65	7.88	44.54	70.2	4	17.0	4
2660.456	34.58	1.85	64.13	5.73	7.58	43.46	67.8	4	17.0	4
2660.516	34.47	1.86	64.22	5.68	7.92	44.98	70.0	4	17.0	4
2660.620	34.48	1.89	65.20	5.66	8.01	45.32	69.5	4	17.0	4
2660.765	34.98	1.87	65.42	5.67	7.86	44.59	68.2	4	16.0	4
2660.825	34.61	1.85	63.87	5.72	7.53	43.07	67.4	4	17.0	4
2660.929	35.19	1.84	64.76	5.88	7.58	44.54	68.8	4	18.5	4
2661.074	34.27	1.87	64.02	5.82	7.77	45.20	70.6	4	17.5	4
2661.134	33.93	1.89	64.07	5.81	7.75	45.00	70.2	4	18.0	4
2661.238	33.92	1.92	65.02	5.84	7.51	43.82	67.4	4	16.0	4
2661.383	34.53	1.85	63.88	5.70	7.87	44.87	70.2	4	18.0	4
2661.443	34.33	1.89	64.75	5.73	7.71	44.24	68.3	4	16.5	4
2661.547	33.50	1.88	62.94	5.60	7.73	43.28	68.8	4	17.5	4
2661.692	32.24	1.95	62.80	5.65	7.84	44.29	70.5	4	18.0	4
2661.752	32.79	1.92	63.03	5.74	7.45	42.75	67.8	4	17.0	4
2661.856	34.91	1.80	62.94	5.77	7.45	42.97	68.3	4	16.0	4
2662.001	34.85	1.79	62.40	5.70	7.73	44.08	70.6	4	18.5	4
2662.061	34.33	1.83	62.70	5.76	7.63	43.90	70.0	4	16.0	4
2662.165	35.63	1.75	62.19	5.58	7.77	43.31	69.7	4	16.0	4
2662.310	33.90	1.85	62.88	5.55	7.88	43.73	69.6	4	18.0	4
2662.370	34.57	1.87	64.53	5.64	7.91	44.65	69.2	4	17.0	4
2662.474	34.61	1.91	66.03	5.74	7.64	43.85	66.4	4	18.5	4
2662.619	35.16	1.86	65.47	5.72	7.86	44.98	68.7	4	16.5	4
2662.679	35.16	1.85	65.01	5.71	7.67	43.77	67.3	4	16.0	4
2662.783	34.40	1.85	63.48	5.61	7.87	44.19	69.6	4	17.0	4
2662.928	32.53	1.94	63.05	5.65	7.78	43.98	69.8	4	17.5	4
2662.988	32.77	1.94	63.44	5.66	7.88	44.60	70.3	4	16.5	4
2663.092	34.81	1.80	62.76	5.67	7.72	43.75	69.7	4	17.0	4
2663.237	34.42	1.82	62.47	5.81	7.68	44.62	71.4	4	17.5	4
2663.297	34.29	1.80	61.73	5.69	7.67	43.65	70.7	4	17.0	4
2663.401	33.69	1.84	61.99	5.66	7.68	43.46	70.1	4	17.0	4
2663.546	34.31	1.84	63.11	5.66	7.78	44.02	69.7	4	17.0	4
2663.606	34.77	1.84	64.11	5.67	7.90	44.79	69.9	4	17.0	4
2663.710	35.42	1.80	63.86	5.68	7.65	43.43	68.0	4	16.0	4
2663.855	33.34	1.84	61.27	5.66	7.52	42.55	69.4	4	17.5	4
2663.915	33.00	1.91	62.93	5.62	7.78	43.70	69.4	4	17.0	4
2664.019	34.46	1.85	63.68	5.69	7.93	45.17	70.9	4	17.5	4
2664.164	33.56	1.90	63.72	5.69	7.71	43.90	68.9	4	16.5	4
2664.224	34.25	1.87	64.06	5.67	7.74	43.87	68.5	4	16.5	4
2664.328	32.92	1.90	62.51	5.53	7.77	42.98	68.8	4	17.0	4
2664.473	33.97	1.89	64.04	5.56	7.92	44.02	68.7	4	16.5	4
2664.533	34.84	1.83	63.84	5.66	7.82	44.23	69.3	4	16.5	4
2664.637	34.51	1.84	63.47	5.66	7.81	44.23	69.7	4	16.5	4
2664.782	33.71	1.87	63.14	5.62	7.71	43.34	68.6	4	17.0	4
2664.842	34.76	1.83	63.79	5.62	7.66	43.07	67.5	4	16.0	4
2664.946	35.85	1.72	61.81	5.55	7.55	41.93	67.8	4	15.5	4
2665.091	31.41	1.93	60.60	5.36	7.65	41.00	67.7	4	18.5	4
2665.151	32.12	1.95	62.76	5.52	7.80	43.06	68.6	4	17.0	4
2665.255	33.56	1.90	63.67	5.45	8.04	43.80	68.8	4	16.0	4
2665.400	34.78	1.86	64.55	5.51	8.08	44.54	69.0	4	15.5	4
2665.460	35.38	1.80	63.80	5.50	7.97	43.80	68.6	4	14.5	4
