486.211	39.63	0.13	5.29	0.02	0.25	0.01	0.1	4	0.0	1
486.271	39.01	0.59	22.91	1.52	3.26	4.96	21.7	4	12.5	1
486.374	36.99	1.82	67.32	3.56	8.62	30.66	45.5	4	17.5	1
486.519	32.70	3.59	117.36	6.02	11.80	71.08	60.6	4	25.0	1
486.580	29.92	4.13	123.51	6.62	11.84	78.37	63.5	4	28.0	1
486.684	27.01	4.54	122.76	7.39	11.46	84.70	69.0	4	28.0	1
486.829	30.79	4.12	126.79	8.55	10.74	91.81	72.4	4	25.5	1
486.890	31.48	4.00	125.82	8.72	10.58	92.22	73.3	4	25.0	1
486.994	32.66	3.77	123.22	9.23	9.70	89.58	72.7	4	25.5	1
487.139	30.29	4.27	129.39	9.77	9.62	93.97	72.6	4	32.0	1
487.199	28.36	4.49	127.37	9.87	9.53	94.09	73.9	4	32.0	1
487.303	27.52	4.64	127.82	10.12	9.37	94.76	74.1	4	30.5	1
487.448	30.90	4.19	129.49	10.50	9.07	95.25	73.6	4	28.5	1
487.509	30.92	4.20	129.87	10.52	9.36	98.55	75.9	4	30.5	1
487.613	29.04	4.49	130.30	10.69	8.89	95.07	73.0	4	31.0	1
487.758	30.66	4.25	130.41	10.93	8.92	97.51	74.8	4	29.0	1
487.819	30.33	4.31	130.71	10.94	9.13	99.85	76.4	4	31.0	1
487.923	29.35	4.48	131.61	11.01	9.09	100.10	76.1	4	31.5	1
488.068	30.32	4.33	131.25	11.04	9.12	100.71	76.7	4	29.5	1
488.129	30.65	4.27	131.00	11.10	8.94	99.24	75.8	4	30.0	1
488.233	29.39	4.44	130.52	11.11	9.07	100.70	77.2	4	32.0	1
488.378	29.61	4.44	131.62	11.17	9.01	100.67	76.5	4	29.5	1
488.439	29.58	4.43	131.14	11.15	9.08	101.20	77.2	4	31.0	1
488.543	30.06	4.36	131.20	11.19	9.01	100.81	76.8	4	30.5	1
488.688	30.62	4.30	131.60	11.21	8.87	99.39	75.5	4	30.5	1
488.749	30.16	4.38	132.08	11.19	9.02	100.85	76.4	4	31.5	1
488.853	29.15	4.52	131.80	11.23	8.87	99.67	75.6	4	31.0	1
488.998	30.57	4.29	131.19	11.13	9.12	101.56	77.4	4	30.5	1
489.059	30.37	4.37	132.66	11.14	9.01	100.34	75.6	4	29.5	1
489.163	30.35	4.36	132.47	11.17	9.02	100.76	76.1	4	30.5	1
489.308	30.14	4.38	132.09	11.15	9.14	101.87	77.1	4	31.5	1
489.369	29.54	4.47	131.99	11.09	9.07	100.59	76.2	4	31.5	1
489.473	29.77	4.42	131.46	11.15	9.08	101.18	77.0	4	31.5	1
489.618	30.44	4.28	130.25	11.16	8.97	100.11	76.9	4	30.0	1
489.679	29.63	4.40	130.26	11.08	9.20	101.98	78.3	4	32.0	1
489.783	28.83	4.53	130.61	11.04	9.18	101.37	77.6	4	31.5	1
489.928	29.64	4.43	131.45	11.08	9.15	101.42	77.2	4	30.0	1
489.989	30.19	4.35	131.33	11.05	9.24	102.12	77.8	4	29.5	1
490.093	29.80	4.40	130.99	11.06	9.30	102.83	78.5	4	31.5	1
490.238	30.27	4.34	131.25	11.12	9.09	101.04	77.0	4	30.0	1
490.299	30.35	4.34	131.74	11.07	9.28	102.74	78.0	4	31.5	1
490.403	29.22	4.51	131.81	11.12	9.11	101.39	76.9	4	32.5	1
490.548	29.67	4.44	131.85	11.09	9.25	102.60	77.8	4	30.0	1
490.609	29.89	4.41	131.91	11.09	9.12	101.11	76.6	4	29.5	1
490.713	29.13	4.50	131.21	11.03	9.09	100.19	76.4	4	31.5	1
490.858	30.05	4.37	131.22	11.14	9.11	101.48	77.3	4	30.0	1
490.919	30.06	4.36	131.13	11.08	9.05	100.36	76.5	4	30.0	1
491.023	30.10	4.36	131.30	11.08	9.10	100.80	76.8	4	31.0	1
491.168	29.45	4.47	131.78	11.04	9.12	100.76	76.5	4	31.0	1
491.229	30.18	4.38	132.06	11.09	9.17	101.76	77.1	4	30.0	1
491.333	29.53	4.47	131.86	11.05	9.26	102.35	77.6	4	32.0	1
491.478	29.57	4.46	131.76	11.09	9.06	100.42	76.2	4	28.5	1
491.539	30.54	4.27	130.32	11.00	9.18	101.00	77.5	4	30.5	1
491.643	29.05	4.51	130.87	11.01	8.94	98.38	75.2	4	31.5	1
491.788	29.92	4.40	131.62	11.03	8.91	98.36	74.7	4	29.0	1
491.849	29.93	4.39	131.33	11.05	9.05	100.00	76.1	4	32.0	1
491.953	28.80	4.54	130.76	10.95	9.03	98.95	75.7	4	30.0	1
492.098	30.48	4.30	131.09	11.06	9.04	99.97	76.3	4	30.5	1
492.159	29.63	4.44	131.64	10.99	9.21	101.14	76.8	4	32.0	1
492.263	29.48	4.48	132.00	10.98	9.24	101.44	76.8	4	29.5	1
492.408	30.38	4.34	131.75	11.00	9.18	100.90	76.6	4	30.5	1
492.469	30.00	4.42	132.64	10.98	9.17	100.68	75.9	4	29.5	1
492.573	30.33	4.34	131.60	10.96	9.30	101.92	77.4	4	30.5	1
492.718	30.20	4.36	131.71	11.10	9.02	100.13	76.0	4	30.0	1
492.779	30.59	4.30	131.63	11.03	9.13	100.72	76.5	4	29.5	1
492.883	29.43	4.47	131.59	11.04	9.24	101.96	77.5	4	32.0	1
493.028	29.74	4.42	131.50	11.03	9.15	100.94	76.8	4	29.5	1
493.089	30.05	4.37	131.30	11.01	9.05	99.67	75.9	4	30.5	1
493.193	29.30	4.50	131.82	10.90	9.39	102.43	77.7	4	31.0	1
493.338	30.09	4.40	132.44	11.08	9.03	100.04	75.5	4	30.0	1
493.399	30.14	4.38	131.97	11.06	9.24	102.19	77.4	4	30.0	1
493.503	30.63	4.33	132.54	11.04	9.25	102.13	77.1	4	29.5	1
493.648	29.28	4.50	131.84	11.04	9.09	100.37	76.1	4	32.5	1
493.709	28.47	4.61	131.09	10.97	8.95	98.14	74.9	4	31.0	1
493.813	30.08	4.39	132.03	10.96	9.26	101.51	76.9	4	30.5	1
493.958	29.96	4.41	132.15	11.08	9.31	103.16	78.1	4	29.5	1
494.019	30.03	4.41	132.34	11.15	9.22	102.80	77.7	4	32.0	1
494.123	30.04	4.37	131.32	11.17	8.92	99.59	75.8	4	30.5	1
494.268	29.56	4.48	132.56	11.09	9.17	101.70	76.7	4	31.5	1
494.329	28.99	4.56	132.15	11.02	9.26	102.08	77.2	4	30.5	1
494.433	28.92	4.56	131.90	11.07	9.27	102.66	77.8	4	31.5	1
494.578	29.97	4.42	132.49	11.18	8.94	99.90	75.4	4	30.5	1
494.639	29.95	4.42	132.47	11.11	9.14	101.59	76.7	4	29.5	1
494.743	30.38	4.35	132.11	11.11	9.06	100.66	76.2	4	29.5	1
494.888	29.62	4.47	132.45	11.12	9.03	100.41	75.8	4	31.0	1
494.949	30.44	4.35	132.38	11.14	9.15	101.89	77.0	4	30.0	1
495.053	30.33	4.35	131.78	11.12	9.23	102.62	77.9	4	32.0	1
495.198	30.22	4.37	132.07	11.12	9.07	100.89	76.4	4	32.0	1
495.259	29.02	4.52	131.09	11.00	9.28	102.08	77.9	4	31.5	1
495.363	30.08	4.37	131.32	11.03	9.20	101.55	77.3	4	30.5	1
495.508	29.28	4.52	132.34	11.08	9.13	101.11	76.4	4	31.5	1
495.569	28.96	4.57	132.28	11.01	9.24	101.69	76.9	4	31.0	1
495.673	29.65	4.47	132.57	11.01	9.25	101.91	76.9	4	29.5	1
495.818	30.00	4.41	132.34	11.15	9.13	101.80	76.9	4	29.0	1
495.879	30.43	4.34	132.10	11.13	9.06	100.88	76.4	4	30.5	1
495.983	29.58	4.48	132.56	11.15	9.11	101.55	76.6	4	30.5	1
496.128	30.33	4.36	132.26	11.02	9.19	101.28	76.6	4	30.5	1
496.189	29.81	4.45	132.54	11.12	9.06	100.77	76.0	4	32.0	1
496.293	29.86	4.42	132.07	11.12	9.12	101.45	76.8	4	30.5	1
496.438	29.71	4.44	131.80	11.14	9.08	101.10	76.7	4	29.0	1
496.499	30.14	4.36	131.48	11.11	9.09	100.94	76.8	4	31.0	1
496.603	29.02	4.54	131.87	11.16	8.98	100.31	76.1	4	31.0	1
496.748	30.22	4.38	132.48	11.09	9.17	101.64	76.7	4	30.5	1
496.809	29.94	4.43	132.56	11.14	9.06	100.87	76.1	4	31.0	1
496.913	29.97	4.42	132.55	11.16	8.99	100.37	75.7	4	31.5	1
497.058	30.11	4.40	132.55	11.11	9.19	102.16	77.1	4	30.0	1
497.119	30.45	4.36	132.86	11.16	9.03	100.76	75.8	4	29.5	1
497.223	30.81	4.25	130.81	11.15	8.93	99.60	76.1	4	29.5	1
497.368	29.23	4.47	130.78	11.11	9.11	101.21	77.4	4	32.5	1
497.429	28.94	4.54	131.33	11.11	8.94	99.38	75.7	4	31.5	1
497.533	28.61	4.60	131.52	11.12	8.94	99.40	75.6	4	30.5	1
497.678	30.56	4.33	132.28	11.13	9.08	101.09	76.4	4	30.0	1
497.739	30.80	4.28	131.96	11.12	8.98	99.84	75.7	4	30.0	1
497.843	29.49	4.47	131.81	11.06	9.01	99.75	75.7	4	31.5	1
497.988	29.36	4.50	132.06	11.10	9.00	99.99	75.7	4	30.5	1
498.049	29.88	4.43	132.21	11.04	9.29	102.65	77.6	4	31.0	1
498.153	29.32	4.53	132.71	11.11	9.06	100.64	75.8	4	30.0	1
498.298	29.49	4.47	131.88	11.11	8.93	99.27	75.3	4	32.5	1
498.359	29.12	4.53	131.91	11.03	9.28	102.40	77.6	4	30.0	1
498.463	29.82	4.45	132.63	11.11	9.10	101.06	76.2	4	29.5	1
498.608	29.63	4.44	131.66	11.07	9.10	100.75	76.5	4	31.5	1
498.669	29.32	4.51	132.12	11.07	9.21	101.91	77.1	4	30.5	1
498.773	30.57	4.31	131.76	11.03	9.09	100.28	76.1	4	30.0	1
498.918	30.58	4.32	132.08	11.05	9.23	101.99	77.2	4	29.5	1
498.979	30.56	4.34	132.65	11.07	9.18	101.57	76.6	4	31.0	1
499.083	29.31	4.52	132.34	11.06	9.06	100.22	75.7	4	31.5	1
499.228	29.90	4.45	133.20	11.15	9.00	100.38	75.4	4	30.0	1
499.289	30.37	4.37	132.81	11.14	9.03	100.63	75.8	4	29.5	1
499.393	30.72	4.33	132.90	11.19	9.05	101.26	76.2	4	31.0	1
499.538	28.58	4.56	130.41	11.12	9.07	100.91	77.4	4	32.0	1
499.599	29.07	4.53	131.75	11.20	9.08	101.69	77.2	4	30.0	1
499.703	30.40	4.34	131.78	11.24	8.97	100.82	76.5	4	30.0	1
499.848	29.45	4.52	133.11	11.15	9.16	102.14	76.7	4	31.0	1
499.909	29.43	4.51	132.83	11.21	9.05	101.52	76.4	4	31.0	1
500.013	30.26	4.36	131.89	11.22	9.10	102.06	77.4	4	30.0	1
500.158	28.80	4.57	131.73	11.21	8.95	100.36	76.2	4	31.0	1
500.219	29.81	4.43	132.09	11.15	9.15	101.99	77.2	4	30.0	1
500.323	30.67	4.30	131.96	11.17	9.05	101.04	76.6	4	30.5	1
500.468	29.39	4.47	131.39	11.21	8.96	100.47	76.5	4	29.5	1
500.529	30.38	4.32	131.23	11.18	9.10	101.67	77.5	4	30.5	1
500.633	29.70	4.47	132.64	11.17	9.18	102.52	77.3	4	31.0	1
500.778	29.93	4.44	133.02	11.26	8.96	100.96	75.9	4	31.0	1
500.839	29.27	4.53	132.54	11.24	8.85	99.51	75.1	4	32.5	1
500.943	29.57	4.47	132.28	11.18	9.10	101.78	76.9	4	29.5	1
501.088	30.96	4.22	130.52	11.10	9.13	101.37	77.7	4	30.5	1
501.149	29.75	4.42	131.37	11.08	9.15	101.43	77.2	4	32.5	1
501.253	28.45	4.60	130.88	11.11	9.01	100.03	76.4	4	31.0	1
501.398	30.77	4.29	131.84	11.17	8.88	99.21	75.2	4	29.5	1
501.459	30.39	4.33	131.55	11.11	9.25	102.69	78.1	4	31.0	1
501.563	29.18	4.52	131.97	11.22	8.91	99.93	75.7	4	31.5	1
501.708	29.54	4.48	132.40	11.24	9.10	102.32	77.3	4	31.5	1
501.769	29.61	4.48	132.53	11.23	9.07	101.80	76.8	4	29.5	1
501.873	30.36	4.36	132.38	11.24	9.17	103.03	77.8	4	30.0	1
502.018	29.62	4.45	131.94	11.15	9.19	102.43	77.6	4	31.5	1
502.079	29.35	4.51	132.29	11.26	9.16	103.16	78.0	4	32.5	1
502.183	30.01	4.40	132.08	11.21	9.14	102.47	77.6	4	30.0	1
502.328	29.70	4.47	132.74	11.23	9.03	101.46	76.4	4	31.0	1
502.389	29.63	4.48	132.85	11.24	9.13	102.58	77.2	4	31.5	1
502.493	29.72	4.48	133.28	11.24	9.07	101.97	76.5	4	30.0	1
502.638	30.62	4.31	131.82	11.30	8.98	101.44	77.0	4	31.5	1
502.699	29.36	4.49	131.69	11.16	8.98	100.23	76.1	4	32.5	1
502.803	28.20	4.62	130.40	11.15	9.03	100.68	77.2	4	32.5	1
502.948	29.77	4.39	130.80	11.16	9.08	101.28	77.4	4	30.0	1
503.009	30.61	4.26	130.39	11.15	8.92	99.49	76.3	4	29.0	1
503.113	30.45	4.31	131.24	11.15	9.12	101.73	77.5	4	31.5	1
503.258	29.16	4.52	131.82	11.22	9.13	102.46	77.7	4	31.0	1
503.319	29.15	4.53	132.13	11.22	9.00	100.97	76.4	4	30.5	1
503.423	29.82	4.44	132.27	11.19	9.14	102.32	77.4	4	32.0	1
503.568	29.95	4.41	132.18	11.19	9.16	102.43	77.5	4	30.0	1
503.629	30.35	4.36	132.22	11.15	9.06	100.97	76.4	4	30.5	1
503.733	30.62	4.31	132.12	11.15	9.04	100.83	76.3	4	31.0	1
503.878	29.71	4.48	133.26	11.15	9.19	102.46	76.9	4	31.5	1
503.939	29.61	4.49	132.95	11.18	9.09	101.68	76.5	4	30.0	1
504.043	29.26	4.49	131.33	11.15	8.95	99.78	76.0	4	32.0	1
504.188	29.89	4.43	132.34	11.21	9.08	101.72	76.9	4	30.5	1
504.249	29.87	4.44	132.75	11.25	8.99	101.10	76.2	4	31.5	1
504.353	29.31	4.51	132.30	11.29	9.00	101.61	76.8	4	31.5	1
504.498	29.16	4.53	131.96	11.19	9.12	102.09	77.4	4	31.5	1
504.559	29.17	4.53	132.28	11.24	9.16	102.87	77.8	4	30.5	1
504.663	30.01	4.42	132.78	11.24	9.12	102.57	77.2	4	30.0	1
504.808	30.26	4.38	132.51	11.23	9.17	102.98	77.7	4	29.5	1
504.869	30.48	4.32	131.71	11.24	9.14	102.67	78.0	4	31.5	1
504.973	30.57	4.30	131.43	11.20	8.96	100.33	76.3	4	29.5	1
505.118	28.84	4.57	131.65	11.19	9.04	101.12	76.8	4	32.5	1
505.179	28.29	4.62	130.70	11.15	8.97	100.06	76.6	4	31.5	1
505.283	29.62	4.45	131.67	11.14	9.04	100.77	76.5	4	29.0	1
505.428	30.74	4.25	130.51	11.13	9.13	101.60	77.8	4	30.5	1
505.489	30.51	4.32	131.74	11.16	9.17	102.32	77.7	4	31.0	1
505.593	29.88	4.42	131.96	11.11	9.27	102.98	78.0	4	31.0	1
505.738	29.08	4.54	132.01	11.21	9.08	101.85	77.2	4	30.5	1
505.799	28.88	4.56	131.66	11.11	9.17	101.91	77.4	4	31.5	1
505.903	29.55	4.49	132.63	11.26	8.93	100.50	75.8	4	31.5	1
506.048	29.24	4.49	131.44	11.12	9.16	101.84	77.5	4	32.0	1
506.109	29.66	4.47	132.48	11.18	9.16	102.37	77.3	4	30.5	1
506.213	29.34	4.54	133.22	11.20	9.06	101.50	76.2	4	31.5	1
506.358	29.57	4.49	132.81	11.26	9.08	102.20	77.0	4	31.0	1
506.419	29.68	4.49	133.27	11.20	9.13	102.31	76.8	4	30.5	1
506.523	29.90	4.43	132.45	11.21	9.04	101.30	76.5	4	30.5	1
506.668	30.17	4.38	132.02	11.22	9.04	101.51	76.9	4	30.0	1
506.729	29.87	4.43	132.45	11.21	9.13	102.31	77.2	4	31.0	1
506.833	29.83	4.44	132.49	11.28	9.01	101.68	76.7	4	31.0	1
506.978	29.91	4.44	132.84	11.24	8.93	100.42	75.6	4	29.5	1
507.039	30.71	4.29	131.73	11.25	8.87	99.77	75.7	4	29.5	1
507.143	30.15	4.38	132.14	11.21	9.12	102.17	77.3	4	32.5	1
507.288	29.02	4.52	131.24	11.14	9.18	102.27	77.9	4	29.0	1
507.349	30.16	4.34	130.76	11.15	9.09	101.27	77.5	4	30.0	1
507.453	29.65	4.44	131.56	11.18	9.03	101.04	76.8	4	31.5	1
507.598	29.94	4.44	132.80	11.20	9.17	102.74	77.4	4	30.0	1
507.659	30.33	4.37	132.39	11.20	9.12	102.14	77.2	4	30.5	1
507.763	29.59	4.49	132.71	11.32	8.87	100.36	75.6	4	32.0	1
507.908	29.80	4.46	132.85	11.33	9.01	102.04	76.8	4	31.5	1
507.969	29.87	4.46	133.19	11.34	9.14	103.61	77.8	4	31.0	1
508.073	29.69	4.47	132.73	11.37	9.05	102.84	77.5	4	30.5	1
508.218	29.99	4.45	133.54	11.32	9.08	102.87	77.0	4	31.5	1
508.279	29.68	4.49	133.40	11.39	9.00	102.52	76.9	4	31.0	1
508.383	30.35	4.36	132.47	11.30	9.09	102.73	77.6	4	30.0	1
508.528	29.20	4.54	132.62	11.34	9.07	102.88	77.6	4	32.0	1
508.589	29.26	4.53	132.39	11.32	9.04	102.33	77.3	4	30.5	1
508.693	29.90	4.44	132.72	11.38	8.92	101.56	76.5	4	30.5	1
508.838	29.70	4.46	132.54	11.36	8.92	101.37	76.5	4	30.0	1
508.899	30.30	4.36	132.06	11.31	9.03	102.11	77.3	4	30.0	1
509.003	30.10	4.40	132.51	11.31	9.06	102.39	77.3	4	32.0	1
509.148	29.35	4.50	132.12	11.33	9.09	102.99	78.0	4	32.0	1
509.209	29.54	4.49	132.67	11.37	8.99	102.28	77.1	4	30.5	1
509.313	30.71	4.28	131.53	11.30	9.01	101.74	77.4	4	30.0	1
509.458	29.52	4.47	131.94	11.33	9.14	103.64	78.5	4	30.5	1
509.519	29.79	4.42	131.77	11.30	9.08	102.60	77.9	4	31.0	1
509.623	30.17	4.39	132.46	11.34	8.92	101.08	76.3	4	30.0	1
509.768	31.18	4.19	130.71	11.29	8.97	101.24	77.5	4	30.5	1
509.829	30.34	4.34	131.54	11.34	9.10	103.22	78.5	4	32.0	1
509.933	29.68	4.43	131.56	11.28	9.17	103.38	78.6	4	30.5	1
510.078	30.90	4.25	131.30	11.25	8.92	100.37	76.4	4	31.0	1
510.139	30.05	4.39	131.96	11.24	8.87	99.68	75.5	4	32.0	1
510.243	28.98	4.54	131.72	11.32	8.94	101.14	76.8	4	32.0	1
510.388	30.03	4.37	131.30	11.27	9.12	102.82	78.3	4	30.5	1
510.449	30.02	4.37	131.28	11.28	9.00	101.52	77.3	4	31.0	1
510.553	28.94	4.54	131.25	11.28	9.06	102.16	77.8	4	31.0	1
510.698	29.96	4.40	131.81	11.31	9.04	102.28	77.6	4	32.0	1
510.759	29.49	4.48	132.04	11.37	8.87	100.87	76.4	4	32.0	1
510.863	29.42	4.50	132.25	11.31	9.10	102.88	77.8	4	30.0	1
511.008	30.68	4.24	130.22	11.32	9.07	102.73	78.9	4	30.5	1
511.069	29.71	4.41	131.11	11.25	9.20	103.56	79.0	4	32.5	1
511.173	28.86	4.54	130.92	11.23	8.99	100.97	77.1	4	32.5	1
511.318	30.12	4.37	131.58	11.20	9.18	102.84	78.2	4	29.0	1
511.379	30.64	4.25	130.29	11.26	9.13	102.75	78.9	4	29.5	1
511.483	29.58	4.44	131.35	11.28	9.12	102.87	78.3	4	32.5	1
511.628	29.68	4.43	131.34	11.20	9.07	101.54	77.3	4	30.0	1
511.689	30.10	4.37	131.68	11.19	9.12	102.00	77.5	4	30.0	1
511.793	30.24	4.36	131.98	11.25	9.11	102.47	77.6	4	31.0	1
511.938	29.41	4.51	132.71	11.24	9.02	101.44	76.4	4	31.0	1
511.999	29.31	4.51	132.26	11.25	9.05	101.83	77.0	4	31.0	1
512.103	30.17	4.39	132.33	11.29	8.98	101.31	76.6	4	30.0	1
512.248	30.78	4.26	130.97	11.23	8.91	100.14	76.5	4	29.5	1
512.309	30.87	4.23	130.67	11.28	8.95	100.99	77.3	4	30.5	1
512.413	29.81	4.40	131.29	11.16	9.08	101.32	77.2	4	33.0	1
512.558	30.29	4.36	132.14	11.20	9.04	101.28	76.6	4	29.0	1
512.619	30.59	4.31	131.90	11.17	9.01	100.65	76.3	4	30.0	1
512.723	30.34	4.36	132.17	11.21	9.12	102.18	77.3	4	31.5	1
512.868	30.61	4.30	131.77	11.18	9.05	101.15	76.8	4	31.0	1
512.929	30.38	4.34	131.89	11.19	9.04	101.08	76.6	4	30.5	1
513.033	30.83	4.26	131.41	11.26	8.89	100.08	76.2	4	30.5	1
513.178	28.54	4.58	130.62	11.20	8.95	100.28	76.8	4	31.5	1
513.239	29.62	4.45	131.93	11.25	9.01	101.35	76.8	4	29.5	1
513.343	29.94	4.41	132.16	11.28	9.08	102.40	77.5	4	31.5	1
513.488	29.68	4.44	131.93	11.22	9.16	102.79	77.9	4	32.5	1
513.549	28.76	4.56	131.30	11.11	9.07	100.82	76.8	4	32.0	1
513.653	29.83	4.45	132.65	11.14	9.12	101.62	76.6	4	29.5	1
513.798	30.25	4.36	131.84	11.17	9.10	101.65	77.1	4	30.0	1
513.859	29.94	4.40	131.62	11.19	9.06	101.40	77.0	4	31.5	1
513.963	28.96	4.56	132.11	11.20	8.97	100.41	76.0	4	30.5	1
514.108	30.07	4.38	131.59	11.20	9.16	102.68	78.0	4	31.0	1
514.169	29.39	4.48	131.60	11.20	9.06	101.47	77.1	4	32.5	1
514.273	29.08	4.51	131.04	11.19	9.14	102.31	78.1	4	29.5	1
514.418	30.55	4.28	130.83	11.06	9.26	102.46	78.3	4	30.5	1
514.479	29.83	4.40	131.21	11.19	9.07	101.49	77.3	4	31.5	1
514.583	28.71	4.54	130.43	11.17	8.98	100.35	76.9	4	31.5	1
514.728	30.00	4.39	131.83	11.22	8.95	100.41	76.2	4	29.0	1
514.789	30.60	4.30	131.60	11.21	9.04	101.32	77.0	4	30.0	1
514.893	29.95	4.40	131.93	11.17	9.14	102.06	77.4	4	32.0	1
515.038	29.83	4.43	132.03	11.20	9.03	101.08	76.6	4	31.0	1
515.099	29.40	4.49	132.00	11.19	9.17	102.61	77.7	4	32.5	1
515.203	29.62	4.46	132.14	11.13	9.21	102.49	77.6	4	29.5	1
515.348	30.40	4.34	132.02	11.24	8.98	100.92	76.4	4	31.0	1
515.409	29.55	4.47	132.21	11.19	9.11	101.86	77.0	4	32.0	1
515.513	29.70	4.45	132.28	11.18	9.11	101.83	77.0	4	30.0	1
515.658	29.15	4.54	132.33	11.12	9.18	102.12	77.2	4	32.0	1
515.719	29.21	4.54	132.73	11.16	9.01	100.58	75.8	4	30.5	1
515.823	30.51	4.31	131.62	11.16	8.93	99.65	75.7	4	29.5	1
515.968	30.08	4.42	132.82	11.16	9.14	101.94	76.7	4	30.0	1
516.029	30.54	4.33	132.11	11.22	8.94	100.23	75.9	4	29.5	1
516.133	29.83	4.44	132.43	11.25	9.00	101.20	76.4	4	32.5	1
516.278	29.58	4.43	131.13	11.15	9.16	102.13	77.9	4	30.5	1
516.339	30.36	4.33	131.37	11.23	8.90	99.94	76.1	4	30.5	1
516.443	29.64	4.46	132.20	11.19	9.04	101.13	76.5	4	30.5	1
516.588	29.96	4.43	132.78	11.17	9.04	101.05	76.1	4	32.0	1
516.649	29.54	4.48	132.34	11.22	9.17	102.88	77.7	4	30.0	1
516.753	30.77	4.27	131.27	11.15	9.11	101.55	77.4	4	30.0	1
516.898	29.35	4.48	131.45	11.17	9.10	101.61	77.3	4	31.0	1
516.959	29.56	4.45	131.58	11.16	9.02	100.62	76.5	4	30.5	1
517.063	29.79	4.41	131.51	11.16	9.22	102.86	78.2	4	32.0	1
517.208	29.51	4.43	130.63	11.17	9.05	101.04	77.4	4	29.5	1
517.269	30.39	4.28	130.06	11.11	9.12	101.39	78.0	4	29.5	1
517.373	29.23	4.49	131.13	11.11	9.14	101.48	77.4	4	32.5	1
517.518	29.72	4.43	131.58	11.08	9.26	102.55	77.9	4	32.5	1
517.579	28.64	4.55	130.36	11.05	9.11	100.67	77.2	4	31.5	1
517.683	29.97	4.38	131.33	11.08	9.15	101.37	77.2	4	29.5	1
517.828	30.14	4.38	132.02	11.07	9.23	102.12	77.4	4	32.0	1
517.889	29.56	4.46	131.73	11.06	9.23	102.04	77.5	4	30.5	1
517.993	29.36	4.50	132.21	11.09	9.15	101.54	76.8	4	31.0	1
518.138	29.52	4.46	131.73	11.18	9.16	102.41	77.7	4	31.0	1
518.199	28.89	4.55	131.51	11.13	9.04	100.59	76.5	4	32.0	1
518.303	29.83	4.44	132.40	11.11	9.25	102.77	77.6	4	30.0	1
518.448	29.47	4.48	132.14	11.14	9.24	102.95	77.9	4	32.5	1
518.509	28.42	4.59	130.52	11.14	9.13	101.75	78.0	4	32.0	1
518.613	29.62	4.43	131.35	11.05	9.20	101.72	77.4	4	30.5	1
518.758	29.82	4.44	132.42	11.12	9.25	102.80	77.6	4	30.0	1
518.819	30.21	4.38	132.32	11.17	9.11	101.73	76.9	4	31.5	1
518.923	28.94	4.54	131.40	11.02	9.28	102.34	77.9	4	30.5	1
519.068	29.87	4.41	131.66	11.12	9.25	102.89	78.1	4	30.0	1
519.129	30.46	4.33	131.79	11.16	9.11	101.70	77.2	4	29.5	1
519.233	30.14	4.38	132.07	11.08	9.18	101.71	77.0	4	31.0	1
519.378	30.29	4.35	131.75	11.11	9.20	102.21	77.6	4	29.5	1
519.439	30.82	4.28	131.79	11.17	9.09	101.49	77.0	4	31.0	1
519.543	29.47	4.47	131.65	11.07	9.33	103.32	78.5	4	30.5	1
519.688	30.62	4.30	131.51	11.11	9.18	102.02	77.6	4	29.5	1
519.749	30.51	4.32	131.73	11.10	9.15	101.59	77.1	4	31.5	1
519.853	29.93	4.39	131.36	11.08	9.23	102.23	77.8	4	31.0	1
519.998	29.31	4.50	131.94	11.09	9.14	101.30	76.8	4	29.5	1
520.059	29.94	4.41	131.91	11.10	9.19	101.97	77.3	4	30.5	1
520.163	30.32	4.35	131.94	11.12	9.09	101.09	76.6	4	30.0	1
520.308	29.39	4.49	132.01	11.09	9.23	102.38	77.6	4	31.0	1
520.369	29.92	4.41	131.90	11.15	9.09	101.39	76.9	4	30.5	1
520.473	29.18	4.52	131.78	11.10	9.20	102.09	77.5	4	31.0	1
520.618	29.50	4.50	132.60	11.13	9.26	103.11	77.8	4	31.5	1
520.679	29.63	4.46	132.11	11.15	9.19	102.45	77.5	4	29.5	1
520.783	29.42	4.49	132.19	11.12	9.24	102.73	77.7	4	31.0	1
520.928	29.98	4.42	132.43	11.18	9.09	101.66	76.8	4	31.0	1
520.989	30.10	4.42	133.08	11.17	9.16	102.30	76.9	4	31.0	1
521.093	30.35	4.38	132.89	11.20	8.94	100.05	75.3	4	30.0	1
521.238	30.41	4.35	132.40	11.17	9.08	101.44	76.6	4	30.0	1
521.299	29.96	4.43	132.62	11.18	8.99	100.50	75.8	4	31.5	1
521.403	30.24	4.36	131.72	11.21	8.95	100.27	76.1	4	30.5	1
521.548	30.20	4.39	132.64	11.14	9.19	102.37	77.2	4	30.0	1
521.609	30.68	4.31	132.14	11.21	9.00	100.98	76.4	4	29.5	1
521.713	29.89	4.41	131.79	11.15	9.22	102.77	78.0	4	32.5	1
521.858	28.97	4.53	131.19	11.12	9.05	100.64	76.7	4	29.0	1
521.919	30.32	4.30	130.46	11.06	9.00	99.55	76.3	4	28.5	1
522.023	30.19	4.34	130.90	11.10	8.96	99.44	76.0	4	31.5	1
522.168	29.40	4.48	131.85	11.10	9.20	102.16	77.5	4	31.0	1
522.229	30.10	4.41	132.72	11.15	9.03	100.73	75.9	4	29.5	1
522.333	30.69	4.29	131.79	11.22	8.96	100.53	76.3	4	29.5	1
522.478	29.43	4.50	132.30	11.17	9.02	100.70	76.1	4	32.0	1
522.539	28.94	4.57	132.23	11.23	8.92	100.20	75.8	4	31.5	1
522.643	30.26	4.36	131.84	11.21	8.94	100.17	76.0	4	30.0	1
522.788	29.26	4.49	131.34	11.24	8.97	100.88	76.8	4	32.5	1
522.849	28.82	4.56	131.30	11.20	9.10	101.96	77.7	4	31.0	1
522.953	30.24	4.37	132.13	11.23	8.85	99.36	75.2	4	30.0	1
523.098	29.80	4.45	132.65	11.25	9.12	102.52	77.3	4	30.0	1
523.159	30.10	4.39	132.12	11.23	9.09	102.09	77.3	4	31.0	1
523.263	29.16	4.53	132.17	11.26	9.05	101.87	77.1	4	30.5	1
523.408	30.31	4.36	132.20	11.18	9.17	102.50	77.5	4	31.0	1
523.469	30.14	4.40	132.54	11.23	9.28	104.25	78.7	4	31.0	1
523.573	30.74	4.30	132.12	11.21	9.01	101.02	76.5	4	29.5	1
523.718	30.21	4.36	131.65	11.33	8.95	101.41	77.0	4	31.0	1
523.779	29.35	4.48	131.46	11.28	8.92	100.62	76.5	4	32.5	1
523.883	29.98	4.40	131.96	11.20	9.16	102.57	77.7	4	29.5	1
524.028	30.69	4.27	131.00	11.24	8.89	99.94	76.3	4	30.0	1
524.089	30.26	4.34	131.47	11.21	9.02	101.08	76.9	4	31.5	1
524.193	29.16	4.52	131.68	11.24	8.97	100.84	76.6	4	31.5	1
524.338	29.85	4.43	132.17	11.25	8.97	100.91	76.4	4	31.0	1
524.399	29.90	4.41	131.80	11.32	9.01	102.02	77.4	4	32.0	1
524.503	29.83	4.41	131.61	11.18	9.23	103.20	78.4	4	30.5	1
524.648	31.11	4.17	129.89	11.22	8.98	100.74	77.6	4	30.5	1
524.709	30.14	4.35	131.21	11.22	9.01	101.11	77.1	4	30.5	1
524.813	30.46	4.34	132.13	11.19	9.14	102.23	77.4	4	30.5	1
524.958	29.79	4.43	131.92	11.23	9.05	101.67	77.1	4	30.0	1
525.019	30.34	4.36	132.18	11.24	8.95	100.61	76.1	4	29.5	1
525.123	30.20	4.38	132.42	11.28	9.02	101.79	76.9	4	31.5	1
525.268	28.72	4.60	132.20	11.20	8.98	100.56	76.1	4	31.0	1
525.329	29.56	4.47	132.26	11.25	9.05	101.78	77.0	4	31.0	1
525.433	30.16	4.37	131.87	11.22	9.13	102.43	77.7	4	30.0	1
525.578	29.24	4.51	131.97	11.20	9.07	101.59	77.0	4	32.0	1
525.639	29.05	4.54	131.93	11.15	9.20	102.53	77.7	4	31.0	1
525.743	29.00	4.55	131.99	11.18	9.07	101.43	76.8	4	30.5	1
525.888	29.50	4.47	132.00	11.19	9.14	102.33	77.5	4	31.0	1
525.949	29.52	4.46	131.81	11.19	9.09	101.75	77.2	4	31.5	1
526.053	29.59	4.44	131.48	11.15	9.06	100.99	76.8	4	30.0	1
526.198	30.41	4.33	131.73	11.20	9.04	101.32	76.9	4	30.5	1
526.259	30.66	4.31	132.20	11.20	9.03	101.10	76.5	4	30.5	1
526.363	30.82	4.27	131.71	11.26	9.01	101.43	77.0	4	30.0	1
526.508	29.47	4.49	132.37	11.20	9.09	101.88	77.0	4	32.0	1
526.569	28.88	4.57	132.06	11.21	8.95	100.40	76.0	4	32.0	1
526.673	29.21	4.53	132.43	11.13	9.22	102.63	77.5	4	31.0	1
526.818	29.24	4.49	131.43	11.14	9.10	101.41	77.2	4	32.0	1
526.879	28.84	4.55	131.28	11.17	9.12	101.88	77.6	4	31.0	1
526.983	30.01	4.37	131.07	11.18	9.04	101.08	77.1	4	30.0	1
527.128	30.38	4.28	130.09	11.09	9.10	100.93	77.6	4	30.0	1
527.189	30.48	4.31	131.21	11.15	9.17	102.17	77.9	4	31.0	1
527.293	29.15	4.50	131.29	11.13	9.09	101.13	77.0	4	31.0	1
527.438	30.60	4.33	132.65	11.09	9.10	100.93	76.1	4	30.0	1
527.499	30.99	4.23	131.17	11.15	9.13	101.79	77.6	4	30.0	1
527.603	29.68	4.43	131.45	11.15	9.05	100.81	76.7	4	31.0	1
527.748	29.64	4.47	132.42	11.12	9.16	101.92	77.0	4	30.0	1
527.809	30.28	4.35	131.85	11.17	9.24	103.26	78.3	4	30.5	1
527.913	30.48	4.32	131.78	11.19	9.00	100.70	76.4	4	30.5	1
528.058	30.72	4.30	131.96	11.07	9.09	100.61	76.2	4	30.0	1
528.119	30.62	4.30	131.80	11.15	9.19	102.48	77.8	4	30.5	1
528.223	30.24	4.38	132.37	11.19	9.04	101.13	76.4	4	30.0	1
528.368	29.88	4.40	131.58	11.05	9.30	102.79	78.1	4	31.0	1
528.429	30.35	4.34	131.60	11.18	8.96	100.21	76.1	4	30.0	1
528.533	30.24	4.36	131.81	11.17	9.13	101.95	77.3	4	32.5	1
528.678	29.14	4.51	131.51	11.10	9.18	101.85	77.5	4	31.0	1
528.739	29.88	4.42	132.18	11.11	9.01	100.12	75.7	4	29.5	1
528.843	30.12	4.38	131.82	11.11	9.15	101.62	77.1	4	31.5	1
528.988	30.48	4.30	131.05	11.15	8.92	99.51	75.9	4	29.5	1
529.049	30.85	4.23	130.52	11.05	9.20	101.61	77.9	4	30.5	1
529.153	29.15	4.51	131.58	11.10	8.92	98.96	75.2	4	32.5	1
529.298	29.71	4.44	131.85	11.15	9.11	101.65	77.1	4	31.5	1
529.359	29.69	4.47	132.65	11.21	9.07	101.59	76.6	4	30.0	1
529.463	29.63	4.44	131.67	11.18	9.10	101.76	77.3	4	31.0	1
529.608	30.10	4.40	132.31	11.17	9.11	101.76	76.9	4	30.0	1
529.669	29.67	4.45	132.11	11.16	9.20	102.69	77.7	4	31.5	1
529.773	29.45	4.48	132.02	11.19	9.15	102.40	77.6	4	31.5	1
529.918	29.14	4.51	131.34	11.23	9.10	102.20	77.8	4	31.5	1
529.979	29.03	4.54	131.69	11.29	9.05	102.09	77.5	4	31.0	1
530.083	30.36	4.36	132.32	11.26	9.03	101.69	76.8	4	29.5	1
530.228	30.49	4.32	131.77	11.22	9.02	101.16	76.8	4	31.5	1
530.289	30.05	4.38	131.62	11.23	9.07	101.94	77.5	4	31.0	1
530.393	29.98	4.39	131.46	11.17	9.13	102.01	77.6	4	30.0	1
530.538	30.29	4.34	131.60	11.24	8.95	100.62	76.5	4	30.0	1
530.599	30.47	4.28	130.51	11.19	9.03	100.97	77.4	4	30.0	1
530.703	29.59	4.44	131.40	11.14	9.12	101.60	77.3	4	32.0	1
530.848	29.36	4.49	131.76	11.19	8.99	100.63	76.4	4	31.5	1
530.909	29.14	4.53	131.96	11.14	9.02	100.51	76.2	4	30.0	1
531.013	30.05	4.38	131.72	11.21	9.12	102.21	77.6	4	31.0	1
531.158	30.09	4.42	132.94	11.20	8.99	100.77	75.8	4	31.0	1
531.219	30.62	4.31	132.09	11.21	9.04	101.34	76.7	4	30.0	1
531.323	30.22	4.38	132.44	11.22	9.04	101.43	76.6	4	30.5	1
531.468	29.40	4.51	132.51	11.24	9.15	102.77	77.6	4	32.0	1
531.529	29.39	4.51	132.62	11.21	9.14	102.42	77.2	4	31.5	1
531.633	30.10	4.42	132.89	11.18	9.03	100.96	76.0	4	28.5	1
531.778	29.97	4.43	132.64	11.18	9.09	101.65	76.6	4	32.5	1
531.839	29.34	4.50	132.07	11.18	8.94	99.89	75.6	4	30.0	1
531.943	29.54	4.49	132.52	11.20	9.01	100.91	76.1	4	31.0	1
532.088	30.29	4.40	133.37	11.11	9.28	103.11	77.3	4	30.0	1
532.149	30.78	4.31	132.60	11.16	9.17	102.38	77.2	4	30.5	1
532.253	30.65	4.29	131.45	11.16	9.14	101.96	77.6	4	30.0	1
532.398	29.49	4.46	131.49	11.16	9.04	100.86	76.7	4	32.0	1
532.459	28.59	4.56	130.50	11.13	8.95	99.57	76.3	4	32.5	1
532.563	29.07	4.51	131.17	11.11	9.11	101.16	77.1	4	30.0	1
532.708	28.99	4.52	131.16	11.15	9.00	100.29	76.5	4	29.5	1
532.769	29.90	4.39	131.36	11.19	8.99	100.59	76.6	4	30.0	1
532.873	30.34	4.36	132.29	11.14	9.11	101.47	76.7	4	29.5	1
533.018	29.18	4.51	131.59	11.15	9.05	100.85	76.6	4	31.5	1
533.079	29.43	4.48	131.94	11.18	9.04	101.04	76.6	4	30.5	1
533.183	30.12	4.36	131.44	11.16	9.12	101.75	77.4	4	29.5	1
533.328	31.25	4.21	131.45	11.09	9.09	100.81	76.7	4	30.5	1
533.389	30.71	4.27	131.09	11.14	9.05	100.81	76.9	4	31.0	1
533.493	29.06	4.51	131.00	11.09	9.05	100.37	76.6	4	31.0	1
533.638	29.80	4.44	132.23	11.07	9.10	100.78	76.2	4	29.0	1
533.699	30.59	4.30	131.60	11.09	9.23	102.34	77.8	4	30.0	1
533.803	30.42	4.35	132.28	11.09	9.19	101.88	77.0	4	30.0	1
533.948	29.57	4.44	131.41	11.07	9.21	101.94	77.6	4	31.5	1
534.009	29.24	4.48	131.05	11.18	9.02	100.79	76.9	4	30.5	1
534.113	29.69	4.45	132.02	11.16	9.17	102.35	77.5	4	29.5	1
534.258	29.71	4.42	131.23	11.06	9.21	101.83	77.6	4	31.0	1
534.319	28.93	4.54	131.32	11.19	8.90	99.63	75.9	4	33.0	1
534.423	29.51	4.43	130.79	11.13	8.98	99.94	76.4	4	30.0	1
534.568	30.54	4.27	130.48	11.07	9.19	101.76	78.0	4	30.0	1
534.629	30.26	4.34	131.32	11.06	9.06	100.12	76.2	4	32.0	1
534.733	28.55	4.58	130.69	11.03	9.10	100.42	76.8	4	32.5	1
534.878	30.01	4.39	131.84	11.03	9.06	99.97	75.8	4	29.0	1
534.939	30.61	4.29	131.26	11.01	9.13	100.61	76.6	4	29.5	1
535.043	29.95	4.39	131.34	10.98	9.26	101.66	77.4	4	32.0	1
535.188	28.86	4.55	131.22	11.04	9.08	100.28	76.4	4	29.5	1
535.249	29.92	4.36	130.35	11.05	8.99	99.38	76.2	4	29.5	1
535.353	30.50	4.26	129.77	11.04	9.13	100.83	77.7	4	29.5	1
535.498	29.65	4.43	131.33	11.05	9.12	100.74	76.7	4	30.5	1
535.559	30.33	4.34	131.70	11.02	9.20	101.34	77.0	4	29.5	1
535.663	29.64	4.44	131.64	11.01	9.16	100.88	76.6	4	31.0	1
535.808	29.68	4.44	131.92	11.15	9.14	101.85	77.2	4	32.0	1
535.869	29.02	4.53	131.54	11.13	9.12	101.47	77.1	4	30.5	1
535.973	30.36	4.31	130.84	11.08	9.15	101.42	77.5	4	29.5	1
536.118	29.25	4.49	131.35	11.13	9.01	100.26	76.3	4	33.0	1
536.179	28.95	4.53	131.16	11.13	9.09	101.20	77.2	4	30.0	1
536.283	30.51	4.26	130.07	11.06	9.13	100.99	77.6	4	29.0	1
536.428	30.25	4.34	131.28	11.12	9.07	100.82	76.8	4	33.0	1
536.489	28.77	4.52	129.99	11.07	9.01	99.65	76.7	4	32.5	1
536.593	28.79	4.54	130.75	11.05	9.13	100.88	77.2	4	29.5	1
536.738	30.68	4.24	130.13	11.12	9.08	100.91	77.6	4	30.0	1
536.799	30.19	4.36	131.53	11.13	9.15	101.83	77.4	4	32.0	1
536.903	28.74	4.55	130.79	11.06	9.09	100.52	76.9	4	32.0	1
537.048	30.19	4.37	132.03	11.17	9.18	102.57	77.7	4	30.0	1
537.109	30.05	4.37	131.27	11.19	9.14	102.24	77.9	4	31.0	1
537.213	29.48	4.46	131.51	11.20	8.91	99.82	75.9	4	31.0	1
537.358	30.01	4.37	131.31	11.19	9.05	101.22	77.1	4	31.0	1
537.419	29.44	4.48	132.02	11.15	9.17	102.29	77.5	4	30.5	1
537.523	30.08	4.39	132.02	11.13	9.27	103.25	78.2	4	30.0	1
537.668	30.61	4.31	131.86	11.15	9.25	103.22	78.3	4	30.0	1
537.729	30.03	4.40	132.00	11.16	9.25	103.18	78.2	4	32.0	1
537.833	30.40	4.34	131.88	11.08	9.29	102.93	78.1	4	30.5	1
537.978	29.97	4.42	132.42	11.16	9.12	101.73	76.8	4	31.0	1
538.039	29.79	4.45	132.54	11.13	9.13	101.60	76.7	4	30.5	1
538.143	29.87	4.42	131.99	11.18	8.98	100.38	76.0	4	30.5	1
538.288	29.57	4.47	132.20	11.16	9.10	101.56	76.8	4	31.5	1
538.349	29.92	4.41	132.08	11.22	9.01	101.06	76.5	4	30.0	1
538.453	30.28	4.33	131.11	11.17	9.22	103.01	78.6	4	31.0	1
538.598	29.40	4.51	132.49	11.15	9.07	101.14	76.3	4	30.5	1
538.659	30.22	4.40	132.92	11.20	9.04	101.29	76.2	4	29.5	1
538.763	30.15	4.40	132.73	11.19	9.13	102.23	77.0	4	30.5	1
538.908	30.17	4.38	132.09	11.27	8.91	100.42	76.0	4	31.0	1
538.969	29.77	4.44	132.04	11.18	9.08	101.60	76.9	4	30.5	1
539.073	29.08	4.55	132.33	11.11	9.17	101.92	77.0	4	31.0	1
539.218	30.53	4.33	132.08	11.16	9.07	101.16	76.6	4	30.0	1
539.279	30.72	4.30	132.19	11.07	9.13	101.10	76.5	4	29.5	1
539.383	30.75	4.28	131.71	11.09	9.07	100.61	76.4	4	31.0	1
539.528	30.09	4.39	132.13	11.09	9.24	102.46	77.5	4	30.0	1
539.589	30.43	4.35	132.29	11.16	9.07	101.30	76.6	4	29.5	1
539.693	30.71	4.29	131.73	11.10	9.11	101.12	76.8	4	31.0	1
539.838	28.53	4.60	131.14	11.08	9.15	101.34	77.3	4	31.0	1
539.899	29.33	4.48	131.29	11.13	9.13	101.63	77.4	4	30.0	1
540.003	29.37	4.48	131.63	11.04	9.31	102.76	78.1	4	30.5	1
540.148	30.43	4.36	132.64	11.08	9.26	102.55	77.3	4	29.5	1
540.209	30.56	4.33	132.27	11.11	9.15	101.64	76.8	4	31.0	1
540.313	30.50	4.32	131.69	11.08	9.12	101.15	76.8	4	30.5	1
540.458	29.22	4.51	131.91	11.10	9.20	102.10	77.4	4	31.5	1
540.519	29.68	4.47	132.73	11.16	9.09	101.50	76.5	4	30.0	1
540.623	29.36	4.50	132.22	11.10	9.10	100.99	76.4	4	31.0	1
540.768	29.75	4.44	132.09	11.13	9.16	101.99	77.2	4	31.0	1
540.829	29.94	4.41	132.04	11.10	9.27	102.93	78.0	4	31.5	1
540.933	30.04	4.37	131.36	11.20	9.08	101.73	77.4	4	31.0	1
541.078	29.81	4.43	132.01	11.16	9.18	102.39	77.6	4	30.5	1
541.139	29.85	4.42	131.82	11.16	9.01	100.55	76.3	4	30.0	1
541.243	30.95	4.24	131.18	11.20	8.90	99.69	76.0	4	30.0	1
541.388	29.21	4.52	132.13	11.10	9.03	100.27	75.9	4	31.5	1
541.449	29.30	4.53	132.58	11.15	9.03	100.66	75.9	4	29.5	1
541.553	29.98	4.42	132.56	11.16	9.23	102.99	77.7	4	31.0	1
541.698	29.20	4.55	132.89	11.10	9.25	102.65	77.2	4	31.0	1
541.759	29.96	4.45	133.36	11.18	9.00	100.65	75.5	4	30.5	1
541.863	29.65	4.48	132.90	11.21	9.07	101.62	76.5	4	30.5	1
542.008	30.32	4.37	132.52	11.12	9.13	101.54	76.6	4	30.5	1
542.069	29.94	4.42	132.33	11.10	9.33	103.65	78.3	4	32.5	1
542.173	28.93	4.55	131.50	11.13	9.09	101.23	77.0	4	30.0	1
542.318	30.13	4.40	132.53	11.01	9.39	103.34	78.0	4	30.5	1
542.379	29.96	4.43	132.75	11.12	9.11	101.25	76.3	4	32.0	1
542.483	30.01	4.42	132.63	11.11	9.25	102.78	77.5	4	30.5	1
542.628	29.38	4.48	131.76	11.07	9.23	102.25	77.6	4	31.0	1
542.689	30.04	4.40	132.04	11.15	9.03	100.68	76.2	4	28.5	1
542.793	30.56	4.33	132.16	11.16	9.18	102.44	77.5	4	32.0	1
542.938	29.32	4.47	131.16	11.10	9.25	102.62	78.2	4	29.5	1
542.999	30.34	4.33	131.44	11.16	8.96	100.03	76.1	4	29.0	1
543.103	30.45	4.33	131.99	11.13	9.16	101.99	77.3	4	32.0	1
543.248	30.20	4.39	132.62	11.10	9.30	103.15	77.8	4	31.0	1
543.309	30.15	4.38	131.96	11.17	9.15	102.14	77.4	4	30.5	1
543.413	30.49	4.33	131.99	11.20	9.07	101.63	77.0	4	30.5	1
543.558	29.24	4.52	132.02	11.17	9.15	102.12	77.4	4	30.0	1
543.619	29.86	4.41	131.73	11.22	9.04	101.45	77.0	4	30.0	1
543.723	30.29	4.35	131.71	11.16	9.20	102.64	77.9	4	30.0	1
543.868	29.59	4.48	132.67	11.20	9.29	104.06	78.4	4	32.0	1
543.929	29.31	4.50	131.97	11.16	9.27	103.47	78.4	4	30.5	1
544.033	30.37	4.34	131.95	11.21	9.00	100.84	76.4	4	30.0	1
544.178	29.22	4.50	131.59	11.19	9.12	102.13	77.6	4	31.5	1
544.239	28.87	4.58	132.23	11.17	9.02	100.69	76.2	4	30.5	1
544.343	29.65	4.45	132.09	11.18	9.13	102.06	77.3	4	31.5	1
544.488	28.89	4.57	132.04	11.11	9.16	101.73	77.0	4	30.0	1
544.549	29.89	4.43	132.32	11.13	9.09	101.23	76.5	4	29.5	1
544.653	29.66	4.45	131.96	11.09	9.14	101.38	76.8	4	31.5	1
544.798	29.23	4.53	132.55	11.12	9.11	101.39	76.5	4	30.0	1
544.859	30.12	4.40	132.57	11.15	9.04	100.74	76.0	4	30.0	1
544.963	30.12	4.38	131.85	11.20	9.02	101.00	76.6	4	30.5	1
545.108	29.16	4.52	131.86	11.13	9.02	100.35	76.1	4	32.0	1
545.169	29.02	4.55	131.98	11.19	8.96	100.23	75.9	4	30.5	1
545.273	29.42	4.49	132.06	11.17	9.06	101.23	76.7	4	31.5	1
545.418	29.92	4.45	133.18	11.19	9.21	103.09	77.4	4	32.0	1
545.479	29.32	4.54	132.98	11.15	9.07	101.20	76.1	4	31.5	1
545.583	29.67	4.47	132.76	11.15	9.10	101.54	76.5	4	31.5	1
545.728	30.13	4.40	132.62	11.23	8.99	100.93	76.1	4	30.5	1
545.789	29.56	4.48	132.43	11.18	9.09	101.58	76.7	4	31.5	1
545.893	30.06	4.40	132.11	11.17	9.26	103.40	78.3	4	30.5	1
546.038	28.82	4.58	131.89	11.15	9.09	101.42	76.9	4	31.5	1
546.099	29.61	4.46	132.05	11.21	9.09	101.91	77.2	4	30.0	1
546.203	30.40	4.34	131.97	11.15	9.24	102.98	78.0	4	29.5	1
546.348	30.32	4.38	132.87	11.28	9.04	101.96	76.7	4	32.0	1
546.409	29.60	4.49	132.83	11.20	9.12	102.14	76.9	4	31.0	1
546.513	29.79	4.45	132.44	11.23	9.19	103.24	77.9	4	31.0	1
546.658	29.12	4.55	132.46	11.16	9.22	102.92	77.7	4	33.0	1
546.719	28.76	4.60	132.21	11.19	9.10	101.82	77.0	4	30.5	1
546.823	29.90	4.45	133.00	11.19	8.96	100.28	75.4	4	29.5	1
546.968	29.51	4.51	133.08	11.20	9.10	101.90	76.6	4	30.5	1
547.029	29.99	4.43	132.74	11.23	9.02	101.33	76.3	4	30.5	1
547.133	29.61	4.48	132.78	11.22	9.27	104.04	78.4	4	31.5	1
547.278	29.78	4.48	133.56	11.25	9.02	101.48	76.0	4	30.0	1
547.339	30.13	4.40	132.60	11.22	9.13	102.42	77.2	4	30.5	1
547.443	29.85	4.45	132.73	11.17	9.30	103.84	78.2	4	30.0	1
547.588	30.52	4.36	132.94	11.25	9.05	101.77	76.6	4	30.5	1
547.649	30.25	4.40	133.12	11.22	9.05	101.52	76.3	4	30.0	1
547.753	30.10	4.41	132.75	11.16	9.22	102.98	77.6	4	30.5	1
547.898	29.89	4.44	132.87	11.22	9.00	101.04	76.0	4	32.0	1
547.959	29.72	4.45	132.19	11.26	8.95	100.82	76.3	4	30.0	1
548.063	29.98	4.41	132.29	11.20	9.24	103.52	78.2	4	32.0	1
548.208	29.24	4.53	132.37	11.20	9.07	101.57	76.7	4	30.0	1
548.269	29.96	4.41	132.19	11.20	9.06	101.42	76.7	4	30.5	1
548.373	30.07	4.39	132.14	11.12	9.25	102.83	77.8	4	29.5	1
548.518	30.65	4.33	132.67	11.22	8.91	99.99	75.4	4	31.0	1
548.579	29.54	4.48	132.34	11.14	9.08	101.17	76.4	4	32.5	1
548.683	30.08	4.40	132.48	11.19	9.08	101.64	76.7	4	29.5	1
548.828	30.17	4.41	133.03	11.19	9.09	101.68	76.4	4	32.0	1
548.889	29.74	4.47	132.85	11.18	9.17	102.50	77.2	4	30.5	1
548.993	29.67	4.46	132.34	11.15	9.27	103.33	78.1	4	31.0	1
549.138	29.91	4.44	132.73	11.20	9.17	102.73	77.4	4	31.5	1
549.199	29.56	4.48	132.48	11.18	9.22	103.14	77.9	4	31.0	1
549.303	30.24	4.39	132.72	11.26	9.01	101.39	76.4	4	29.5	1
549.448	29.39	4.49	131.88	11.15	8.93	99.58	75.5	4	32.5	1
549.509	28.54	4.58	130.82	11.06	9.17	101.41	77.5	4	31.5	1
549.613	29.87	4.41	131.64	11.13	9.07	101.00	76.7	4	30.5	1
549.758	29.07	4.55	132.14	11.12	9.10	101.19	76.6	4	32.0	1
549.819	29.29	4.52	132.28	11.11	9.16	101.79	77.0	4	30.0	1
549.923	30.56	4.27	130.58	11.06	9.07	100.37	76.9	4	30.5	1
550.068	29.95	4.42	132.33	11.13	9.22	102.56	77.5	4	31.0	1
550.129	30.02	4.40	132.15	11.14	9.07	101.03	76.5	4	30.0	1
550.233	29.13	4.53	132.09	11.13	9.04	100.62	76.2	4	33.0	1
550.378	28.93	4.53	130.96	11.16	9.01	100.57	76.8	4	30.0	1
550.439	29.94	4.39	131.30	11.11	9.16	101.82	77.5	4	29.0	1
550.543	29.37	4.47	131.23	11.10	9.14	101.46	77.3	4	32.5	1
550.688	29.67	4.45	131.99	11.15	9.15	102.00	77.3	4	30.0	1
550.749	30.19	4.37	131.90	11.15	9.22	102.79	77.9	4	29.5	1
550.853	30.76	4.26	131.05	11.10	9.16	101.68	77.6	4	29.5	1
550.998	29.38	4.44	130.58	11.09	9.05	100.36	76.9	4	32.0	1
551.059	29.24	4.49	131.28	11.12	8.91	99.05	75.5	4	30.0	1
551.163	30.57	4.28	130.91	11.11	9.12	101.23	77.3	4	30.0	1
551.308	30.11	4.42	133.24	11.16	9.03	100.71	75.6	4	30.0	1
551.369	30.02	4.45	133.63	11.16	9.15	102.13	76.4	4	31.0	1
551.473	29.80	4.47	133.20	11.19	9.12	102.05	76.6	4	31.5	1
551.618	30.08	4.41	132.69	11.17	9.20	102.71	77.4	4	30.5	1
551.679	30.29	4.39	133.05	11.16	9.13	101.92	76.6	4	30.5	1
551.783	29.83	4.45	132.72	11.11	9.22	102.44	77.2	4	31.5	1
551.928	30.13	4.39	132.39	11.14	9.33	103.89	78.5	4	32.0	1
551.989	29.99	4.42	132.57	11.11	9.27	102.95	77.7	4	29.5	1
552.093	30.30	4.39	132.87	11.09	9.22	102.31	77.0	4	31.0	1
552.238	30.05	4.40	132.35	11.16	9.21	102.79	77.7	4	31.5	1
552.299	30.17	4.40	132.62	11.16	9.10	101.61	76.6	4	29.5	1
552.403	30.53	4.32	131.94	11.17	9.05	101.08	76.6	4	29.0	1
552.548	29.90	4.40	131.63	11.16	9.04	100.90	76.7	4	32.5	1
552.609	28.68	4.55	130.59	11.08	8.96	99.24	76.0	4	32.5	1
552.713	29.10	4.52	131.65	11.05	9.09	100.48	76.3	4	29.0	1
552.858	30.77	4.25	130.89	11.08	9.06	100.33	76.7	4	29.5	1
552.919	30.98	4.21	130.48	11.02	9.13	100.57	77.1	4	30.0	1
553.023	29.63	4.42	131.11	11.05	9.08	100.33	76.5	4	32.0	1
553.168	29.61	4.44	131.59	11.07	9.07	100.36	76.3	4	30.0	1
553.229	29.41	4.48	131.65	11.04	9.37	103.39	78.5	4	30.5	1
553.333	29.84	4.40	131.29	11.14	9.14	101.80	77.5	4	30.0	1
553.478	30.62	4.31	132.07	11.09	9.08	100.67	76.2	4	32.0	1
553.539	29.41	4.48	131.70	11.07	9.04	100.08	76.0	4	31.0	1
553.643	29.56	4.47	132.27	11.12	9.17	102.01	77.1	4	31.0	1
553.788	28.78	4.56	131.31	11.08	9.19	101.74	77.5	4	32.5	1
553.849	28.63	4.59	131.49	11.18	9.01	100.73	76.6	4	32.0	1
553.953	29.61	4.44	131.41	11.13	9.19	102.25	77.8	4	29.5	1
554.098	30.28	4.31	130.65	11.07	9.13	101.02	77.3	4	31.5	1
554.159	29.46	4.45	131.13	11.12	9.24	102.73	78.3	4	31.0	1
554.263	30.12	4.37	131.77	11.14	9.04	100.74	76.5	4	30.5	1
554.408	30.00	4.40	132.01	11.17	9.03	100.81	76.4	4	31.0	1
554.469	29.80	4.43	132.03	11.19	9.12	102.04	77.3	4	31.0	1
554.573	30.07	4.40	132.30	11.14	9.19	102.40	77.4	4	29.5	1
554.718	31.12	4.23	131.58	11.16	9.00	100.46	76.4	4	29.5	1
554.779	30.44	4.35	132.31	11.12	9.19	102.20	77.2	4	31.0	1
554.883	29.61	4.48	132.66	11.09	9.25	102.52	77.3	4	30.0	1
555.028	30.59	4.33	132.40	11.17	9.20	102.74	77.6	4	30.0	1
555.089	30.75	4.29	132.05	11.09	9.21	102.13	77.3	4	29.5	1
555.193	30.18	4.38	132.16	11.14	9.08	101.18	76.6	4	32.0	1
555.338	29.01	4.57	132.56	11.10	9.18	101.94	76.9	4	31.5	1
555.399	29.50	4.47	131.92	11.14	9.00	100.32	76.0	4	30.0	1
555.503	29.85	4.43	132.15	11.10	9.18	101.92	77.1	4	30.0	1
555.648	30.41	4.33	131.81	11.09	9.21	102.13	77.5	4	30.0	1
555.709	30.22	4.36	131.66	11.10	9.18	101.90	77.4	4	31.5	1
555.813	29.35	4.48	131.56	11.06	9.15	101.21	76.9	4	31.5	1
555.958	30.54	4.32	132.02	11.14	9.03	100.63	76.2	4	30.0	1
556.019	29.80	4.43	131.90	11.10	9.14	101.42	76.9	4	31.5	1
556.123	29.95	4.42	132.38	11.11	9.15	101.62	76.8	4	31.0	1
556.268	29.84	4.44	132.45	11.11	9.27	103.05	77.8	4	31.5	1
556.329	29.84	4.44	132.44	11.08	9.25	102.51	77.4	4	31.0	1
556.433	29.37	4.48	131.66	11.13	9.26	103.01	78.2	4	30.5	1
556.578	30.02	4.40	131.96	11.05	9.35	103.24	78.2	4	30.5	1
556.639	30.62	4.29	131.50	11.04	9.34	103.09	78.4	4	30.0	1
556.743	30.24	4.35	131.54	11.11	9.25	102.67	78.1	4	30.5	1
556.888	29.35	4.52	132.78	11.08	9.28	102.83	77.4	4	30.0	1
556.949	29.89	4.44	132.59	11.14	9.07	101.08	76.2	4	30.5	1
557.053	29.73	4.45	132.27	11.14	9.21	102.64	77.6	4	31.5	1
557.198	30.62	4.30	131.64	11.14	9.15	101.88	77.4	4	30.0	1
557.259	30.18	4.38	132.07	11.14	9.12	101.50	76.9	4	31.0	1
557.363	30.10	4.37	131.67	11.15	9.04	100.73	76.5	4	30.5	1
557.508	30.21	4.38	132.18	11.10	9.17	101.85	77.1	4	30.0	1
557.569	30.74	4.25	130.59	11.12	8.93	99.33	76.1	4	29.5	1
557.673	30.35	4.34	131.64	11.12	9.08	100.89	76.6	4	32.5	1
557.818	28.22	4.63	130.61	11.01	9.14	100.64	77.1	4	31.0	1
557.879	29.06	4.50	130.89	11.05	9.05	99.94	76.4	4	30.0	1
557.983	30.69	4.28	131.23	11.04	9.03	99.76	76.0	4	29.5	1
558.128	30.17	4.35	131.29	11.04	9.18	101.28	77.1	4	31.0	1
558.189	30.48	4.31	131.49	11.07	9.12	100.98	76.8	4	30.0	1
558.293	29.32	4.48	131.25	11.01	9.19	101.22	77.1	4	32.5	1
558.438	30.09	4.38	131.68	11.10	9.07	100.67	76.5	4	30.0	1
558.499	29.98	4.40	131.81	11.12	9.18	102.07	77.4	4	31.5	1
558.603	29.60	4.47	132.24	11.05	9.28	102.56	77.6	4	31.5	1
558.748	29.91	4.38	130.85	11.08	9.19	101.88	77.9	4	30.0	1
558.809	30.45	4.28	130.45	11.07	9.09	100.64	77.1	4	29.0	1
558.913	30.63	4.27	130.65	11.01	9.21	101.34	77.6	4	31.0	1
559.058	27.88	4.65	129.64	10.98	8.89	97.55	75.2	4	32.0	1
559.119	28.51	4.58	130.64	10.98	9.05	99.33	76.0	4	29.5	1
559.223	30.40	4.27	129.66	10.98	9.11	100.05	77.2	4	29.0	1
559.368	30.70	4.28	131.33	11.02	9.07	99.96	76.1	4	31.0	1
559.429	29.80	4.43	131.89	11.02	9.14	100.71	76.4	4	32.5	1
559.533	30.19	4.36	131.57	11.02	9.16	100.94	76.7	4	29.5	1
559.678	29.85	4.41	131.50	11.03	9.24	101.86	77.5	4	30.5	1
559.739	29.77	4.45	132.56	11.10	9.06	100.55	75.9	4	31.5	1
559.843	30.30	4.37	132.32	11.08	9.22	102.15	77.2	4	30.0	1
559.988	29.89	4.44	132.66	11.11	9.11	101.14	76.2	4	31.5	1
560.049	29.07	4.55	132.32	11.09	9.17	101.70	76.9	4	32.0	1
560.153	29.65	4.46	132.23	11.10	9.21	102.24	77.3	4	30.5	1
560.298	30.49	4.35	132.53	11.17	9.01	100.70	76.0	4	30.0	1
560.359	30.14	4.41	132.94	11.17	9.13	101.97	76.7	4	31.0	1
560.463	29.58	4.50	133.08	11.17	9.06	101.20	76.0	4	31.5	1
560.608	30.04	4.40	132.33	11.16	9.14	101.94	77.0	4	31.0	1
560.669	29.81	4.44	132.29	11.18	9.03	101.01	76.4	4	30.0	1
560.773	29.58	4.48	132.40	11.16	9.18	102.36	77.3	4	30.0	1
560.918	30.04	4.42	132.67	11.14	9.25	103.02	77.7	4	32.0	1
560.979	29.68	4.49	133.27	11.13	9.18	102.15	76.6	4	31.5	1
561.083	29.33	4.53	132.92	11.18	9.11	101.80	76.6	4	30.5	1
561.228	29.83	4.42	131.69	11.23	8.98	100.82	76.6	4	30.5	1
561.289	29.34	4.49	131.70	11.11	9.13	101.42	77.0	4	31.5	1
561.393	29.74	4.45	132.44	11.08	9.20	101.96	77.0	4	30.0	1
561.538	29.68	4.46	132.42	11.11	9.27	102.96	77.8	4	30.0	1
561.599	29.92	4.42	132.31	11.18	9.18	102.64	77.6	4	31.5	1
561.703	29.84	4.43	132.28	11.12	9.36	104.06	78.7	4	30.0	1
561.848	29.48	4.49	132.50	11.11	9.20	102.26	77.2	4	31.0	1
561.909	30.08	4.41	132.50	11.17	9.27	103.57	78.2	4	30.0	1
562.013	29.61	4.46	131.97	11.14	9.20	102.54	77.7	4	31.0	1
562.158	29.67	4.46	132.31	11.25	9.03	101.59	76.8	4	30.5	1
562.219	29.66	4.46	132.32	11.19	9.23	103.33	78.1	4	30.5	1
562.323	29.92	4.43	132.52	11.16	9.21	102.83	77.6	4	29.5	1
562.468	30.25	4.38	132.47	11.17	9.19	102.63	77.5	4	30.0	1
562.529	30.06	4.41	132.53	11.15	9.20	102.56	77.4	4	31.0	1
562.633	30.50	4.33	132.00	11.11	9.26	102.96	78.0	4	31.0	1
562.778	29.94	4.43	132.52	11.20	9.13	102.24	77.2	4	30.0	1
562.839	29.68	4.48	132.99	11.19	9.23	103.30	77.7	4	31.0	1
562.943	30.67	4.33	132.74	11.13	9.17	102.07	76.9	4	29.5	1
563.088	29.80	4.46	132.85	11.22	9.03	101.30	76.2	4	32.0	1
563.149	29.49	4.48	132.24	11.16	9.14	102.01	77.1	4	31.0	1
563.253	30.16	4.38	132.04	11.13	9.10	101.29	76.7	4	29.5	1
563.398	29.67	4.47	132.57	11.14	9.13	101.65	76.7	4	30.0	1
563.459	30.20	4.36	131.59	11.16	9.11	101.72	77.3	4	30.0	1
563.563	30.78	4.31	132.67	11.09	9.24	102.47	77.2	4	30.5	1
563.708	29.75	4.46	132.62	11.14	9.09	101.27	76.4	4	30.0	1
563.769	29.86	4.42	131.94	11.15	9.13	101.79	77.1	4	30.5	1
563.873	30.30	4.35	131.95	11.12	9.16	101.86	77.2	4	31.0	1
564.018	29.03	4.57	132.62	11.15	9.04	100.79	76.0	4	30.5	1
564.079	29.88	4.43	132.44	11.07	9.15	101.37	76.5	4	30.5	1
564.183	29.87	4.44	132.68	11.06	9.20	101.77	76.7	4	30.0	1
564.328	29.19	4.53	132.33	11.11	9.25	102.81	77.7	4	31.0	1
564.389	29.46	4.49	132.25	11.11	9.26	102.90	77.8	4	30.0	1
564.493	30.55	4.34	132.50	11.14	9.09	101.31	76.5	4	30.5	1
564.638	29.44	4.49	132.26	11.15	9.26	103.24	78.1	4	31.5	1
564.699	29.18	4.53	132.11	11.20	9.04	101.21	76.6	4	31.0	1
564.803	29.84	4.44	132.52	11.16	9.18	102.47	77.3	4	31.5	1
564.948	30.30	4.37	132.35	11.14	9.16	102.04	77.1	4	29.5	1
565.009	30.71	4.29	131.72	11.15	9.15	101.97	77.4	4	29.5	1
565.113	29.76	4.40	131.06	11.10	9.12	101.22	77.2	4	32.0	1
565.258	29.48	4.46	131.59	11.12	9.13	101.52	77.1	4	29.5	1
565.319	30.29	4.33	131.12	11.10	9.13	101.40	77.3	4	29.5	1
565.423	30.75	4.27	131.39	11.07	9.18	101.64	77.4	4	31.0	1
565.568	30.20	4.37	131.90	11.14	9.05	100.74	76.4	4	30.0	1
565.629	30.38	4.34	131.69	11.03	9.19	101.36	77.0	4	31.0	1
565.733	29.71	4.45	132.33	11.15	9.01	100.38	75.9	4	29.0	1
565.878	29.64	4.47	132.47	11.11	9.31	103.36	78.0	4	31.0	1
565.939	29.53	4.48	132.40	11.14	9.21	102.60	77.5	4	30.5	1
566.043	29.13	4.53	132.03	11.10	9.25	102.74	77.8	4	31.0	1
566.188	29.72	4.47	132.94	11.23	9.05	101.66	76.5	4	31.5	1
566.249	29.40	4.51	132.63	11.19	9.19	102.84	77.5	4	31.0	1
566.353	29.79	4.46	132.91	11.16	9.25	103.28	77.7	4	30.0	1
566.498	29.99	4.43	132.95	11.19	9.15	102.38	77.0	4	31.5	1
566.559	29.42	4.50	132.44	11.19	9.22	103.17	77.9	4	31.5	1
566.663	30.41	4.34	131.98	11.09	9.25	102.65	77.8	4	29.0	1
566.808	29.94	4.41	132.10	11.20	9.13	102.29	77.4	4	30.5	1
566.869	29.44	4.48	132.01	11.14	9.21	102.61	77.7	4	31.0	1
566.973	30.06	4.40	132.15	11.12	9.25	102.85	77.8	4	29.5	1
567.118	30.44	4.35	132.34	11.13	9.24	102.87	77.7	4	31.0	1
567.179	29.35	4.50	132.00	11.11	9.14	101.55	76.9	4	31.5	1
567.283	29.89	4.43	132.47	11.08	9.23	102.33	77.2	4	30.5	1
567.428	30.04	4.42	132.63	11.17	9.25	103.36	77.9	4	31.5	1
567.489	29.64	4.47	132.41	11.11	9.20	102.24	77.2	4	32.0	1
567.593	29.67	4.45	132.12	11.12	9.10	101.14	76.6	4	31.0	1
567.738	29.20	4.53	132.38	11.15	9.19	102.51	77.4	4	31.5	1
567.799	28.81	4.59	132.11	11.08	9.16	101.48	76.8	4	31.0	1
567.903	29.51	4.48	132.20	11.09	9.17	101.66	76.9	4	31.0	1
568.048	29.67	4.47	132.74	11.17	9.14	102.06	76.9	4	30.5	1
568.109	29.62	4.47	132.30	11.10	9.20	102.19	77.2	4	31.0	1
568.213	29.53	4.48	132.26	11.13	9.15	101.82	77.0	4	30.0	1
568.358	30.69	4.33	132.79	11.19	9.02	100.92	76.0	4	29.0	1
568.419	31.17	4.23	131.90	11.07	9.18	101.64	77.1	4	29.5	1
568.523	29.99	4.40	131.87	11.09	9.13	101.29	76.8	4	31.5	1
568.668	30.21	4.40	132.78	11.05	9.28	102.51	77.2	4	30.0	1
568.729	30.30	4.38	132.61	11.07	9.25	102.39	77.2	4	30.0	1
568.833	29.38	4.50	132.20	11.08	9.15	101.37	76.7	4	31.0	1
568.978	29.55	4.45	131.53	11.11	9.21	102.31	77.8	4	30.0	1
569.039	29.68	4.45	132.14	11.08	9.21	102.03	77.2	4	30.5	1
569.143	30.10	4.38	131.90	11.13	9.17	102.01	77.3	4	30.5	1
569.288	29.77	4.48	133.36	11.19	9.18	102.71	77.0	4	32.0	1
569.349	29.03	4.56	132.35	11.09	9.27	102.87	77.7	4	31.5	1
569.453	29.81	4.43	131.95	11.15	9.01	100.48	76.2	4	29.5	1
569.598	30.41	4.36	132.50	11.17	9.19	102.65	77.5	4	31.0	1
569.659	29.69	4.48	132.88	11.11	9.26	102.82	77.4	4	32.0	1
569.763	30.03	4.41	132.50	11.08	9.13	101.24	76.4	4	31.0	1
569.908	29.26	4.51	131.97	11.16	9.21	102.74	77.9	4	31.5	1
569.969	29.71	4.44	131.88	11.14	9.19	102.44	77.7	4	29.5	1
570.073	30.43	4.34	132.15	11.16	9.15	102.11	77.3	4	31.5	1
570.218	29.57	4.47	132.23	11.15	9.09	101.34	76.6	4	29.5	1
570.279	30.42	4.32	131.47	11.15	9.05	100.94	76.8	4	30.0	1
570.383	29.43	4.47	131.45	11.15	9.00	100.39	76.4	4	32.5	1
570.528	28.88	4.54	130.97	11.07	9.23	102.15	78.0	4	31.0	1
570.589	29.60	4.44	131.30	11.17	8.99	100.40	76.5	4	29.5	1
570.693	29.82	4.41	131.64	11.16	9.06	101.04	76.8	4	31.5	1
570.838	30.07	4.36	131.23	11.13	9.12	101.50	77.3	4	30.0	1
570.899	29.53	4.44	131.25	11.05	9.16	101.27	77.2	4	31.5	1
571.003	28.98	4.53	131.22	11.11	9.01	100.16	76.3	4	30.5	1
571.148	29.42	4.50	132.49	11.11	9.25	102.77	77.6	4	30.5	1
571.209	29.35	4.51	132.47	11.14	9.19	102.33	77.2	4	31.0	1
571.313	29.56	4.47	132.23	11.08	9.37	103.88	78.6	4	30.5	1
571.458	30.28	4.35	131.71	11.11	9.20	102.28	77.7	4	29.0	1
571.519	30.33	4.35	131.88	11.13	9.19	102.35	77.6	4	32.0	1
571.623	29.68	4.45	131.99	11.16	9.12	101.83	77.2	4	29.5	1
571.768	29.61	4.48	132.75	11.14	9.18	102.32	77.1	4	29.5	1
571.829	30.16	4.40	132.64	11.15	9.03	100.59	75.8	4	31.0	1
571.933	30.16	4.39	132.34	11.08	9.28	102.75	77.6	4	29.5	1
572.078	29.98	4.41	132.11	11.17	9.10	101.59	76.9	4	30.0	1
572.139	30.29	4.36	132.06	11.10	9.17	101.73	77.0	4	30.5	1
572.243	29.27	4.49	131.47	11.10	8.98	99.72	75.9	4	30.5	1
572.388	30.07	4.42	132.86	11.12	9.27	103.06	77.6	4	31.0	1
572.449	29.49	4.50	132.63	11.10	9.16	101.75	76.7	4	30.5	1
572.553	29.98	4.43	132.95	11.10	9.24	102.52	77.1	4	31.5	1
572.698	30.40	4.36	132.47	11.17	9.11	101.81	76.9	4	29.0	1
572.759	30.55	4.31	131.82	11.13	9.16	101.94	77.3	4	30.5	1
572.863	29.92	4.40	131.73	11.16	9.25	103.19	78.3	4	30.5	1
573.008	30.14	4.35	131.02	11.15	9.04	100.78	76.9	4	31.0	1
573.069	30.51	4.29	131.00	11.10	9.25	102.65	78.4	4	30.0	1
573.173	30.00	4.41	132.14	11.18	9.09	101.57	76.9	4	30.5	1
573.318	29.68	4.45	132.08	11.08	9.34	103.48	78.3	4	31.0	1
573.379	29.87	4.43	132.30	11.24	9.03	101.52	76.7	4	30.0	1
573.483	30.84	4.26	131.43	11.17	9.14	102.03	77.6	4	30.0	1
573.628	28.83	4.57	131.76	11.12	9.06	100.82	76.5	4	32.0	1
573.689	28.63	4.60	131.84	11.11	8.99	99.95	75.8	4	31.0	1
573.793	28.58	4.61	131.68	11.09	9.07	100.59	76.4	4	31.5	1
573.938	30.12	4.37	131.47	11.01	9.22	101.48	77.2	4	31.0	1
573.999	30.05	4.41	132.53	11.06	9.13	100.95	76.2	4	31.0	1
574.103	29.11	4.53	131.98	11.02	9.19	101.28	76.7	4	30.0	1
574.248	29.67	4.44	131.69	11.10	9.25	102.62	77.9	4	31.0	1
574.309	29.49	4.48	132.16	11.12	9.02	100.27	75.9	4	30.5	1
574.413	30.06	4.40	132.34	11.10	9.14	101.46	76.7	4	32.0	1
574.558	29.83	4.42	131.93	11.16	8.95	99.93	75.7	4	30.5	1
574.619	29.97	4.40	131.87	11.05	9.30	102.79	77.9	4	29.5	1
574.723	30.71	4.29	131.61	11.07	9.03	100.04	76.0	4	30.5	1
574.868	29.87	4.41	131.67	11.14	9.11	101.46	77.1	4	30.5	1
574.929	29.95	4.41	132.15	11.15	9.24	102.98	77.9	4	29.5	1
575.033	30.39	4.35	132.25	11.11	9.17	101.85	77.0	4	31.5	1
575.178	29.04	4.56	132.33	11.08	9.21	102.02	77.1	4	30.5	1
575.239	29.90	4.39	131.30	11.14	9.04	100.62	76.6	4	29.5	1
575.343	30.67	4.27	131.08	11.09	9.11	100.98	77.0	4	30.0	1
575.488	30.13	4.38	132.11	11.06	9.23	102.13	77.3	4	30.5	1
575.549	30.17	4.40	132.80	11.15	9.04	100.75	75.9	4	31.0	1
575.653	29.94	4.44	132.81	11.12	9.32	103.61	78.0	4	30.5	1
575.798	30.36	4.38	132.87	11.08	9.19	101.80	76.6	4	29.5	1
575.859	30.24	4.37	132.29	11.09	9.27	102.78	77.7	4	30.5	1
575.963	29.97	4.44	133.03	11.19	9.10	101.81	76.5	4	29.5	1
576.108	30.13	4.37	131.81	11.14	9.19	102.37	77.7	4	30.5	1
576.169	30.33	4.34	131.54	11.12	9.00	100.11	76.1	4	30.5	1
576.273	30.04	4.38	131.48	11.19	9.07	101.48	77.2	4	31.5	1
576.418	29.29	4.51	132.20	11.18	8.99	100.49	76.0	4	30.5	1
576.479	29.84	4.42	131.98	11.10	9.25	102.74	77.8	4	30.5	1
576.583	30.17	4.36	131.51	11.10	9.09	100.90	76.7	4	30.0	1
576.728	29.64	4.45	131.90	11.09	9.14	101.37	76.9	4	30.5	1
576.789	30.12	4.38	131.81	11.10	9.19	101.97	77.4	4	29.5	1
576.893	29.44	4.46	131.17	11.11	9.17	101.91	77.7	4	30.5	1
577.038	30.39	4.30	130.74	11.09	9.15	101.52	77.7	4	29.5	1
577.099	30.80	4.25	131.01	11.06	9.09	100.48	76.7	4	30.5	1
577.203	29.18	4.48	130.62	11.06	8.97	99.27	76.0	4	32.5	1
577.348	27.95	4.64	129.68	11.09	8.94	99.14	76.4	4	31.0	1
577.409	29.34	4.44	130.34	11.06	8.98	99.31	76.2	4	29.0	1
577.513	30.67	4.27	131.08	11.08	9.05	100.34	76.5	4	30.0	1
577.658	29.37	4.49	131.77	11.03	9.15	100.84	76.5	4	31.5	1
577.719	29.10	4.52	131.47	11.07	9.04	100.04	76.1	4	31.5	1
577.823	29.88	4.40	131.52	11.07	9.05	100.13	76.1	4	29.5	1
577.968	30.77	4.27	131.37	11.01	9.26	101.98	77.6	4	29.0	1
578.029	30.59	4.30	131.40	11.07	9.15	101.33	77.1	4	31.0	1
578.133	29.67	4.46	132.26	11.09	9.19	101.87	77.0	4	31.5	1
578.278	30.46	4.31	131.24	11.13	9.05	100.78	76.8	4	30.0	1
578.339	29.52	4.43	130.84	11.03	9.19	101.39	77.5	4	31.0	1
578.443	30.39	4.35	132.33	11.11	9.01	100.09	75.6	4	30.0	1
578.588	30.68	4.29	131.64	11.14	9.10	101.43	77.1	4	30.0	1
578.649	30.44	4.33	131.97	11.12	9.22	102.54	77.7	4	31.5	1
578.753	29.26	4.51	131.99	11.09	9.25	102.58	77.7	4	31.0	1
578.898	28.47	4.61	131.38	11.19	8.93	99.98	76.1	4	32.0	1
578.959	28.63	4.59	131.56	11.15	9.11	101.53	77.2	4	30.5	1
579.063	30.06	4.38	131.71	11.09	9.24	102.50	77.8	4	29.5	1
579.208	29.47	4.45	131.29	11.07	9.11	100.91	76.9	4	31.0	1
579.269	30.02	4.37	131.29	11.14	9.10	101.43	77.3	4	30.0	1
579.373	30.40	4.32	131.35	11.11	9.22	102.41	78.0	4	29.5	1
579.518	29.61	4.45	131.64	11.08	9.13	101.09	76.8	4	32.0	1
579.579	29.40	4.51	132.53	11.16	8.96	100.01	75.5	4	30.0	1
579.683	30.48	4.31	131.39	11.15	9.02	100.61	76.6	4	30.0	1
579.828	28.64	4.56	130.69	11.10	9.13	101.37	77.6	4	31.5	1
579.889	29.29	4.49	131.49	11.14	8.99	100.20	76.2	4	30.0	1
579.993	30.00	4.39	131.66	11.16	9.08	101.38	77.0	4	31.0	1
580.138	29.25	4.52	132.26	11.10	9.09	100.89	76.3	4	32.0	1
580.199	28.75	4.58	131.66	11.11	9.09	101.02	76.7	4	30.5	1
580.303	29.51	4.48	132.04	11.15	9.08	101.19	76.6	4	31.0	1
580.448	30.71	4.28	131.39	11.18	8.96	100.16	76.2	4	29.5	1
580.509	30.04	4.37	131.28	11.10	9.14	101.39	77.2	4	31.5	1
580.613	29.21	4.51	131.73	11.14	9.03	100.69	76.4	4	30.5	1
580.758	29.72	4.45	132.18	11.16	9.14	102.02	77.2	4	31.5	1
580.819	29.14	4.53	131.93	11.20	9.01	100.85	76.4	4	30.5	1
580.923	30.15	4.36	131.37	11.18	9.16	102.44	78.0	4	30.5	1
581.068	29.22	4.53	132.43	11.15	8.97	100.03	75.5	4	32.0	1
581.129	29.26	4.53	132.51	11.25	9.06	101.91	76.9	4	31.0	1
581.233	29.68	4.47	132.52	11.20	9.10	101.85	76.9	4	32.0	1
581.378	29.98	4.41	132.32	11.28	9.10	102.60	77.5	4	30.0	1
581.439	30.25	4.38	132.42	11.21	9.04	101.31	76.5	4	30.5	1
581.543	29.38	4.50	132.26	11.19	8.99	100.62	76.1	4	31.5	1
581.688	30.22	4.39	132.63	11.13	9.26	103.01	77.7	4	29.0	1
581.749	30.62	4.29	131.48	11.16	9.12	101.86	77.5	4	30.5	1
581.853	29.82	4.44	132.28	11.18	9.06	101.31	76.6	4	30.0	1
581.998	29.13	4.51	131.30	11.16	9.14	102.03	77.7	4	31.5	1
582.059	29.40	4.49	132.03	11.18	9.10	101.73	77.0	4	30.5	1
582.163	30.41	4.30	130.66	11.17	9.20	102.77	78.7	4	30.0	1
582.308	29.90	4.40	131.65	11.12	9.18	102.12	77.6	4	31.0	1
582.369	30.47	4.31	131.34	11.13	9.24	102.87	78.3	4	30.0	1
582.473	29.53	4.46	131.59	11.14	9.21	102.61	78.0	4	32.0	1
582.618	29.11	4.56	132.65	11.17	9.08	101.47	76.5	4	30.0	1
582.679	29.76	4.47	132.95	11.15	9.13	101.84	76.6	4	30.0	1
582.783	29.94	4.40	131.75	11.12	9.20	102.34	77.7	4	30.5	1
582.928	28.76	4.56	131.10	11.11	9.23	102.53	78.2	4	31.0	1
582.989	29.68	4.43	131.42	11.12	9.10	101.23	77.0	4	30.0	1
583.093	30.40	4.34	132.04	11.08	9.12	100.99	76.5	4	31.0	1
583.238	29.91	4.39	131.45	11.18	8.94	99.89	76.0	4	29.5	1
583.299	30.32	4.33	131.36	11.13	9.05	100.66	76.6	4	31.0	1
583.403	29.33	4.49	131.60	11.11	9.12	101.28	77.0	4	30.0	1
583.548	30.45	4.31	131.25	11.15	9.06	101.05	77.0	4	30.0	1
583.609	29.97	4.37	130.81	11.15	9.20	102.59	78.4	4	31.5	1
583.713	28.45	4.59	130.53	11.08	9.14	101.29	77.6	4	31.5	1
583.858	30.09	4.38	131.80	11.15	9.13	101.79	77.2	4	31.0	1
583.919	30.40	4.34	132.03	11.08	9.30	103.02	78.0	4	30.5	1
584.023	30.65	4.31	131.97	11.16	9.16	102.20	77.4	4	31.0	1
584.168	30.11	4.37	131.68	11.20	9.22	103.23	78.4	4	30.0	1
584.229	30.10	4.41	132.67	11.22	9.14	102.61	77.3	4	31.5	1
584.333	30.24	4.38	132.38	11.22	9.10	102.08	77.1	4	30.5	1
584.478	29.97	4.44	132.93	11.12	9.25	102.89	77.4	4	31.0	1
584.539	30.06	4.40	132.28	11.24	8.95	100.60	76.0	4	30.5	1
584.643	31.08	4.21	130.92	11.15	9.04	100.81	77.0	4	29.5	1
584.788	30.59	4.32	132.11	11.08	9.13	101.20	76.6	4	31.5	1
584.849	29.55	4.47	132.08	11.17	9.02	100.68	76.2	4	31.5	1
584.953	30.10	4.39	132.01	11.15	9.11	101.58	77.0	4	30.5	1
585.098	30.02	4.43	132.85	11.12	9.15	101.78	76.6	4	31.5	1
585.159	29.44	4.50	132.32	11.11	9.17	101.88	77.0	4	31.5	1
585.263	30.47	4.32	131.70	11.11	9.03	100.36	76.2	4	30.5	1
585.408	30.42	4.36	132.77	11.09	9.16	101.58	76.5	4	29.0	1
585.469	30.26	4.38	132.65	11.13	9.01	100.27	75.6	4	32.0	1
585.573	29.74	4.45	132.50	11.14	9.19	102.44	77.3	4	31.0	1
585.718	29.40	4.51	132.70	11.04	9.29	102.54	77.3	4	30.5	1
585.779	29.93	4.42	132.43	11.15	9.14	101.83	76.9	4	30.5	1
585.883	29.87	4.42	132.16	11.13	9.19	102.23	77.4	4	31.5	1
586.028	29.83	4.43	132.11	11.13	9.15	101.90	77.1	4	29.5	1
586.089	30.29	4.36	131.95	11.17	9.10	101.64	77.0	4	30.5	1
586.193	29.22	4.53	132.25	11.13	9.18	102.17	77.3	4	31.5	1
586.338	30.61	4.32	132.17	11.19	9.00	100.78	76.2	4	30.0	1
586.399	30.19	4.40	132.92	11.13	9.11	101.44	76.3	4	31.0	1
586.503	30.13	4.40	132.70	11.12	9.10	101.18	76.2	4	29.5	1
586.648	30.76	4.28	131.74	11.12	9.17	101.99	77.4	4	30.0	1
586.709	30.11	4.40	132.38	11.13	9.09	101.17	76.4	4	30.5	1
586.813	29.28	4.52	132.29	11.15	9.12	101.71	76.9	4	31.5	1
586.958	30.08	4.41	132.64	11.13	9.07	100.96	76.1	4	29.0	1
587.019	30.38	4.33	131.49	11.14	9.19	102.38	77.9	4	30.0	1
587.123	29.54	4.44	131.24	11.13	9.07	101.01	77.0	4	32.5	1
587.268	30.17	4.37	131.80	11.10	9.18	101.93	77.3	4	29.0	1
587.329	30.37	4.34	131.89	11.16	9.05	100.98	76.6	4	31.0	1
587.433	29.01	4.52	131.26	11.17	9.14	102.04	77.7	4	32.5	1
587.578	29.23	4.48	131.06	11.12	9.10	101.26	77.3	4	31.0	1
587.639	29.30	4.48	131.26	11.14	9.27	103.25	78.7	4	31.0	1
587.743	30.45	4.30	130.98	11.15	9.00	100.41	76.7	4	29.5	1
587.888	29.77	4.43	131.90	11.15	8.99	100.26	76.0	4	31.0	1
587.949	29.42	4.51	132.81	11.16	8.97	100.09	75.4	4	32.5	1
588.053	29.36	4.51	132.51	11.17	9.16	102.28	77.2	4	29.5	1
588.198	29.92	4.43	132.47	11.21	9.04	101.32	76.5	4	31.0	1
588.259	30.51	4.32	131.89	11.22	9.01	101.09	76.6	4	29.5	1
588.363	30.20	4.39	132.54	11.21	9.17	102.74	77.5	4	32.0	1
588.508	30.29	4.37	132.43	11.18	9.00	100.64	76.0	4	31.0	1
588.569	30.01	4.43	132.89	11.20	9.18	102.75	77.3	4	31.0	1
588.673	30.14	4.43	133.58	11.20	9.21	103.19	77.3	4	30.5	1
588.818	29.92	4.44	132.76	11.16	9.16	102.21	77.0	4	31.0	1
588.879	29.36	4.52	132.66	11.15	9.06	101.02	76.1	4	32.0	1
588.983	29.10	4.54	132.10	11.14	9.17	102.15	77.3	4	29.5	1
589.128	30.86	4.27	131.64	11.12	8.94	99.40	75.5	4	30.5	1
589.189	29.96	4.40	131.90	11.10	9.02	100.10	75.9	4	32.0	1
589.293	29.99	4.41	132.32	11.09	9.19	101.99	77.1	4	29.0	1
589.438	30.49	4.35	132.59	11.15	9.05	100.94	76.1	4	29.0	1
589.499	31.36	4.19	131.34	11.04	9.09	100.34	76.4	4	29.5	1
589.603	30.32	4.39	133.05	11.10	9.19	102.04	76.7	4	31.5	1
589.748	30.58	4.34	132.82	11.14	9.03	100.58	75.7	4	30.0	1
589.809	30.50	4.37	133.43	11.13	9.17	102.06	76.5	4	29.5	1
589.913	30.26	4.41	133.32	11.05	9.29	102.72	77.1	4	30.0	1
590.058	30.33	4.38	132.94	11.15	9.16	102.04	76.8	4	30.5	1
590.119	29.91	4.45	133.15	11.09	9.22	102.27	76.8	4	30.5	1
590.223	30.66	4.31	132.26	11.14	9.11	101.42	76.7	4	30.0	1
590.368	29.88	4.44	132.71	11.12	9.28	103.12	77.7	4	31.5	1
590.429	29.82	4.46	133.02	11.16	9.18	102.51	77.1	4	30.0	1
590.533	30.51	4.34	132.41	11.13	9.14	101.74	76.8	4	29.0	1
590.678	30.53	4.33	132.22	11.12	9.22	102.59	77.6	4	29.5	1
590.739	30.45	4.35	132.54	11.13	9.14	101.78	76.8	4	31.5	1
590.843	29.41	4.48	131.68	11.16	9.11	101.71	77.2	4	30.5	1
590.988	29.09	4.53	131.70	11.09	9.24	102.48	77.8	4	29.5	1
591.049	29.99	4.39	131.72	11.11	9.11	101.27	76.9	4	29.5	1
591.153	29.72	4.42	131.46	11.05	9.13	100.95	76.8	4	31.5	1
591.298	29.72	4.44	131.98	11.07	9.23	102.11	77.4	4	29.5	1
591.359	29.87	4.40	131.49	11.11	9.11	101.29	77.0	4	31.5	1
591.463	28.74	3.87	111.28	10.54	7.97	83.95	75.4	4	28.5	1
591.608	27.42	3.00	82.30	9.08	6.97	63.31	76.9	4	27.0	1
591.668	27.06	2.87	77.60	8.60	7.01	60.29	77.7	4	26.0	1
591.772	27.97	2.71	75.76	8.19	7.05	57.69	76.2	4	23.5	1
591.916	31.43	2.42	75.93	7.66	7.45	57.10	75.2	4	20.5	1
591.976	31.92	2.39	76.18	7.56	7.22	54.60	71.7	4	21.0	1
592.080	30.95	2.37	73.40	7.23	7.20	52.09	71.0	4	21.5	1
592.225	22.50	1.40	31.56	4.37	5.10	22.31	70.7	4	14.5	1
592.285	20.62	1.13	23.35	3.32	4.63	15.36	65.8	4	11.5	1
592.389	19.92	0.74	14.68	2.26	3.73	8.43	57.5	4	10.0	1
592.533	19.60	0.59	11.63	1.90	3.46	6.56	56.4	4	10.0	1
592.593	19.56	0.57	11.15	1.83	3.40	6.22	55.8	4	10.0	1
592.696	19.20	0.54	10.43	1.75	3.26	5.69	54.5	4	10.0	1
592.840	19.27	0.54	10.45	1.73	3.22	5.55	53.2	4	10.0	1
592.900	19.14	0.53	10.10	1.71	3.20	5.46	54.1	4	10.0	1
593.003	19.68	0.53	10.53	1.76	3.28	5.76	54.7	4	10.0	1
593.147	19.61	0.54	10.64	1.78	3.30	5.87	55.2	4	10.0	1
593.207	19.90	0.54	10.71	1.79	3.30	5.91	55.2	4	10.0	1
593.310	20.46	0.56	11.36	1.86	3.39	6.31	55.6	4	10.0	1
593.454	23.90	0.63	15.00	2.19	3.86	8.43	56.2	4	10.0	1
593.514	25.88	0.66	17.04	2.40	4.10	9.81	57.6	4	10.0	1
593.617	26.66	0.66	17.52	2.46	4.29	10.53	60.1	4	10.0	1
593.762	23.42	0.60	14.14	2.13	3.80	8.11	57.4	4	10.0	1
593.822	22.70	0.59	13.48	2.07	3.69	7.63	56.6	4	10.0	1
593.925	22.12	0.58	12.73	2.02	3.56	7.20	56.6	4	10.0	1
594.069	23.17	0.56	13.07	2.17	3.48	7.54	57.7	4	10.0	1
594.129	23.50	0.57	13.50	2.21	3.56	7.85	58.1	4	10.0	1
594.232	28.87	0.74	21.50	2.69	4.59	12.32	57.3	4	10.0	1
594.376	35.92	0.96	34.63	3.29	6.32	20.80	60.1	4	10.0	1
594.436	37.04	1.01	37.48	3.37	6.59	22.19	59.2	4	10.0	1
594.539	37.97	1.03	39.18	3.44	6.78	23.33	59.5	4	10.0	1
594.684	38.35	1.03	39.64	3.51	6.86	24.08	60.7	4	10.5	1
594.744	38.07	1.21	45.98	3.77	7.47	28.13	61.2	4	13.5	1
594.848	36.34	2.21	80.43	4.79	10.21	48.94	60.8	4	19.0	1
594.993	30.00	3.97	119.22	5.73	12.66	72.51	60.8	4	26.0	1
595.054	27.23	4.37	118.97	5.73	12.76	73.11	61.5	4	25.5	1
595.158	25.70	4.67	119.97	5.85	12.97	75.84	63.2	4	23.5	1
595.303	30.77	4.12	126.88	5.99	13.31	79.68	62.8	4	19.5	1
595.364	31.94	3.90	124.63	6.18	12.93	79.83	64.1	4	21.5	1
595.468	32.44	3.85	124.90	6.64	12.47	82.79	66.3	4	23.0	1
595.613	29.43	4.40	129.54	7.30	12.15	88.66	68.4	4	25.0	1
595.674	30.29	4.29	129.90	7.55	11.89	89.84	69.2	4	24.0	1
595.778	31.76	4.02	127.77	8.23	11.16	91.87	71.9	4	24.5	1
595.923	31.12	4.20	130.58	9.09	10.56	95.93	73.5	4	29.5	1
595.984	29.33	4.44	130.22	9.30	10.38	96.60	74.2	4	29.5	1
596.088	29.88	4.39	131.28	9.73	10.03	97.52	74.3	4	28.0	1
596.233	30.55	4.33	132.26	10.12	9.82	99.40	75.2	4	30.0	1
596.294	29.92	4.43	132.57	10.34	9.61	99.32	74.9	4	29.0	1
596.398	29.93	4.43	132.53	10.52	9.43	99.28	74.9	4	29.5	1
596.543	29.72	4.46	132.45	10.62	9.65	102.49	77.4	4	31.0	1
596.604	29.71	4.46	132.36	10.59	10.05	106.50	80.5	4	30.5	1
596.708	29.16	4.53	132.16	10.81	9.42	101.78	77.0	4	30.0	1
596.853	30.51	4.31	131.58	11.01	9.07	99.83	75.9	4	30.0	1
596.914	30.63	4.31	131.86	10.95	9.41	103.13	78.2	4	29.5	1
597.018	29.57	4.47	132.28	10.94	9.38	102.63	77.6	4	30.0	1
597.163	29.89	4.43	132.49	11.00	9.26	101.82	76.9	4	31.5	1
597.224	28.97	4.56	131.99	10.86	9.45	102.63	77.8	4	32.0	1
597.328	29.86	4.43	132.18	10.93	9.32	101.90	77.1	4	30.5	1
597.473	30.26	4.36	132.00	11.07	9.05	100.16	75.9	4	30.0	1
