1486.566	38.88	0.35	13.54	1.38	1.90	2.63	19.5	4	12.0	2
1486.626	38.05	0.79	30.04	2.98	4.16	12.41	41.3	4	15.0	2
1486.730	33.92	2.05	69.56	4.54	8.46	38.43	55.2	4	20.5	2
1486.875	25.25	2.93	74.07	4.61	9.75	44.90	60.6	4	21.5	2
1486.935	24.42	3.05	74.49	4.64	9.94	46.15	62.0	4	21.5	2
1487.039	28.85	2.92	84.39	4.97	10.70	53.18	63.0	4	16.0	2
1487.184	33.13	2.54	84.20	4.97	10.76	53.49	63.5	4	16.0	2
1487.245	33.63	2.51	84.47	4.98	10.81	53.77	63.7	4	16.0	2
1487.349	34.02	2.49	84.66	4.98	10.83	53.96	63.7	4	17.0	2
1487.494	29.95	2.94	88.08	5.04	11.07	55.84	63.4	4	20.0	2
1487.555	29.22	3.01	88.01	5.07	11.12	56.39	64.1	4	20.0	2
1487.659	28.77	3.07	88.37	5.11	11.09	56.64	64.1	4	18.5	2
1487.804	32.16	2.77	89.06	5.12	11.19	57.26	64.3	4	17.5	2
1487.865	32.81	2.73	89.57	5.14	11.19	57.48	64.2	4	17.5	2
1487.969	31.63	2.86	90.33	5.17	11.24	58.11	64.3	4	19.0	2
1488.114	30.59	2.97	90.92	5.21	11.27	58.76	64.6	4	17.5	2
1488.175	31.44	2.89	90.77	5.22	11.31	59.03	65.0	4	18.5	2
1488.279	30.20	3.00	90.50	5.18	11.31	58.56	64.7	4	19.5	2
1488.424	31.70	2.88	91.15	5.13	11.34	58.16	63.8	4	17.5	2
1488.485	31.82	2.87	91.20	5.14	11.35	58.30	63.9	4	19.0	2
1488.589	30.54	2.98	91.03	5.17	11.31	58.43	64.2	4	19.5	2
1488.734	31.08	2.91	90.47	5.14	11.37	58.46	64.6	4	17.5	2
1488.795	31.83	2.84	90.35	5.15	11.33	58.35	64.6	4	18.0	2
1488.899	31.64	2.86	90.56	5.18	11.31	58.55	64.7	4	19.5	2
1489.044	31.69	2.87	91.01	5.52	10.87	59.96	65.9	4	20.0	2
1489.105	31.42	2.90	91.00	5.80	10.56	61.22	67.3	4	21.0	2
1489.209	30.79	2.95	90.93	6.30	9.90	62.35	68.6	4	22.0	2
1489.354	31.58	2.90	91.68	6.74	9.69	65.30	71.2	4	21.0	2
1489.414	31.96	2.84	90.89	6.92	9.42	65.24	71.8	4	21.5	2
1489.518	31.95	2.85	90.95	7.16	9.29	66.45	73.1	4	22.0	2
1489.663	31.79	2.88	91.53	7.40	9.21	68.14	74.4	4	22.0	2
1489.723	31.92	2.85	91.09	7.59	8.48	64.37	70.7	4	22.0	2
1489.827	31.97	2.85	91.23	7.48	9.11	68.13	74.7	4	22.5	2
1489.972	31.19	2.93	91.36	7.45	9.34	69.64	76.2	4	23.5	2
1490.032	31.35	2.91	91.34	7.75	8.48	65.66	71.9	4	23.0	2
1490.136	31.51	2.89	91.08	7.69	8.87	68.17	74.8	4	23.0	2
1490.281	31.89	2.84	90.65	7.86	8.45	66.35	73.2	4	23.5	2
1490.341	31.17	2.93	91.19	7.90	8.45	66.77	73.2	4	23.5	2
1490.445	31.68	2.88	91.14	7.92	8.35	66.11	72.5	4	22.5	2
1490.590	30.61	2.95	90.37	7.81	8.54	66.68	73.8	4	23.5	2
1490.650	31.59	2.85	90.19	7.82	8.65	67.64	75.0	4	22.5	2
1490.754	32.59	2.75	89.63	7.80	8.58	66.96	74.7	4	23.5	2
1490.899	32.42	2.78	90.21	7.76	8.66	67.16	74.4	4	21.5	2
1490.959	32.71	2.75	90.02	7.80	8.40	65.50	72.8	4	22.5	2
1491.063	30.71	2.92	89.78	7.77	8.38	65.10	72.5	4	24.5	2
1491.208	32.15	2.81	90.30	7.79	8.42	65.57	72.6	4	21.5	2
1491.268	32.54	2.77	90.13	7.85	8.18	64.25	71.3	4	23.0	2
1491.372	31.00	2.92	90.50	7.71	8.89	68.56	75.8	4	23.0	2
1491.517	32.11	2.82	90.42	7.75	8.96	69.44	76.8	4	24.0	2
1491.577	30.86	2.93	90.28	7.76	8.58	66.56	73.7	4	24.0	2
1491.681	30.97	2.94	90.97	7.84	8.70	68.16	74.9	4	22.5	2
1491.826	31.66	2.88	91.03	7.90	8.50	67.16	73.8	4	23.5	2
1491.886	30.96	2.94	90.94	7.87	8.56	67.37	74.1	4	23.0	2
1491.990	31.48	2.89	90.92	7.90	8.43	66.63	73.3	4	23.0	2
1492.135	31.55	2.89	91.10	7.86	8.55	67.22	73.8	4	21.5	2
1492.195	31.97	2.84	90.76	7.86	8.66	68.01	74.9	4	23.5	2
1492.299	30.58	2.97	90.75	7.82	8.52	66.66	73.5	4	23.0	2
1492.444	31.55	2.89	91.13	7.84	8.72	68.32	75.0	4	23.0	2
1492.504	31.86	2.85	90.84	7.82	8.68	67.89	74.7	4	23.0	2
1492.608	31.67	2.88	91.08	7.86	8.45	66.42	72.9	4	23.5	2
1492.753	31.25	2.94	91.75	7.86	8.54	67.11	73.1	4	23.5	2
1492.813	31.69	2.88	91.20	7.88	8.48	66.82	73.3	4	23.0	2
1492.917	30.75	2.97	91.39	7.82	8.70	68.09	74.5	4	23.0	2
1493.062	31.70	2.88	91.32	7.94	8.39	66.58	72.9	4	23.0	2
1493.122	31.05	2.95	91.46	7.86	8.59	67.50	73.8	4	23.0	2
1493.226	31.02	2.94	91.25	7.85	8.66	68.03	74.6	4	24.5	2
1493.371	31.89	2.86	91.29	7.77	8.70	67.59	74.0	4	21.5	2
1493.431	31.94	2.84	90.57	7.76	8.57	66.55	73.5	4	23.0	2
1493.535	31.52	2.88	90.90	7.82	8.56	66.99	73.7	4	23.5	2
1493.680	30.82	2.95	91.00	7.77	8.57	66.54	73.1	4	23.5	2
1493.740	31.33	2.91	91.31	7.84	8.54	66.92	73.3	4	23.0	2
1493.844	31.20	2.91	90.88	7.81	8.79	68.67	75.6	4	24.0	2
1493.989	31.98	2.84	90.72	7.81	8.53	66.61	73.4	4	22.5	2
1494.049	31.36	2.89	90.79	7.82	8.44	66.02	72.7	4	23.5	2
1494.153	31.46	2.89	90.83	7.78	8.66	67.36	74.2	4	23.0	2
1494.298	31.18	2.92	91.06	7.84	8.43	66.12	72.6	4	23.5	2
1494.358	31.27	2.92	91.38	7.86	8.48	66.65	72.9	4	23.0	2
1494.462	31.36	2.90	90.81	7.79	8.79	68.45	75.4	4	23.0	2
1494.607	31.75	2.86	90.85	7.86	8.57	67.34	74.1	4	22.0	2
1494.667	31.60	2.87	90.79	7.77	8.75	67.97	74.9	4	22.5	2
1494.771	32.33	2.79	90.24	7.82	8.53	66.68	73.9	4	23.0	2
1494.916	30.65	2.95	90.35	7.82	8.49	66.37	73.5	4	22.5	2
1494.976	31.85	2.83	90.19	7.78	8.40	65.34	72.5	4	22.0	2
1495.080	32.88	2.72	89.28	7.73	8.50	65.73	73.6	4	22.5	2
1495.225	31.59	2.88	90.84	7.76	8.61	66.80	73.5	4	24.0	2
1495.285	31.12	2.91	90.59	7.74	8.72	67.47	74.5	4	23.0	2
1495.389	31.52	2.89	91.06	7.83	8.50	66.63	73.2	4	23.5	2
1495.534	31.47	2.91	91.49	7.84	8.53	66.93	73.2	4	23.5	2
1495.594	31.27	2.92	91.20	7.79	8.61	67.04	73.5	4	23.0	2
1495.698	31.54	2.90	91.42	7.74	8.93	69.11	75.6	4	22.5	2
1495.843	30.62	2.97	91.03	7.78	8.58	66.81	73.4	4	22.5	2
1495.903	31.62	2.87	90.78	7.78	8.62	67.06	73.9	4	22.0	2
1496.007	30.74	2.96	91.13	7.80	8.58	66.91	73.4	4	24.5	2
1496.152	31.29	2.92	91.42	7.74	8.70	67.40	73.7	4	24.0	2
1496.212	30.48	2.98	90.89	7.74	8.76	67.80	74.6	4	23.0	2
1496.316	31.92	2.83	90.37	7.79	8.49	66.17	73.2	4	22.0	2
1496.461	31.21	2.92	91.15	7.82	8.65	67.68	74.3	4	24.5	2
1496.521	30.72	2.96	91.03	7.85	8.41	66.02	72.5	4	22.5	2
1496.625	31.95	2.83	90.39	7.71	8.69	67.04	74.2	4	21.5	2
1496.770	30.87	2.95	91.17	7.74	8.55	66.19	72.6	4	24.5	2
1496.830	30.54	2.97	90.79	7.72	8.71	67.27	74.1	4	22.5	2
1496.934	31.49	2.87	90.48	7.79	8.69	67.70	74.8	4	23.5	2
1497.079	31.76	2.86	90.87	7.77	8.57	66.66	73.4	4	22.0	2
1497.139	32.01	2.83	90.63	7.80	8.54	66.61	73.5	4	22.0	2
1497.243	31.85	2.83	90.28	7.80	8.50	66.25	73.4	4	24.5	2
1497.388	31.03	2.92	90.69	7.85	8.46	66.41	73.2	4	22.5	2
1497.448	31.19	2.93	91.32	7.91	8.37	66.24	72.5	4	24.0	2
1497.552	31.34	2.91	91.32	7.90	8.46	66.80	73.2	4	22.5	2
1497.697	31.65	2.85	90.25	7.84	8.47	66.45	73.6	4	24.5	2
1497.757	30.63	2.93	89.83	7.82	8.50	66.46	74.0	4	23.5	2
1497.861	32.00	2.82	90.23	7.82	8.62	67.37	74.7	4	22.0	2
1498.006	30.82	2.92	89.96	7.87	8.59	67.60	75.1	4	24.0	2
1498.066	31.10	2.90	90.18	7.85	8.64	67.78	75.2	4	22.5	2
1498.170	32.52	2.78	90.29	7.82	8.51	66.49	73.6	4	21.5	2
1498.315	31.11	2.93	91.15	7.90	8.35	66.02	72.4	4	23.0	2
1498.375	30.95	2.95	91.18	7.88	8.64	68.09	74.7	4	24.0	2
1498.479	31.53	2.86	90.26	7.92	8.43	66.78	74.0	4	22.5	2
1498.624	30.79	2.94	90.38	7.87	8.42	66.23	73.3	4	24.5	2
1498.684	30.57	2.96	90.39	7.86	8.54	67.11	74.3	4	23.5	2
1498.788	30.85	2.94	90.63	7.87	8.57	67.47	74.5	4	22.5	2
1498.933	31.38	2.90	91.09	7.84	8.50	66.63	73.1	4	22.0	2
1498.993	31.97	2.85	91.13	7.85	8.64	67.85	74.5	4	22.5	2
1499.097	31.92	2.86	91.27	7.86	8.51	66.89	73.3	4	22.5	2
1499.242	31.49	2.92	91.94	7.90	8.53	67.39	73.3	4	22.5	2
1499.302	31.93	2.86	91.44	7.85	8.67	68.04	74.4	4	23.0	2
1499.406	31.63	2.86	90.56	7.93	8.49	67.27	74.3	4	23.0	2
1499.551	30.76	2.96	90.95	7.93	8.62	68.36	75.2	4	24.0	2
1499.611	30.69	2.96	90.81	7.97	8.50	67.75	74.6	4	23.0	2
1499.715	32.09	2.82	90.34	7.92	8.49	67.21	74.4	4	23.0	2
1499.860	31.87	2.86	91.26	7.86	8.64	67.97	74.5	4	21.5	2
1499.920	32.02	2.85	91.14	7.96	8.47	67.41	74.0	4	24.5	2
1500.024	30.62	2.97	90.84	7.94	8.41	66.80	73.5	4	23.0	2
1500.169	31.52	2.89	91.07	7.91	8.67	68.56	75.3	4	23.0	2
1500.229	31.79	2.88	91.46	7.93	8.61	68.25	74.6	4	23.0	2
1500.333	32.13	2.83	90.95	7.91	8.66	68.48	75.3	4	22.5	2
1500.478	32.06	2.83	90.67	8.00	8.36	66.91	73.8	4	23.0	2
1500.538	31.76	2.85	90.61	8.00	8.39	67.13	74.1	4	23.0	2
1500.642	31.65	2.87	90.81	8.02	8.42	67.52	74.4	4	23.0	2
1500.787	31.77	2.87	91.08	7.95	8.58	68.20	74.9	4	22.0	2
1500.847	31.61	2.87	90.85	7.94	8.54	67.83	74.7	4	24.0	2
1500.951	32.06	2.83	90.70	8.00	8.35	66.85	73.7	4	22.5	2
1501.096	30.60	2.96	90.44	7.96	8.52	67.84	75.0	4	23.5	2
1501.156	31.71	2.85	90.48	8.03	8.53	68.43	75.6	4	22.5	2
1501.260	31.02	2.92	90.52	7.97	8.54	68.04	75.2	4	23.0	2
1501.405	31.02	2.94	91.12	7.98	8.40	67.04	73.6	4	24.0	2
1501.465	31.48	2.90	91.35	7.96	8.50	67.65	74.1	4	22.5	2
1501.569	31.76	2.88	91.35	7.96	8.55	68.07	74.5	4	23.5	2
1501.714	31.13	2.95	91.78	7.96	8.66	68.90	75.1	4	24.5	2
1501.774	30.55	2.98	90.98	7.98	8.46	67.48	74.2	4	24.0	2
1501.878	31.09	2.93	91.06	8.01	8.58	68.69	75.4	4	23.5	2
1502.023	31.49	2.89	90.87	7.94	8.51	67.56	74.3	4	23.0	2
1502.083	31.68	2.88	91.37	7.92	8.58	67.90	74.3	4	23.0	2
1502.187	32.05	2.83	90.59	7.95	8.55	67.93	75.0	4	23.5	2
1502.332	30.81	2.94	90.65	7.99	8.39	66.98	73.9	4	23.0	2
1502.392	31.63	2.88	90.97	7.94	8.53	67.76	74.5	4	22.0	2
1502.496	31.51	2.87	90.47	7.95	8.60	68.32	75.5	4	23.5	2
1502.641	30.34	2.97	90.12	7.99	8.38	66.91	74.2	4	23.0	2
1502.701	31.53	2.86	90.12	7.93	8.47	67.20	74.6	4	22.5	2
1502.805	32.06	2.80	89.85	7.93	8.53	67.59	75.2	4	23.0	2
1502.950	30.32	2.98	90.31	7.96	8.55	68.09	75.4	4	24.0	2
1503.010	30.31	2.99	90.62	7.98	8.42	67.19	74.1	4	24.0	2
1503.114	30.43	2.99	90.86	7.96	8.41	66.89	73.6	4	23.0	2
1503.259	30.89	2.95	91.07	7.97	8.40	66.91	73.5	4	24.0	2
1503.319	31.32	2.92	91.50	7.95	8.50	67.55	73.8	4	22.0	2
1503.423	32.63	2.76	89.95	7.90	8.47	66.92	74.4	4	22.5	2
1503.568	30.12	2.98	89.69	7.90	8.23	65.06	72.5	4	24.5	2
1503.628	30.71	2.95	90.46	7.89	8.44	66.65	73.7	4	22.0	2
1503.732	31.37	2.89	90.50	7.98	8.37	66.76	73.8	4	23.5	2
1503.877	32.22	2.82	90.95	7.91	8.51	67.30	74.0	4	23.0	2
1503.937	31.51	2.89	91.07	7.93	8.59	68.12	74.8	4	24.0	2
1504.041	31.98	2.84	90.98	8.00	8.36	66.83	73.5	4	23.0	2
1504.186	31.82	2.86	91.03	7.95	8.44	67.10	73.7	4	23.5	2
1504.246	31.22	2.93	91.42	7.93	8.58	68.05	74.4	4	24.0	2
1504.350	31.01	2.93	90.73	8.02	8.44	67.67	74.6	4	23.0	2
1504.495	32.32	2.79	90.03	8.01	8.43	67.49	75.0	4	23.0	2
1504.555	31.27	2.89	90.28	7.99	8.45	67.51	74.8	4	24.0	2
1504.659	31.69	2.84	90.12	8.05	8.43	67.86	75.3	4	22.5	2
1504.804	32.60	2.76	89.82	8.00	8.41	67.31	74.9	4	23.0	2
1504.864	32.16	2.82	90.84	7.92	8.57	67.91	74.8	4	23.5	2
1504.968	32.17	2.82	90.84	8.03	8.48	68.12	75.0	4	23.5	2
1505.113	31.27	2.90	90.83	8.02	8.42	67.51	74.3	4	22.5	2
1505.173	31.21	2.92	91.01	8.03	8.31	66.77	73.4	4	24.0	2
1505.277	31.52	2.89	91.19	8.00	8.46	67.68	74.2	4	22.0	2
1505.422	30.35	2.98	90.52	7.99	8.56	68.38	75.5	4	24.5	2
1505.482	30.91	2.93	90.60	8.09	8.32	67.31	74.3	4	23.0	2
1505.586	32.25	2.78	89.79	7.99	8.46	67.52	75.2	4	22.5	2
1505.731	32.19	2.79	89.78	8.00	8.34	66.66	74.2	4	25.0	2
1505.791	30.30	2.94	88.97	8.00	8.18	65.45	73.6	4	26.0	2
1505.895	28.90	3.05	88.12	7.87	8.30	65.27	74.1	4	24.5	2
1506.040	32.11	2.77	88.98	7.94	8.27	65.61	73.7	4	21.5	2
1506.100	32.75	2.71	88.60	7.91	8.31	65.75	74.2	4	22.0	2
1506.204	31.03	2.89	89.58	7.99	8.26	66.03	73.7	4	24.5	2
1506.349	31.05	2.89	89.80	7.97	8.39	66.84	74.4	4	22.5	2
1506.409	31.93	2.80	89.37	8.01	8.42	67.40	75.4	4	22.0	2
1506.513	32.34	2.77	89.54	7.96	8.41	67.00	74.8	4	23.0	2
1506.658	31.89	2.84	90.48	8.05	8.37	67.32	74.4	4	24.0	2
1506.718	31.51	2.86	90.23	8.04	8.43	67.78	75.1	4	23.0	2
1506.822	32.00	2.82	90.16	8.07	8.25	66.59	73.9	4	23.0	2
1506.967	30.61	2.97	90.87	7.97	8.46	67.45	74.2	4	24.0	2
1507.027	30.46	3.00	91.25	8.04	8.42	67.64	74.1	4	25.0	2
1507.131	30.90	2.95	91.08	8.17	8.31	67.90	74.5	4	23.0	2
1507.276	31.94	2.84	90.69	8.13	8.41	68.33	75.3	4	22.0	2
1507.336	32.62	2.76	89.87	8.04	8.30	66.78	74.3	4	22.0	2
1507.440	31.62	2.87	90.65	8.06	8.24	66.42	73.3	4	25.0	2
1507.585	32.78	2.73	89.55	7.98	8.36	66.68	74.5	4	21.5	2
1507.645	32.60	2.75	89.69	8.01	8.30	66.50	74.1	4	24.0	2
1507.749	31.22	2.88	90.02	8.01	8.46	67.75	75.3	4	22.5	2
1507.894	32.35	2.79	90.19	8.08	8.26	66.75	74.0	4	24.0	2
1507.954	30.94	2.92	90.33	7.99	8.42	67.31	74.5	4	24.5	2
1508.058	31.52	2.87	90.48	8.03	8.36	67.16	74.2	4	22.5	2
1508.203	31.16	2.89	89.98	8.02	8.37	67.11	74.6	4	25.5	2
1508.263	29.75	2.99	88.93	7.98	8.40	67.01	75.4	4	25.0	2
1508.367	30.63	2.93	89.64	7.99	8.38	67.00	74.7	4	22.0	2
1508.512	30.68	2.94	90.26	8.02	8.45	67.81	75.1	4	25.0	2
1508.572	30.45	2.97	90.39	8.02	8.36	67.09	74.2	4	23.5	2
1508.676	31.41	2.88	90.56	8.03	8.51	68.32	75.4	4	23.5	2
1508.821	31.66	2.87	90.97	8.10	8.36	67.69	74.4	4	24.0	2
1508.881	32.10	2.83	90.69	8.07	8.36	67.45	74.4	4	22.5	2
1508.985	30.99	2.93	90.71	8.07	8.40	67.76	74.7	4	24.5	2
1509.130	31.38	2.89	90.82	8.14	8.32	67.68	74.5	4	24.0	2
1509.190	30.72	2.96	90.95	8.12	8.41	68.27	75.1	4	23.5	2
1509.294	31.68	2.87	90.87	8.10	8.36	67.67	74.5	4	24.0	2
1509.439	31.26	2.93	91.68	8.13	8.36	68.02	74.2	4	22.0	2
1509.499	31.61	2.86	90.27	8.16	8.29	67.62	74.9	4	23.5	2
1509.603	31.55	2.88	90.72	8.14	8.38	68.21	75.2	4	24.5	2
1509.748	30.24	3.00	90.58	8.18	8.44	69.07	76.3	4	24.5	2
1509.808	31.08	2.91	90.51	8.20	8.25	67.64	74.7	4	22.5	2
1509.912	31.51	2.87	90.55	8.20	8.28	67.88	75.0	4	24.0	2
1510.057	31.71	2.88	91.35	8.17	8.21	67.11	73.5	4	22.5	2
1510.117	32.02	2.84	90.78	8.10	8.31	67.29	74.1	4	24.0	2
1510.221	31.08	2.92	90.91	8.03	8.54	68.61	75.5	4	23.5	2
1510.366	31.24	2.93	91.52	8.10	8.48	68.70	75.1	4	22.5	2
1510.426	31.38	2.91	91.42	8.05	8.58	69.08	75.6	4	24.5	2
1510.530	30.81	2.96	91.19	8.10	8.49	68.81	75.5	4	22.5	2
1510.675	32.26	2.81	90.59	8.02	8.50	68.20	75.3	4	23.5	2
1510.735	31.61	2.87	90.73	8.06	8.56	68.96	76.0	4	24.5	2
1510.839	30.36	2.99	90.74	8.11	8.44	68.39	75.4	4	25.0	2
1510.984	31.35	2.92	91.42	8.08	8.51	68.81	75.3	4	23.0	2
1511.044	31.99	2.85	91.01	8.11	8.44	68.48	75.2	4	23.0	2
1511.148	32.48	2.79	90.60	8.11	8.44	68.46	75.6	4	23.0	2
1511.293	31.37	2.91	91.41	8.20	8.41	68.91	75.4	4	24.5	2
1511.353	31.46	2.90	91.12	8.16	8.39	68.53	75.2	4	22.5	2
1511.457	30.61	2.95	90.24	8.09	8.36	67.62	74.9	4	24.5	2
1511.602	30.72	2.95	90.48	8.13	8.28	67.33	74.4	4	23.0	2
1511.662	31.20	2.89	90.26	8.17	8.27	67.64	74.9	4	23.0	2
1511.766	31.07	2.91	90.35	8.17	8.24	67.30	74.5	4	24.0	2
1511.911	31.16	2.93	91.18	8.16	8.29	67.68	74.2	4	23.5	2
1511.971	31.35	2.90	90.85	8.18	8.41	68.80	75.7	4	23.0	2
1512.075	31.20	2.93	91.40	8.11	8.44	68.47	74.9	4	24.0	2
1512.220	31.64	2.91	92.01	8.01	8.52	68.28	74.2	4	23.0	2
1512.280	32.00	2.87	91.77	8.08	8.40	67.91	74.0	4	23.5	2
1512.384	31.27	2.92	91.20	8.15	8.35	68.11	74.7	4	23.5	2
1512.529	31.58	2.90	91.51	8.14	8.57	69.77	76.2	4	24.0	2
1512.589	31.46	2.90	91.19	8.16	8.40	68.56	75.2	4	23.5	2
1512.693	32.16	2.84	91.23	8.21	8.17	67.04	73.5	4	23.5	2
1512.838	31.03	2.96	91.77	8.17	8.46	69.10	75.3	4	23.0	2
1512.898	31.20	2.93	91.39	8.19	8.28	67.83	74.2	4	24.5	2
1513.002	31.52	2.89	91.25	8.23	8.29	68.19	74.7	4	23.5	2
1513.147	32.06	2.84	90.90	8.14	8.38	68.23	75.1	4	23.5	2
1513.207	31.72	2.88	91.19	8.17	8.27	67.61	74.1	4	24.0	2
1513.311	30.43	2.98	90.59	8.14	8.33	67.80	74.8	4	24.5	2
1513.456	30.87	2.95	91.17	8.25	8.34	68.79	75.5	4	24.5	2
1513.516	31.14	2.91	90.66	8.18	8.33	68.17	75.2	4	22.5	2
1513.620	32.11	2.81	90.12	8.13	8.33	67.69	75.1	4	22.5	2
1513.765	31.62	2.85	90.04	8.08	8.46	68.33	75.9	4	24.5	2
1513.825	30.30	2.97	90.06	8.04	8.39	67.48	74.9	4	24.5	2
1513.929	29.50	3.05	89.95	8.01	8.41	67.37	74.9	4	23.5	2
1514.074	31.70	2.86	90.81	8.07	8.41	67.88	74.7	4	23.5	2
1514.134	31.46	2.88	90.74	8.10	8.45	68.48	75.5	4	23.0	2
1514.238	31.12	2.92	90.98	8.20	8.27	67.82	74.5	4	24.0	2
1514.383	31.59	2.88	91.10	8.20	8.32	68.25	74.9	4	23.5	2
1514.443	31.28	2.91	91.14	8.17	8.40	68.68	75.4	4	23.5	2
1514.547	30.67	2.96	90.66	8.16	8.25	67.35	74.3	4	24.5	2
1514.692	31.42	2.91	91.40	8.20	8.32	68.23	74.7	4	23.0	2
1514.752	31.53	2.91	91.60	8.19	8.27	67.72	73.9	4	24.5	2
1514.856	31.66	2.88	91.24	8.23	8.31	68.36	74.9	4	24.5	2
1515.001	31.09	2.94	91.29	8.18	8.29	67.81	74.3	4	23.0	2
1515.061	31.50	2.89	91.11	8.17	8.34	68.14	74.8	4	24.0	2
1515.165	31.12	2.92	90.79	8.12	8.40	68.25	75.2	4	24.0	2
1515.310	30.72	2.94	90.27	8.14	8.35	67.95	75.3	4	23.5	2
1515.370	30.42	2.95	89.76	8.18	8.11	66.37	73.9	4	24.5	2
1515.474	31.67	2.83	89.59	8.12	8.22	66.73	74.5	4	22.0	2
1515.619	30.74	2.95	90.82	8.11	8.38	67.96	74.8	4	23.5	2
1515.679	30.95	2.93	90.72	8.09	8.55	69.22	76.3	4	24.0	2
1515.783	30.89	2.95	90.98	8.13	8.36	67.94	74.7	4	23.5	2
1515.928	31.64	2.87	90.88	8.15	8.29	67.56	74.3	4	23.0	2
1515.988	32.14	2.81	90.43	8.14	8.23	67.01	74.1	4	23.0	2
1516.092	32.49	2.77	90.09	8.10	8.31	67.29	74.7	4	23.5	2
1516.237	31.01	2.93	90.86	8.10	8.32	67.35	74.1	4	24.5	2
1516.297	31.17	2.91	90.65	8.13	8.24	66.99	73.9	4	22.5	2
1516.401	30.66	2.95	90.50	8.04	8.44	67.86	75.0	4	25.0	2
1516.546	31.29	2.88	90.15	8.07	8.40	67.80	75.2	4	22.5	2
1516.606	31.50	2.86	90.20	8.08	8.46	68.37	75.8	4	24.0	2
1516.710	31.59	2.84	89.81	8.20	8.16	66.84	74.4	4	25.0	2
1516.855	31.05	2.90	90.05	8.16	8.24	67.24	74.7	4	22.5	2
1516.915	31.93	2.80	89.34	8.10	8.22	66.54	74.5	4	21.5	2
1517.019	32.68	2.73	89.07	8.10	8.18	66.25	74.4	4	24.5	2
1517.164	29.75	3.00	89.27	8.03	8.32	66.79	74.8	4	24.0	2
1517.224	30.81	2.92	90.13	8.00	8.36	66.94	74.3	4	22.0	2
1517.328	32.11	2.79	89.42	8.02	8.34	66.85	74.8	4	23.5	2
1517.473	31.34	2.91	91.17	8.06	8.35	67.28	73.8	4	22.0	2
1517.533	31.52	2.87	90.36	8.03	8.49	68.17	75.4	4	24.0	2
1517.637	32.01	2.81	90.05	8.02	8.32	66.78	74.2	4	22.5	2
1517.782	30.52	2.95	89.90	8.05	8.37	67.37	74.9	4	25.0	2
1517.842	30.51	2.95	90.09	8.07	8.43	68.01	75.5	4	24.0	2
1517.946	31.26	2.90	90.56	8.09	8.21	66.43	73.4	4	22.0	2
1518.091	31.42	2.89	90.94	8.06	8.36	67.44	74.2	4	22.5	2
1518.151	31.11	2.91	90.45	8.07	8.48	68.43	75.6	4	24.0	2
1518.255	31.51	2.87	90.57	8.12	8.48	68.84	76.0	4	23.5	2
1518.400	30.62	2.98	91.23	8.18	8.23	67.26	73.7	4	25.5	2
1518.460	29.85	3.03	90.51	8.17	8.12	66.35	73.3	4	24.5	2
1518.564	30.63	2.95	90.40	8.10	8.21	66.56	73.6	4	23.0	2
1518.709	31.46	2.88	90.65	8.08	8.38	67.68	74.7	4	24.0	2
1518.769	30.94	2.93	90.71	8.11	8.44	68.45	75.5	4	24.0	2
1518.873	31.00	2.93	90.84	8.17	8.31	67.93	74.8	4	23.5	2
1519.018	31.95	2.84	90.76	8.14	8.26	67.21	74.1	4	23.0	2
1519.078	31.35	2.89	90.55	8.13	8.36	68.00	75.1	4	24.0	2
1519.182	31.01	2.93	90.81	8.13	8.35	67.91	74.8	4	24.0	2
1519.327	31.68	2.87	90.87	8.21	8.20	67.35	74.1	4	22.5	2
1519.387	31.69	2.87	90.95	8.17	8.25	67.35	74.1	4	24.0	2
1519.491	31.34	2.89	90.65	8.20	8.21	67.33	74.3	4	23.5	2
1519.636	30.84	2.92	90.15	8.11	8.40	68.15	75.6	4	24.5	2
1519.696	30.75	2.93	89.93	8.20	8.24	67.54	75.1	4	22.5	2
1519.800	32.53	2.72	88.53	8.08	8.12	65.61	74.1	4	22.0	2
1519.945	30.79	2.91	89.73	8.06	8.39	67.69	75.4	4	23.5	2
1520.005	30.92	2.92	90.43	8.11	8.32	67.52	74.7	4	23.0	2
1520.109	30.41	2.96	90.09	8.07	8.38	67.64	75.1	4	24.0	2
1520.254	31.41	2.90	91.05	8.12	8.41	68.28	75.0	4	23.0	2
1520.314	31.74	2.86	90.64	8.14	8.31	67.70	74.7	4	24.0	2
1520.418	30.54	2.97	90.68	8.14	8.19	66.64	73.5	4	24.0	2
1520.563	30.98	2.93	90.90	8.02	8.48	68.04	74.8	4	23.5	2
1520.623	31.78	2.85	90.51	8.10	8.35	67.61	74.7	4	23.0	2
1520.727	32.17	2.81	90.40	8.08	8.40	67.85	75.1	4	23.5	2
1520.872	31.04	2.92	90.57	8.06	8.32	67.02	74.0	4	24.0	2
1520.932	30.45	2.96	90.24	8.08	8.32	67.18	74.4	4	24.0	2
1521.036	31.42	2.88	90.34	8.02	8.56	68.64	76.0	4	23.5	2
1521.181	31.00	2.93	90.69	8.08	8.45	68.27	75.3	4	24.0	2
1521.241	31.15	2.92	90.82	8.13	8.39	68.16	75.1	4	23.5	2
1521.345	31.92	2.85	90.80	8.09	8.40	67.96	74.8	4	23.5	2
1521.490	31.73	2.88	91.24	8.07	8.36	67.47	73.9	4	22.5	2
1521.550	31.58	2.88	90.93	8.03	8.40	67.51	74.2	4	23.0	2
1521.654	31.31	2.91	91.24	8.04	8.48	68.20	74.8	4	24.0	2
1521.799	31.36	2.91	91.17	8.09	8.53	69.01	75.7	4	23.5	2
1521.859	31.11	2.92	90.93	8.09	8.42	68.11	74.9	4	23.5	2
1521.963	31.61	2.87	90.67	8.09	8.52	68.89	76.0	4	23.5	2
1522.108	30.82	2.94	90.71	8.11	8.36	67.81	74.8	4	24.0	2
1522.168	31.51	2.89	91.14	8.11	8.35	67.72	74.3	4	22.5	2
1522.272	32.46	2.78	90.20	8.07	8.44	68.11	75.5	4	23.0	2
1522.417	31.48	2.90	91.16	8.09	8.28	67.02	73.5	4	22.5	2
1522.477	31.40	2.89	90.68	8.13	8.26	67.10	74.0	4	23.0	2
1522.581	31.54	2.91	91.67	8.11	8.42	68.25	74.5	4	24.5	2
1522.726	30.49	3.00	91.46	8.11	8.39	68.06	74.4	4	23.5	2
1522.786	31.11	2.93	91.04	8.12	8.36	67.88	74.6	4	23.0	2
1522.890	32.14	2.82	90.63	8.11	8.24	66.83	73.7	4	23.5	2
1523.035	30.60	2.97	90.88	8.07	8.38	67.59	74.4	4	24.5	2
1523.095	31.10	2.92	90.78	8.04	8.46	68.06	75.0	4	23.0	2
1523.199	31.25	2.91	90.89	8.13	8.35	67.87	74.7	4	23.5	2
1523.344	32.65	2.75	89.64	8.09	8.20	66.30	74.0	4	23.0	2
1523.404	31.40	2.87	90.12	7.99	8.41	67.17	74.5	4	24.5	2
1523.508	31.44	2.89	90.73	8.11	8.36	67.85	74.8	4	23.0	2
1523.653	31.51	2.89	91.15	8.12	8.30	67.35	73.9	4	23.0	2
1523.713	31.27	2.93	91.49	8.06	8.40	67.76	74.1	4	24.0	2
1523.817	31.44	2.90	91.25	8.11	8.33	67.59	74.1	4	23.0	2
1523.962	31.45	2.90	91.25	8.16	8.27	67.47	73.9	4	23.5	2
1524.022	31.18	2.93	91.21	8.12	8.27	67.20	73.7	4	24.5	2
1524.126	31.87	2.86	91.05	8.04	8.47	68.10	74.8	4	22.5	2
1524.271	30.74	2.95	90.57	8.04	8.44	67.83	74.9	4	24.5	2
1524.331	30.14	3.00	90.44	7.99	8.39	67.00	74.1	4	23.5	2
1524.435	32.00	2.82	90.29	7.98	8.27	65.98	73.1	4	22.5	2
1524.580	30.04	2.99	89.83	7.96	8.41	66.90	74.5	4	25.0	2
1524.640	29.66	3.02	89.63	7.95	8.40	66.73	74.5	4	24.0	2
1524.744	31.14	2.91	90.69	7.97	8.38	66.75	73.6	4	22.0	2
1524.889	31.16	2.90	90.48	8.05	8.34	67.14	74.2	4	22.5	2
1524.949	31.89	2.82	90.06	8.05	8.28	66.66	74.0	4	23.5	2
1525.053	31.62	2.87	90.60	8.05	8.30	66.81	73.7	4	23.0	2
1525.198	31.63	2.89	91.34	8.06	8.52	68.64	75.1	4	24.5	2
1525.258	31.09	2.94	91.51	8.07	8.52	68.78	75.2	4	23.5	2
1525.362	32.01	2.85	91.10	8.13	8.29	67.33	73.9	4	23.5	2
1525.507	30.69	2.98	91.48	8.13	8.28	67.31	73.6	4	24.5	2
1525.567	30.68	2.96	90.91	8.09	8.40	67.96	74.8	4	24.0	2
1525.671	30.08	3.00	90.10	8.01	8.42	67.41	74.8	4	24.0	2
1525.816	32.05	2.84	90.97	7.99	8.52	68.02	74.8	4	22.0	2
1525.876	32.25	2.82	90.89	7.98	8.56	68.36	75.2	4	23.5	2
1525.980	30.85	2.95	90.87	8.08	8.36	67.56	74.4	4	25.0	2
1526.125	31.72	2.86	90.78	8.10	8.23	66.70	73.5	4	22.5	2
1526.185	32.36	2.79	90.36	7.99	8.33	66.53	73.6	4	23.0	2
1526.289	31.22	2.92	91.04	8.05	8.33	67.11	73.7	4	24.0	2
1526.434	31.58	2.89	91.16	7.98	8.38	66.93	73.4	4	22.5	2
1526.494	31.36	2.90	90.88	7.97	8.50	67.72	74.5	4	24.0	2
1526.598	30.84	2.96	91.25	8.00	8.42	67.34	73.8	4	23.5	2
1526.743	31.63	2.88	91.15	7.96	8.51	67.73	74.3	4	22.0	2
1526.803	31.88	2.85	90.76	8.01	8.51	68.16	75.1	4	23.0	2
1526.907	31.12	2.92	90.90	8.01	8.44	67.66	74.4	4	23.5	2
1527.052	30.80	2.97	91.61	8.03	8.49	68.25	74.5	4	24.0	2
1527.112	31.37	2.92	91.53	8.06	8.45	68.11	74.4	4	23.5	2
1527.216	31.63	2.90	91.64	8.06	8.46	68.18	74.4	4	22.5	2
1527.361	31.85	2.87	91.27	7.97	8.52	67.91	74.4	4	23.5	2
1527.421	31.58	2.89	91.41	8.03	8.49	68.20	74.6	4	23.0	2
1527.525	31.94	2.86	91.50	8.03	8.48	68.11	74.4	4	23.0	2
1527.670	30.78	2.98	91.71	8.03	8.52	68.43	74.6	4	24.0	2
1527.730	30.70	2.97	91.19	8.03	8.46	67.90	74.5	4	23.5	2
1527.834	31.62	2.89	91.35	8.03	8.44	67.75	74.2	4	24.0	2
1527.979	30.65	2.97	90.88	7.93	8.59	68.17	75.0	4	23.5	2
1528.039	31.46	2.88	90.69	8.02	8.44	67.72	74.7	4	23.0	2
1528.143	30.64	2.99	91.49	7.98	8.53	68.11	74.4	4	24.0	2
1528.288	31.88	2.85	90.98	8.01	8.46	67.81	74.5	4	22.5	2
1528.348	32.28	2.82	91.12	8.08	8.41	67.93	74.5	4	23.0	2
1528.452	32.28	2.83	91.36	8.05	8.41	67.74	74.1	4	23.5	2
1528.597	30.24	2.99	90.37	8.00	8.38	67.06	74.2	4	23.5	2
1528.657	31.18	2.91	90.80	7.99	8.51	67.99	74.9	4	22.5	2
1528.761	31.38	2.90	91.00	7.97	8.49	67.68	74.4	4	23.0	2
1528.906	31.87	2.86	91.15	8.00	8.47	67.74	74.3	4	22.0	2
1528.966	31.77	2.86	90.95	7.98	8.42	67.19	73.9	4	23.5	2
1529.070	30.72	2.96	90.98	7.98	8.42	67.14	73.8	4	23.0	2
1529.215	30.92	2.96	91.61	7.96	8.47	67.44	73.6	4	22.5	2
1529.275	31.29	2.92	91.35	7.99	8.43	67.32	73.7	4	23.5	2
1529.379	30.99	2.95	91.41	8.06	8.43	67.91	74.3	4	23.0	2
1529.524	30.83	2.97	91.53	8.06	8.46	68.20	74.5	4	24.0	2
1529.584	30.75	2.97	91.23	8.06	8.34	67.18	73.6	4	24.5	2
1529.688	31.09	2.94	91.46	7.97	8.56	68.21	74.6	4	24.5	2
1529.833	31.42	2.91	91.50	8.00	8.55	68.44	74.8	4	22.0	2
1529.893	32.16	2.81	90.35	8.03	8.35	67.04	74.2	4	23.0	2
1529.997	31.18	2.91	90.68	8.05	8.41	67.71	74.7	4	24.0	2
1530.142	31.81	2.89	91.80	8.04	8.49	68.25	74.3	4	24.5	2
1530.202	30.96	2.95	91.24	8.11	8.34	67.65	74.2	4	24.0	2
1530.306	31.79	2.87	91.15	8.02	8.41	67.40	73.9	4	22.5	2
1530.451	31.74	2.88	91.30	8.05	8.43	67.86	74.3	4	25.0	2
1530.511	30.72	2.95	90.75	8.10	8.28	67.08	73.9	4	24.0	2
1530.615	30.53	2.98	90.98	8.03	8.42	67.64	74.3	4	23.0	2
1530.760	32.37	2.79	90.27	8.00	8.36	66.87	74.1	4	22.5	2
1530.820	31.57	2.87	90.48	8.02	8.32	66.79	73.8	4	24.0	2
1530.924	30.37	2.98	90.60	7.97	8.45	67.33	74.3	4	24.0	2
1531.069	31.92	2.85	90.95	7.96	8.49	67.55	74.3	4	24.0	2
1531.129	31.49	2.90	91.39	8.00	8.39	67.10	73.4	4	22.5	2
1531.233	31.17	2.93	91.22	7.95	8.49	67.55	74.0	4	23.5	2
1531.378	31.26	2.91	91.08	8.02	8.44	67.69	74.3	4	24.0	2
1531.438	31.69	2.86	90.67	7.98	8.47	67.62	74.6	4	22.0	2
1531.542	32.04	2.82	90.44	7.99	8.42	67.30	74.4	4	24.0	2
1531.687	31.13	2.95	91.69	8.00	8.44	67.55	73.7	4	25.0	2
1531.747	30.64	2.98	91.30	8.07	8.49	68.50	75.0	4	23.5	2
1531.851	31.30	2.91	91.22	8.04	8.47	68.03	74.6	4	22.5	2
1531.996	30.92	2.95	91.23	8.05	8.46	68.11	74.7	4	24.0	2
1532.056	30.81	2.97	91.53	8.10	8.36	67.70	74.0	4	23.5	2
1532.160	31.18	2.94	91.72	8.03	8.49	68.17	74.3	4	24.0	2
1532.305	31.54	2.91	91.84	8.10	8.33	67.52	73.5	4	25.5	2
1532.365	30.50	2.98	90.83	8.05	8.35	67.23	74.0	4	24.5	2
1532.469	30.94	2.93	90.80	8.04	8.42	67.65	74.5	4	23.5	2
1532.614	31.47	2.89	90.86	8.06	8.33	67.08	73.8	4	23.0	2
1532.674	32.07	2.84	91.03	8.02	8.40	67.30	73.9	4	23.0	2
1532.778	31.17	2.93	91.46	8.07	8.38	67.56	73.9	4	23.0	2
1532.923	31.31	2.90	90.71	8.06	8.44	68.06	75.0	4	24.0	2
1532.983	30.88	2.95	91.03	8.04	8.41	67.66	74.3	4	24.0	2
1533.087	31.65	2.86	90.40	7.94	8.59	68.20	75.4	4	22.5	2
1533.232	31.40	2.90	91.08	8.03	8.33	66.91	73.5	4	24.5	2
1533.292	30.75	2.95	90.57	8.04	8.33	66.93	73.9	4	24.0	2
1533.396	31.53	2.85	89.98	8.00	8.42	67.38	74.9	4	22.5	2
1533.541	30.83	2.93	90.24	7.93	8.42	66.74	74.0	4	24.0	2
1533.601	31.63	2.88	91.04	7.93	8.58	68.10	74.8	4	23.0	2
1533.705	31.80	2.85	90.47	8.00	8.43	67.40	74.5	4	23.5	2
1533.850	31.25	2.91	90.86	7.97	8.46	67.44	74.2	4	24.0	2
1533.910	31.27	2.90	90.55	8.04	8.39	67.44	74.5	4	24.0	2
1534.014	30.52	2.97	90.73	8.04	8.41	67.60	74.5	4	23.0	2
1534.159	32.10	2.81	90.21	7.93	8.42	66.75	74.0	4	21.5	2
1534.219	32.68	2.72	88.88	7.97	8.28	65.98	74.2	4	23.0	2
1534.323	30.34	2.94	89.06	7.91	8.24	65.14	73.1	4	24.5	2
1534.468	32.51	2.73	88.70	7.99	8.30	66.31	74.8	4	22.5	2
1534.528	31.54	2.85	89.82	8.00	8.26	66.07	73.6	4	25.0	2
1534.632	31.08	2.90	90.08	7.92	8.45	66.96	74.3	4	21.5	2
1534.777	32.29	2.79	90.13	7.96	8.42	67.05	74.4	4	24.0	2
1534.837	32.21	2.81	90.52	7.95	8.38	66.62	73.6	4	22.5	2
1534.941	32.29	2.82	90.94	8.02	8.44	67.68	74.4	4	24.5	2
1535.086	30.88	2.95	91.14	7.99	8.50	67.86	74.5	4	23.0	2
1535.146	31.78	2.86	90.87	7.95	8.53	67.83	74.6	4	23.0	2
1535.250	31.96	2.84	90.92	8.02	8.36	67.05	73.7	4	22.5	2
1535.395	30.99	2.93	90.85	8.03	8.50	68.25	75.1	4	22.5	2
1535.455	31.32	2.89	90.37	7.99	8.56	68.39	75.7	4	23.0	2
1535.559	31.51	2.87	90.39	8.06	8.45	68.13	75.4	4	23.5	2
1535.704	31.67	2.87	90.98	8.08	8.34	67.38	74.1	4	25.0	2
1535.764	30.17	2.98	89.99	7.93	8.32	65.96	73.3	4	24.5	2
1535.868	31.77	2.83	89.92	7.96	8.47	67.46	75.0	4	23.0	2
1536.013	30.44	2.97	90.37	8.03	8.33	66.83	74.0	4	23.5	2
1536.073	31.09	2.93	91.18	7.97	8.42	67.10	73.6	4	22.5	2
1536.177	32.35	2.78	90.06	7.95	8.36	66.43	73.8	4	22.5	2
1536.322	32.74	2.74	89.85	7.97	8.27	65.91	73.4	4	22.5	2
1536.382	32.36	2.78	90.07	7.89	8.42	66.47	73.8	4	24.0	2
1536.486	30.36	2.96	89.80	7.96	8.34	66.34	73.9	4	23.5	2
1536.631	31.93	2.82	90.19	7.95	8.36	66.48	73.7	4	22.5	2
1536.691	32.02	2.83	90.69	7.94	8.46	67.17	74.1	4	24.0	2
1536.795	30.84	2.94	90.63	8.03	8.36	67.12	74.1	4	23.0	2
1536.940	31.96	2.83	90.31	8.04	8.29	66.64	73.8	4	24.5	2
1537.000	30.42	2.95	89.73	7.93	8.41	66.70	74.3	4	24.5	2
1537.104	30.48	2.95	90.07	7.98	8.34	66.53	73.9	4	23.0	2
1537.249	31.96	2.84	90.63	8.00	8.26	66.13	73.0	4	24.5	2
1537.309	30.66	2.94	90.17	7.99	8.36	66.82	74.1	4	25.0	2
1537.413	30.70	2.95	90.68	8.01	8.45	67.64	74.6	4	23.0	2
1537.558	31.13	2.94	91.48	7.97	8.53	67.95	74.3	4	23.0	2
1537.618	31.76	2.88	91.60	7.97	8.59	68.42	74.7	4	23.5	2
1537.722	31.78	2.87	91.22	8.05	8.43	67.80	74.3	4	23.5	2
1537.867	31.85	2.85	90.86	8.04	8.41	67.66	74.5	4	24.5	2
1537.927	31.37	2.88	90.46	8.00	8.47	67.75	74.9	4	23.5	2
1538.031	30.76	2.95	90.64	8.05	8.58	69.02	76.1	4	25.0	2
1538.176	32.05	2.81	90.03	8.06	8.31	66.94	74.3	4	22.5	2
1538.236	31.66	2.85	90.28	8.08	8.25	66.61	73.8	4	25.0	2
1538.340	31.83	2.83	90.16	8.00	8.41	67.22	74.6	4	23.0	2
1538.485	30.86	2.92	90.19	7.97	8.51	67.81	75.2	4	24.0	2
1538.545	31.35	2.88	90.37	7.97	8.46	67.37	74.6	4	22.5	2
1538.649	31.99	2.84	90.98	8.01	8.39	67.25	73.9	4	23.0	2
1538.794	31.53	2.89	91.16	8.04	8.37	67.29	73.8	4	23.5	2
1538.854	31.12	2.94	91.46	8.01	8.41	67.37	73.7	4	23.5	2
1538.958	31.26	2.92	91.28	8.06	8.38	67.59	74.0	4	23.0	2
1539.103	31.97	2.83	90.54	8.02	8.45	67.71	74.8	4	22.0	2
1539.163	32.24	2.80	90.27	7.99	8.45	67.50	74.8	4	24.0	2
1539.267	30.72	2.94	90.36	7.94	8.52	67.61	74.8	4	23.5	2
1539.412	32.09	2.83	90.86	8.08	8.37	67.60	74.4	4	23.5	2
1539.472	31.31	2.90	90.87	8.10	8.30	67.22	74.0	4	23.5	2
1539.576	30.87	2.95	91.04	8.05	8.41	67.72	74.4	4	23.0	2
1539.721	30.87	2.96	91.33	8.06	8.47	68.23	74.7	4	24.5	2
1539.781	31.43	2.91	91.48	8.12	8.35	67.78	74.1	4	23.0	2
1539.885	31.78	2.88	91.50	8.08	8.46	68.32	74.7	4	23.5	2
1540.030	31.47	2.89	91.09	8.05	8.48	68.27	74.9	4	22.5	2
1540.090	31.95	2.85	90.97	8.02	8.55	68.55	75.4	4	23.0	2
1540.194	31.51	2.88	90.85	8.05	8.45	68.07	74.9	4	23.5	2
1540.339	31.14	2.92	90.90	8.17	8.31	67.87	74.7	4	23.5	2
1540.399	30.75	2.95	90.65	8.13	8.27	67.25	74.2	4	24.0	2
1540.503	31.96	2.81	89.89	8.05	8.36	67.34	74.9	4	23.0	2
1540.648	31.21	2.93	91.39	8.08	8.39	67.79	74.2	4	23.5	2
1540.708	30.93	2.95	91.18	8.08	8.31	67.12	73.6	4	24.0	2
1540.812	31.98	2.83	90.41	8.03	8.39	67.35	74.5	4	23.0	2
1540.957	31.00	2.93	90.76	8.08	8.32	67.22	74.1	4	23.5	2
1541.017	31.00	2.93	90.92	8.07	8.30	67.00	73.7	4	24.0	2
1541.121	29.90	3.02	90.27	8.02	8.38	67.25	74.5	4	24.0	2
1541.266	30.56	2.97	90.79	8.03	8.47	67.98	74.9	4	24.0	2
1541.326	30.70	2.97	91.14	8.06	8.32	67.09	73.6	4	24.0	2
1541.430	31.54	2.89	91.11	8.02	8.52	68.37	75.0	4	23.0	2
1541.575	32.11	2.85	91.42	7.98	8.50	67.82	74.2	4	23.5	2
1541.635	32.19	2.82	90.85	8.06	8.47	68.26	75.1	4	23.5	2
1541.739	31.09	2.93	91.03	8.05	8.35	67.25	73.9	4	24.5	2
1541.884	31.04	2.94	91.21	8.05	8.41	67.70	74.2	4	24.5	2
1541.944	31.24	2.90	90.73	8.12	8.32	67.53	74.4	4	23.0	2
1542.048	31.08	2.93	91.02	8.13	8.29	67.34	74.0	4	23.0	2
1542.193	31.03	2.93	90.93	8.05	8.32	66.99	73.7	4	24.0	2
1542.253	30.92	2.94	90.83	8.05	8.44	67.95	74.8	4	23.0	2
1542.357	32.07	2.83	90.70	8.06	8.24	66.43	73.2	4	22.5	2
1542.502	31.25	2.91	91.00	8.04	8.45	67.96	74.7	4	24.0	2
1542.562	30.70	2.97	91.20	8.00	8.55	68.37	75.0	4	24.5	2
1542.666	31.40	2.89	90.79	8.07	8.35	67.37	74.2	4	22.5	2
1542.811	32.22	2.81	90.64	8.02	8.30	66.54	73.4	4	22.0	2
1542.871	32.62	2.74	89.53	8.02	8.23	66.07	73.8	4	23.0	2
1542.975	30.63	2.94	90.09	7.99	8.23	65.77	73.0	4	24.5	2
1543.120	30.89	2.93	90.49	7.98	8.42	67.17	74.2	4	22.5	2
1543.180	31.36	2.90	91.05	7.98	8.48	67.66	74.3	4	23.5	2
1543.284	30.73	2.97	91.15	7.96	8.60	68.43	75.1	4	23.0	2
1543.429	31.20	2.92	91.22	8.07	8.38	67.64	74.2	4	23.0	2
1543.489	31.38	2.89	90.83	8.02	8.45	67.75	74.6	4	23.0	2
1543.593	31.17	2.92	90.92	8.00	8.49	67.96	74.7	4	24.0	2
1543.738	31.20	2.91	90.88	8.00	8.52	68.18	75.0	4	24.5	2
1543.798	30.91	2.94	90.90	7.93	8.63	68.49	75.3	4	23.0	2
1543.902	31.47	2.89	90.89	8.01	8.48	67.93	74.7	4	23.5	2
1544.047	32.60	2.73	89.16	7.99	8.46	67.56	75.8	4	23.0	2
1544.107	32.73	2.74	89.56	8.04	8.33	66.95	74.7	4	22.5	2
1544.211	31.54	2.86	90.28	8.07	8.28	66.81	74.0	4	23.0	2
1544.356	32.19	2.79	89.85	7.99	8.44	67.41	75.0	4	24.0	2
1544.416	30.99	2.91	90.21	8.01	8.46	67.71	75.1	4	24.5	2
1544.520	31.41	2.86	89.88	7.99	8.44	67.38	75.0	4	23.0	2
1544.665	31.38	2.89	90.82	8.07	8.39	67.68	74.5	4	22.5	2
1544.725	32.17	2.81	90.35	8.07	8.30	66.90	74.0	4	23.0	2
1544.829	30.91	2.93	90.70	8.00	8.43	67.46	74.4	4	25.5	2
1544.974	31.45	2.88	90.65	8.05	8.30	66.81	73.7	4	23.0	2
1545.034	31.98	2.83	90.55	8.06	8.24	66.46	73.4	4	24.0	2
1545.138	31.18	2.90	90.56	8.03	8.49	68.18	75.3	4	23.0	2
1545.283	30.99	2.94	91.19	8.04	8.38	67.38	73.9	4	23.5	2
1545.343	30.68	2.96	90.83	8.08	8.44	68.15	75.0	4	23.5	2
1545.447	31.01	2.91	90.24	8.09	8.34	67.48	74.8	4	22.5	2
1545.592	31.27	2.87	89.69	7.93	8.48	67.20	74.9	4	24.5	2
1545.652	30.66	2.94	90.04	8.01	8.41	67.39	74.9	4	23.5	2
1545.756	31.60	2.88	90.91	7.99	8.38	66.96	73.7	4	22.5	2
1545.901	31.87	2.86	91.22	7.87	8.58	67.58	74.1	4	23.5	2
1545.961	32.04	2.85	91.25	7.93	8.59	68.17	74.7	4	24.0	2
1546.065	30.93	2.93	90.66	8.07	8.31	67.04	73.9	4	23.0	2
1546.210	32.60	2.75	89.76	7.98	8.28	66.07	73.6	4	22.0	2
1546.270	32.06	2.81	90.08	7.99	8.33	66.62	74.0	4	24.0	2
1546.374	30.67	2.94	90.09	8.05	8.39	67.57	75.0	4	24.0	2
1546.519	31.84	2.84	90.36	7.99	8.31	66.46	73.6	4	22.5	2
1546.579	32.67	2.73	89.35	7.95	8.31	66.07	73.9	4	22.5	2
1546.683	31.27	2.90	90.66	7.92	8.56	67.84	74.8	4	23.5	2
1546.828	31.21	2.93	91.45	8.05	8.34	67.15	73.4	4	23.0	2
1546.888	31.77	2.86	90.90	8.02	8.36	67.05	73.8	4	22.0	2
1546.992	32.40	2.75	89.23	7.94	8.38	66.52	74.5	4	23.0	2
1547.137	30.77	2.94	90.39	7.94	8.52	67.68	74.9	4	23.0	2
1547.197	31.65	2.84	89.97	7.98	8.37	66.78	74.2	4	22.5	2
1547.301	30.86	2.92	90.07	8.02	8.35	66.92	74.3	4	25.0	2
1547.446	31.00	2.93	90.89	7.90	8.62	68.11	74.9	4	22.0	2
1547.506	31.98	2.81	89.73	7.93	8.49	67.35	75.1	4	22.5	2
1547.610	32.50	2.75	89.26	7.97	8.39	66.84	74.9	4	24.0	2
1547.755	29.97	2.98	89.29	7.92	8.49	67.21	75.3	4	25.0	2
1547.815	30.51	2.95	89.90	7.99	8.40	67.15	74.7	4	22.5	2
1547.919	31.83	2.82	89.80	7.93	8.50	67.36	75.0	4	22.5	2
1548.064	32.61	2.77	90.38	7.95	8.40	66.73	73.8	4	22.0	2
1548.124	32.44	2.78	90.29	7.91	8.47	66.98	74.2	4	22.5	2
1548.228	31.39	2.88	90.53	7.93	8.30	65.80	72.7	4	24.0	2
1548.373	32.29	2.79	90.12	7.97	8.23	65.52	72.7	4	22.5	2
1548.433	31.47	2.87	90.23	7.99	8.33	66.55	73.8	4	24.5	2
1548.537	30.57	2.96	90.39	7.98	8.40	67.06	74.2	4	22.5	2
1548.682	32.42	2.75	89.28	7.91	8.47	67.00	75.0	4	23.0	2
1548.742	31.89	2.83	90.21	7.95	8.45	67.18	74.5	4	24.5	2
1548.846	31.08	2.92	90.81	7.99	8.40	67.09	73.9	4	23.5	2
1548.991	30.96	2.95	91.19	7.94	8.53	67.73	74.3	4	23.5	2
1549.051	30.82	2.95	90.93	8.01	8.47	67.81	74.6	4	24.0	2
1549.155	30.37	2.99	90.84	7.99	8.33	66.57	73.3	4	24.0	2
1549.300	31.60	2.88	91.16	7.98	8.52	68.01	74.6	4	22.5	2
1549.360	31.68	2.86	90.65	8.02	8.45	67.72	74.7	4	23.5	2
1549.464	30.30	2.97	90.04	7.92	8.62	68.29	75.8	4	23.5	2
1549.609	32.22	2.79	90.02	8.03	8.36	67.07	74.5	4	23.0	2
1549.669	31.09	2.90	90.05	7.98	8.32	66.43	73.8	4	24.0	2
1549.773	30.54	2.95	90.10	7.95	8.43	67.01	74.4	4	22.0	2
1549.918	32.33	2.79	90.08	7.97	8.40	66.95	74.3	4	23.5	2
1549.978	31.73	2.84	90.01	7.93	8.43	66.84	74.3	4	24.0	2
1550.082	31.58	2.87	90.75	7.99	8.29	66.19	72.9	4	23.0	2
1550.227	31.71	2.87	91.12	8.01	8.45	67.65	74.2	4	22.5	2
1550.287	32.08	2.81	90.26	8.03	8.23	66.10	73.2	4	23.0	2
1550.391	31.92	2.84	90.58	8.00	8.50	68.03	75.1	4	24.5	2
1550.536	30.03	3.00	90.09	7.97	8.36	66.65	74.0	4	24.0	2
1550.596	30.63	2.96	90.59	8.00	8.57	68.57	75.7	4	23.0	2
1550.700	31.89	2.82	90.02	8.02	8.37	67.14	74.6	4	23.5	2
1550.845	31.18	2.93	91.31	7.95	8.51	67.64	74.1	4	25.0	2
1550.905	30.31	2.98	90.19	7.98	8.40	66.99	74.3	4	24.0	2
1551.009	31.72	2.85	90.44	7.93	8.40	66.65	73.7	4	23.0	2
1551.154	31.60	2.87	90.65	8.05	8.30	66.80	73.7	4	23.5	2
1551.214	30.68	2.95	90.50	7.95	8.34	66.34	73.3	4	24.0	2
1551.318	32.06	2.82	90.30	7.98	8.40	67.02	74.2	4	22.0	2
1551.463	30.82	2.92	89.86	7.92	8.35	66.14	73.6	4	25.0	2
1551.523	29.64	3.00	89.00	7.86	8.38	65.87	74.0	4	24.0	2
1551.627	30.55	2.95	90.14	7.95	8.39	66.72	74.0	4	23.5	2
1551.772	30.32	2.99	90.72	7.94	8.42	66.86	73.7	4	23.5	2
1551.832	31.17	2.91	90.69	8.00	8.31	66.48	73.3	4	24.0	2
1551.936	31.28	2.88	90.19	7.95	8.45	67.16	74.5	4	22.5	2
1552.081	31.15	2.91	90.77	8.00	8.35	66.81	73.6	4	22.5	2
1552.141	31.73	2.85	90.50	8.01	8.34	66.81	73.8	4	23.5	2
1552.245	30.64	2.97	91.02	8.04	8.36	67.16	73.8	4	23.5	2
1552.390	31.26	2.91	91.03	7.94	8.39	66.63	73.2	4	22.5	2
1552.450	31.69	2.87	91.06	8.01	8.39	67.24	73.8	4	24.0	2
1552.554	31.06	2.93	90.87	7.98	8.38	66.88	73.6	4	25.0	2
1552.699	31.18	2.88	89.85	7.97	8.41	67.02	74.6	4	22.0	2
1552.759	32.05	2.81	90.06	7.97	8.39	66.83	74.2	4	22.0	2
1552.863	31.32	2.89	90.42	8.02	8.38	67.16	74.3	4	23.5	2
1553.008	31.55	2.88	90.76	8.02	8.40	67.40	74.3	4	23.5	2
1553.068	31.71	2.87	91.09	7.98	8.51	67.93	74.6	4	23.0	2
1553.172	31.36	2.91	91.30	8.05	8.42	67.74	74.2	4	23.0	2
1553.317	30.79	2.94	90.50	8.04	8.39	67.42	74.5	4	24.0	2
1553.377	30.60	2.96	90.65	8.04	8.33	66.99	73.9	4	23.0	2
1553.481	31.24	2.91	90.98	8.06	8.35	67.33	74.0	4	23.0	2
1553.626	31.18	2.92	91.04	8.05	8.39	67.58	74.2	4	23.0	2
1553.686	31.57	2.87	90.77	8.06	8.30	66.92	73.7	4	22.5	2
1553.790	31.99	2.82	90.23	8.04	8.31	66.81	74.0	4	24.0	2
1553.935	31.36	2.89	90.72	8.05	8.46	68.05	75.0	4	23.5	2
1553.995	31.07	2.92	90.63	8.12	8.24	66.86	73.8	4	24.0	2
1554.099	31.86	2.83	90.07	8.02	8.29	66.48	73.8	4	23.0	2
1554.244	30.99	2.94	90.97	8.02	8.42	67.52	74.2	4	22.5	2
1554.304	31.98	2.81	89.90	8.01	8.35	66.94	74.5	4	22.5	2
1554.408	30.81	2.91	89.77	7.95	8.47	67.35	75.0	4	24.0	2
1554.553	31.94	2.83	90.34	7.97	8.41	67.03	74.2	4	22.0	2
1554.613	32.11	2.80	90.02	8.02	8.31	66.67	74.1	4	24.0	2
1554.717	30.44	2.96	90.20	7.95	8.25	65.58	72.7	4	24.0	2
1554.862	31.52	2.87	90.55	8.02	8.53	68.40	75.5	4	23.0	2
1554.922	31.44	2.88	90.65	8.07	8.29	66.93	73.8	4	24.5	2
1555.026	30.13	2.97	89.57	8.02	8.24	66.15	73.9	4	23.5	2
1555.171	31.11	2.91	90.65	8.05	8.37	67.38	74.3	4	24.0	2
1555.231	30.47	2.96	90.28	8.06	8.36	67.39	74.6	4	23.5	2
1555.335	31.41	2.89	90.65	8.10	8.32	67.40	74.4	4	22.0	2
1555.480	31.94	2.82	90.00	7.99	8.38	66.92	74.4	4	24.0	2
1555.540	31.18	2.90	90.27	8.00	8.37	66.95	74.2	4	24.5	2
1555.644	32.04	2.81	90.05	7.93	8.33	66.03	73.3	4	21.5	2
1555.789	31.13	2.90	90.35	7.98	8.33	66.47	73.6	4	23.5	2
1555.849	30.86	2.94	90.84	7.95	8.36	66.47	73.2	4	22.5	2
1555.953	31.50	2.87	90.28	7.94	8.48	67.35	74.6	4	24.0	2
1556.098	31.93	2.83	90.28	7.99	8.39	67.05	74.3	4	22.0	2
1556.158	32.25	2.78	89.58	7.90	8.53	67.38	75.2	4	23.5	2
1556.262	31.28	2.90	90.63	8.01	8.50	68.07	75.1	4	24.0	2
1556.407	31.94	2.82	89.95	7.98	8.40	67.02	74.5	4	23.0	2
1556.467	31.82	2.83	89.97	8.01	8.34	66.78	74.2	4	24.0	2
1556.571	31.23	2.88	89.94	8.03	8.32	66.82	74.3	4	23.5	2
1556.716	31.80	2.83	90.01	7.98	8.43	67.27	74.7	4	23.0	2
1556.776	31.83	2.84	90.41	7.99	8.41	67.15	74.3	4	23.5	2
1556.880	31.23	2.91	90.74	7.97	8.51	67.80	74.7	4	24.0	2
1557.025	31.82	2.86	90.97	7.99	8.49	67.86	74.6	4	22.5	2
1557.085	31.94	2.84	90.66	8.02	8.55	68.52	75.6	4	23.5	2
1557.189	31.17	2.91	90.58	7.97	8.53	67.94	75.0	4	23.0	2
1557.334	30.89	2.92	90.26	7.97	8.38	66.74	73.9	4	24.5	2
1557.394	31.02	2.93	90.80	7.99	8.26	66.02	72.7	4	22.5	2
1557.498	31.06	2.91	90.39	7.90	8.47	66.98	74.1	4	24.5	2
1557.643	31.55	2.86	90.11	7.95	8.39	66.74	74.1	4	23.0	2
1557.703	31.15	2.91	90.56	7.96	8.53	67.91	75.0	4	24.0	2
1557.807	30.76	2.95	90.81	8.01	8.42	67.43	74.3	4	22.5	2
1557.952	31.70	2.85	90.47	7.95	8.47	67.34	74.4	4	22.5	2
1558.012	32.44	2.78	90.28	7.95	8.36	66.47	73.6	4	22.5	2
1558.116	31.26	2.90	90.56	7.98	8.27	66.04	72.9	4	23.5	2
1558.261	31.16	2.94	91.47	8.00	8.48	67.88	74.2	4	23.0	2
1558.321	31.55	2.89	91.14	8.05	8.39	67.50	74.1	4	23.0	2
1558.425	30.98	2.93	90.91	7.98	8.44	67.34	74.1	4	23.0	2
1558.570	30.97	2.94	91.18	7.94	8.55	67.86	74.4	4	24.5	2
1558.630	30.81	2.94	90.67	7.98	8.53	68.08	75.1	4	23.5	2
1558.734	31.25	2.92	91.32	7.99	8.40	67.08	73.5	4	23.5	2
1558.879	31.19	2.92	91.20	8.00	8.51	68.04	74.6	4	23.5	2
1558.939	31.07	2.93	91.15	8.04	8.52	68.46	75.1	4	23.5	2
1559.043	31.06	2.93	91.12	8.09	8.32	67.35	73.9	4	24.0	2
1559.188	31.88	2.83	90.26	7.99	8.37	66.85	74.1	4	23.5	2
1559.248	31.08	2.91	90.31	8.05	8.35	67.24	74.4	4	25.0	2
1559.352	31.33	2.88	90.37	7.99	8.49	67.83	75.1	4	22.5	2
1559.497	31.55	2.87	90.48	8.00	8.38	67.03	74.1	4	23.0	2
1559.557	31.74	2.86	90.85	8.03	8.29	66.52	73.2	4	23.5	2
1559.661	30.74	2.96	90.99	8.03	8.36	67.11	73.8	4	24.5	2
1559.806	31.55	2.86	90.13	8.03	8.42	67.55	74.9	4	24.0	2
1559.866	30.83	2.93	90.29	8.09	8.32	67.26	74.5	4	23.5	2
1559.970	31.60	2.86	90.24	7.99	8.54	68.21	75.6	4	22.5	2
1560.115	31.00	2.92	90.45	8.01	8.57	68.67	75.9	4	23.5	2
1560.175	31.83	2.84	90.37	7.97	8.52	67.89	75.1	4	22.0	2
1560.279	32.07	2.80	89.94	7.93	8.47	67.24	74.8	4	24.0	2
1560.424	31.06	2.90	89.95	7.97	8.39	66.89	74.4	4	22.5	2
1560.484	32.00	2.80	89.68	7.93	8.48	67.23	75.0	4	23.0	2
1560.588	30.07	2.97	89.24	7.87	8.41	66.18	74.2	4	24.5	2
1560.733	31.95	2.80	89.31	7.89	8.50	67.09	75.1	4	22.5	2
1560.793	32.68	2.70	88.40	7.91	8.36	66.10	74.8	4	21.5	2
1560.897	31.29	2.85	89.05	7.92	8.31	65.78	73.9	4	23.5	2
1561.042	31.97	2.79	89.09	7.94	8.26	65.57	73.6	4	22.5	2
1561.102	32.47	2.76	89.56	7.92	8.37	66.29	74.0	4	22.5	2
1561.206	31.70	2.85	90.25	7.93	8.54	67.72	75.0	4	23.5	2
1561.351	31.01	2.92	90.62	7.97	8.34	66.52	73.4	4	23.5	2
1561.411	31.32	2.91	91.16	7.98	8.39	66.95	73.4	4	23.5	2
1561.515	31.19	2.92	91.10	7.94	8.53	67.75	74.4	4	23.0	2
1561.660	32.45	2.76	89.46	7.97	8.43	67.22	75.1	4	23.5	2
1561.720	31.12	2.89	90.08	7.94	8.45	67.07	74.5	4	25.0	2
1561.824	31.09	2.90	90.18	7.91	8.46	66.86	74.1	4	23.0	2
1561.969	32.28	2.76	89.12	7.93	8.30	65.79	73.8	4	22.0	2
1562.029	31.90	2.83	90.30	7.96	8.36	66.49	73.6	4	24.5	2
1562.133	30.31	2.98	90.23	7.85	8.44	66.27	73.5	4	24.5	2
1562.278	31.86	2.82	89.97	7.91	8.42	66.64	74.1	4	23.0	2
1562.338	31.84	2.83	90.11	7.95	8.40	66.76	74.1	4	24.0	2
1562.442	32.01	2.82	90.35	7.97	8.36	66.64	73.8	4	23.0	2
1562.587	30.46	2.96	90.21	7.94	8.57	68.04	75.4	4	24.0	2
1562.647	30.73	2.95	90.50	8.02	8.47	67.93	75.1	4	23.5	2
1562.751	31.32	2.89	90.45	8.04	8.41	67.62	74.8	4	22.5	2
1562.896	31.44	2.92	91.68	7.99	8.44	67.46	73.6	4	23.0	2
1562.956	31.68	2.87	90.90	7.96	8.46	67.35	74.1	4	23.0	2
1563.060	31.56	2.88	90.89	8.00	8.45	67.63	74.4	4	23.0	2
1563.205	31.17	2.93	91.28	8.02	8.58	68.77	75.3	4	23.5	2
1563.265	30.99	2.94	91.25	7.99	8.52	68.06	74.6	4	24.0	2
1563.369	30.59	2.97	90.91	7.98	8.46	67.49	74.2	4	23.5	2
1563.514	31.01	2.92	90.53	8.03	8.54	68.64	75.8	4	25.0	2
1563.574	30.89	2.94	90.76	8.01	8.36	66.94	73.8	4	23.0	2
1563.678	31.47	2.88	90.77	8.01	8.41	67.35	74.2	4	23.5	2
1563.823	31.14	2.91	90.49	8.03	8.43	67.71	74.8	4	24.0	2
1563.883	31.16	2.91	90.60	8.08	8.31	67.14	74.1	4	23.0	2
1563.987	30.78	2.94	90.55	8.06	8.33	67.13	74.1	4	23.5	2
1564.132	30.21	2.98	90.08	8.08	8.35	67.46	74.9	4	24.5	2
1564.192	30.40	2.96	90.06	8.15	8.23	67.15	74.6	4	23.5	2
1564.296	31.86	2.83	90.05	8.08	8.22	66.41	73.7	4	22.0	2
1564.441	32.55	2.77	90.27	8.01	8.28	66.27	73.4	4	24.5	2
1564.501	31.39	2.88	90.38	7.91	8.48	67.09	74.2	4	24.0	2
1564.605	30.89	2.94	90.74	7.99	8.48	67.71	74.6	4	24.0	2
1564.750	31.96	2.83	90.57	8.05	8.35	67.17	74.2	4	23.0	2
1564.810	32.08	2.84	91.13	8.06	8.30	66.93	73.4	4	23.5	2
1564.914	31.73	2.87	91.04	8.03	8.29	66.60	73.2	4	24.0	2
1565.059	30.53	2.96	90.40	7.99	8.53	68.16	75.4	4	23.5	2
1565.119	31.54	2.87	90.36	8.02	8.47	67.91	75.1	4	23.0	2
1565.223	31.90	2.85	90.82	8.03	8.48	68.17	75.1	4	24.5	2
1565.368	31.02	2.92	90.65	8.08	8.17	66.02	72.8	4	24.0	2
1565.428	31.06	2.91	90.48	8.09	8.23	66.63	73.6	4	23.5	2
1565.532	31.73	2.87	90.99	8.06	8.44	68.00	74.7	4	23.0	2
1565.677	31.38	2.89	90.80	8.04	8.43	67.78	74.6	4	24.0	2
1565.737	31.41	2.89	90.93	8.04	8.38	67.42	74.1	4	24.0	2
1565.841	31.29	2.90	90.63	8.01	8.46	67.77	74.8	4	24.0	2
1565.986	30.81	2.95	90.88	8.07	8.54	68.91	75.8	4	24.0	2
1566.046	31.15	2.92	90.86	8.14	8.31	67.63	74.4	4	23.0	2
1566.150	31.63	2.87	90.63	8.05	8.41	67.72	74.7	4	22.5	2
1566.295	31.35	2.89	90.74	7.93	8.58	68.06	75.0	4	24.0	2
1566.355	30.80	2.95	90.85	8.00	8.52	68.19	75.1	4	23.5	2
1566.459	30.84	2.93	90.47	8.03	8.42	67.66	74.8	4	23.0	2
1566.604	30.70	2.96	90.73	8.00	8.42	67.37	74.3	4	24.0	2
1566.664	31.22	2.92	91.20	8.07	8.37	67.51	74.0	4	23.0	2
1566.768	31.41	2.91	91.31	8.02	8.50	68.18	74.7	4	23.5	2
1566.913	31.02	2.95	91.39	8.09	8.33	67.36	73.7	4	22.5	2
1566.973	31.85	2.86	90.94	8.08	8.35	67.45	74.2	4	23.0	2
1567.077	31.51	2.87	90.31	8.08	8.35	67.40	74.6	4	23.0	2
1567.222	31.25	2.92	91.18	8.17	8.25	67.41	73.9	4	22.5	2
1567.282	31.44	2.90	91.15	8.13	8.30	67.48	74.0	4	24.0	2
1567.386	31.19	2.92	91.16	8.12	8.23	66.83	73.3	4	23.5	2
1567.531	32.43	2.76	89.59	7.99	8.24	65.90	73.6	4	22.5	2
1567.591	32.20	2.79	89.88	8.00	8.35	66.82	74.3	4	24.5	2
1567.695	30.41	2.95	89.82	7.95	8.33	66.21	73.7	4	25.0	2
1567.840	31.30	2.87	89.97	7.94	8.35	66.32	73.7	4	22.0	2
1567.900	32.12	2.79	89.64	7.97	8.30	66.17	73.8	4	23.0	2
1568.004	30.59	2.94	90.04	7.96	8.46	67.36	74.8	4	25.0	2
1568.149	32.08	2.80	89.95	7.88	8.52	67.14	74.6	4	22.5	2
1568.209	32.02	2.83	90.63	7.95	8.44	67.14	74.1	4	24.5	2
1568.313	30.78	2.94	90.51	7.97	8.35	66.54	73.5	4	24.5	2
1568.458	30.86	2.93	90.48	7.94	8.46	67.22	74.3	4	22.0	2
1568.518	32.10	2.80	89.96	7.96	8.33	66.33	73.7	4	22.5	2
1568.622	31.15	2.91	90.77	7.97	8.29	66.13	72.9	4	24.5	2
1568.767	31.50	2.88	90.71	7.92	8.58	67.99	74.9	4	22.0	2
1568.827	32.34	2.77	89.63	7.93	8.43	66.89	74.6	4	22.5	2
1568.931	32.08	2.82	90.32	7.91	8.35	66.02	73.1	4	24.0	2
1569.076	31.77	2.87	91.08	7.98	8.47	67.55	74.2	4	23.0	2
1569.136	31.39	2.89	90.86	8.03	8.47	67.98	74.8	4	23.0	2
1569.240	31.18	2.93	91.37	8.01	8.35	66.94	73.3	4	22.5	2
1569.385	31.40	2.89	90.87	8.06	8.38	67.54	74.3	4	23.0	2
1569.445	31.08	2.94	91.52	8.01	8.44	67.62	73.9	4	24.5	2
1569.549	31.26	2.93	91.69	8.11	8.28	67.12	73.2	4	22.5	2
1569.694	30.86	2.94	90.74	8.02	8.45	67.81	74.7	4	25.0	2
1569.754	30.08	3.00	90.32	7.97	8.38	66.77	73.9	4	24.0	2
1569.858	31.33	2.89	90.68	8.01	8.42	67.48	74.4	4	22.5	2
1570.003	30.93	2.94	90.82	7.97	8.31	66.29	73.0	4	24.0	2
1570.063	30.28	2.99	90.46	7.96	8.32	66.24	73.2	4	24.0	2
1570.167	31.76	2.84	90.17	7.86	8.45	66.49	73.7	4	23.0	2
1570.312	31.08	2.92	90.78	7.93	8.47	67.16	74.0	4	23.5	2
1570.372	30.92	2.94	91.03	7.95	8.46	67.26	73.9	4	23.5	2
1570.476	30.73	2.97	91.23	7.94	8.46	67.21	73.7	4	23.5	2
1570.621	31.76	2.90	92.24	7.98	8.48	67.68	73.4	4	22.0	2
1570.681	32.26	2.81	90.80	8.04	8.37	67.30	74.1	4	23.5	2
1570.785	31.34	2.89	90.61	8.09	8.34	67.50	74.5	4	24.0	2
1570.930	31.56	2.88	90.78	8.04	8.37	67.31	74.1	4	22.0	2
1570.990	32.39	2.74	88.83	7.95	8.37	66.54	74.9	4	22.0	2
1571.094	31.78	2.82	89.56	7.98	8.47	67.66	75.5	4	25.0	2
1571.239	31.19	2.87	89.44	7.97	8.30	66.17	74.0	4	22.0	2
1571.299	31.73	2.81	89.09	7.98	8.37	66.75	74.9	4	23.0	2
1571.403	31.72	2.82	89.38	8.01	8.34	66.78	74.7	4	23.0	2
1571.548	32.07	2.82	90.39	7.93	8.48	67.29	74.4	4	23.0	2
1571.608	31.81	2.87	91.21	8.01	8.43	67.52	74.0	4	24.5	2
1571.712	30.43	2.97	90.51	7.95	8.38	66.62	73.6	4	23.0	2
1571.857	32.40	2.72	88.08	7.92	8.26	65.42	74.3	4	22.0	2
1571.917	32.47	2.74	88.92	7.90	8.25	65.22	73.3	4	23.5	2
1572.021	30.42	2.95	89.79	7.90	8.50	67.13	74.8	4	24.5	2
1572.166	31.93	2.79	89.00	7.94	8.31	66.05	74.2	4	23.5	2
1572.226	31.09	2.88	89.60	7.96	8.32	66.23	73.9	4	23.5	2
1572.330	31.01	2.91	90.07	7.98	8.37	66.78	74.1	4	25.0	2
1572.475	31.64	2.81	88.94	7.92	8.42	66.62	74.9	4	24.0	2
1572.535	31.23	2.86	89.30	7.99	8.41	67.20	75.3	4	24.0	2
1572.639	30.97	2.93	90.88	7.95	8.58	68.24	75.1	4	23.5	2
1572.784	31.53	2.89	91.02	7.98	8.52	67.98	74.7	4	23.5	2
1572.844	30.91	2.93	90.53	7.93	8.47	67.15	74.2	4	24.0	2
1572.948	30.81	2.94	90.42	8.00	8.38	67.02	74.1	4	24.0	2
1573.093	30.38	2.97	90.19	7.97	8.44	67.33	74.7	4	22.5	2
1573.153	31.55	2.83	89.37	8.02	8.24	66.12	74.0	4	23.0	2
1573.257	30.71	2.96	90.90	8.02	8.33	66.80	73.5	4	25.0	2
1573.402	31.30	2.88	90.17	7.96	8.51	67.75	75.1	4	23.5	2
1573.462	31.16	2.91	90.60	7.99	8.38	66.94	73.9	4	24.0	2
1573.566	31.49	2.86	90.05	8.00	8.30	66.43	73.8	4	23.5	2
1573.711	31.33	2.87	89.86	7.97	8.40	66.88	74.4	4	23.0	2
1573.771	32.16	2.79	89.64	7.95	8.41	66.82	74.6	4	22.5	2
1573.875	31.39	2.87	90.02	7.98	8.48	67.63	75.1	4	23.5	2
1574.020	31.62	2.88	91.02	7.91	8.33	65.87	72.4	4	21.5	2
1574.080	32.01	2.80	89.61	7.88	8.44	66.54	74.3	4	23.0	2
1574.184	32.64	2.74	89.31	7.91	8.28	65.50	73.3	4	23.5	2
1574.329	32.03	2.79	89.34	7.95	8.33	66.25	74.2	4	23.0	2
1574.389	30.82	2.91	89.79	7.91	8.23	65.13	72.5	4	24.5	2
1574.493	30.43	2.96	90.09	7.93	8.54	67.70	75.2	4	22.5	2
1574.638	31.98	2.82	90.15	7.98	8.32	66.40	73.7	4	24.0	2
1574.698	31.10	2.92	90.65	7.98	8.39	66.93	73.8	4	24.5	2
1574.802	31.20	2.90	90.35	7.99	8.40	67.04	74.2	4	24.0	2
1574.947	31.24	2.90	90.73	8.02	8.47	67.95	74.9	4	24.5	2
1575.007	30.65	2.96	90.59	8.03	8.44	67.79	74.8	4	24.0	2
1575.111	31.26	2.91	91.04	7.95	8.42	66.92	73.5	4	22.0	2
1575.256	32.27	2.78	89.67	7.93	8.47	67.12	74.9	4	23.0	2
1575.316	32.04	2.80	89.85	7.98	8.35	66.65	74.2	4	23.5	2
1575.420	31.41	2.89	90.93	7.98	8.40	67.05	73.7	4	23.0	2
1575.565	31.21	2.90	90.57	8.06	8.23	66.28	73.2	4	23.5	2
1575.625	30.64	2.96	90.53	7.95	8.30	66.02	72.9	4	23.5	2
1575.729	31.53	2.87	90.57	7.97	8.52	67.97	75.0	4	23.0	2
1575.874	31.23	2.90	90.58	7.99	8.35	66.75	73.7	4	24.5	2
1575.934	30.70	2.95	90.69	7.95	8.38	66.64	73.5	4	23.5	2
1576.038	31.06	2.92	90.82	8.06	8.48	68.40	75.3	4	23.5	2
1576.183	31.39	2.89	90.58	7.99	8.38	66.93	73.9	4	23.0	2
1576.243	31.37	2.90	90.86	7.90	8.49	67.08	73.8	4	23.0	2
1576.347	30.78	2.93	90.12	7.89	8.55	67.48	74.9	4	24.0	2
1576.492	31.37	2.91	91.13	7.94	8.58	68.12	74.7	4	24.0	2
1576.552	31.46	2.88	90.58	8.01	8.38	67.09	74.1	4	24.0	2
1576.656	31.20	2.90	90.60	8.01	8.42	67.48	74.5	4	23.0	2
1576.801	31.42	2.90	91.12	7.99	8.39	67.01	73.5	4	23.0	2
1576.861	31.21	2.90	90.59	8.05	8.34	67.13	74.1	4	24.0	2
1576.965	31.55	2.86	90.26	8.04	8.36	67.16	74.4	4	23.0	2
1577.110	30.90	2.93	90.47	8.07	8.33	67.22	74.3	4	25.5	2
1577.170	30.42	2.96	90.10	8.05	8.29	66.76	74.1	4	23.5	2
1577.274	31.77	2.83	89.83	8.00	8.34	66.72	74.3	4	22.5	2
1577.419	31.37	2.88	90.26	8.02	8.35	67.00	74.2	4	24.5	2
1577.479	30.86	2.93	90.50	8.06	8.27	66.67	73.7	4	25.0	2
1577.583	30.58	2.97	90.87	8.06	8.38	67.52	74.3	4	23.5	2
1577.728	30.84	2.94	90.54	8.00	8.44	67.52	74.6	4	23.5	2
1577.788	31.42	2.87	90.16	7.99	8.39	67.01	74.3	4	23.0	2
1577.892	30.95	2.93	90.72	8.06	8.28	66.75	73.6	4	24.0	2
1578.037	31.39	2.89	90.67	8.05	8.22	66.23	73.0	4	23.5	2
1578.097	31.66	2.86	90.53	8.07	8.30	67.00	74.0	4	23.5	2
1578.201	31.95	2.84	90.58	8.10	8.29	67.10	74.1	4	23.5	2
1578.346	31.51	2.89	91.01	8.08	8.38	67.71	74.4	4	23.5	2
1578.406	31.26	2.93	91.45	8.09	8.30	67.16	73.4	4	24.0	2
1578.510	31.36	2.88	90.21	8.03	8.49	68.10	75.5	4	23.0	2
1578.655	31.49	2.87	90.42	7.97	8.49	67.61	74.8	4	24.5	2
1578.715	30.35	2.97	90.26	7.97	8.42	67.11	74.4	4	24.0	2
1578.819	31.13	2.92	90.81	8.02	8.46	67.89	74.8	4	23.5	2
1578.964	31.39	2.92	91.50	8.08	8.49	68.59	75.0	4	24.0	2
1579.024	31.06	2.92	90.69	8.09	8.50	68.79	75.9	4	24.0	2
1579.128	31.70	2.85	90.49	8.05	8.39	67.57	74.7	4	23.0	2
1579.273	31.08	2.92	90.82	8.10	8.34	67.53	74.4	4	24.5	2
1579.333	31.26	2.91	91.03	8.02	8.45	67.80	74.5	4	22.0	2
1579.437	31.93	2.83	90.43	8.00	8.50	67.94	75.1	4	24.0	2
1579.582	31.54	2.87	90.63	8.00	8.46	67.73	74.7	4	22.0	2
1579.642	32.12	2.79	89.54	7.95	8.40	66.82	74.6	4	23.0	2
1579.746	31.37	2.88	90.41	7.99	8.58	68.54	75.8	4	25.0	2
1579.891	32.26	2.81	90.60	7.95	8.42	66.87	73.8	4	22.0	2
1579.951	31.64	2.85	90.03	7.92	8.47	67.09	74.5	4	24.0	2
1580.055	30.59	2.95	90.29	7.93	8.62	68.41	75.8	4	23.0	2
1580.200	31.68	2.86	90.54	7.98	8.47	67.55	74.6	4	24.5	2
1580.260	30.80	2.93	90.17	7.94	8.44	66.95	74.3	4	24.0	2
1580.364	31.69	2.86	90.76	7.95	8.43	67.05	73.9	4	22.0	2
1580.509	32.05	2.79	89.27	7.95	8.31	66.00	73.9	4	25.0	2
1580.569	30.05	2.94	88.35	7.83	8.34	65.31	73.9	4	24.5	2
1580.673	31.74	2.80	88.74	7.86	8.44	66.40	74.8	4	22.0	2
1580.818	31.69	2.85	90.38	7.97	8.40	66.98	74.1	4	24.0	2
1580.878	31.54	2.87	90.67	7.91	8.54	67.57	74.5	4	23.0	2
1580.982	32.16	2.81	90.30	8.04	8.24	66.23	73.3	4	23.5	2
1581.127	31.73	2.87	91.11	7.99	8.40	67.19	73.7	4	22.0	2
1581.187	31.82	2.86	90.89	8.02	8.44	67.72	74.5	4	24.5	2
1581.291	31.08	2.92	90.87	8.08	8.26	66.75	73.5	4	23.5	2
1581.436	31.11	2.92	90.86	8.00	8.43	67.40	74.2	4	22.5	2
1581.496	31.32	2.91	91.11	7.98	8.51	67.95	74.6	4	24.0	2
1581.600	31.31	2.89	90.41	8.00	8.50	67.96	75.2	4	23.0	2
1581.745	31.71	2.88	91.18	8.05	8.44	67.97	74.5	4	24.0	2
1581.805	31.27	2.91	91.01	8.02	8.47	67.93	74.6	4	23.5	2
1581.909	30.88	2.95	91.05	7.96	8.54	68.00	74.7	4	23.5	2
1582.054	32.46	2.76	89.58	7.94	8.43	66.99	74.8	4	23.5	2
1582.114	31.23	2.88	89.84	7.96	8.46	67.32	74.9	4	25.0	2
1582.218	31.71	2.83	89.71	7.97	8.23	65.61	73.1	4	22.5	2
1582.363	31.46	2.88	90.46	8.05	8.28	66.69	73.7	4	22.5	2
1582.423	32.15	2.81	90.21	7.96	8.38	66.67	73.9	4	21.5	2
1582.527	32.68	2.73	89.09	7.98	8.23	65.66	73.7	4	24.0	2
1582.672	30.89	2.93	90.39	7.99	8.39	67.01	74.1	4	22.5	2
1582.732	31.76	2.85	90.52	7.95	8.49	67.53	74.6	4	22.0	2
1582.836	31.57	2.87	90.70	8.04	8.33	67.02	73.9	4	25.0	2
1582.981	30.50	2.97	90.55	8.01	8.33	66.69	73.7	4	23.5	2
1583.041	30.92	2.96	91.46	7.97	8.45	67.30	73.6	4	22.0	2
1583.145	31.92	2.82	90.07	8.02	8.44	67.68	75.1	4	23.0	2
1583.290	31.93	2.84	90.56	8.00	8.46	67.66	74.7	4	23.0	2
1583.350	31.43	2.88	90.49	8.00	8.35	66.74	73.8	4	23.5	2
1583.454	30.91	2.93	90.48	8.01	8.46	67.75	74.9	4	23.0	2
1583.599	32.47	2.76	89.57	8.01	8.34	66.81	74.6	4	23.0	2
1583.659	31.26	2.87	89.83	8.02	8.29	66.50	74.0	4	25.0	2
1583.763	30.50	2.95	89.87	7.95	8.45	67.14	74.7	4	22.5	2
1583.908	32.38	2.77	89.65	8.00	8.32	66.54	74.2	4	22.5	2
1583.968	32.03	2.80	89.73	7.97	8.35	66.62	74.2	4	23.0	2
1584.072	31.84	2.84	90.44	7.94	8.50	67.48	74.6	4	21.5	2
1584.217	30.84	2.93	90.24	7.98	8.43	67.25	74.5	4	24.5	2
1584.277	31.11	2.91	90.50	8.00	8.38	67.04	74.1	4	22.5	2
1584.381	32.40	2.76	89.32	7.98	8.35	66.58	74.5	4	23.5	2
1584.526	30.72	2.93	90.15	8.02	8.38	67.18	74.5	4	24.0	2
1584.586	31.03	2.92	90.56	7.97	8.47	67.45	74.5	4	22.0	2
1584.690	32.54	2.72	88.39	7.90	8.31	65.59	74.2	4	23.5	2
1584.835	30.33	2.94	89.23	7.90	8.41	66.40	74.4	4	23.0	2
1584.895	30.62	2.93	89.61	7.95	8.52	67.75	75.6	4	23.5	2
1584.999	31.18	2.91	90.64	8.02	8.43	67.61	74.6	4	22.0	2
1585.144	32.38	2.77	89.81	7.96	8.52	67.87	75.6	4	23.5	2
1585.204	31.79	2.84	90.22	8.03	8.36	67.12	74.4	4	23.5	2
1585.308	31.78	2.84	90.42	7.99	8.50	67.91	75.1	4	23.5	2
1585.453	31.33	2.86	89.59	8.02	8.46	67.79	75.7	4	24.5	2
1585.513	30.32	2.96	89.62	7.92	8.48	67.18	75.0	4	24.5	2
1585.617	31.32	2.88	90.09	8.02	8.35	66.98	74.3	4	23.0	2
1585.762	31.15	2.92	90.89	8.05	8.39	67.56	74.3	4	22.0	2
1585.822	32.24	2.75	88.82	7.98	8.35	66.67	75.1	4	22.5	2
1585.926	32.24	2.78	89.67	7.98	8.35	66.67	74.3	4	23.0	2
1586.071	31.00	2.91	90.33	8.02	8.40	67.37	74.6	4	23.5	2
1586.131	31.36	2.89	90.65	8.05	8.29	66.78	73.7	4	22.5	2
1586.235	31.69	2.86	90.53	8.04	8.27	66.48	73.4	4	23.5	2
1586.380	31.72	2.88	91.30	8.03	8.37	67.18	73.6	4	22.5	2
1586.440	32.65	2.72	88.78	7.99	8.10	64.68	72.9	4	21.5	2
1586.544	32.47	2.75	89.28	7.91	8.40	66.42	74.4	4	24.0	2
1586.689	31.29	2.88	90.19	7.93	8.55	67.74	75.1	4	23.5	2
1586.749	31.55	2.86	90.37	7.99	8.45	67.49	74.7	4	22.0	2
1586.853	30.95	2.92	90.37	7.91	8.52	67.43	74.6	4	24.0	2
1586.998	31.08	2.94	91.22	8.03	8.42	67.60	74.1	4	24.0	2
1587.058	31.06	2.93	90.97	7.94	8.55	67.85	74.6	4	23.0	2
1587.162	30.55	2.97	90.74	8.03	8.48	68.09	75.0	4	24.5	2
1587.307	30.88	2.95	91.18	8.05	8.46	68.05	74.6	4	23.0	2
1587.367	31.33	2.91	91.02	8.04	8.39	67.46	74.1	4	22.0	2
1587.471	31.96	2.83	90.37	8.06	8.34	67.23	74.4	4	23.0	2
1587.616	31.02	2.92	90.58	8.07	8.37	67.52	74.5	4	24.0	2
1587.676	30.73	2.95	90.67	8.06	8.40	67.70	74.7	4	24.0	2
1587.780	31.19	2.91	90.73	8.06	8.39	67.59	74.5	4	23.5	2
1587.925	31.97	2.80	89.59	7.98	8.27	65.96	73.6	4	21.0	2
1587.985	32.76	2.69	88.17	7.95	8.30	65.99	74.8	4	23.0	2
1588.089	31.54	2.87	90.40	7.97	8.37	66.67	73.8	4	23.5	2
1588.234	31.48	2.87	90.32	8.05	8.28	66.69	73.8	4	24.5	2
1588.294	30.61	2.95	90.45	7.93	8.36	66.31	73.3	4	23.5	2
1588.398	32.04	2.82	90.52	8.00	8.27	66.18	73.1	4	23.5	2
1588.543	31.39	2.89	90.67	8.10	8.30	67.28	74.2	4	24.5	2
1588.603	31.47	2.89	90.84	8.01	8.47	67.86	74.7	4	23.0	2
1588.707	30.99	2.93	90.77	8.05	8.37	67.38	74.2	4	24.5	2
1588.852	31.91	2.82	89.87	8.06	8.26	66.57	74.1	4	23.0	2
1588.912	31.06	2.91	90.30	7.98	8.38	66.85	74.0	4	24.5	2
1589.016	30.91	2.93	90.53	8.02	8.36	67.07	74.1	4	22.5	2
1589.161	31.52	2.88	90.93	8.06	8.34	67.16	73.9	4	25.5	2
1589.221	30.16	2.99	90.05	7.96	8.38	66.77	74.1	4	25.0	2
1589.325	31.25	2.86	89.39	7.92	8.46	66.98	74.9	4	22.5	2
1589.470	32.33	2.79	90.08	7.84	8.54	66.96	74.3	4	22.5	2
1589.530	32.54	2.76	89.95	7.94	8.36	66.41	73.8	4	23.5	2
1589.634	31.20	2.90	90.57	7.96	8.29	65.99	72.9	4	24.0	2
1589.779	31.97	2.79	89.28	7.93	8.52	67.50	75.6	4	21.5	2
1589.839	32.48	2.76	89.73	7.95	8.29	65.88	73.4	4	22.5	2
1589.943	31.19	2.90	90.51	7.92	8.45	66.97	74.0	4	24.5	2
1590.088	32.12	2.81	90.18	7.93	8.53	67.66	75.0	4	22.0	2
1590.148	32.60	2.74	89.19	7.89	8.41	66.30	74.3	4	22.5	2
1590.252	31.21	2.88	89.81	7.98	8.23	65.71	73.2	4	25.5	2
1590.397	31.78	2.77	88.13	7.93	8.16	64.69	73.4	4	21.5	2
1590.457	32.60	2.68	87.31	7.90	8.13	64.26	73.6	4	22.0	2
1590.561	32.85	2.67	87.79	7.84	8.42	66.00	75.2	4	23.0	2
1590.706	30.49	2.94	89.54	7.94	8.35	66.33	74.1	4	23.5	2
1590.766	31.44	2.84	89.35	7.94	8.40	66.68	74.6	4	23.0	2
1590.870	30.92	2.91	90.12	7.88	8.54	67.33	74.7	4	24.0	2
1591.015	31.58	2.86	90.23	8.00	8.37	67.00	74.2	4	22.5	2
1591.075	31.76	2.85	90.42	8.04	8.44	67.89	75.1	4	24.0	2
1591.179	31.45	2.86	89.80	7.98	8.49	67.79	75.5	4	23.5	2
1591.324	32.09	2.79	89.67	7.88	8.47	66.77	74.5	4	21.0	2
1591.384	32.84	2.68	88.03	7.89	8.21	64.81	73.6	4	22.5	2
1591.488	31.50	2.84	89.33	7.86	8.55	67.19	75.2	4	25.0	2
1591.633	31.39	2.89	90.84	7.92	8.47	67.08	73.8	4	22.0	2
1591.693	32.09	2.80	90.01	7.87	8.48	66.74	74.2	4	23.0	2
1591.797	31.07	2.91	90.37	7.96	8.48	67.49	74.7	4	22.5	2
1591.942	30.99	2.92	90.35	8.00	8.49	67.92	75.2	4	24.5	2
1592.002	30.62	2.95	90.37	7.98	8.44	67.41	74.6	4	23.0	2
1592.106	31.43	2.86	90.01	8.00	8.32	66.61	74.0	4	24.0	2
1592.251	31.88	2.83	90.20	8.01	8.35	66.94	74.2	4	23.0	2
1592.311	31.91	2.81	89.73	8.01	8.31	66.54	74.2	4	23.5	2
1592.415	31.24	2.91	90.83	8.00	8.39	67.11	73.9	4	24.5	2
1592.560	31.36	2.89	90.61	7.95	8.48	67.40	74.4	4	23.5	2
1592.620	31.99	2.82	90.33	8.04	8.31	66.80	73.9	4	22.0	2
1592.724	30.61	2.93	89.58	7.90	8.53	67.34	75.2	4	24.5	2
1592.869	30.88	2.90	89.64	7.96	8.37	66.65	74.4	4	22.0	2
1592.929	30.89	2.89	89.35	7.93	8.39	66.57	74.5	4	24.0	2
1593.033	30.36	2.96	89.87	7.98	8.48	67.69	75.3	4	24.5	2
1593.178	30.75	2.92	89.72	7.94	8.45	67.09	74.8	4	22.5	2
1593.238	31.68	2.82	89.29	7.92	8.31	65.88	73.8	4	22.5	2
1593.342	32.95	2.65	87.22	7.87	8.21	64.59	74.1	4	22.0	2
1593.487	31.10	2.90	90.16	7.90	8.52	67.36	74.7	4	23.0	2
1593.547	31.59	2.85	90.11	7.89	8.46	66.71	74.0	4	23.0	2
1593.651	31.27	2.87	89.80	8.01	8.27	66.22	73.7	4	23.0	2
1593.796	32.10	2.78	89.31	7.88	8.46	66.65	74.6	4	24.0	2
1593.856	30.76	2.92	89.71	7.91	8.47	67.03	74.7	4	24.5	2
1593.960	31.47	2.84	89.39	7.95	8.39	66.75	74.7	4	22.5	2
1594.105	32.08	2.82	90.44	7.96	8.45	67.27	74.4	4	22.5	2
1594.165	32.03	2.82	90.35	7.96	8.30	66.05	73.1	4	23.0	2
1594.269	30.77	2.92	89.95	7.94	8.36	66.38	73.8	4	23.0	2
1594.414	31.17	2.90	90.29	7.83	8.51	66.65	73.8	4	23.5	2
1594.474	31.67	2.85	90.30	8.02	8.29	66.45	73.6	4	24.0	2
1594.578	31.14	2.90	90.28	7.96	8.54	67.94	75.3	4	24.0	2
1594.723	32.24	2.78	89.59	7.90	8.40	66.33	74.0	4	22.0	2
1594.783	32.52	2.74	89.12	7.91	8.29	65.59	73.6	4	23.0	2
1594.887	31.35	2.87	89.98	7.90	8.44	66.72	74.2	4	22.0	2
1595.032	31.97	2.83	90.61	7.85	8.39	65.83	72.7	4	24.0	2
1595.092	31.01	2.92	90.48	7.87	8.58	67.53	74.6	4	23.5	2
1595.196	31.50	2.88	90.67	7.93	8.37	66.35	73.2	4	23.0	2
1595.341	30.10	3.00	90.19	7.95	8.41	66.88	74.2	4	24.5	2
1595.401	30.13	3.00	90.41	7.89	8.52	67.23	74.4	4	23.0	2
1595.505	30.81	2.94	90.71	7.98	8.43	67.26	74.2	4	24.0	2
1595.650	31.35	2.90	91.01	7.97	8.42	67.07	73.7	4	23.0	2
1595.710	31.58	2.88	91.06	7.98	8.46	67.51	74.1	4	24.0	2
1595.814	31.13	2.90	90.25	7.99	8.35	66.69	73.9	4	24.0	2
1595.959	32.10	2.81	90.13	7.97	8.41	67.03	74.4	4	23.5	2
1596.019	31.51	2.85	89.85	8.01	8.29	66.41	73.9	4	24.0	2
1596.123	31.28	2.90	90.58	8.04	8.31	66.86	73.8	4	23.0	2
1596.268	30.85	2.92	90.08	7.94	8.48	67.29	74.7	4	23.5	2
1596.328	31.58	2.84	89.61	8.04	8.31	66.82	74.6	4	23.0	2
1596.432	32.44	2.77	89.69	7.91	8.35	66.02	73.6	4	22.0	2
1596.577	30.35	2.95	89.50	7.91	8.32	65.80	73.5	4	24.5	2
1596.637	30.34	2.96	89.74	7.93	8.42	66.82	74.5	4	23.0	2
1596.741	31.29	2.88	90.04	8.02	8.35	66.97	74.4	4	23.0	2
1596.886	32.04	2.78	89.08	7.84	8.42	65.97	74.1	4	23.5	2
1596.946	31.17	2.87	89.62	7.95	8.32	66.15	73.8	4	23.5	2
1597.050	31.82	2.84	90.25	7.93	8.45	67.02	74.3	4	22.5	2
1597.195	31.36	2.89	90.56	7.96	8.50	67.66	74.7	4	24.5	2
1597.255	31.28	2.89	90.52	7.94	8.47	67.27	74.3	4	22.5	2
1597.359	31.84	2.82	89.87	7.88	8.35	65.82	73.2	4	23.0	2
1597.504	30.61	2.95	90.16	7.96	8.41	66.96	74.3	4	23.5	2
1597.564	31.47	2.87	90.25	7.96	8.40	66.89	74.1	4	22.5	2
1597.668	31.66	2.85	90.06	7.99	8.50	67.89	75.4	4	23.5	2
1597.813	31.54	2.88	90.80	8.03	8.39	67.36	74.2	4	23.5	2
1597.873	31.27	2.91	90.98	8.03	8.44	67.74	74.5	4	23.5	2
1597.977	31.46	2.87	90.38	8.01	8.48	67.88	75.1	4	24.0	2
1598.122	31.25	2.89	90.46	7.94	8.42	66.89	73.9	4	23.0	2
1598.182	31.68	2.85	90.27	7.97	8.52	67.86	75.2	4	23.0	2
1598.286	32.34	2.78	89.89	7.97	8.36	66.63	74.1	4	22.5	2
1598.431	31.30	2.90	90.66	7.99	8.51	67.99	75.0	4	22.5	2
1598.491	31.83	2.84	90.41	8.02	8.32	66.73	73.8	4	22.5	2
1598.595	31.62	2.83	89.51	7.96	8.40	66.88	74.7	4	24.0	2
1598.740	32.05	2.80	89.65	7.97	8.33	66.37	74.0	4	22.0	2
1598.800	32.68	2.70	88.28	7.91	8.42	66.58	75.4	4	23.0	2
1598.904	31.63	2.83	89.65	7.91	8.42	66.57	74.3	4	22.5	2
1599.049	31.10	2.90	90.21	8.00	8.44	67.53	74.9	4	24.0	2
1599.109	30.79	2.93	90.26	8.01	8.35	66.88	74.1	4	23.0	2
1599.213	32.15	2.80	89.91	7.98	8.33	66.45	73.9	4	22.0	2
1599.358	30.53	2.93	89.57	7.89	8.49	67.01	74.8	4	24.5	2
1599.418	30.85	2.91	89.90	7.90	8.46	66.90	74.4	4	22.5	2
1599.522	32.01	2.81	89.93	7.94	8.43	66.94	74.4	4	22.5	2
1599.667	31.87	2.84	90.64	7.98	8.40	67.05	74.0	4	23.5	2
1599.727	31.60	2.87	90.70	7.97	8.34	66.49	73.3	4	22.5	2
1599.831	32.12	2.80	89.78	7.99	8.39	67.02	74.6	4	22.5	2
1599.976	31.18	2.89	90.09	8.00	8.43	67.41	74.8	4	24.5	2
1600.036	30.88	2.93	90.45	7.98	8.51	67.89	75.1	4	23.0	2
1600.140	31.75	2.84	90.32	7.89	8.51	67.14	74.3	4	23.0	2
1600.285	31.43	2.88	90.38	7.95	8.40	66.82	73.9	4	24.0	2
1600.345	31.00	2.91	90.32	8.00	8.46	67.71	75.0	4	23.5	2
1600.449	31.53	2.88	90.78	8.01	8.41	67.32	74.2	4	23.5	2
1600.594	30.97	2.93	90.74	7.95	8.45	67.16	74.0	4	24.0	2
1600.654	31.25	2.91	90.87	8.00	8.38	67.03	73.8	4	23.0	2
1600.758	31.04	2.92	90.76	8.05	8.33	67.05	73.9	4	24.0	2
1600.903	31.91	2.82	90.10	8.08	8.26	66.75	74.1	4	23.0	2
1600.963	31.33	2.87	90.04	7.97	8.37	66.70	74.1	4	23.5	2
1601.067	31.29	2.90	90.74	8.02	8.47	67.93	74.9	4	22.5	2
1601.212	31.87	2.83	90.04	8.05	8.35	67.25	74.7	4	24.5	2
1601.272	30.78	2.92	89.99	7.98	8.52	68.03	75.6	4	24.5	2
1601.376	31.20	2.88	89.91	8.01	8.45	67.70	75.3	4	22.5	2
1601.521	31.17	2.89	89.93	8.01	8.49	68.06	75.7	4	24.0	2
1601.581	31.36	2.88	90.39	8.03	8.33	66.89	74.0	4	22.0	2
1601.685	32.90	2.67	87.84	7.85	8.35	65.55	74.6	4	21.5	2
1601.830	31.57	2.85	90.01	7.92	8.25	65.34	72.6	4	25.5	2
1601.890	30.50	2.94	89.74	7.80	8.49	66.16	73.7	4	23.5	2
1601.994	31.17	2.88	89.61	7.92	8.37	66.29	74.0	4	23.0	2
1602.139	31.71	2.85	90.37	7.92	8.50	67.32	74.5	4	22.5	2
1602.199	31.37	2.89	90.57	7.98	8.37	66.73	73.7	4	24.5	2
1602.303	30.31	2.99	90.70	7.93	8.57	68.01	75.0	4	23.5	2
1602.448	32.37	2.78	89.87	7.85	8.50	66.72	74.2	4	22.0	2
1602.508	32.02	2.81	89.92	7.98	8.36	66.65	74.1	4	24.5	2
1602.612	31.91	2.80	89.45	7.91	8.31	65.77	73.5	4	23.5	2
1602.757	31.30	2.90	90.87	7.98	8.36	66.69	73.4	4	22.5	2
1602.817	31.83	2.84	90.25	7.93	8.50	67.35	74.6	4	23.5	2
1602.921	30.33	2.97	89.99	7.94	8.38	66.50	73.9	4	24.5	2
1603.066	32.29	2.74	88.49	7.98	8.24	65.76	74.3	4	22.0	2
1603.126	32.27	2.77	89.32	7.97	8.35	66.57	74.5	4	24.0	2
1603.230	31.40	2.88	90.33	7.98	8.42	67.24	74.4	4	22.5	2
1603.375	31.94	2.83	90.25	7.94	8.35	66.25	73.4	4	21.5	2
1603.435	32.08	2.80	89.96	7.93	8.52	67.56	75.1	4	24.5	2
1603.539	31.04	2.92	90.73	8.00	8.32	66.52	73.3	4	24.5	2
1603.684	30.91	2.94	90.72	7.91	8.47	67.01	73.9	4	24.0	2
1603.744	31.17	2.92	91.05	8.03	8.33	66.93	73.5	4	23.5	2
1603.848	31.14	2.91	90.73	8.01	8.46	67.81	74.7	4	23.5	2
1603.993	30.52	2.95	89.94	7.93	8.55	67.80	75.4	4	23.5	2
1604.053	30.82	2.93	90.41	8.04	8.37	67.27	74.4	4	23.0	2
1604.157	32.07	2.81	90.06	7.97	8.26	65.80	73.1	4	22.5	2
1604.302	32.23	2.82	90.87	7.91	8.55	67.60	74.4	4	22.5	2
1604.362	32.06	2.81	90.24	8.05	8.30	66.79	74.0	4	23.0	2
1604.466	31.38	2.88	90.38	8.02	8.28	66.36	73.4	4	24.0	2
1604.611	31.19	2.91	90.71	8.01	8.50	68.05	75.0	4	23.5	2
1604.671	31.03	2.92	90.67	8.05	8.49	68.34	75.4	4	24.0	2
1604.775	31.70	2.87	90.96	8.10	8.27	66.95	73.6	4	24.0	2
1604.920	31.30	2.91	91.11	8.04	8.31	66.87	73.4	4	24.0	2
1604.980	31.19	2.90	90.52	8.03	8.47	67.99	75.1	4	24.0	2
1605.084	31.19	2.89	90.13	8.03	8.36	67.18	74.5	4	23.5	2
1605.229	30.86	2.92	90.26	8.07	8.47	68.38	75.8	4	24.5	2
1605.289	31.10	2.90	90.24	8.07	8.49	68.45	75.9	4	23.0	2
1605.393	31.49	2.87	90.22	8.09	8.31	67.17	74.4	4	23.5	2
1605.538	31.24	2.93	91.47	8.01	8.49	68.03	74.4	4	24.0	2
1605.598	30.87	2.96	91.23	8.03	8.58	68.86	75.5	4	24.5	2
1605.702	30.98	2.92	90.45	8.05	8.34	67.14	74.2	4	23.5	2
1605.847	30.78	2.95	90.74	8.06	8.46	68.19	75.1	4	25.0	2
1605.907	30.26	2.98	90.26	8.07	8.49	68.45	75.8	4	24.0	2
1606.011	30.19	2.97	89.58	8.00	8.39	67.19	75.0	4	23.5	2
1606.156	31.95	2.81	89.85	8.00	8.38	67.02	74.6	4	22.5	2
1606.216	31.35	2.87	90.09	7.98	8.50	67.82	75.3	4	24.0	2
1606.320	31.05	2.91	90.21	8.06	8.25	66.55	73.8	4	24.0	2
1606.465	30.98	2.91	90.24	8.04	8.43	67.72	75.0	4	23.5	2
1606.525	31.38	2.89	90.65	8.05	8.40	67.62	74.6	4	23.0	2
1606.629	30.61	2.94	90.01	8.07	8.35	67.37	74.8	4	23.5	2
1606.774	31.39	2.89	90.85	8.03	8.39	67.41	74.2	4	22.5	2
1606.834	31.84	2.84	90.49	8.04	8.40	67.57	74.7	4	23.0	2
1606.938	31.25	2.90	90.61	8.04	8.39	67.41	74.4	4	23.5	2
1607.083	31.19	2.90	90.32	8.00	8.39	67.09	74.3	4	24.0	2
1607.143	31.23	2.90	90.54	8.02	8.36	67.06	74.1	4	22.5	2
1607.247	31.35	2.89	90.51	7.99	8.50	67.91	75.0	4	24.5	2
1607.392	31.31	2.88	90.03	8.10	8.29	67.09	74.5	4	23.0	2
1607.452	31.59	2.83	89.46	8.08	8.36	67.57	75.5	4	23.0	2
1607.556	31.41	2.87	90.02	8.07	8.16	65.86	73.2	4	25.0	2
1607.701	30.53	2.94	89.86	7.98	8.41	67.17	74.8	4	23.0	2
1607.761	30.97	2.90	89.79	7.95	8.40	66.82	74.4	4	23.0	2
1607.865	31.71	2.85	90.38	7.96	8.51	67.72	74.9	4	22.5	2
1608.010	31.45	2.85	89.76	8.07	8.50	68.55	76.4	4	23.0	2
1608.070	31.63	2.86	90.39	8.10	8.35	67.64	74.8	4	24.0	2
1608.174	31.67	2.86	90.46	8.05	8.27	66.59	73.6	4	22.5	2
1608.319	31.28	2.90	90.64	7.96	8.48	67.49	74.5	4	23.0	2
1608.379	31.73	2.86	90.72	7.98	8.55	68.17	75.1	4	23.0	2
1608.483	31.91	2.84	90.57	8.05	8.56	68.86	76.0	4	24.0	2
1608.628	31.23	2.89	90.32	8.09	8.33	67.39	74.6	4	23.0	2
1608.688	31.86	2.83	90.17	8.08	8.28	66.86	74.2	4	22.5	2
1608.792	30.87	2.93	90.47	8.02	8.40	67.37	74.5	4	25.0	2
1608.937	31.48	2.86	90.08	8.00	8.31	66.47	73.8	4	22.5	2
1608.997	31.99	2.81	89.89	7.98	8.42	67.19	74.7	4	23.0	2
1609.101	31.97	2.81	89.90	7.96	8.44	67.16	74.7	4	25.0	2
1609.246	31.37	2.85	89.40	8.01	8.26	66.16	74.0	4	22.0	2
1609.306	31.68	2.85	90.24	8.06	8.30	66.87	74.1	4	23.5	2
1609.410	31.34	2.90	90.90	8.01	8.41	67.35	74.1	4	23.0	2
1609.555	31.54	2.89	91.11	8.11	8.28	67.10	73.6	4	22.5	2
1609.615	31.65	2.86	90.55	8.07	8.27	66.75	73.7	4	24.5	2
1609.719	30.79	2.93	90.08	8.00	8.48	67.82	75.3	4	23.0	2
1609.864	30.88	2.94	90.68	8.04	8.37	67.29	74.2	4	23.5	2
1609.924	31.53	2.87	90.40	8.05	8.37	67.38	74.5	4	23.0	2
1610.028	31.69	2.85	90.26	7.99	8.46	67.52	74.8	4	22.5	2
1610.173	30.65	2.95	90.40	8.01	8.33	66.71	73.8	4	24.0	2
1610.233	31.14	2.90	90.29	8.02	8.32	66.70	73.9	4	23.5	2
1610.337	32.01	2.79	89.17	7.97	8.39	66.84	75.0	4	22.5	2
1610.482	31.84	2.85	90.59	8.06	8.23	66.38	73.3	4	23.5	2
1610.542	31.62	2.86	90.45	8.09	8.27	66.86	73.9	4	23.0	2
1610.646	31.06	2.93	90.88	8.10	8.46	68.51	75.4	4	23.5	2
1610.791	31.81	2.82	89.60	8.08	8.26	66.74	74.5	4	23.0	2
1610.851	31.37	2.86	89.67	8.07	8.31	67.03	74.7	4	23.5	2
1610.955	31.86	2.79	88.99	7.99	8.35	66.77	75.0	4	21.5	2
1611.100	31.11	2.90	90.12	8.00	8.37	66.99	74.3	4	25.0	2
1611.160	30.95	2.90	89.88	8.03	8.33	66.83	74.4	4	23.5	2
1611.264	31.34	2.87	89.82	8.00	8.44	67.53	75.2	4	22.5	2
1611.409	31.10	2.90	90.24	8.03	8.41	67.50	74.8	4	24.5	2
1611.469	31.17	2.90	90.38	8.05	8.42	67.81	75.0	4	23.0	2
1611.573	31.16	2.91	90.72	8.04	8.28	66.56	73.4	4	24.5	2
1611.718	30.91	2.95	91.25	8.04	8.37	67.29	73.7	4	23.0	2
1611.778	31.18	2.89	90.27	7.96	8.36	66.59	73.8	4	22.5	2
1611.882	30.39	2.95	89.63	7.93	8.36	66.34	74.0	4	24.0	2
1612.027	32.46	2.74	88.83	7.87	8.45	66.57	74.9	4	22.5	2
1612.087	32.25	2.78	89.50	7.97	8.43	67.18	75.1	4	24.0	2
1612.191	30.61	2.92	89.49	8.00	8.30	66.38	74.2	4	22.5	2
1612.336	32.56	2.72	88.68	7.96	8.28	65.93	74.3	4	21.5	2
1612.396	32.69	2.69	88.09	7.98	8.15	65.06	73.9	4	22.0	2
1612.500	32.98	2.66	87.69	7.85	8.27	64.89	74.0	4	23.5	2
1612.645	30.63	2.92	89.37	7.98	8.28	66.05	73.9	4	24.5	2
1612.705	30.57	2.94	89.84	7.97	8.40	66.95	74.5	4	22.5	2
1612.809	31.81	2.81	89.42	7.95	8.45	67.12	75.1	4	22.0	2
1612.954	31.37	2.89	90.58	7.90	8.49	67.05	74.0	4	23.5	2
1613.014	31.03	2.91	90.39	8.01	8.54	68.38	75.6	4	23.5	2
1613.118	31.64	2.85	90.10	8.06	8.28	66.72	74.1	4	23.0	2
1613.263	31.05	2.91	90.30	8.00	8.37	67.02	74.2	4	24.0	2
1613.323	31.11	2.90	90.21	8.06	8.43	67.96	75.3	4	24.0	2
1613.427	31.63	2.84	89.81	8.12	8.23	66.76	74.3	4	22.5	2
1613.572	30.98	2.89	89.63	7.93	8.36	66.31	74.0	4	24.5	2
1613.632	30.85	2.92	90.06	7.99	8.52	68.08	75.6	4	23.5	2
1613.736	31.09	2.89	89.91	8.11	8.24	66.82	74.3	4	23.5	2
1613.881	31.38	2.89	90.63	7.93	8.45	67.06	74.0	4	22.5	2
1613.941	31.49	2.87	90.37	8.04	8.46	68.01	75.2	4	24.0	2
1614.045	31.27	2.89	90.35	8.11	8.32	67.45	74.6	4	22.5	2
1614.190	30.83	2.92	89.99	8.00	8.38	67.11	74.6	4	23.5	2
1614.250	31.89	2.80	89.42	8.06	8.23	66.35	74.2	4	23.0	2
1614.354	30.93	2.90	89.68	8.02	8.15	65.36	72.9	4	25.0	2
1614.499	30.95	2.90	89.70	8.01	8.40	67.33	75.1	4	23.5	2
1614.559	30.92	2.91	90.11	8.04	8.27	66.42	73.7	4	23.5	2
1614.663	31.33	2.88	90.14	8.01	8.37	67.01	74.3	4	23.0	2
1614.808	31.16	2.90	90.49	8.01	8.41	67.31	74.4	4	23.0	2
1614.868	31.10	2.89	89.91	7.97	8.39	66.85	74.4	4	24.0	2
1614.972	30.93	2.90	89.83	8.00	8.37	66.98	74.6	4	23.0	2
1615.117	31.34	2.88	90.10	7.98	8.38	66.89	74.2	4	23.5	2
1615.177	31.58	2.86	90.42	7.91	8.54	67.58	74.7	4	22.5	2
1615.281	32.00	2.78	89.06	8.01	8.28	66.34	74.5	4	23.0	2
1615.426	31.49	2.83	89.10	8.01	8.36	66.95	75.1	4	23.5	2
1615.486	31.43	2.84	89.34	7.95	8.49	67.53	75.6	4	22.0	2
