2007.598	37.97	0.52	19.83	1.47	3.11	4.58	23.1	4	12.5	3
2007.743	29.37	1.61	47.34	3.23	7.24	23.36	49.4	4	18.5	3
2007.803	25.99	1.79	46.62	3.36	7.54	25.33	54.3	4	17.5	3
2007.907	25.18	1.92	48.26	3.53	8.01	28.33	58.7	4	15.5	3
2008.052	33.31	1.64	54.59	3.83	8.64	33.07	60.6	4	13.0	3
2008.112	34.42	1.59	54.75	3.81	8.69	33.10	60.5	4	12.5	3
2008.216	35.50	1.52	53.79	3.77	8.65	32.62	60.6	4	12.5	3
2008.361	31.66	1.81	57.41	3.87	9.01	34.90	60.8	4	16.0	3
2008.421	30.21	1.89	57.12	3.84	9.02	34.66	60.7	4	15.5	3
2008.525	30.13	1.94	58.38	3.88	9.14	35.49	60.8	4	14.0	3
2008.670	34.23	1.75	59.79	3.91	9.32	36.41	60.9	4	13.0	3
2008.730	34.74	1.73	60.23	3.90	9.34	36.41	60.5	4	13.0	3
2008.834	32.98	1.84	60.71	3.93	9.38	36.88	60.8	4	15.5	3
2008.979	32.90	1.86	61.10	3.96	9.40	37.20	60.9	4	13.5	3
2009.039	33.86	1.80	61.11	3.95	9.42	37.22	60.9	4	13.5	3
2009.143	34.63	1.75	60.76	3.94	9.41	37.13	61.1	4	13.0	3
2009.288	32.95	1.87	61.66	3.98	9.48	37.77	61.3	4	15.5	3
2009.348	31.91	1.91	60.96	3.96	9.44	37.38	61.3	4	15.5	3
2009.452	31.57	1.93	60.99	3.96	9.43	37.40	61.3	4	13.5	3
2009.597	34.40	1.78	61.21	3.94	9.46	37.27	60.9	4	13.0	3
2009.657	34.62	1.76	60.86	3.94	9.45	37.22	61.2	4	13.0	3
2009.761	33.48	1.83	61.22	3.97	9.47	37.56	61.4	4	15.0	3
2009.906	32.20	1.90	61.26	3.94	9.47	37.26	60.8	4	13.0	3
2009.966	33.71	1.81	60.87	3.90	9.42	36.80	60.5	4	13.5	3
2010.070	34.42	1.78	61.34	3.92	9.47	37.13	60.5	4	15.0	3
2010.215	32.74	1.89	61.76	3.98	9.49	37.81	61.2	4	13.5	3
2010.275	33.82	1.82	61.40	4.06	9.32	37.82	61.6	4	14.0	3
2010.379	34.52	1.78	61.57	4.05	9.34	37.83	61.4	4	13.5	3
2010.524	33.26	1.86	61.93	3.99	9.48	37.78	61.0	4	15.0	3
2010.584	32.47	1.90	61.83	3.95	9.55	37.74	61.0	4	14.5	3
2010.688	33.71	1.84	62.11	3.88	9.63	37.36	60.1	4	13.0	3
2010.833	34.57	1.80	62.20	3.89	9.69	37.69	60.6	4	14.5	3
2010.893	33.01	1.88	61.90	3.86	9.66	37.32	60.3	4	14.5	3
2010.997	32.09	1.93	61.91	3.85	9.66	37.18	60.1	4	15.0	3
2011.142	33.86	1.82	61.75	3.84	9.64	37.05	60.0	4	13.5	3
2011.202	34.34	1.79	61.60	3.85	9.62	36.98	60.0	4	13.5	3
2011.306	33.59	1.85	62.06	3.86	9.70	37.48	60.4	4	14.5	3
2011.451	32.40	1.92	62.30	3.86	9.74	37.57	60.3	4	13.0	3
2011.511	33.44	1.86	62.33	3.85	9.76	37.58	60.3	4	13.0	3
2011.615	34.41	1.80	62.08	3.84	9.72	37.28	60.0	4	13.5	3
2011.760	33.01	1.89	62.37	3.84	9.70	37.26	59.7	4	15.0	3
2011.820	33.12	1.88	62.14	3.86	9.72	37.50	60.3	4	13.5	3
2011.924	34.10	1.82	62.15	3.86	9.75	37.63	60.5	4	13.0	3
2012.069	33.61	1.86	62.36	3.85	9.76	37.61	60.3	4	13.5	3
2012.129	34.24	1.82	62.20	3.85	9.72	37.42	60.2	4	13.5	3
2012.233	33.66	1.86	62.70	3.87	9.76	37.78	60.3	4	15.0	3
2012.378	32.23	1.94	62.39	3.88	9.75	37.84	60.7	4	14.0	3
2012.438	33.40	1.87	62.39	3.84	9.70	37.22	59.7	4	13.5	3
2012.542	34.35	1.81	62.29	3.85	9.69	37.28	59.9	4	13.0	3
2012.687	33.34	1.88	62.61	3.85	9.69	37.28	59.5	4	15.0	3
2012.747	32.34	1.92	61.96	3.85	9.66	37.17	60.0	4	14.5	3
2012.851	32.70	1.89	61.87	3.86	9.70	37.47	60.6	4	13.5	3
2012.996	34.44	1.80	61.97	3.86	9.67	37.35	60.3	4	13.5	3
2013.056	34.77	1.79	62.28	3.82	9.64	36.86	59.2	4	14.0	3
2013.160	32.67	1.90	62.18	3.86	9.69	37.38	60.1	4	15.0	3
2013.305	33.57	1.86	62.47	3.88	9.66	37.48	60.0	4	13.5	3
2013.365	34.24	1.83	62.54	3.87	9.65	37.35	59.7	4	13.5	3
2013.469	34.66	1.79	61.97	3.86	9.63	37.15	60.0	4	14.0	3
2013.614	33.23	1.88	62.50	3.88	9.66	37.45	59.9	4	13.0	3
2013.674	33.03	1.89	62.31	3.88	9.70	37.60	60.4	4	15.0	3
2013.778	32.70	1.91	62.41	3.86	9.68	37.30	59.8	4	13.5	3
2013.923	34.46	1.80	62.11	3.86	9.65	37.26	60.0	4	13.5	3
2013.983	34.65	1.80	62.29	3.87	9.66	37.40	60.0	4	14.0	3
2014.087	32.85	1.90	62.44	3.89	9.69	37.66	60.3	4	15.0	3
2014.232	32.65	1.93	63.08	3.88	9.71	37.63	59.7	4	15.0	3
2014.292	32.05	1.95	62.40	3.89	9.67	37.60	60.3	4	14.5	3
2014.396	33.05	1.90	62.78	3.91	9.68	37.80	60.2	4	13.0	3
2014.541	33.56	1.87	62.60	3.89	9.67	37.58	60.0	4	14.5	3
2014.601	33.76	1.85	62.40	3.88	9.70	37.62	60.3	4	13.5	3
2014.705	32.60	1.91	62.41	3.88	9.68	37.56	60.2	4	15.0	3
2014.850	33.79	1.83	61.91	3.86	9.62	37.18	60.1	4	13.5	3
2014.910	32.96	1.88	61.89	3.88	9.64	37.41	60.4	4	14.5	3
2015.014	34.12	1.81	61.93	3.86	9.61	37.12	59.9	4	13.0	3
2015.159	32.60	1.90	61.81	3.87	9.66	37.36	60.4	4	14.5	3
2015.219	33.23	1.87	62.14	3.88	9.67	37.49	60.3	4	13.5	3
2015.323	34.15	1.80	61.55	3.88	9.67	37.47	60.9	4	12.5	3
2015.468	33.57	1.86	62.29	3.88	9.65	37.48	60.2	4	14.5	3
2015.528	32.77	1.90	62.21	3.89	9.65	37.52	60.3	4	13.5	3
2015.632	34.18	1.82	62.06	3.87	9.65	37.39	60.3	4	13.5	3
2015.777	34.44	1.80	62.14	3.86	9.66	37.28	60.0	4	15.0	3
2015.837	33.02	1.87	61.80	3.85	9.64	37.08	60.0	4	14.5	3
2015.941	31.80	1.93	61.49	3.83	9.61	36.84	59.9	4	14.5	3
2016.086	34.09	1.82	62.02	3.86	9.64	37.23	60.0	4	13.0	3
2016.146	34.49	1.80	62.03	3.86	9.63	37.14	59.9	4	13.0	3
2016.250	34.75	1.80	62.57	3.89	9.68	37.67	60.2	4	14.0	3
2016.395	34.37	1.83	62.97	3.88	9.69	37.62	59.7	4	13.5	3
2016.455	33.75	1.87	63.19	3.89	9.74	37.93	60.0	4	14.5	3
2016.559	33.87	1.84	62.34	3.89	9.65	37.59	60.3	4	13.5	3
2016.704	34.63	1.82	62.85	3.88	9.68	37.57	59.8	4	14.5	3
2016.764	33.20	1.88	62.56	3.87	9.66	37.36	59.7	4	14.5	3
2016.868	33.68	1.87	62.92	3.86	9.67	37.35	59.3	4	13.0	3
2017.013	34.67	1.80	62.49	3.85	9.67	37.24	59.6	4	13.5	3
2017.073	34.72	1.80	62.51	3.88	9.70	37.60	60.2	4	13.5	3
2017.177	32.89	1.90	62.45	3.89	9.68	37.64	60.3	4	14.5	3
2017.322	33.40	1.87	62.41	3.86	9.69	37.40	59.9	4	13.5	3
2017.382	34.10	1.83	62.30	3.86	9.67	37.29	59.9	4	13.5	3
2017.486	34.59	1.80	62.25	3.88	9.66	37.45	60.2	4	13.5	3
2017.631	32.38	1.91	61.90	3.87	9.63	37.25	60.2	4	14.5	3
2017.691	31.96	1.94	61.85	3.87	9.61	37.18	60.1	4	13.5	3
2017.795	33.96	1.82	61.91	3.86	9.64	37.18	60.1	4	13.5	3
2017.940	34.69	1.79	62.23	3.88	9.67	37.54	60.3	4	14.0	3
2018.000	33.43	1.87	62.35	3.89	9.69	37.70	60.5	4	15.0	3
2018.104	31.78	1.94	61.52	3.86	9.60	37.10	60.3	4	14.0	3
2018.249	34.18	1.82	62.07	3.88	9.66	37.49	60.4	4	13.0	3
2018.309	34.55	1.80	62.02	3.87	9.63	37.28	60.1	4	13.0	3
2018.413	33.46	1.83	61.39	3.87	9.62	37.25	60.7	4	14.5	3
2018.558	33.74	1.83	61.64	3.87	9.56	37.00	60.0	4	12.5	3
2018.618	34.39	1.78	61.22	3.85	9.57	36.91	60.3	4	13.5	3
2018.722	34.82	1.78	61.98	3.88	9.58	37.19	60.0	4	13.0	3
2018.867	33.62	1.86	62.49	3.92	9.64	37.75	60.4	4	13.5	3
2018.927	34.20	1.82	62.38	3.91	9.64	37.66	60.4	4	13.0	3
2019.031	34.78	1.79	62.30	3.89	9.61	37.36	60.0	4	13.0	3
2019.176	33.03	1.88	62.21	3.87	9.68	37.43	60.2	4	14.5	3
2019.236	32.45	1.92	62.16	3.89	9.65	37.54	60.4	4	15.0	3
2019.340	33.69	1.85	62.36	3.89	9.62	37.39	60.0	4	13.5	3
2019.485	34.98	1.75	61.14	3.86	9.49	36.66	60.0	4	13.5	3
2019.545	33.70	1.83	61.83	3.89	9.58	37.32	60.4	4	14.5	3
2019.649	32.65	1.91	62.51	3.91	9.63	37.67	60.3	4	13.5	3
2019.794	34.59	1.79	61.96	3.88	9.52	36.98	59.7	4	13.5	3
2019.854	34.59	1.81	62.49	3.90	9.59	37.39	59.8	4	14.5	3
2019.958	32.71	1.91	62.35	3.91	9.65	37.74	60.5	4	15.0	3
2020.103	34.47	1.81	62.37	3.91	9.61	37.59	60.3	4	13.0	3
2020.163	34.69	1.78	61.92	3.91	9.56	37.37	60.4	4	13.5	3
2020.267	34.13	1.83	62.29	3.92	9.59	37.57	60.3	4	15.0	3
2020.412	32.81	1.91	62.71	3.95	9.58	37.87	60.4	4	13.5	3
2020.472	33.66	1.87	62.89	3.98	9.59	38.22	60.8	4	13.5	3
2020.576	34.37	1.83	62.91	4.01	9.57	38.33	60.9	4	14.5	3
2020.721	33.93	1.86	63.06	4.17	9.38	39.13	62.1	4	14.0	3
2020.781	34.30	1.84	63.21	4.24	9.30	39.46	62.4	4	14.0	3
2020.885	34.08	1.86	63.27	4.23	9.30	39.32	62.2	4	14.0	3
2021.030	34.32	1.84	63.04	4.45	9.12	40.57	64.4	4	16.5	3
2021.090	33.21	1.88	62.54	4.53	9.01	40.84	65.3	4	16.0	3
2021.194	33.53	1.86	62.43	4.34	9.10	39.48	63.2	4	14.0	3
2021.339	34.74	1.80	62.48	4.17	9.28	38.73	62.0	4	13.5	3
2021.399	34.40	1.81	62.42	4.15	9.32	38.70	62.0	4	15.5	3
2021.503	32.49	1.92	62.23	4.16	9.26	38.48	61.8	4	15.0	3
2021.648	33.78	1.84	62.25	4.57	8.80	40.19	64.6	4	16.0	3
2021.708	32.94	1.89	62.19	4.53	8.87	40.17	64.6	4	15.0	3
2021.812	33.25	1.87	62.28	4.80	8.54	40.94	65.7	4	16.5	3
2021.957	33.89	1.79	60.71	4.92	8.25	40.61	66.9	4	15.5	3
2022.017	34.33	1.78	61.14	5.01	8.19	41.09	67.2	4	15.0	3
2022.121	34.87	1.73	60.44	5.43	7.77	42.17	69.8	4	18.0	3
2022.266	33.87	1.82	61.63	5.98	7.28	43.52	70.6	4	18.0	3
2022.326	34.19	1.82	62.19	6.13	7.15	43.86	70.5	4	19.0	3
2022.430	33.58	1.88	63.21	6.46	7.02	45.34	71.7	4	18.5	3
2022.575	34.22	1.82	62.38	6.85	6.47	44.36	71.1	4	20.5	3
2022.635	32.74	1.89	61.93	6.85	6.74	46.19	74.6	4	20.5	3
2022.739	33.05	1.91	63.00	6.94	6.65	46.13	73.2	4	18.5	3
2022.884	34.18	1.82	62.37	7.08	6.44	45.56	73.1	4	20.5	3
2022.944	33.59	1.87	62.97	7.12	6.50	46.29	73.5	4	19.5	3
2023.048	34.22	1.81	61.85	7.19	6.38	45.84	74.1	4	20.0	3
2023.193	33.62	1.88	63.38	7.18	6.46	46.42	73.2	4	19.0	3
2023.253	33.74	1.86	62.74	7.23	6.42	46.40	73.9	4	20.0	3
2023.357	34.45	1.79	61.75	7.22	6.40	46.19	74.8	4	20.5	3
2023.502	33.51	1.87	62.62	7.30	6.33	46.21	73.8	4	19.5	3
2023.562	34.16	1.81	61.73	7.27	6.30	45.81	74.2	4	20.5	3
2023.666	33.41	1.89	63.29	7.31	6.48	47.32	74.8	4	21.5	3
2023.811	34.04	1.84	62.61	7.24	6.38	46.19	73.8	4	20.0	3
2023.871	34.40	1.82	62.47	7.24	6.38	46.21	74.0	4	20.5	3
2023.975	33.53	1.89	63.31	7.28	6.49	47.20	74.6	4	21.0	3
2024.120	34.35	1.82	62.45	7.28	6.45	46.94	75.2	4	21.5	3
2024.180	32.79	1.89	61.89	7.23	6.32	45.66	73.8	4	21.0	3
2024.284	32.95	1.92	63.17	7.32	6.35	46.49	73.6	4	19.5	3
2024.429	34.40	1.83	63.05	7.25	6.28	45.55	72.2	4	21.0	3
2024.489	33.09	1.90	62.73	7.28	6.27	45.63	72.7	4	21.0	3
2024.593	33.94	1.86	62.96	7.30	6.27	45.77	72.7	4	20.0	3
2024.738	32.25	1.93	62.16	7.34	6.18	45.39	73.0	4	22.0	3
2024.798	32.61	1.92	62.60	7.29	6.28	45.82	73.2	4	19.0	3
2024.902	33.80	1.85	62.66	7.34	6.21	45.61	72.8	4	20.5	3
2025.047	34.23	1.82	62.16	7.32	6.29	46.07	74.1	4	20.0	3
2025.107	34.53	1.78	61.59	7.34	6.21	45.56	74.0	4	20.5	3
2025.211	32.33	1.91	61.78	7.34	6.27	46.02	74.5	4	21.5	3
2025.356	34.46	1.76	60.50	7.26	6.19	44.95	74.3	4	19.5	3
2025.416	34.98	1.70	59.63	7.19	6.19	44.53	74.7	4	19.0	3
2025.520	33.17	1.85	61.42	7.23	6.33	45.71	74.4	4	21.5	3
2025.665	33.33	1.84	61.46	7.29	6.05	44.16	71.9	4	18.5	3
2025.725	34.25	1.79	61.22	7.18	6.15	44.16	72.1	4	18.5	3
2025.829	34.87	1.74	60.76	7.17	6.12	43.87	72.2	4	20.5	3
2025.974	33.12	1.88	62.11	7.21	6.34	45.70	73.6	4	19.0	3
2026.034	34.06	1.78	60.72	7.10	6.37	45.23	74.5	4	19.0	3
2026.138	35.24	1.67	58.71	7.07	6.07	42.91	73.1	4	18.5	3
2026.283	34.21	1.82	62.41	7.20	6.28	45.23	72.5	4	21.5	3
2026.343	33.48	1.87	62.74	7.22	6.37	45.97	73.3	4	19.5	3
2026.447	34.59	1.77	61.38	7.14	6.25	44.64	72.7	4	20.0	3
2026.592	33.92	1.83	61.99	7.29	6.32	46.09	74.3	4	20.0	3
2026.652	33.75	1.85	62.51	7.37	6.23	45.95	73.5	4	21.5	3
2026.756	33.04	1.89	62.59	7.33	6.44	47.22	75.4	4	20.5	3
2026.901	33.36	1.89	63.20	7.39	6.25	46.21	73.1	4	20.5	3
2026.961	33.36	1.90	63.46	7.37	6.39	47.11	74.2	4	20.0	3
2027.065	33.69	1.86	62.57	7.40	6.15	45.51	72.7	4	21.0	3
2027.210	33.15	1.92	63.54	7.50	6.34	47.50	74.8	4	20.5	3
2027.270	34.02	1.83	62.29	7.46	6.18	46.10	74.0	4	20.0	3
2027.374	33.35	1.88	62.57	7.42	6.37	47.27	75.6	4	21.5	3
2027.519	33.81	1.83	61.86	7.37	6.14	45.28	73.2	4	19.5	3
2027.579	34.36	1.80	61.80	7.33	6.10	44.72	72.4	4	19.0	3
2027.683	35.08	1.72	60.23	7.21	6.06	43.66	72.5	4	18.5	3
2027.828	33.97	1.84	62.50	7.28	6.22	45.26	72.4	4	20.0	3
2027.888	34.10	1.84	62.87	7.35	6.35	46.64	74.2	4	21.5	3
2027.992	33.88	1.87	63.35	7.37	6.33	46.66	73.6	4	20.0	3
2028.137	34.20	1.86	63.56	7.32	6.39	46.73	73.5	4	20.0	3
2028.197	33.96	1.87	63.49	7.32	6.43	47.06	74.1	4	21.0	3
2028.301	34.16	1.84	62.94	7.37	6.28	46.27	73.5	4	20.0	3
2028.446	33.06	1.91	63.07	7.36	6.30	46.40	73.6	4	21.5	3
2028.506	33.12	1.88	62.40	7.41	6.23	46.14	73.9	4	21.0	3
2028.610	34.37	1.77	60.95	7.28	6.19	45.07	74.0	4	19.0	3
2028.755	32.64	1.90	62.02	7.24	6.41	46.44	74.9	4	22.0	3
2028.815	32.92	1.91	62.74	7.28	6.34	46.13	73.5	4	19.0	3
2028.919	33.50	1.87	62.75	7.29	6.27	45.74	72.9	4	21.5	3
2029.064	33.34	1.92	64.03	7.38	6.40	47.29	73.9	4	20.5	3
2029.124	33.46	1.92	64.40	7.40	6.28	46.48	72.2	4	19.5	3
2029.228	33.20	1.89	62.72	7.43	6.18	45.90	73.2	4	21.0	3
2029.373	33.16	1.92	63.75	7.36	6.29	46.25	72.5	4	19.0	3
2029.433	34.30	1.78	61.14	7.32	6.03	44.14	72.2	4	19.5	3
2029.537	35.09	1.70	59.77	7.19	5.99	43.07	72.1	4	19.5	3
2029.682	32.53	1.91	62.16	7.21	6.43	46.35	74.6	4	20.5	3
2029.742	33.56	1.86	62.45	7.27	6.25	45.45	72.8	4	20.0	3
2029.846	33.24	1.92	63.86	7.29	6.34	46.27	72.5	4	20.0	3
2029.991	33.52	1.89	63.42	7.37	6.37	46.93	74.0	4	21.0	3
2030.051	33.02	1.92	63.48	7.40	6.27	46.38	73.1	4	21.5	3
2030.155	33.73	1.86	62.64	7.36	6.29	46.31	73.9	4	19.5	3
2030.300	33.37	1.91	63.69	7.41	6.35	47.04	73.9	4	21.0	3
2030.360	33.35	1.90	63.47	7.42	6.26	46.47	73.2	4	20.5	3
2030.464	34.24	1.83	62.57	7.32	6.27	45.84	73.3	4	19.5	3
2030.609	33.35	1.89	63.04	7.35	6.38	46.87	74.3	4	19.5	3
2030.669	33.59	1.88	63.08	7.37	6.28	46.27	73.4	4	21.0	3
2030.773	33.85	1.84	62.32	7.21	6.50	46.81	75.1	4	21.0	3
2030.918	32.90	1.91	62.72	7.27	6.40	46.56	74.2	4	19.5	3
2030.978	33.55	1.85	62.22	7.25	6.42	46.59	74.9	4	20.0	3
2031.082	33.16	1.86	61.66	7.26	6.47	46.98	76.2	4	21.0	3
2031.227	33.87	1.85	62.72	7.23	6.46	46.69	74.4	4	19.0	3
2031.287	34.28	1.83	62.60	7.31	6.21	45.40	72.5	4	20.5	3
2031.391	33.45	1.88	62.87	7.24	6.38	46.18	73.5	4	19.5	3
2031.536	34.36	1.81	62.35	7.23	6.40	46.29	74.2	4	19.5	3
2031.596	33.60	1.88	63.01	7.20	6.37	45.83	72.7	4	21.5	3
2031.700	33.18	1.90	63.00	7.25	6.42	46.52	73.8	4	19.5	3
2031.845	34.44	1.81	62.35	7.18	6.45	46.36	74.4	4	19.0	3
2031.905	34.72	1.78	61.84	7.06	6.42	45.28	73.2	4	19.5	3
2032.009	33.44	1.87	62.55	7.15	6.27	44.82	71.6	4	19.5	3
2032.154	34.72	1.76	61.08	7.06	6.34	44.77	73.3	4	19.0	3
2032.214	34.02	1.82	62.02	7.07	6.41	45.30	73.0	4	20.0	3
2032.318	33.88	1.85	62.61	7.11	6.53	46.42	74.1	4	21.5	3
2032.463	33.49	1.88	62.95	7.10	6.62	46.98	74.6	4	19.0	3
2032.523	34.30	1.80	61.76	7.09	6.40	45.43	73.5	4	18.0	3
2032.627	33.78	1.86	62.76	7.11	6.43	45.73	72.9	4	21.5	3
2032.772	34.62	1.76	61.10	7.01	6.33	44.34	72.6	4	19.5	3
2032.832	33.33	1.85	61.68	6.99	6.29	44.00	71.3	4	20.5	3
2032.936	33.66	1.85	62.33	7.05	6.58	46.33	74.3	4	20.5	3
2033.081	32.83	1.91	62.55	7.11	6.41	45.56	72.8	4	19.0	3
2033.141	33.88	1.85	62.59	7.05	6.50	45.80	73.2	4	19.0	3
2033.245	33.94	1.86	63.27	7.09	6.56	46.49	73.5	4	20.5	3
2033.390	32.09	1.96	62.75	6.98	6.69	46.72	74.5	4	21.5	3
2033.450	32.62	1.92	62.79	7.08	6.47	45.82	73.0	4	19.0	3
2033.554	33.99	1.84	62.47	7.03	6.36	44.69	71.5	4	19.0	3
2033.699	32.08	1.93	61.82	7.06	6.34	44.76	72.4	4	21.0	3
2033.759	32.79	1.91	62.55	7.08	6.49	45.94	73.4	4	19.5	3
2033.863	34.50	1.74	60.19	6.95	6.42	44.61	74.1	4	18.0	3
2034.008	33.18	1.88	62.36	6.85	6.73	46.06	73.9	4	21.0	3
2034.068	32.37	1.90	61.63	6.91	6.33	43.72	70.9	4	19.0	3
2034.172	33.62	1.85	62.27	6.97	6.64	46.32	74.4	4	18.5	3
2034.317	33.53	1.85	61.90	6.99	6.46	45.13	72.9	4	20.0	3
2034.377	34.03	1.84	62.75	7.00	6.56	45.90	73.1	4	18.5	3
2034.481	33.69	1.85	62.39	7.04	6.60	46.43	74.4	4	19.5	3
2034.626	34.77	1.74	60.56	6.98	6.46	45.11	74.5	4	19.5	3
2034.686	33.46	1.84	61.57	6.95	6.58	45.77	74.3	4	20.5	3
2034.790	33.08	1.90	62.93	7.06	6.67	47.07	74.8	4	21.0	3
2034.935	33.63	1.88	63.36	7.07	6.56	46.37	73.2	4	18.5	3
2034.995	33.43	1.87	62.53	7.02	6.55	45.98	73.5	4	20.0	3
2035.099	33.53	1.87	62.82	7.00	6.74	47.18	75.1	4	20.0	3
2035.244	33.41	1.89	63.28	7.06	6.47	45.67	72.2	4	20.5	3
2035.304	33.21	1.91	63.50	7.08	6.59	46.67	73.5	4	20.0	3
2035.408	33.98	1.87	63.39	7.10	6.59	46.79	73.8	4	19.5	3
2035.553	32.62	1.93	62.85	7.00	6.76	47.27	75.2	4	21.0	3
2035.613	33.09	1.92	63.41	7.04	6.58	46.30	73.0	4	18.5	3
2035.717	33.11	1.90	62.85	7.07	6.44	45.49	72.4	4	20.5	3
2035.862	33.30	1.88	62.66	7.14	6.44	45.95	73.3	4	20.0	3
2035.922	33.82	1.86	63.06	7.18	6.50	46.70	74.1	4	20.0	3
2036.026	33.64	1.88	63.40	7.16	6.58	47.10	74.3	4	19.5	3
2036.171	33.59	1.87	62.82	7.05	6.40	45.10	71.8	4	19.5	3
2036.231	33.87	1.87	63.24	7.08	6.61	46.81	74.0	4	19.5	3
2036.335	34.02	1.85	62.98	7.04	6.53	45.97	73.0	4	20.0	3
2036.480	33.71	1.85	62.41	7.11	6.15	43.72	70.0	4	20.0	3
2036.540	32.87	1.89	62.12	7.00	6.73	47.13	75.9	4	21.0	3
2036.644	33.35	1.86	62.10	6.94	6.43	44.61	71.8	4	19.0	3
2036.789	34.49	1.84	63.35	7.05	6.29	44.38	70.1	4	19.5	3
2036.849	34.25	1.84	62.90	7.04	6.54	45.99	73.1	4	21.0	3
2036.953	33.44	1.89	63.22	6.80	7.13	48.55	76.8	4	18.0	3
2037.098	33.24	1.90	63.16	6.83	6.59	45.03	71.3	4	19.5	3
2037.158	33.59	1.89	63.52	6.97	6.13	42.73	67.3	4	19.0	3
2037.262	34.03	1.86	63.32	7.12	6.25	44.53	70.3	4	20.5	3
2037.407	33.75	1.89	63.74	7.09	6.52	46.23	72.5	4	19.0	3
2037.467	34.06	1.86	63.23	6.92	6.89	47.70	75.4	4	20.0	3
2037.571	33.51	1.87	62.75	7.05	6.22	43.86	69.9	4	20.5	3
2037.716	32.82	1.92	62.99	6.97	6.69	46.65	74.1	4	20.5	3
2037.776	33.28	1.91	63.49	6.95	6.78	47.07	74.1	4	20.5	3
2037.880	34.12	1.86	63.45	6.98	6.44	44.98	70.9	4	19.0	3
2038.025	33.85	1.86	63.01	7.22	5.84	42.18	66.9	4	20.0	3
2038.085	34.10	1.86	63.46	7.16	6.35	45.44	71.6	4	21.0	3
2038.189	33.01	1.92	63.23	6.92	7.16	49.53	78.3	4	18.5	3
2038.334	34.37	1.83	63.07	6.74	7.44	50.10	79.4	4	19.5	3
2038.394	33.80	1.88	63.59	6.82	7.53	51.33	80.7	4	21.0	3
2038.498	34.24	1.81	62.13	7.01	6.59	46.19	74.3	4	19.0	3
2038.643	33.28	1.89	62.76	7.10	5.79	41.09	65.5	4	19.0	3
2038.703	33.58	1.88	63.20	7.09	5.65	40.07	63.4	4	19.5	3
2038.807	33.75	1.88	63.56	7.08	5.86	41.50	65.3	4	19.0	3
2038.952	33.77	1.89	63.89	6.80	6.91	47.00	73.6	4	19.5	3
2039.012	33.77	1.89	63.90	6.88	6.67	45.87	71.8	4	19.0	3
2039.116	33.38	1.89	63.15	6.86	6.74	46.27	73.3	4	19.5	3
2039.261	33.71	1.86	62.75	6.95	6.81	47.37	75.5	4	19.5	3
2039.321	34.01	1.84	62.43	7.04	6.20	43.68	70.0	4	20.5	3
2039.425	32.51	1.90	61.92	6.94	6.20	43.08	69.6	4	18.5	3
2039.570	32.45	1.90	61.63	6.72	6.85	46.05	74.7	4	21.0	3
2039.630	32.37	1.91	61.96	6.83	6.47	44.19	71.3	4	19.0	3
2039.734	34.00	1.79	60.98	6.70	6.56	43.95	72.1	4	18.0	3
2039.879	31.86	1.88	60.03	6.57	6.72	44.17	73.6	4	21.0	3
2039.939	31.31	1.92	60.11	6.60	6.70	44.22	73.6	4	20.0	3
2040.043	33.49	1.80	60.25	6.55	6.73	44.03	73.1	4	17.5	3
2040.188	34.28	1.77	60.73	6.55	6.71	43.96	72.4	4	20.0	3
2040.248	32.75	1.86	60.76	6.53	6.90	45.05	74.1	4	20.0	3
2040.352	33.78	1.84	62.19	6.57	6.91	45.41	73.0	4	17.5	3
2040.497	33.18	1.83	60.87	6.65	6.61	43.99	72.3	4	20.5	3
2040.557	33.04	1.87	61.92	6.62	6.80	45.01	72.7	4	18.0	3
2040.661	34.07	1.80	61.44	6.63	6.67	44.27	72.1	4	18.0	3
2040.806	32.49	1.89	61.46	6.70	6.63	44.41	72.3	4	21.0	3
2040.866	32.50	1.89	61.39	6.71	6.59	44.19	72.0	4	18.0	3
2040.970	33.61	1.85	62.17	6.66	6.98	46.51	74.8	4	19.5	3
2041.115	33.96	1.84	62.42	6.71	6.67	44.76	71.7	4	19.0	3
2041.175	33.69	1.88	63.38	6.70	6.89	46.17	72.8	4	20.5	3
2041.279	32.63	1.92	62.66	6.66	6.85	45.66	72.9	4	18.0	3
2041.424	33.31	1.86	62.07	6.68	6.64	44.36	71.5	4	19.0	3
2041.484	33.44	1.88	62.73	6.63	6.77	44.91	71.6	4	19.5	3
2041.588	34.10	1.83	62.34	6.70	6.68	44.75	71.8	4	18.0	3
2041.733	33.53	1.88	62.93	6.70	6.87	46.01	73.1	4	19.0	3
2041.793	33.97	1.84	62.53	6.67	6.74	44.97	71.9	4	19.0	3
2041.897	33.54	1.85	62.08	6.69	6.75	45.13	72.7	4	18.5	3
2042.042	33.83	1.83	61.98	6.65	6.62	44.03	71.0	4	20.0	3
2042.102	33.38	1.87	62.44	6.62	6.80	45.05	72.1	4	18.0	3
2042.206	33.50	1.87	62.70	6.66	6.94	46.21	73.7	4	20.0	3
2042.351	34.36	1.80	61.84	6.60	6.76	44.65	72.2	4	18.5	3
2042.411	33.47	1.85	61.97	6.63	6.74	44.74	72.2	4	19.5	3
2042.515	33.77	1.84	62.04	6.60	6.90	45.48	73.3	4	19.5	3
2042.660	33.46	1.87	62.61	6.68	6.78	45.28	72.3	4	18.5	3
2042.720	34.18	1.79	61.34	6.57	6.80	44.67	72.8	4	18.5	3
2042.824	34.36	1.77	60.90	6.54	6.72	43.96	72.2	4	18.5	3
2042.969	33.06	1.84	60.68	6.56	6.83	44.85	73.9	4	19.5	3
2043.029	33.10	1.88	62.15	6.65	6.78	45.04	72.5	4	19.0	3
2043.133	33.38	1.86	62.15	6.57	6.95	45.66	73.5	4	19.5	3
2043.278	33.57	1.84	61.88	6.51	6.75	43.94	71.0	4	18.0	3
2043.338	34.38	1.78	61.15	6.39	6.85	43.78	71.6	4	17.0	3
2043.442	33.28	1.84	61.13	6.44	6.90	44.39	72.6	4	20.5	3
2043.587	33.35	1.88	62.85	6.55	6.76	44.27	70.4	4	20.0	3
2043.647	32.30	1.93	62.22	6.45	6.85	44.22	71.1	4	20.0	3
2043.751	33.14	1.86	61.69	6.44	6.92	44.54	72.2	4	18.0	3
2043.896	33.68	1.84	62.01	6.45	6.85	44.21	71.3	4	19.0	3
2043.956	32.45	1.90	61.67	6.51	6.76	43.99	71.3	4	20.0	3
2044.060	33.70	1.80	60.55	6.47	6.67	43.11	71.2	4	18.0	3
2044.205	33.59	1.87	62.88	6.47	6.94	44.89	71.4	4	18.0	3
2044.265	33.66	1.84	62.07	6.44	6.86	44.17	71.2	4	19.0	3
2044.369	33.91	1.84	62.39	6.49	6.94	45.04	72.2	4	18.5	3
2044.514	33.66	1.84	62.07	6.47	6.92	44.76	72.1	4	20.0	3
2044.574	32.63	1.89	61.81	6.51	6.81	44.38	71.8	4	20.0	3
2044.678	34.15	1.75	59.89	6.44	6.69	43.08	71.9	4	18.5	3
2044.823	33.88	1.83	61.87	6.46	6.83	44.16	71.4	4	18.0	3
2044.883	33.43	1.86	62.21	6.41	7.03	45.09	72.5	4	19.5	3
2044.987	33.54	1.86	62.25	6.50	6.95	45.22	72.6	4	19.5	3
2045.132	33.82	1.86	62.96	6.50	6.95	45.13	71.7	4	19.0	3
2045.192	33.58	1.87	62.64	6.57	6.83	44.88	71.6	4	18.5	3
2045.296	34.41	1.79	61.53	6.45	6.83	44.04	71.6	4	19.0	3
2045.441	33.73	1.86	62.65	6.53	6.87	44.80	71.5	4	20.0	3
2045.501	32.67	1.91	62.39	6.52	6.73	43.94	70.4	4	19.0	3
2045.605	33.08	1.88	62.14	6.50	6.83	44.38	71.4	4	18.5	3
2045.750	33.55	1.86	62.35	6.47	6.98	45.13	72.4	4	18.0	3
2045.810	33.76	1.85	62.51	6.44	6.90	44.41	71.0	4	20.0	3
2045.914	31.96	1.91	61.17	6.41	6.71	43.04	70.4	4	19.5	3
2046.059	34.30	1.78	61.06	6.30	6.93	43.63	71.5	4	17.0	3
2046.119	34.61	1.77	61.18	6.33	6.85	43.39	70.9	4	18.5	3
2046.223	34.01	1.81	61.50	6.31	6.94	43.81	71.2	4	18.5	3
2046.368	32.88	1.86	61.03	6.40	7.01	44.86	73.5	4	20.0	3
2046.428	33.07	1.87	61.78	6.36	7.08	45.05	72.9	4	18.0	3
2046.532	33.27	1.87	62.20	6.37	7.02	44.71	71.9	4	19.5	3
2046.677	32.79	1.91	62.77	6.47	6.99	45.18	72.0	4	18.5	3
2046.737	33.30	1.88	62.55	6.40	7.10	45.39	72.6	4	19.0	3
2046.841	33.66	1.87	62.89	6.41	7.07	45.36	72.1	4	18.0	3
2046.986	33.20	1.89	62.87	6.36	7.24	46.08	73.3	4	19.0	3
2047.046	33.10	1.87	62.02	6.42	6.98	44.76	72.2	4	19.0	3
2047.150	34.02	1.84	62.67	6.37	7.10	45.22	72.2	4	19.0	3
2047.295	31.49	1.93	60.68	6.36	6.72	42.74	70.4	4	20.0	3
2047.355	32.59	1.89	61.61	6.36	6.87	43.65	70.9	4	17.5	3
2047.459	34.39	1.78	61.28	6.23	7.08	44.13	72.0	4	17.5	3
2047.604	33.86	1.82	61.56	6.39	6.80	43.41	70.5	4	18.0	3
2047.664	33.95	1.81	61.42	6.48	6.75	43.79	71.3	4	19.0	3
2047.768	32.72	1.85	60.67	6.31	6.98	44.08	72.7	4	20.0	3
2047.913	33.66	1.84	62.03	6.32	6.96	43.98	70.9	4	18.5	3
2047.973	33.96	1.83	62.17	6.36	6.91	43.96	70.7	4	18.5	3
2048.077	33.10	1.90	62.85	6.33	6.96	44.01	70.0	4	18.5	3
2048.222	33.97	1.86	63.18	6.43	6.99	44.97	71.2	4	18.5	3
2048.282	34.00	1.86	63.16	6.40	6.95	44.45	70.4	4	18.0	3
2048.386	34.09	1.84	62.69	6.34	7.05	44.72	71.3	4	18.5	3
2048.531	33.66	1.86	62.56	6.37	6.96	44.33	70.9	4	19.0	3
2048.591	32.99	1.89	62.34	6.37	6.93	44.14	70.8	4	18.5	3
2048.695	33.45	1.85	62.00	6.42	6.99	44.85	72.3	4	20.0	3
2048.840	34.09	1.81	61.69	6.31	6.80	42.96	69.6	4	18.5	3
2048.900	34.18	1.83	62.45	6.29	6.90	43.38	69.5	4	18.5	3
2049.004	32.60	1.90	62.00	6.29	6.97	43.90	70.8	4	18.5	3
2049.149	33.82	1.82	61.70	6.31	6.85	43.20	70.0	4	19.0	3
2049.209	32.90	1.88	61.70	6.33	6.85	43.36	70.3	4	19.0	3
2049.313	33.86	1.82	61.48	6.42	6.71	43.05	70.0	4	19.0	3
2049.458	32.46	1.90	61.72	6.26	6.99	43.76	70.9	4	17.5	3
2049.518	33.97	1.78	60.42	6.17	6.88	42.49	70.3	4	17.5	3
2049.622	33.27	1.85	61.50	6.22	7.00	43.56	70.8	4	18.5	3
2049.767	33.75	1.84	61.92	6.18	7.01	43.28	69.9	4	20.0	3
2049.827	32.80	1.89	61.99	6.21	7.06	43.87	70.8	4	19.5	3
2049.931	33.35	1.86	62.01	6.20	7.07	43.82	70.7	4	18.0	3
2050.076	33.84	1.83	61.97	6.24	7.12	44.44	71.7	4	17.5	3
2050.136	34.50	1.77	61.19	6.19	7.00	43.30	70.8	4	17.5	3
2050.240	33.37	1.83	61.20	6.22	6.96	43.33	70.8	4	19.0	3
2050.385	30.96	1.94	60.19	6.14	7.02	43.12	71.6	4	19.5	3
2050.445	32.28	1.91	61.57	6.19	7.00	43.36	70.4	4	17.0	3
2050.549	33.59	1.83	61.52	6.15	7.14	43.89	71.3	4	19.0	3
2050.694	33.88	1.81	61.20	6.16	7.08	43.57	71.2	4	17.5	3
2050.754	34.29	1.77	60.75	6.20	6.96	43.12	71.0	4	18.5	3
2050.858	32.84	1.89	62.16	6.14	7.20	44.25	71.2	4	18.5	3
2051.003	33.64	1.87	62.87	6.17	7.27	44.84	71.3	4	19.0	3
2051.063	32.94	1.91	62.86	6.20	7.16	44.41	70.7	4	19.5	3
2051.167	33.07	1.89	62.34	6.14	7.16	43.96	70.5	4	17.0	3
2051.312	32.72	1.91	62.38	6.22	7.09	44.07	70.6	4	20.0	3
2051.372	32.55	1.92	62.43	6.24	7.16	44.67	71.6	4	18.5	3
2051.476	34.05	1.80	61.32	6.11	7.02	42.92	70.0	4	17.0	3
2051.621	32.46	1.88	61.13	6.11	7.10	43.35	70.9	4	18.5	3
2051.681	33.48	1.85	61.81	6.08	7.20	43.80	70.9	4	17.5	3
2051.785	34.48	1.79	61.77	6.04	7.08	42.71	69.1	4	16.5	3
2051.930	33.61	1.84	62.00	6.08	7.25	44.11	71.1	4	17.0	3
2051.990	33.83	1.81	61.25	6.14	7.05	43.33	70.7	4	19.0	3
2052.094	33.09	1.90	62.86	6.14	7.22	44.33	70.5	4	17.5	3
2052.239	34.21	1.85	63.21	6.13	7.23	44.35	70.2	4	18.0	3
2052.299	34.71	1.78	61.86	6.10	7.08	43.20	69.8	4	17.5	3
2052.403	34.74	1.77	61.54	6.08	7.06	42.90	69.7	4	18.5	3
2052.548	33.28	1.87	62.20	6.05	7.28	44.06	70.8	4	19.0	3
2052.608	32.12	1.91	61.27	6.05	7.24	43.81	71.5	4	19.0	3
2052.712	33.73	1.83	61.59	6.14	7.06	43.36	70.4	4	18.5	3
2052.857	33.80	1.83	61.80	6.11	7.17	43.82	70.9	4	17.5	3
2052.917	34.26	1.80	61.53	6.09	7.23	44.01	71.5	4	17.0	3
2053.021	34.23	1.79	61.18	6.02	7.19	43.32	70.8	4	19.0	3
2053.166	34.15	1.80	61.51	6.00	7.27	43.66	71.0	4	17.0	3
2053.226	34.33	1.79	61.62	6.12	6.98	42.72	69.3	4	19.0	3
2053.330	34.22	1.78	60.99	6.05	7.01	42.40	69.5	4	17.5	3
2053.475	33.21	1.89	62.72	6.11	7.11	43.43	69.2	4	17.0	3
2053.535	33.75	1.82	61.57	5.99	7.19	43.06	69.9	4	18.0	3
2053.639	33.07	1.85	61.10	6.04	7.01	42.33	69.3	4	17.5	3
2053.784	34.04	1.82	62.04	5.94	7.35	43.66	70.4	4	19.0	3
2053.844	32.73	1.89	61.81	6.07	6.95	42.17	68.2	4	19.0	3
2053.948	33.02	1.89	62.42	6.09	7.13	43.39	69.5	4	17.0	3
2054.093	32.58	1.90	61.92	6.04	7.09	42.80	69.1	4	18.0	3
2054.153	33.24	1.86	61.95	6.02	7.26	43.73	70.6	4	17.0	3
2054.257	33.53	1.86	62.40	6.07	7.18	43.54	69.8	4	16.5	3
2054.402	33.16	1.84	60.96	5.92	7.20	42.61	69.9	4	19.5	3
2054.462	33.02	1.87	61.78	5.90	7.40	43.65	70.6	4	16.5	3
2054.566	34.12	1.79	61.01	5.87	7.29	42.77	70.1	4	18.5	3
2054.711	33.79	1.83	61.86	6.01	7.12	42.75	69.1	4	17.5	3
2054.771	33.89	1.84	62.48	6.05	7.19	43.51	69.6	4	17.5	3
2054.875	33.84	1.85	62.75	6.01	7.32	43.98	70.1	4	19.0	3
2055.020	34.64	1.77	61.25	6.02	7.10	42.72	69.8	4	16.5	3
2055.080	34.33	1.78	61.13	5.95	7.21	42.86	70.1	4	19.0	3
2055.184	32.84	1.89	62.02	5.92	7.39	43.74	70.5	4	17.0	3
2055.329	31.40	1.93	60.47	5.85	7.21	42.16	69.7	4	19.0	3
2055.389	31.92	1.91	60.98	5.90	7.27	42.87	70.3	4	19.0	3
2055.493	33.21	1.84	61.08	5.95	7.19	42.75	70.0	4	17.5	3
2055.638	33.31	1.84	61.35	6.01	7.05	42.39	69.1	4	18.0	3
2055.698	32.95	1.85	61.11	6.10	7.01	42.71	69.9	4	19.0	3
2055.802	33.67	1.78	60.07	5.99	7.00	41.89	69.7	4	17.5	3
2055.947	33.57	1.81	60.91	5.93	7.08	41.96	68.9	4	19.5	3
2056.007	32.07	1.88	60.21	5.83	7.17	41.81	69.4	4	19.5	3
2056.111	33.88	1.74	58.84	5.87	6.86	40.32	68.5	4	17.5	3
2056.256	33.32	1.83	60.89	5.86	7.26	42.59	69.9	4	19.0	3
2056.316	32.45	1.89	61.44	5.83	7.21	42.02	68.4	4	19.0	3
2056.420	32.09	1.91	61.19	5.83	7.13	41.56	67.9	4	19.0	3
2056.565	33.54	1.87	62.67	5.93	7.42	43.99	70.2	4	17.5	3
2056.625	34.12	1.82	62.09	6.01	7.08	42.55	68.5	4	18.5	3
2056.729	34.37	1.80	61.75	5.96	7.35	43.82	71.0	4	19.0	3
2056.874	33.08	1.88	62.22	5.85	7.41	43.37	69.7	4	17.5	3
2056.934	33.78	1.85	62.42	5.83	7.55	44.01	70.5	4	17.0	3
2057.038	33.80	1.81	61.11	5.80	7.50	43.53	71.2	4	18.5	3
2057.183	34.00	1.83	62.25	5.87	7.26	42.62	68.5	4	18.5	3
2057.243	32.54	1.87	60.84	5.82	7.27	42.37	69.6	4	19.0	3
2057.347	31.66	1.93	61.11	5.77	7.56	43.62	71.4	4	17.5	3
2057.492	33.32	1.84	61.14	5.82	7.56	43.96	71.9	4	18.5	3
2057.552	33.37	1.84	61.53	5.89	7.39	43.52	70.7	4	18.0	3
2057.656	34.51	1.74	60.03	5.86	7.13	41.73	69.5	4	17.0	3
2057.801	33.51	1.82	60.82	5.86	7.21	42.25	69.5	4	18.0	3
2057.861	34.12	1.79	60.93	5.83	7.33	42.74	70.1	4	17.0	3
2057.965	33.62	1.80	60.59	5.88	7.25	42.62	70.3	4	18.0	3
2058.110	33.99	1.83	62.05	6.03	7.19	43.39	69.9	4	17.5	3
2058.170	33.07	1.89	62.42	5.87	7.59	44.52	71.3	4	17.5	3
2058.274	33.35	1.85	61.76	5.87	7.49	43.97	71.2	4	18.5	3
2058.419	33.37	1.81	60.37	5.85	7.07	41.37	68.5	4	17.0	3
2058.479	34.12	1.77	60.50	5.95	7.04	41.91	69.3	4	18.0	3
2058.583	32.56	1.88	61.09	5.76	7.40	42.62	69.8	4	17.0	3
2058.728	32.66	1.90	61.99	5.75	7.73	44.40	71.6	4	16.5	3
2058.788	33.48	1.86	62.23	5.64	7.79	43.94	70.6	4	17.5	3
2058.892	34.31	1.79	61.59	5.52	7.78	42.91	69.7	4	17.0	3
2059.037	33.58	1.86	62.53	5.71	7.20	41.11	65.7	4	15.5	3
2059.097	34.06	1.82	61.86	5.56	7.57	42.12	68.1	4	16.5	3
2059.201	32.44	1.88	60.86	5.61	7.24	40.57	66.7	4	18.0	3
2059.346	32.05	1.90	60.90	5.77	7.17	41.39	68.0	4	17.0	3
2059.406	33.44	1.85	61.70	5.60	7.46	41.73	67.6	4	17.0	3
2059.510	32.98	1.86	61.33	5.65	7.30	41.23	67.2	4	17.0	3
2059.655	33.52	1.83	61.22	5.73	7.14	40.87	66.8	4	19.0	3
2059.715	32.34	1.88	60.76	5.57	7.39	41.17	67.8	4	16.5	3
2059.819	33.69	1.79	60.18	5.66	7.24	41.01	68.1	4	18.5	3
2059.964	31.38	1.91	59.94	5.48	7.81	42.79	71.4	4	17.0	3
2060.024	32.53	1.87	60.95	5.71	7.33	41.87	68.7	4	18.0	3
2060.128	34.01	1.81	61.58	5.56	7.51	41.79	67.9	4	16.0	3
2060.273	32.16	1.88	60.39	5.57	7.37	41.04	68.0	4	17.5	3
2060.333	33.50	1.80	60.35	5.54	7.64	42.36	70.2	4	16.5	3
2060.437	32.75	1.85	60.58	5.69	7.33	41.71	68.9	4	18.0	3
2060.582	33.57	1.82	61.05	5.67	7.72	43.78	71.7	4	18.5	3
2060.642	32.86	1.87	61.41	5.82	7.33	42.63	69.4	4	18.5	3
2060.746	33.63	1.84	62.03	5.97	6.87	41.00	66.1	4	17.0	3
2060.891	34.04	1.83	62.18	5.92	6.57	38.92	62.6	4	17.0	3
2060.951	33.24	1.87	62.23	5.84	6.75	39.43	63.4	4	18.0	3
2061.055	33.15	1.89	62.51	5.63	7.54	42.46	67.9	4	16.0	3
2061.200	33.10	1.84	61.01	5.76	7.07	40.72	66.7	4	18.5	3
2061.260	31.96	1.90	60.58	5.61	7.43	41.66	68.8	4	18.5	3
2061.364	32.60	1.87	60.80	5.67	7.77	44.06	72.5	4	17.5	3
2061.509	33.22	1.84	61.17	5.86	6.88	40.29	65.9	4	18.5	3
2061.569	33.15	1.87	62.16	5.92	6.73	39.85	64.1	4	18.5	3
2061.673	32.94	1.88	62.02	5.96	6.72	40.00	64.5	4	18.5	3
2061.818	33.66	1.86	62.45	6.10	6.87	41.87	67.0	4	18.5	3
2061.878	33.80	1.85	62.47	6.00	7.29	43.74	70.0	4	18.0	3
2061.982	33.08	1.90	62.77	5.65	8.08	45.69	72.8	4	17.0	3
2062.127	34.09	1.85	63.23	5.56	8.26	45.95	72.7	4	18.0	3
2062.187	33.43	1.87	62.59	5.52	8.34	46.08	73.6	4	16.5	3
2062.291	32.66	1.88	61.38	5.60	8.20	45.87	74.7	4	17.5	3
2062.436	33.90	1.82	61.80	5.96	7.20	42.95	69.5	4	17.0	3
2062.496	33.78	1.82	61.34	6.03	7.02	42.34	69.0	4	19.0	3
2062.600	32.82	1.84	60.46	6.02	6.75	40.68	67.3	4	18.0	3
2062.745	34.08	1.80	61.34	5.81	6.95	40.43	65.9	4	16.0	3
2062.805	34.73	1.71	59.47	5.59	7.31	40.82	68.6	4	17.0	3
2062.909	32.15	1.86	59.92	5.54	7.56	41.85	69.8	4	17.5	3
2063.054	33.65	1.83	61.72	5.70	7.51	42.79	69.3	4	18.0	3
2063.114	33.10	1.88	62.16	5.63	7.54	42.43	68.3	4	16.0	3
2063.218	33.66	1.81	60.77	5.68	7.40	42.02	69.1	4	17.5	3
2063.363	31.70	1.92	60.97	5.53	7.83	43.32	71.1	4	18.0	3
2063.423	32.89	1.88	61.98	5.48	8.13	44.53	71.9	4	16.5	3
2063.527	33.96	1.84	62.38	5.51	8.33	45.91	73.6	4	17.5	3
2063.672	34.09	1.87	63.60	5.60	8.42	47.16	74.2	4	17.0	3
2063.732	34.28	1.83	62.74	5.54	8.34	46.15	73.6	4	16.5	3
2063.836	34.16	1.84	62.83	5.55	8.35	46.31	73.7	4	18.5	3
2063.981	33.61	1.83	61.41	5.89	7.37	43.38	70.6	4	17.0	3
2064.041	33.59	1.82	61.27	5.90	7.01	41.36	67.5	4	17.0	3
2064.145	34.49	1.78	61.37	5.53	7.38	40.84	66.6	4	15.5	3
2064.290	32.86	1.86	60.98	5.66	7.62	43.12	70.7	4	18.5	3
2064.350	31.65	1.90	60.24	5.65	7.30	41.26	68.5	4	18.0	3
2064.454	33.44	1.82	60.92	5.73	7.44	42.62	70.0	4	18.0	3
2064.599	34.23	1.76	60.13	5.55	7.58	42.03	69.9	4	18.0	3
2064.659	32.86	1.82	59.85	5.62	7.31	41.04	68.6	4	18.0	3
2064.763	33.95	1.77	59.97	5.68	7.25	41.23	68.7	4	16.5	3
2064.908	32.42	1.86	60.37	5.66	7.26	41.09	68.1	4	18.5	3
2064.968	32.52	1.85	60.05	5.69	7.34	41.77	69.6	4	18.5	3
2065.072	32.81	1.86	61.03	5.58	7.51	41.90	68.7	4	15.5	3
2065.217	34.63	1.66	57.52	5.34	7.34	39.18	68.1	4	17.0	3
2065.277	34.54	1.74	60.16	5.50	7.49	41.18	68.4	4	17.5	3
2065.381	33.91	1.81	61.35	5.44	7.73	42.08	68.6	4	16.0	3
2065.526	32.29	1.89	61.00	5.57	7.61	42.42	69.5	4	17.5	3
2065.586	33.30	1.85	61.63	5.56	7.60	42.28	68.6	4	17.5	3
2065.690	33.62	1.82	61.31	5.53	7.61	42.08	68.6	4	17.0	3
2065.835	34.10	1.78	60.71	5.50	7.61	41.83	68.9	4	17.0	3
2065.895	33.66	1.81	61.09	5.52	7.68	42.37	69.4	4	17.0	3
2065.999	33.61	1.83	61.57	5.58	7.72	43.08	70.0	4	18.0	3
2066.144	31.98	1.90	60.78	5.54	7.43	41.15	67.7	4	18.0	3
2066.204	32.95	1.87	61.59	5.58	7.69	42.95	69.7	4	17.5	3
2066.308	34.27	1.79	61.31	5.62	7.60	42.70	69.6	4	17.5	3
2066.453	33.18	1.85	61.50	5.80	7.49	43.42	70.6	4	17.0	3
2066.513	32.67	1.90	62.02	5.73	7.50	42.92	69.2	4	18.0	3
2066.617	31.49	1.93	60.78	5.69	7.46	42.42	69.8	4	18.0	3
2066.762	33.19	1.85	61.31	5.64	7.56	42.63	69.5	4	19.0	3
2066.822	32.12	1.89	60.86	5.74	7.20	41.34	67.9	4	17.5	3
2066.926	33.92	1.78	60.50	5.65	7.36	41.60	68.8	4	17.0	3
2067.071	32.78	1.85	60.61	5.63	7.41	41.70	68.8	4	17.5	3
2067.131	31.66	1.90	60.15	5.53	7.80	43.17	71.8	4	18.5	3
2067.235	33.50	1.83	61.29	5.58	7.68	42.86	69.9	4	17.0	3
2067.380	33.00	1.87	61.77	5.81	7.37	42.76	69.2	4	17.0	3
2067.440	33.36	1.85	61.77	5.63	7.59	42.73	69.2	4	16.5	3
2067.544	32.80	1.88	61.69	5.63	7.47	42.03	68.1	4	16.5	3
2067.689	32.69	1.88	61.48	5.61	7.54	42.28	68.8	4	16.5	3
2067.749	33.54	1.81	60.83	5.78	7.24	41.85	68.8	4	18.0	3
2067.853	31.17	1.92	59.93	5.58	7.62	42.51	70.9	4	18.0	3
2067.998	33.54	1.82	61.04	5.67	7.20	40.80	66.8	4	17.0	3
2068.058	34.37	1.78	61.26	5.54	7.52	41.69	68.1	4	16.5	3
2068.162	33.81	1.80	60.89	5.71	7.48	42.73	70.2	4	18.5	3
2068.307	32.95	1.85	60.99	5.75	7.32	42.08	69.0	4	18.0	3
2068.367	33.17	1.83	60.83	5.76	7.43	42.80	70.3	4	17.5	3
2068.471	33.80	1.81	61.19	5.66	7.58	42.92	70.1	4	17.0	3
2068.616	33.38	1.84	61.38	5.77	7.54	43.50	70.9	4	17.5	3
2068.676	33.51	1.85	61.88	5.68	7.61	43.24	69.9	4	17.0	3
2068.780	33.94	1.85	62.92	5.69	7.59	43.18	68.6	4	16.5	3
2068.925	32.16	1.90	61.10	5.55	7.72	42.84	70.1	4	18.5	3
2068.985	32.73	1.88	61.44	5.71	7.46	42.62	69.4	4	17.5	3
2069.089	34.47	1.73	59.78	5.71	7.16	40.88	68.4	4	17.0	3
2069.234	32.03	1.89	60.68	5.67	7.53	42.75	70.4	4	19.0	3
2069.294	32.50	1.85	60.01	5.76	7.37	42.48	70.8	4	17.5	3
2069.398	33.43	1.83	61.01	5.72	7.31	41.75	68.4	4	17.0	3
2069.543	34.97	1.67	58.43	5.61	7.15	40.07	68.6	4	16.5	3
2069.603	34.12	1.78	60.61	5.63	7.23	40.67	67.1	4	18.5	3
2069.707	32.10	1.87	60.02	5.62	7.42	41.69	69.5	4	16.5	3
2069.852	34.28	1.74	59.80	5.59	7.31	40.88	68.4	4	15.5	3
2069.912	35.10	1.65	57.84	5.47	7.24	39.58	68.4	4	15.5	3
2070.016	34.27	1.78	60.93	5.57	7.67	42.76	70.2	4	17.5	3
2070.161	31.96	1.93	61.77	5.59	7.66	42.85	69.4	4	17.5	3
2070.221	32.96	1.88	61.96	5.55	7.66	42.53	68.6	4	16.5	3
2070.325	34.27	1.80	61.75	5.55	7.65	42.45	68.7	4	17.0	3
2070.470	31.63	1.92	60.75	5.66	7.30	41.36	68.1	4	18.5	3
2070.530	31.50	1.90	59.79	5.55	7.56	41.96	70.2	4	17.5	3
2070.634	33.20	1.84	61.20	5.49	7.66	42.08	68.7	4	15.5	3
2070.779	34.82	1.71	59.70	5.46	7.55	41.25	69.1	4	16.0	3
2070.839	33.84	1.77	60.05	5.51	7.67	42.22	70.3	4	18.0	3
2070.943	31.69	1.90	60.34	5.63	7.30	41.12	68.2	4	17.5	3
2071.088	34.23	1.76	60.21	5.60	7.38	41.30	68.6	4	17.5	3
2071.148	33.16	1.86	61.53	5.67	7.40	41.92	68.1	4	19.5	3
2071.252	32.91	1.85	61.00	5.62	7.40	41.65	68.3	4	16.0	3
2071.397	31.87	1.89	60.35	5.56	7.44	41.34	68.5	4	18.5	3
2071.457	31.42	1.93	60.64	5.63	7.57	42.61	70.3	4	18.0	3
2071.561	33.67	1.78	60.02	5.62	7.35	41.28	68.8	4	17.0	3
2071.706	34.68	1.71	59.39	5.60	7.42	41.54	69.9	4	17.5	3
2071.766	33.13	1.83	60.54	5.53	7.70	42.58	70.3	4	17.5	3
2071.870	31.73	1.90	60.12	5.52	7.78	42.95	71.4	4	18.5	3
2072.015	33.89	1.80	61.08	5.54	7.56	41.87	68.5	4	16.5	3
2072.075	34.48	1.79	61.74	5.46	7.63	41.63	67.4	4	15.0	3
2072.179	34.29	1.79	61.25	5.62	7.34	41.26	67.4	4	18.5	3
2072.324	33.03	1.90	62.79	5.62	7.82	43.88	69.9	4	19.0	3
2072.384	31.69	1.94	61.38	5.66	7.31	41.38	67.4	4	18.0	3
2072.488	33.45	1.85	61.88	5.58	7.58	42.26	68.3	4	16.0	3
2072.633	32.78	1.89	62.01	5.61	7.66	43.00	69.4	4	17.0	3
2072.693	32.74	1.88	61.56	5.63	7.42	41.76	67.8	4	18.0	3
2072.797	32.95	1.87	61.62	5.81	7.51	43.62	70.8	4	17.0	3
2072.942	33.09	1.84	61.03	5.67	7.30	41.41	67.9	4	18.0	3
2073.002	31.74	1.91	60.60	5.54	7.55	41.85	69.1	4	18.0	3
2073.106	32.14	1.90	60.98	5.72	7.25	41.46	68.0	4	18.0	3
2073.251	34.35	1.81	62.29	5.67	7.39	41.93	67.3	4	15.5	3
2073.311	35.01	1.72	60.16	5.61	7.40	41.56	69.1	4	17.5	3
2073.415	32.32	1.88	60.67	5.59	7.60	42.48	70.0	4	17.5	3
2073.560	33.35	1.86	61.94	5.74	7.30	41.90	67.7	4	18.0	3
2073.620	32.19	1.91	61.59	5.58	7.84	43.77	71.1	4	19.0	3
2073.724	33.17	1.87	62.02	5.76	7.50	43.25	69.7	4	17.0	3
2073.869	34.50	1.79	61.60	5.51	7.69	42.37	68.8	4	16.5	3
2073.929	33.71	1.82	61.49	5.70	7.22	41.14	66.9	4	19.5	3
2074.033	33.15	1.84	60.92	5.48	7.56	41.46	68.1	4	16.0	3
2074.178	31.59	1.90	60.06	5.52	7.77	42.90	71.4	4	18.5	3
2074.238	32.74	1.86	61.05	5.65	7.60	42.93	70.3	4	17.0	3
2074.342	34.25	1.80	61.73	5.48	7.58	41.53	67.3	4	15.5	3
2074.487	32.10	1.87	60.09	5.38	7.80	41.98	69.9	4	18.5	3
2074.547	31.39	1.91	60.08	5.49	7.74	42.47	70.7	4	19.0	3
2074.651	33.39	1.84	61.49	5.45	7.68	41.84	68.0	4	16.5	3
2074.796	33.28	1.85	61.47	5.48	7.61	41.68	67.8	4	16.5	3
2074.856	34.04	1.80	61.25	5.68	7.36	41.79	68.2	4	18.5	3
2074.960	32.13	1.91	61.45	5.57	7.81	43.47	70.7	4	17.5	3
2075.105	33.38	1.87	62.32	5.83	7.25	42.31	67.9	4	17.0	3
2075.165	33.65	1.85	62.29	5.71	7.11	40.61	65.2	4	16.0	3
2075.269	33.28	1.82	60.47	5.60	7.13	39.90	66.0	4	18.0	3
2075.414	32.00	1.92	61.53	5.68	7.22	41.03	66.7	4	17.5	3
2075.474	33.23	1.86	61.80	5.53	7.72	42.72	69.1	4	17.0	3
2075.578	32.49	1.90	61.60	5.54	7.61	42.14	68.4	4	16.5	3
2075.723	34.47	1.79	61.82	5.48	7.75	42.46	68.7	4	16.5	3
2075.783	33.97	1.81	61.32	5.58	7.55	42.09	68.6	4	18.5	3
2075.887	31.93	1.92	61.39	5.55	7.93	44.06	71.8	4	19.5	3
2076.032	33.41	1.83	61.21	5.48	7.75	42.48	69.4	4	16.5	3
2076.092	33.18	1.83	60.71	5.54	7.49	41.51	68.4	4	17.5	3
2076.196	33.10	1.86	61.62	5.67	7.65	43.38	70.4	4	16.5	3
2076.341	34.46	1.76	60.74	5.56	7.56	42.02	69.2	4	17.5	3
2076.401	32.93	1.86	61.31	5.59	7.39	41.27	67.3	4	18.0	3
2076.505	32.44	1.90	61.50	5.65	7.80	44.06	71.6	4	17.5	3
2076.650	34.20	1.82	62.35	5.65	7.26	41.03	65.8	4	15.5	3
2076.710	34.87	1.71	59.67	5.64	7.24	40.81	68.4	4	17.5	3
2076.814	32.14	1.88	60.35	5.54	7.60	42.13	69.8	4	17.5	3
2076.959	32.49	1.88	61.01	5.58	7.39	41.25	67.6	4	18.0	3
2077.019	32.23	1.88	60.70	5.67	7.52	42.68	70.3	4	18.0	3
2077.123	33.55	1.83	61.37	5.58	7.56	42.17	68.7	4	18.0	3
2077.268	33.16	1.87	62.04	5.59	7.51	41.97	67.7	4	16.0	3
2077.328	33.69	1.82	61.37	5.57	7.53	41.93	68.3	4	18.0	3
2077.432	31.49	1.91	60.26	5.61	7.44	41.72	69.2	4	18.5	3
2077.577	33.73	1.77	59.56	5.53	7.48	41.38	69.5	4	16.5	3
2077.637	33.22	1.85	61.32	5.51	7.83	43.15	70.4	4	19.0	3
2077.741	32.68	1.90	62.19	5.52	7.92	43.69	70.3	4	16.5	3
2077.886	34.54	1.79	61.71	5.56	7.70	42.79	69.3	4	17.0	3
2077.946	34.18	1.82	62.30	5.53	7.80	43.13	69.2	4	18.0	3
2078.050	31.87	1.92	61.26	5.62	7.42	41.74	68.1	4	17.5	3
2078.195	33.95	1.84	62.47	5.55	7.57	42.06	67.3	4	15.0	3
2078.255	34.70	1.73	59.96	5.54	7.39	40.96	68.3	4	17.0	3
2078.359	31.91	1.89	60.28	5.60	7.40	41.42	68.7	4	17.5	3
2078.504	34.32	1.75	60.01	5.50	7.56	41.56	69.3	4	16.5	3
2078.564	33.41	1.83	61.10	5.45	7.77	42.35	69.3	4	18.5	3
2078.668	31.31	1.93	60.52	5.44	7.69	41.84	69.1	4	17.0	3
2078.813	34.24	1.77	60.68	5.47	7.55	41.28	68.0	4	16.0	3
2078.873	34.84	1.72	59.82	5.41	7.44	40.30	67.4	4	16.5	3
2078.977	32.96	1.86	61.34	5.46	7.79	42.52	69.3	4	17.5	3
2079.122	33.44	1.80	60.17	5.52	7.59	41.89	69.6	4	17.0	3
2079.182	33.50	1.81	60.75	5.50	7.73	42.53	70.0	4	17.0	3
2079.286	33.96	1.79	60.91	5.70	7.51	42.82	70.3	4	17.5	3
2079.431	32.54	1.91	62.10	5.55	7.89	43.79	70.5	4	16.0	3
2079.491	33.65	1.82	61.14	5.71	7.49	42.75	69.9	4	17.5	3
2079.595	33.37	1.86	62.23	5.76	7.30	42.01	67.5	4	19.0	3
2079.740	33.61	1.85	62.25	5.70	7.27	41.49	66.7	4	16.5	3
2079.800	34.40	1.76	60.46	5.68	7.26	41.20	68.1	4	17.5	3
2079.904	31.92	1.88	59.92	5.56	7.43	41.29	68.9	4	17.5	3
2080.049	32.84	1.87	61.45	5.58	7.57	42.21	68.7	4	16.5	3
2080.109	32.93	1.84	60.48	5.59	7.49	41.83	69.2	4	17.5	3
2080.213	32.74	1.88	61.42	5.61	7.84	43.98	71.6	4	18.0	3
2080.358	31.86	1.94	61.73	5.62	7.61	42.75	69.2	4	17.0	3
2080.418	33.30	1.83	60.91	5.70	7.47	42.61	69.9	4	17.0	3
2080.522	33.73	1.79	60.52	5.53	7.54	41.66	68.8	4	17.0	3
2080.667	32.93	1.86	61.12	5.65	7.58	42.88	70.2	4	17.5	3
2080.727	33.61	1.85	62.11	5.61	7.62	42.71	68.8	4	15.0	3
2080.831	35.19	1.64	57.63	5.42	7.28	39.48	68.5	4	15.0	3
2080.976	32.03	1.86	59.71	5.42	7.47	40.47	67.8	4	19.0	3
2081.036	31.90	1.90	60.51	5.42	7.55	40.91	67.6	4	16.0	3
2081.140	34.36	1.71	58.71	5.43	7.38	40.08	68.3	4	16.5	3
2081.285	34.63	1.77	61.21	5.35	7.69	41.14	67.2	4	17.5	3
2081.345	33.21	1.83	60.78	5.41	7.76	42.00	69.1	4	18.0	3
2081.449	33.16	1.82	60.32	5.57	7.54	42.01	69.6	4	17.5	3
2081.594	32.84	1.85	60.92	5.43	7.74	42.04	69.0	4	16.0	3
2081.654	34.07	1.76	59.81	5.37	7.63	40.92	68.4	4	15.5	3
2081.758	33.78	1.81	61.04	5.46	7.73	42.21	69.1	4	18.5	3
2081.903	33.32	1.85	61.50	5.38	7.65	41.16	66.9	4	15.5	3
2081.963	33.39	1.82	60.91	5.30	7.86	41.63	68.3	4	16.5	3
2082.067	32.75	1.88	61.43	5.41	7.74	41.90	68.2	4	16.0	3
2082.212	33.48	1.85	61.77	5.55	7.73	42.93	69.5	4	17.0	3
2082.272	32.99	1.87	61.75	5.49	7.83	43.01	69.6	4	16.5	3
2082.376	34.00	1.81	61.42	5.42	7.76	42.07	68.5	4	15.5	3
2082.521	31.92	1.89	60.47	5.44	7.65	41.61	68.8	4	18.0	3
2082.581	32.85	1.87	61.58	5.50	7.64	42.03	68.2	4	16.0	3
2082.685	34.35	1.76	60.52	5.43	7.51	40.80	67.4	4	16.0	3
2082.830	31.83	1.88	59.84	5.47	7.42	40.57	67.8	4	18.0	3
2082.890	30.14	1.93	58.16	5.31	7.47	39.68	68.2	4	18.0	3
2082.994	33.19	1.83	60.68	5.39	7.70	41.52	68.4	4	16.0	3
2083.139	32.56	1.91	62.23	5.48	7.71	42.29	68.0	4	18.0	3
2083.199	32.61	1.92	62.69	5.52	7.60	41.96	66.9	4	16.5	3
2083.303	32.74	1.92	62.80	5.61	7.73	43.34	69.0	4	18.0	3
2083.448	33.90	1.83	62.09	5.52	7.71	42.59	68.6	4	17.5	3
2083.508	32.94	1.89	62.40	5.58	7.60	42.42	68.0	4	18.0	3
2083.612	33.88	1.80	61.12	5.57	7.60	42.30	69.2	4	16.5	3
2083.757	33.81	1.79	60.67	5.64	7.55	42.57	70.2	4	18.0	3
2083.817	32.64	1.86	60.78	5.48	7.68	42.08	69.2	4	16.5	3
2083.921	33.25	1.81	60.32	5.53	7.65	42.35	70.2	4	17.0	3
2084.066	34.65	1.75	60.72	5.47	7.53	41.20	67.9	4	16.0	3
2084.126	34.14	1.83	62.48	5.51	7.80	43.00	68.8	4	18.0	3
2084.230	32.78	1.89	61.94	5.54	7.59	42.03	67.9	4	17.5	3
2084.375	33.32	1.89	62.91	5.55	7.54	41.87	66.6	4	18.0	3
2084.435	32.98	1.91	63.09	5.56	7.77	43.20	68.5	4	16.5	3
2084.539	32.86	1.90	62.40	5.68	7.53	42.76	68.5	4	19.0	3
2084.684	33.85	1.81	61.40	5.60	7.54	42.27	68.8	4	16.0	3
2084.744	34.48	1.72	59.34	5.52	7.38	40.72	68.6	4	17.0	3
2084.848	31.53	1.89	59.61	5.39	7.55	40.73	68.3	4	17.5	3
2084.993	34.23	1.76	60.18	5.39	7.63	41.15	68.4	4	16.5	3
2085.053	33.82	1.84	62.22	5.49	7.78	42.71	68.6	4	18.5	3
2085.157	31.55	1.92	60.72	5.44	7.57	41.16	67.8	4	17.5	3
2085.302	34.08	1.76	60.14	5.47	7.56	41.37	68.8	4	17.0	3
2085.362	33.05	1.86	61.48	5.47	7.61	41.64	67.7	4	17.5	3
2085.466	33.39	1.84	61.60	5.49	7.71	42.34	68.7	4	17.0	3
2085.611	33.43	1.86	62.04	5.53	7.67	42.38	68.3	4	16.5	3
2085.671	33.80	1.85	62.56	5.58	7.62	42.54	68.0	4	17.5	3
2085.775	32.46	1.90	61.76	5.48	7.83	42.92	69.5	4	18.5	3
2085.920	33.11	1.86	61.65	5.43	7.74	42.02	68.2	4	16.0	3
2085.980	34.08	1.78	60.62	5.41	7.54	40.77	67.3	4	17.0	3
2086.084	32.50	1.89	61.56	5.34	7.89	42.13	68.4	4	17.0	3
2086.229	33.66	1.82	61.12	5.39	7.80	42.06	68.8	4	17.5	3
2086.289	32.85	1.88	61.83	5.55	7.63	42.35	68.5	4	18.0	3
2086.393	32.86	1.86	61.22	5.37	7.76	41.65	68.0	4	17.0	3
2086.538	33.79	1.81	61.21	5.42	7.63	41.41	67.6	4	15.0	3
2086.598	33.90	1.79	60.58	5.42	7.62	41.33	68.2	4	17.5	3
2086.702	32.76	1.88	61.46	5.39	7.76	41.79	68.0	4	16.5	3
2086.847	34.67	1.76	60.90	5.31	7.85	41.69	68.5	4	16.0	3
2086.907	34.66	1.77	61.27	5.46	7.71	42.09	68.7	4	18.0	3
2087.011	32.89	1.88	61.91	5.46	7.68	41.95	67.8	4	17.5	3
2087.156	31.96	1.93	61.59	5.35	7.90	42.21	68.5	4	17.0	3
2087.216	31.84	1.90	60.48	5.37	7.84	42.09	69.6	4	17.0	3
2087.320	34.09	1.79	60.91	5.41	7.72	41.77	68.6	4	15.5	3
2087.465	32.89	1.87	61.66	5.51	7.51	41.37	67.1	4	17.0	3
2087.525	32.20	1.92	61.87	5.48	7.63	41.82	67.6	4	17.0	3
2087.629	33.55	1.81	60.75	5.48	7.66	41.97	69.1	4	16.5	3
2087.774	32.94	1.88	61.84	5.46	7.78	42.44	68.6	4	16.0	3
2087.834	33.75	1.83	61.84	5.44	7.74	42.12	68.1	4	16.5	3
2087.938	32.66	1.85	60.53	5.36	7.78	41.70	68.9	4	17.0	3
2088.083	34.58	1.75	60.37	5.45	7.56	41.18	68.2	4	16.5	3
2088.143	33.99	1.84	62.39	5.52	7.72	42.64	68.3	4	18.5	3
2088.247	32.51	1.88	61.11	5.40	7.82	42.23	69.1	4	17.5	3
2088.392	32.78	1.87	61.20	5.40	7.92	42.73	69.8	4	17.0	3
2088.452	33.74	1.81	61.03	5.49	7.79	42.77	70.1	4	17.0	3
2088.556	33.73	1.87	62.96	5.44	8.05	43.79	69.5	4	17.5	3
2088.701	32.61	1.89	61.55	5.53	7.74	42.80	69.5	4	17.5	3
2088.761	33.66	1.83	61.74	5.45	7.74	42.14	68.2	4	15.5	3
2088.865	32.75	1.86	60.91	5.44	7.76	42.24	69.3	4	18.5	3
2089.010	33.38	1.81	60.31	5.40	7.65	41.33	68.5	4	16.5	3
2089.070	34.40	1.71	58.99	5.39	7.52	40.56	68.8	4	16.0	3
2089.174	33.82	1.81	61.08	5.38	7.86	42.26	69.2	4	19.0	3
2089.319	31.23	1.92	59.85	5.32	7.85	41.77	69.8	4	16.0	3
2089.379	32.83	1.84	60.56	5.29	7.90	41.79	69.0	4	15.0	3
2089.483	34.74	1.69	58.66	5.15	7.66	39.43	67.2	4	14.5	3
2089.628	32.99	1.81	59.71	5.25	7.68	40.29	67.5	4	18.5	3
2089.688	31.14	1.88	58.53	5.17	7.62	39.35	67.2	4	17.5	3
2089.792	33.65	1.75	58.84	5.21	7.62	39.69	67.5	4	15.5	3
2089.937	32.73	1.87	61.18	5.29	7.91	41.87	68.4	4	17.0	3
2089.997	33.07	1.84	61.00	5.27	7.90	41.62	68.2	4	16.0	3
2090.101	33.08	1.85	61.35	5.34	7.89	42.14	68.7	4	18.5	3
2090.246	33.77	1.82	61.44	5.30	7.81	41.45	67.5	4	15.5	3
2090.306	34.52	1.75	60.40	5.31	7.63	40.48	67.0	4	16.5	3
2090.410	32.59	1.87	60.91	5.31	7.94	42.17	69.2	4	17.0	3
2090.555	32.43	1.87	60.56	5.35	7.72	41.33	68.2	4	16.0	3
2090.615	33.95	1.74	58.92	5.25	7.57	39.77	67.5	4	15.5	3
2090.719	34.81	1.70	59.22	5.31	7.59	40.33	68.1	4	17.0	3
2090.864	31.99	1.89	60.41	5.24	7.97	41.77	69.1	4	17.0	3
2090.924	33.20	1.84	61.10	5.41	7.84	42.45	69.5	4	16.0	3
2091.028	34.01	1.78	60.49	5.31	7.87	41.77	69.1	4	17.5	3
2091.173	32.55	1.88	61.24	5.41	7.87	42.56	69.5	4	17.5	3
2091.233	33.65	1.82	61.32	5.44	7.72	41.98	68.5	4	16.5	3
2091.337	34.90	1.68	58.79	5.35	7.46	39.88	67.8	4	16.0	3
2091.482	32.14	1.88	60.36	5.27	7.72	40.73	67.5	4	16.5	3
2091.542	33.51	1.79	59.86	5.36	7.63	40.87	68.3	4	16.0	3
2091.646	34.71	1.70	59.15	5.23	7.68	40.17	67.9	4	16.0	3
2091.791	32.97	1.87	61.74	5.45	7.73	42.15	68.3	4	16.5	3
2091.851	33.35	1.82	60.78	5.38	7.72	41.52	68.3	4	16.5	3
2091.955	34.53	1.73	59.86	5.41	7.55	40.84	68.2	4	16.5	3
2092.100	31.89	1.91	61.06	5.32	7.75	41.25	67.6	4	17.0	3
2092.160	33.40	1.82	60.79	5.48	7.59	41.59	68.4	4	17.0	3
2092.264	33.98	1.78	60.58	5.30	7.69	40.73	67.2	4	16.5	3
2092.409	33.34	1.82	60.85	5.42	7.72	41.84	68.8	4	16.0	3
2092.469	34.23	1.73	59.32	5.33	7.63	40.67	68.6	4	16.0	3
2092.573	34.06	1.81	61.51	5.33	7.89	42.09	68.4	4	17.5	3
2092.718	33.43	1.86	62.16	5.38	7.88	42.36	68.1	4	16.0	3
2092.778	34.16	1.79	61.03	5.44	7.74	42.09	69.0	4	17.0	3
2092.882	31.38	1.91	59.92	5.35	7.79	41.69	69.6	4	17.5	3
2093.027	34.44	1.70	58.69	5.31	7.49	39.76	67.8	4	16.0	3
2093.087	34.07	1.78	60.72	5.23	7.83	40.93	67.4	4	17.5	3
2093.191	31.26	1.92	60.07	5.27	7.68	40.48	67.4	4	18.0	3
2093.336	33.02	1.85	61.05	5.37	7.77	41.76	68.4	4	17.5	3
2093.396	33.49	1.82	60.81	5.40	7.57	40.87	67.2	4	16.0	3
2093.500	33.60	1.80	60.58	5.44	7.73	42.07	69.4	4	17.0	3
2093.645	32.80	1.87	61.40	5.36	7.84	42.05	68.5	4	16.0	3
2093.705	33.19	1.85	61.34	5.33	7.83	41.76	68.1	4	16.5	3
2093.809	33.40	1.84	61.50	5.40	7.85	42.39	68.9	4	16.0	3
2093.954	34.34	1.76	60.52	5.32	7.78	41.40	68.4	4	17.0	3
2094.014	34.03	1.82	61.88	5.44	7.74	42.10	68.0	4	16.0	3
2094.118	32.73	1.85	60.67	5.37	7.73	41.52	68.4	4	17.5	3
2094.263	33.72	1.80	60.55	5.53	7.60	42.03	69.4	4	17.0	3
2094.323	33.67	1.80	60.60	5.42	7.60	41.19	68.0	4	16.0	3
2094.427	34.99	1.67	58.32	5.30	7.45	39.51	67.7	4	16.0	3
2094.572	32.95	1.86	61.35	5.38	7.79	41.92	68.3	4	17.5	3
2094.632	32.78	1.87	61.27	5.36	7.87	42.12	68.8	4	17.0	3
2094.736	32.42	1.91	61.97	5.38	7.79	41.88	67.6	4	16.0	3
2094.881	33.93	1.80	60.91	5.38	7.76	41.77	68.6	4	17.5	3
2094.941	33.19	1.85	61.55	5.47	7.70	42.13	68.4	4	18.5	3
2095.045	33.43	1.84	61.53	5.44	7.75	42.17	68.5	4	16.0	3
2095.190	33.14	1.86	61.49	5.47	7.67	41.98	68.3	4	18.0	3
2095.250	33.05	1.84	60.66	5.44	7.75	42.16	69.5	4	16.5	3
2095.354	33.71	1.81	61.16	5.44	7.60	41.35	67.6	4	16.5	3
2095.499	33.82	1.82	61.44	5.44	7.61	41.42	67.4	4	18.0	3
2095.559	32.60	1.88	61.35	5.48	7.74	42.44	69.2	4	17.0	3
2095.663	33.36	1.82	60.67	5.41	7.67	41.53	68.5	4	16.0	3
2095.808	33.31	1.81	60.36	5.51	7.61	41.92	69.5	4	18.0	3
2095.868	32.86	1.85	60.82	5.46	7.69	41.97	69.0	4	16.0	3
2095.972	34.01	1.78	60.37	5.50	7.63	42.02	69.6	4	17.0	3
2096.117	33.99	1.80	61.01	5.45	7.66	41.73	68.4	4	17.5	3
2096.177	33.12	1.86	61.58	5.37	7.87	42.27	68.6	4	16.5	3
2096.281	33.87	1.80	60.96	5.52	7.55	41.68	68.4	4	16.0	3
2096.426	34.55	1.76	60.90	5.43	7.62	41.33	67.9	4	15.0	3
2096.486	34.67	1.74	60.29	5.42	7.59	41.12	68.2	4	17.0	3
2096.590	32.36	1.88	60.83	5.31	7.80	41.44	68.1	4	16.0	3
2096.735	33.63	1.84	61.91	5.47	7.65	41.88	67.6	4	17.0	3
2096.795	33.71	1.82	61.37	5.43	7.63	41.42	67.5	4	16.5	3
2096.899	33.80	1.86	62.99	5.54	7.73	42.81	68.0	4	18.5	3
2097.044	33.08	1.88	62.20	5.56	7.67	42.63	68.5	4	18.0	3
2097.104	32.90	1.89	62.34	5.51	7.69	42.33	67.9	4	16.0	3
2097.208	33.78	1.83	61.67	5.53	7.67	42.39	68.7	4	17.5	3
2097.353	32.55	1.88	61.26	5.58	7.65	42.66	69.6	4	16.0	3
2097.413	33.53	1.84	61.61	5.57	7.63	42.45	68.9	4	16.5	3
2097.517	34.23	1.76	60.22	5.59	7.48	41.84	69.5	4	17.0	3
2097.662	32.93	1.85	60.98	5.57	7.61	42.42	69.6	4	18.0	3
2097.722	33.56	1.81	60.78	5.60	7.49	41.90	68.9	4	17.0	3
2097.826	33.50	1.86	62.40	5.63	7.50	42.20	67.6	4	16.5	3
2097.971	33.24	1.84	61.02	5.53	7.51	41.55	68.1	4	16.0	3
2098.031	33.43	1.79	59.84	5.51	7.51	41.40	69.2	4	17.0	3
2098.135	33.64	1.80	60.60	5.51	7.71	42.48	70.1	4	18.0	3
2098.280	33.50	1.84	61.56	5.51	7.62	41.97	68.2	4	16.0	3
2098.340	33.86	1.80	60.93	5.40	7.61	41.11	67.5	4	17.0	3
2098.444	32.88	1.84	60.37	5.48	7.55	41.38	68.6	4	17.0	3
2098.589	33.58	1.79	60.07	5.39	7.72	41.66	69.3	4	18.0	3
2098.649	31.97	1.88	60.15	5.45	7.73	42.13	70.0	4	19.0	3
2098.753	32.62	1.87	61.11	5.46	7.65	41.72	68.3	4	15.5	3
2098.898	33.36	1.85	61.68	5.58	7.57	42.25	68.5	4	19.0	3
2098.958	31.99	1.89	60.55	5.51	7.57	41.72	68.9	4	17.0	3
2099.062	33.94	1.78	60.25	5.45	7.64	41.61	69.1	4	16.5	3
2099.207	33.60	1.82	61.17	5.56	7.58	42.14	68.9	4	17.5	3
2099.267	32.63	1.88	61.36	5.46	7.69	41.98	68.4	4	16.5	3
2099.371	33.73	1.75	59.15	5.56	7.45	41.43	70.0	4	17.0	3
2099.516	33.94	1.81	61.29	5.49	7.75	42.59	69.5	4	16.0	3
2099.576	34.01	1.81	61.62	5.59	7.79	43.54	70.7	4	18.5	3
2099.680	32.60	1.88	61.15	5.44	7.84	42.67	69.8	4	16.5	3
2099.825	33.95	1.80	61.25	5.51	7.74	42.65	69.6	4	15.5	3
2099.885	34.72	1.70	59.07	5.40	7.48	40.37	68.3	4	16.5	3
2099.989	31.93	1.87	59.56	5.51	7.43	40.91	68.7	4	18.0	3
2100.134	34.07	1.75	59.54	5.40	7.59	40.98	68.8	4	15.5	3
2100.194	33.26	1.79	59.39	5.28	7.74	40.88	68.8	4	17.5	3
2100.298	31.57	1.90	59.94	5.39	7.55	40.75	68.0	4	18.0	3
2100.443	34.26	1.75	59.94	5.49	7.37	40.44	67.5	4	16.0	3
2100.503	34.22	1.79	61.08	5.48	7.52	41.20	67.5	4	17.0	3
2100.607	33.72	1.79	60.47	5.52	7.54	41.61	68.8	4	16.5	3
2100.752	33.72	1.79	60.46	5.50	7.53	41.43	68.5	4	17.0	3
2100.812	33.33	1.85	61.66	5.46	7.78	42.47	68.9	4	16.5	3
2100.916	32.52	1.89	61.46	5.51	7.70	42.41	69.0	4	17.5	3
2101.061	34.66	1.76	60.97	5.49	7.48	41.09	67.4	4	16.5	3
2101.121	33.81	1.79	60.40	5.41	7.73	41.83	69.3	4	17.5	3
2101.225	32.38	1.91	61.72	5.51	7.49	41.25	66.8	4	17.5	3
2101.370	33.12	1.87	61.95	5.48	7.83	42.92	69.3	4	16.0	3
2101.430	33.41	1.82	60.72	5.62	7.60	42.72	70.4	4	17.5	3
2101.534	32.47	1.88	61.16	5.50	7.60	41.83	68.4	4	16.5	3
2101.679	34.85	1.70	59.41	5.33	7.53	40.11	67.5	4	15.5	3
2101.739	34.52	1.74	59.92	5.52	7.43	41.04	68.5	4	18.5	3
2101.843	32.89	1.86	61.04	5.47	7.77	42.51	69.6	4	17.0	3
2101.988	33.56	1.80	60.39	5.56	7.67	42.59	70.5	4	17.5	3
2102.048	33.24	1.83	60.69	5.55	7.62	42.27	69.6	4	16.5	3
2102.152	33.15	1.86	61.81	5.66	7.62	43.16	69.8	4	18.0	3
2102.297	34.40	1.75	60.09	5.57	7.50	41.77	69.5	4	16.5	3
2102.357	33.65	1.83	61.72	5.60	7.53	42.16	68.3	4	19.0	3
2102.461	32.41	1.85	59.96	5.53	7.54	41.72	69.6	4	16.5	3
2102.606	33.50	1.81	60.78	5.52	7.63	42.16	69.4	4	16.0	3
2102.666	34.41	1.72	59.16	5.42	7.54	40.91	69.1	4	16.0	3
2102.770	33.11	1.83	60.61	5.51	7.63	42.01	69.3	4	18.5	3
2102.915	34.41	1.76	60.72	5.46	7.56	41.27	68.0	4	16.5	3
2102.975	34.78	1.75	60.77	5.44	7.48	40.69	66.9	4	15.5	3
