197.813	39.55	0.19	7.38	0.37	0.78	0.29	3.9	2	10.5	1
197.957	37.40	1.57	58.78	4.12	7.23	29.83	50.7	2	18.0	1
198.017	35.96	2.27	81.48	4.85	9.22	44.73	54.9	2	20.5	1
198.121	31.03	3.80	117.91	5.99	11.95	71.57	60.7	2	26.0	1
198.266	23.82	4.59	109.24	6.76	10.86	73.39	67.2	2	33.0	1
198.327	20.53	4.72	96.82	6.77	9.73	65.81	68.0	2	36.0	1
198.431	14.73	4.83	71.19	6.12	8.01	49.00	68.8	2	41.5	1
198.576	8.83	4.89	43.21	4.61	6.13	28.25	65.4	2	48.5	1
198.636	6.82	4.90	33.42	3.88	5.56	21.55	64.5	2	51.5	1
198.739	4.52	4.91	22.18	2.89	4.53	13.09	59.0	2	57.0	1
198.883	3.16	4.92	15.57	2.62	3.49	9.15	58.8	2	64.0	1
198.943	2.65	4.93	13.08	2.51	3.09	7.76	59.3	2	67.0	1
199.046	2.06	4.93	10.14	2.32	2.53	5.87	57.9	2	72.0	1
199.190	1.32	4.94	6.52	1.91	1.82	3.47	53.2	2	79.5	1
199.250	1.15	4.94	5.69	1.73	1.56	2.69	47.3	2	82.5	1
199.353	0.92	4.95	4.53	1.47	1.21	1.79	39.4	2	87.5	1
199.497	0.61	4.95	3.03	0.89	0.77	0.68	22.6	2	95.0	1
199.557	6.49	4.91	31.88	2.14	3.86	8.27	25.9	2	26.5	1
199.660	18.82	4.82	90.69	5.39	8.91	48.05	53.0	2	27.4	1
199.805	25.43	4.68	118.90	7.36	10.86	79.95	67.2	2	26.5	1
199.866	27.36	4.56	124.74	8.01	10.77	86.27	69.2	2	27.0	1
199.970	29.66	4.34	128.70	8.78	10.73	94.20	73.2	2	26.2	1
200.115	24.32	4.35	105.77	8.75	8.56	74.91	70.8	2	46.0	1
200.175	17.88	4.60	82.25	8.04	7.06	56.78	69.0	2	46.0	1
200.279	25.82	4.38	113.19	8.68	9.53	82.76	73.1	2	27.1	1
200.424	24.93	4.52	112.63	9.17	8.99	82.39	73.2	2	27.1	1
200.484	28.06	4.29	120.46	9.45	9.37	88.59	73.5	2	27.1	1
200.588	31.12	3.92	122.05	9.76	9.43	91.96	75.3	2	26.5	1
200.733	35.03	2.66	93.30	8.98	7.56	67.91	72.8	2	20.7	1
200.793	21.65	3.56	77.06	7.29	5.14	37.45	48.6	2	75.4	1
200.897	17.77	4.37	77.65	6.40	6.36	40.73	52.5	2	27.0	1
201.042	32.27	2.38	76.93	5.85	5.67	33.19	43.1	2	10.0	1
201.102	30.22	2.41	72.85	5.10	5.98	30.45	41.8	2	36.3	1
201.206	18.47	4.02	74.21	5.22	7.04	36.75	49.5	2	47.5	1
201.351	15.86	4.69	74.36	5.10	8.22	41.90	56.3	2	26.9	1
201.411	20.51	4.72	96.70	6.06	9.62	58.28	60.3	2	26.9	1
201.515	29.85	3.44	102.70	6.62	9.72	64.34	62.6	2	19.2	1
201.660	23.79	3.64	86.64	5.99	7.66	45.86	52.9	2	10.0	1
201.720	30.65	2.24	68.72	5.00	6.04	30.21	44.0	2	10.0	1
201.824	34.66	1.77	61.26	4.56	6.59	30.08	49.1	2	12.0	1
201.969	36.14	2.09	75.65	5.45	8.70	47.45	62.7	2	19.5	1
202.029	35.03	2.72	95.29	6.19	9.68	59.85	62.8	2	22.5	1
202.133	31.94	3.73	119.11	7.24	10.86	78.69	66.1	2	27.5	1
202.278	24.33	4.59	111.60	8.01	9.77	78.30	70.2	2	35.0	1
202.338	20.73	4.73	97.99	7.83	8.87	69.52	71.0	2	38.0	1
202.442	15.98	4.83	77.11	7.39	7.35	54.34	70.5	2	43.0	1
202.587	9.68	4.88	47.29	5.58	5.71	31.87	67.4	2	50.5	1
202.647	7.93	4.90	38.85	4.94	5.06	24.97	64.3	2	53.0	1
202.750	4.64	4.92	22.81	2.77	4.22	11.68	51.2	2	58.5	1
202.894	2.73	4.94	13.48	1.61	3.30	5.30	39.3	2	65.5	1
202.954	2.26	4.94	11.18	1.33	2.92	3.87	34.6	2	68.5	1
203.057	1.65	4.94	8.18	1.03	2.37	2.43	29.7	2	73.5	1
203.201	1.35	4.95	6.67	0.71	1.76	1.25	18.7	2	81.0	1
203.261	1.09	4.94	5.40	0.60	1.50	0.91	16.8	2	84.0	1
203.364	0.91	4.94	4.50	0.44	1.15	0.51	11.2	2	89.0	1
203.508	2.27	4.94	11.20	0.74	1.77	1.32	11.7	2	29.5	1
203.568	8.62	4.90	42.23	2.43	5.97	14.49	34.3	2	29.5	1
203.671	14.30	4.87	69.66	3.82	9.39	35.85	51.5	2	28.3	1
203.816	14.38	4.87	70.06	4.07	10.02	40.75	58.2	2	31.3	1
203.876	14.60	4.87	71.06	4.09	10.24	41.90	59.0	2	29.9	1
203.980	20.96	4.52	94.63	4.59	11.66	53.46	56.5	2	19.4	1
204.125	24.57	4.39	107.94	5.98	11.47	68.57	63.5	2	29.0	1
204.186	23.04	4.60	106.00	6.38	10.62	67.81	64.0	2	30.1	1
204.290	23.31	4.73	110.33	7.10	10.77	76.48	69.3	2	27.5	1
204.435	29.52	3.98	117.51	8.00	10.04	80.35	68.4	2	22.6	1
204.496	31.75	3.56	113.06	8.16	9.69	79.06	69.9	2	22.6	1
204.600	36.62	1.57	57.64	5.49	5.48	30.06	52.1	2	10.0	1
204.745	33.60	1.71	57.49	4.34	5.88	25.48	44.3	2	31.5	1
204.805	25.26	3.20	80.83	4.69	7.78	36.47	45.1	2	31.5	1
204.909	28.77	3.65	105.02	6.38	10.01	63.81	60.8	2	22.4	1
205.054	15.93	4.48	71.42	5.32	7.43	39.49	55.3	2	44.9	1
205.114	15.66	4.67	73.11	5.48	8.05	44.13	60.4	2	33.2	1
205.218	20.95	4.71	98.61	6.41	10.02	64.21	65.1	2	26.3	1
205.363	25.88	4.61	119.33	8.03	10.09	81.03	67.9	2	29.6	1
205.424	21.54	4.71	101.44	7.50	8.68	65.04	64.1	2	66.5	1
205.528	11.17	4.86	54.26	5.06	5.82	29.48	54.3	2	32.4	1
205.673	21.92	4.53	99.41	6.75	9.21	62.19	62.6	2	24.5	1
205.733	26.60	4.30	114.36	7.54	9.67	72.91	63.8	2	29.6	1
205.837	27.21	4.49	122.06	8.31	10.09	83.83	68.7	2	26.5	1
205.982	31.93	3.75	119.82	9.11	9.65	87.88	73.3	2	27.0	1
206.042	32.25	3.78	121.86	9.47	9.61	91.02	74.7	2	28.0	1
206.146	29.44	4.30	126.73	9.77	9.62	94.00	74.2	2	31.0	1
206.291	29.09	4.43	128.91	10.13	9.43	95.50	74.1	2	28.0	1
206.352	30.55	4.21	128.65	10.24	9.32	95.42	74.2	2	28.0	1
206.456	30.27	4.29	129.79	10.48	9.32	97.68	75.3	2	32.0	1
206.601	28.72	4.54	130.25	10.76	9.19	98.89	75.9	2	30.0	1
206.662	29.31	4.46	130.79	10.80	9.34	100.83	77.1	2	32.0	1
206.766	28.93	4.49	130.04	10.88	9.18	99.86	76.8	2	29.5	1
206.911	30.49	4.28	130.66	11.00	9.00	98.97	75.7	2	29.5	1
206.972	30.67	4.27	130.92	11.09	8.94	99.12	75.7	2	30.5	1
207.076	29.76	4.39	130.62	11.09	9.13	101.23	77.5	2	31.5	1
207.221	29.86	4.40	131.31	11.21	9.09	101.91	77.6	2	31.5	1
207.282	29.93	4.39	131.28	11.18	9.05	101.23	77.1	2	30.0	1
207.386	30.37	4.33	131.52	11.24	8.87	99.69	75.8	2	29.5	1
207.531	31.00	4.21	130.60	11.16	8.98	100.20	76.7	2	31.0	1
207.592	29.63	4.41	130.60	11.16	8.92	99.59	76.3	2	33.0	1
207.696	28.22	4.58	129.26	11.13	8.81	98.10	75.9	2	31.5	1
207.841	29.99	4.37	131.11	11.20	8.84	99.01	75.5	2	30.0	1
207.902	29.72	4.42	131.28	11.19	8.81	98.61	75.1	2	32.0	1
208.006	29.56	4.42	130.78	11.20	8.96	100.36	76.7	2	30.0	1
208.151	29.69	4.43	131.50	11.26	8.79	99.01	75.3	2	31.0	1
208.212	30.04	4.39	131.79	11.20	9.01	100.89	76.6	2	30.0	1
208.316	29.51	4.45	131.33	11.17	9.08	101.49	77.3	2	32.0	1
208.461	30.16	4.33	130.68	11.18	8.94	99.99	76.5	2	29.5	1
208.522	30.50	4.29	130.84	11.23	8.83	99.10	75.7	2	29.5	1
208.626	29.49	4.45	131.10	11.14	9.04	100.67	76.8	2	32.0	1
208.771	29.64	4.44	131.66	11.21	8.91	99.90	75.9	2	29.0	1
208.832	30.41	4.29	130.56	11.13	8.90	99.11	75.9	2	30.0	1
208.936	29.55	4.43	131.05	11.23	8.95	100.54	76.7	2	32.5	1
209.081	29.88	4.37	130.61	11.29	8.87	100.15	76.7	2	30.5	1
209.142	29.67	4.42	131.07	11.19	9.19	102.75	78.4	2	31.5	1
209.246	28.88	4.54	131.08	11.19	9.04	101.11	77.1	2	31.0	1
209.391	29.87	4.38	130.90	11.26	8.90	100.23	76.6	2	31.0	1
209.452	30.29	4.32	130.97	11.23	9.11	102.24	78.1	2	30.5	1
209.556	29.40	4.47	131.56	11.27	9.01	101.56	77.2	2	31.5	1
209.701	30.01	4.40	132.02	11.25	9.11	102.43	77.6	2	31.0	1
209.762	29.83	4.42	131.91	11.37	8.85	100.62	76.3	2	32.0	1
209.866	29.13	4.51	131.46	11.34	8.95	101.51	77.2	2	32.0	1
210.011	29.79	4.38	130.40	11.27	8.95	100.83	77.3	2	31.0	1
210.072	30.15	4.33	130.62	11.31	8.92	100.91	77.2	2	30.0	1
210.176	30.45	4.28	130.38	11.32	8.88	100.47	77.1	2	31.5	1
210.321	30.61	4.24	129.79	11.34	8.90	100.93	77.8	2	31.0	1
210.382	29.80	4.39	130.85	11.35	8.90	101.00	77.2	2	33.0	1
210.486	28.84	4.51	130.21	11.20	8.91	99.83	76.7	2	30.0	1
210.631	30.47	4.29	130.77	11.28	8.78	99.11	75.8	2	30.5	1
210.692	30.74	4.25	130.68	11.29	8.90	100.57	77.0	2	31.0	1
210.796	29.68	4.43	131.37	11.35	8.93	101.30	77.1	2	32.0	1
210.941	29.75	4.42	131.34	11.28	9.14	103.05	78.5	2	30.0	1
211.002	30.19	4.36	131.55	11.33	8.94	101.26	77.0	2	30.0	1
211.106	29.88	4.40	131.44	11.31	8.89	100.53	76.5	2	30.5	1
211.251	29.31	4.46	130.79	11.25	9.12	102.55	78.4	2	31.0	1
211.312	30.17	4.34	130.96	11.33	8.95	101.36	77.4	2	30.0	1
211.416	30.38	4.32	131.11	11.31	9.01	101.92	77.7	2	32.0	1
211.561	30.53	4.28	130.57	11.30	8.86	100.08	76.6	2	29.5	1
211.622	30.33	4.31	130.71	11.30	8.92	100.79	77.1	2	32.5	1
211.726	29.36	4.45	130.58	11.30	8.92	100.87	77.3	2	30.5	1
211.871	30.34	4.30	130.47	11.28	8.79	99.15	76.0	2	30.5	1
211.932	29.99	4.37	131.22	11.32	8.78	99.38	75.7	2	32.0	1
212.036	29.33	4.49	131.67	11.26	9.00	101.31	76.9	2	31.0	1
212.181	30.50	4.27	130.33	11.31	8.79	99.41	76.3	2	30.0	1
212.242	30.49	4.29	130.73	11.35	8.80	99.91	76.4	2	31.5	1
212.346	30.03	4.36	130.85	11.32	8.89	100.68	76.9	2	29.5	1
212.491	31.02	4.20	130.28	11.23	9.03	101.46	77.9	2	30.5	1
212.552	29.94	4.37	130.72	11.27	8.94	100.78	77.1	2	32.5	1
212.656	29.58	4.43	131.20	11.26	8.95	100.77	76.8	2	30.5	1
212.801	29.88	4.38	130.73	11.25	8.83	99.33	76.0	2	30.0	1
212.862	30.30	4.32	130.86	11.31	8.88	100.45	76.8	2	30.5	1
212.966	29.63	4.40	130.47	11.23	8.97	100.77	77.2	2	32.5	1
213.111	29.48	4.42	130.35	11.29	8.83	99.69	76.5	2	30.0	1
213.172	30.48	4.26	129.88	11.20	8.94	100.16	77.1	2	29.5	1
213.276	29.48	4.42	130.41	11.30	8.79	99.36	76.2	2	32.5	1
213.421	29.39	4.46	131.22	11.36	8.74	99.30	75.7	2	30.0	1
213.482	30.09	4.37	131.50	11.28	8.87	100.07	76.1	2	31.0	1
213.586	30.14	4.36	131.36	11.30	8.87	100.21	76.3	2	31.5	1
213.731	29.41	4.48	131.65	11.27	9.09	102.45	77.8	2	31.0	1
213.792	29.88	4.42	132.13	11.25	9.18	103.25	78.1	2	30.5	1
213.896	30.64	4.21	129.03	11.24	9.10	102.23	79.2	2	29.5	1
214.041	28.85	4.49	129.59	11.18	9.26	103.48	79.9	2	33.0	1
214.102	28.15	4.59	129.18	11.25	8.94	100.66	77.9	2	33.0	1
214.206	29.49	4.43	130.74	11.23	9.02	101.32	77.5	2	30.0	1
214.351	30.57	4.29	131.14	11.35	8.82	100.04	76.3	2	30.5	1
214.412	30.57	4.31	131.82	11.43	8.75	99.98	75.9	2	31.0	1
214.516	30.12	4.36	131.35	11.46	8.64	98.99	75.4	2	31.0	1
214.661	30.30	4.32	130.95	11.47	8.63	99.00	75.6	2	31.0	1
214.722	30.40	4.32	131.27	11.40	8.82	100.57	76.6	2	31.0	1
214.826	29.22	4.50	131.61	11.32	8.92	101.01	76.7	2	32.0	1
214.971	29.74	4.42	131.51	11.39	9.07	103.26	78.5	2	31.0	1
215.032	29.36	4.48	131.52	11.34	9.03	102.44	77.9	2	31.5	1
215.136	30.26	4.35	131.56	11.40	9.01	102.77	78.1	2	31.0	1
215.281	30.69	4.30	131.85	11.41	8.85	100.99	76.6	2	30.5	1
215.342	30.20	4.37	131.86	11.42	8.79	100.39	76.1	2	31.5	1
215.446	30.07	4.40	132.36	11.42	8.88	101.46	76.7	2	30.0	1
215.591	30.29	4.38	132.64	11.36	9.08	103.20	77.8	2	30.5	1
215.652	30.28	4.36	132.03	11.35	9.13	103.58	78.4	2	31.0	1
215.756	30.15	4.36	131.35	11.28	9.10	102.64	78.1	2	30.5	1
215.901	30.17	4.36	131.53	11.36	8.86	100.68	76.5	2	30.0	1
215.962	30.37	4.33	131.60	11.33	8.95	101.33	77.0	2	32.0	1
216.066	30.08	4.38	131.64	11.29	8.96	101.17	76.8	2	30.5	1
216.211	30.49	4.31	131.43	11.34	9.09	103.04	78.4	2	32.5	1
216.272	29.88	4.40	131.38	11.32	9.00	101.91	77.6	2	31.5	1
216.376	29.55	4.46	131.86	11.41	8.88	101.28	76.8	2	30.5	1
216.521	30.20	4.36	131.72	11.45	8.72	99.84	75.8	2	30.5	1
216.582	30.08	4.38	131.76	11.34	8.88	100.62	76.4	2	31.0	1
216.686	30.34	4.34	131.65	11.38	9.01	102.50	77.9	2	31.0	1
216.831	29.29	4.50	131.75	11.43	8.85	101.08	76.7	2	32.0	1
216.892	29.56	4.47	132.23	11.43	8.80	100.54	76.0	2	30.5	1
216.996	29.99	4.38	131.50	11.32	9.02	102.15	77.7	2	31.5	1
217.141	30.46	4.29	130.78	11.35	9.03	102.45	78.3	2	31.0	1
217.202	29.80	4.41	131.36	11.37	8.99	102.26	77.8	2	31.5	1
217.306	28.93	4.53	131.04	11.32	9.01	101.96	77.8	2	32.5	1
217.451	29.81	4.41	131.38	11.33	8.96	101.48	77.2	2	31.0	1
217.512	30.10	4.38	131.80	11.41	8.98	102.43	77.7	2	32.0	1
217.616	29.98	4.35	130.32	11.33	8.93	101.16	77.6	2	30.5	1
217.761	30.61	4.22	129.25	11.30	8.78	99.16	76.7	2	30.5	1
217.822	30.76	4.21	129.38	11.29	8.96	101.11	78.1	2	31.0	1
217.926	28.86	4.50	129.89	11.26	8.92	100.39	77.3	2	33.0	1
218.071	29.71	4.43	131.68	11.25	9.04	101.62	77.2	2	30.0	1
218.132	30.50	4.30	131.03	11.34	8.83	100.12	76.4	2	30.5	1
218.236	30.92	4.23	130.83	11.28	8.91	100.57	76.9	2	30.0	1
218.381	28.87	4.54	130.98	11.24	8.90	100.01	76.4	2	32.0	1
218.442	28.74	4.57	131.21	11.31	8.91	100.78	76.8	2	32.0	1
218.546	29.72	4.40	130.90	11.29	8.87	100.14	76.5	2	30.5	1
218.691	29.29	4.50	131.69	11.32	8.99	101.76	77.3	2	31.0	1
218.752	29.97	4.39	131.69	11.35	8.97	101.81	77.3	2	30.5	1
218.856	30.25	4.35	131.58	11.29	8.98	101.43	77.1	2	32.0	1
219.001	29.88	4.40	131.52	11.36	8.71	99.00	75.3	2	30.0	1
219.062	30.40	4.32	131.25	11.32	8.85	100.21	76.4	2	30.5	1
219.166	30.20	4.35	131.51	11.31	8.97	101.41	77.1	2	32.0	1
219.311	29.13	4.53	132.06	11.30	9.06	102.40	77.5	2	32.5	1
219.372	28.92	4.56	132.00	11.28	9.16	103.26	78.2	2	32.0	1
219.476	29.74	4.42	131.44	11.38	8.83	100.47	76.4	2	30.5	1
219.621	30.01	4.39	131.79	11.33	9.04	102.43	77.7	2	32.5	1
219.682	29.20	4.49	131.16	11.27	9.03	101.82	77.6	2	31.5	1
219.786	29.86	4.41	131.80	11.33	9.09	102.92	78.1	2	32.5	1
219.931	29.38	4.49	131.76	11.36	8.87	100.81	76.5	2	30.0	1
219.992	29.50	4.47	131.92	11.43	8.70	99.40	75.4	2	31.0	1
220.096	29.67	4.44	131.80	11.45	8.76	100.31	76.1	2	30.0	1
220.241	29.56	4.44	131.32	11.47	8.73	100.14	76.3	2	30.5	1
220.302	30.12	4.36	131.37	11.48	8.80	101.11	77.0	2	31.0	1
220.406	29.38	4.48	131.64	11.37	8.95	101.82	77.4	2	32.0	1
220.551	29.93	4.40	131.56	11.43	8.74	99.81	75.9	2	30.0	1
220.612	30.37	4.32	131.07	11.40	8.78	100.14	76.4	2	30.5	1
220.716	30.54	4.30	131.34	11.47	8.67	99.47	75.7	2	30.0	1
220.861	29.74	4.42	131.45	11.47	8.80	100.99	76.8	2	32.5	1
220.922	29.10	4.51	131.26	11.35	8.87	100.64	76.7	2	32.5	1
221.026	29.31	4.45	130.47	11.45	8.72	99.76	76.5	2	30.5	1
221.171	30.84	4.22	130.24	11.39	8.80	100.27	77.0	2	30.0	1
221.232	31.07	4.17	129.54	11.31	8.83	99.80	77.0	2	29.5	1
221.336	30.65	4.26	130.46	11.35	8.85	100.52	77.0	2	32.0	1
221.481	29.22	4.47	130.67	11.33	8.79	99.60	76.2	2	30.0	1
221.542	30.29	4.30	130.33	11.24	8.95	100.58	77.2	2	30.0	1
221.646	30.37	4.31	131.02	11.28	8.93	100.68	76.8	2	32.0	1
221.791	29.21	4.52	131.89	11.23	8.98	100.78	76.4	2	30.0	1
221.852	30.24	4.33	130.94	11.27	8.87	99.93	76.3	2	30.0	1
221.956	30.36	4.30	130.52	11.26	8.92	100.49	77.0	2	32.0	1
222.101	28.15	4.60	129.48	11.17	8.90	99.44	76.8	2	32.5	1
222.162	28.15	4.62	130.18	11.22	8.87	99.55	76.5	2	31.5	1
222.266	29.98	4.34	130.10	11.23	8.87	99.68	76.6	2	29.5	1
222.411	31.07	4.18	129.97	11.25	8.87	99.72	76.7	2	30.0	1
222.472	30.80	4.24	130.74	11.32	8.81	99.82	76.4	2	31.0	1
222.576	29.67	4.42	131.24	11.27	9.04	101.95	77.7	2	30.5	1
222.721	30.75	4.26	130.87	11.32	9.01	102.05	78.0	2	30.5	1
222.782	30.77	4.26	131.13	11.34	8.97	101.70	77.6	2	31.0	1
222.886	29.99	4.38	131.45	11.40	8.65	98.63	75.0	2	31.0	1
223.031	30.58	4.32	131.98	11.26	9.05	101.91	77.2	2	30.0	1
223.092	31.19	4.22	131.57	11.32	8.95	101.35	77.0	2	30.0	1
223.196	30.46	4.32	131.60	11.23	9.01	101.19	76.9	2	32.5	1
223.341	30.38	4.33	131.59	11.29	8.91	100.60	76.4	2	31.0	1
223.402	30.41	4.33	131.78	11.30	8.98	101.52	77.0	2	30.5	1
223.506	30.14	4.37	131.73	11.28	8.90	100.38	76.2	2	31.5	1
223.651	29.03	4.53	131.52	11.40	8.70	99.24	75.5	2	31.5	1
223.712	29.22	4.50	131.49	11.35	8.87	100.67	76.6	2	30.5	1
223.816	29.75	4.43	131.71	11.42	8.84	100.98	76.7	2	31.5	1
223.961	30.84	4.26	131.24	11.39	8.86	100.93	76.9	2	30.0	1
224.022	31.11	4.18	129.98	11.28	8.90	100.37	77.2	2	29.5	1
224.126	30.69	4.27	131.19	11.33	8.84	100.23	76.4	2	30.0	1
224.271	29.35	4.49	131.90	11.28	8.94	100.90	76.5	2	31.5	1
224.332	29.62	4.48	132.76	11.27	9.00	101.38	76.4	2	31.5	1
224.436	29.98	4.42	132.54	11.32	8.91	100.85	76.1	2	32.0	1
224.581	30.36	4.33	131.52	11.28	9.03	101.78	77.4	2	30.5	1
224.642	29.91	4.40	131.71	11.26	8.98	101.13	76.8	2	31.5	1
224.746	30.05	4.38	131.68	11.28	8.99	101.47	77.1	2	31.5	1
224.891	29.52	4.45	131.36	11.21	9.34	104.66	79.7	2	31.0	1
224.952	29.32	4.48	131.39	11.24	9.22	103.65	78.9	2	31.0	1
225.056	30.33	4.31	130.73	11.27	9.20	103.61	79.3	2	30.0	1
225.201	31.09	4.22	131.20	11.28	8.99	101.45	77.3	2	30.0	1
225.262	30.94	4.23	130.87	11.34	8.78	99.57	76.1	2	30.0	1
225.366	30.49	4.33	131.96	11.27	8.94	100.68	76.3	2	31.0	1
225.511	30.39	4.33	131.46	11.26	9.01	101.37	77.1	2	30.0	1
225.572	30.82	4.25	131.13	11.30	8.99	101.62	77.5	2	30.0	1
225.676	29.63	4.44	131.58	11.27	9.03	101.80	77.4	2	32.5	1
225.821	29.54	4.44	131.23	11.23	8.99	101.02	77.0	2	30.5	1
225.882	29.97	4.36	130.58	11.26	8.90	100.22	76.7	2	30.5	1
225.986	30.65	4.26	130.50	11.27	9.01	101.53	77.8	2	30.0	1
226.131	28.95	4.50	130.15	11.17	8.98	100.29	77.1	2	32.5	1
226.192	28.88	4.51	130.36	11.26	8.85	99.74	76.5	2	30.5	1
226.296	30.13	4.33	130.58	11.23	9.03	101.36	77.6	2	30.5	1
226.441	29.00	4.53	131.23	11.19	8.90	99.63	75.9	2	33.5	1
226.502	28.44	4.59	130.43	11.23	8.92	100.19	76.8	2	31.0	1
226.606	30.13	4.35	131.14	11.22	8.86	99.36	75.8	2	29.5	1
226.751	30.76	4.25	130.66	11.21	8.87	99.51	76.2	2	30.0	1
226.812	30.04	4.36	131.03	11.25	8.84	99.46	75.9	2	32.0	1
226.916	28.85	4.55	131.14	11.20	8.99	100.61	76.7	2	31.0	1
227.061	30.59	4.27	130.68	11.19	9.00	100.69	77.0	2	30.5	1
227.122	30.06	4.36	131.13	11.24	8.94	100.53	76.7	2	30.5	1
227.226	29.81	4.42	131.86	11.31	8.89	100.53	76.2	2	31.5	1
227.371	30.13	4.38	131.91	11.29	8.98	101.40	76.9	2	30.5	1
227.432	30.59	4.29	131.24	11.26	8.94	100.61	76.7	2	30.0	1
227.536	29.42	4.47	131.64	11.28	9.09	102.55	77.9	2	33.0	1
227.681	30.24	4.32	130.71	11.29	8.87	100.12	76.6	2	29.5	1
227.742	30.77	4.23	130.12	11.23	8.95	100.51	77.2	2	30.0	1
227.846	30.46	4.28	130.38	11.31	8.87	100.30	76.9	2	30.5	1
227.991	29.43	4.46	131.30	11.28	9.06	102.26	77.9	2	31.5	1
228.052	29.21	4.50	131.35	11.26	9.04	101.79	77.5	2	30.5	1
228.156	30.22	4.35	131.53	11.32	8.85	100.08	76.1	2	31.0	1
228.301	29.66	4.43	131.32	11.36	8.93	101.47	77.3	2	30.0	1
228.362	30.13	4.33	130.42	11.28	9.04	102.01	78.2	2	30.0	1
228.466	30.52	4.30	131.32	11.37	8.80	100.10	76.2	2	30.0	1
228.611	29.52	4.48	132.20	11.35	9.01	102.29	77.4	2	31.0	1
228.672	29.81	4.43	132.14	11.31	9.10	102.96	77.9	2	31.0	1
228.776	30.25	4.35	131.57	11.43	8.73	99.81	75.9	2	31.0	1
228.921	30.22	4.38	132.49	11.29	9.01	101.77	76.8	2	31.0	1
228.982	30.35	4.35	132.03	11.29	9.03	101.92	77.2	2	30.5	1
229.086	30.05	4.38	131.68	11.37	8.88	100.90	76.6	2	31.0	1
229.231	29.82	4.45	132.66	11.33	8.98	101.74	76.7	2	31.5	1
229.292	29.78	4.44	132.36	11.33	8.99	101.91	77.0	2	30.0	1
229.396	30.24	4.34	131.21	11.36	8.76	99.57	75.9	2	30.5	1
229.541	30.52	4.33	132.05	11.31	8.97	101.47	76.8	2	31.0	1
229.602	30.27	4.37	132.28	11.26	9.05	102.00	77.1	2	31.0	1
229.706	29.78	4.44	132.18	11.35	8.92	101.30	76.6	2	31.5	1
229.851	30.13	4.36	131.40	11.34	9.01	102.19	77.8	2	31.0	1
229.912	29.54	4.45	131.49	11.31	8.97	101.51	77.2	2	32.0	1
230.016	29.41	4.47	131.35	11.40	8.73	99.58	75.8	2	30.0	1
230.161	30.04	4.39	131.84	11.38	8.93	101.66	77.1	2	30.0	1
230.222	30.48	4.32	131.53	11.32	8.97	101.52	77.2	2	30.5	1
230.326	30.06	4.35	130.87	11.39	8.79	100.17	76.5	2	30.5	1
230.471	29.26	4.49	131.41	11.32	8.96	101.48	77.2	2	31.5	1
230.532	29.87	4.41	131.78	11.33	8.95	101.41	77.0	2	30.5	1
230.636	30.47	4.32	131.55	11.38	8.73	99.37	75.5	2	32.0	1
230.781	29.35	4.50	132.07	11.37	8.96	101.94	77.2	2	33.0	1
230.842	29.06	4.52	131.25	11.35	8.84	100.38	76.5	2	30.5	1
230.946	30.57	4.28	130.81	11.28	8.93	100.71	77.0	2	29.5	1
231.091	29.95	4.36	130.68	11.28	8.87	100.08	76.6	2	32.0	1
231.152	29.09	4.49	130.58	11.24	8.91	100.19	76.7	2	31.5	1
231.256	30.42	4.29	130.38	11.23	8.91	100.10	76.8	2	29.0	1
231.401	29.52	4.45	131.49	11.22	8.96	100.58	76.5	2	33.0	1
231.462	29.11	4.50	131.02	11.29	8.85	99.95	76.3	2	30.5	1
231.566	30.13	4.35	130.99	11.26	8.94	100.66	76.8	2	29.5	1
231.711	29.39	4.48	131.70	11.30	9.03	102.02	77.5	2	31.0	1
231.772	29.81	4.41	131.32	11.27	9.01	101.55	77.3	2	29.5	1
231.876	30.35	4.31	130.66	11.30	8.90	100.60	77.0	2	31.5	1
232.021	30.21	4.35	131.27	11.24	8.98	100.94	76.9	2	29.5	1
232.082	30.88	4.24	130.96	11.21	8.99	100.71	76.9	2	30.5	1
232.186	29.82	4.39	131.00	11.24	9.00	101.14	77.2	2	32.0	1
232.331	28.48	4.59	130.76	11.24	8.85	99.46	76.1	2	31.0	1
232.392	29.64	4.41	130.62	11.25	8.94	100.58	77.0	2	30.5	1
232.496	30.53	4.26	130.13	11.20	9.09	101.80	78.2	2	30.5	1
232.641	29.86	4.40	131.33	11.30	8.92	100.75	76.7	2	31.0	1
232.702	29.81	4.41	131.56	11.23	8.93	100.36	76.3	2	30.5	1
232.806	29.78	4.42	131.76	11.20	9.04	101.32	76.9	2	32.0	1
232.951	29.58	4.45	131.73	11.19	9.06	101.37	77.0	2	29.5	1
233.012	29.71	4.43	131.75	11.27	8.99	101.31	76.9	2	32.0	1
233.116	30.02	4.40	132.20	11.26	9.00	101.41	76.7	2	29.5	1
233.261	31.28	4.18	130.65	11.23	8.98	100.89	77.2	2	29.0	1
233.322	31.20	4.18	130.56	11.30	8.75	98.84	75.7	2	31.0	1
233.426	29.22	4.46	130.43	11.23	8.99	100.91	77.4	2	32.0	1
233.571	30.55	4.29	130.93	11.27	9.02	101.58	77.6	2	30.5	1
233.632	30.73	4.26	130.97	11.27	8.96	101.03	77.1	2	29.0	1
233.736	29.64	4.40	130.30	11.29	8.81	99.46	76.3	2	32.5	1
233.881	30.43	4.32	131.47	11.30	8.80	99.42	75.6	2	31.0	1
233.942	30.21	4.37	132.12	11.35	8.82	100.04	75.7	2	31.0	1
234.046	29.79	4.43	131.95	11.27	8.87	99.95	75.7	2	31.0	1
234.191	29.82	4.40	131.32	11.28	9.09	102.53	78.1	2	29.5	1
234.252	30.02	4.34	130.39	11.25	9.04	101.67	78.0	2	30.5	1
234.356	30.43	4.29	130.57	11.28	9.08	102.38	78.4	2	30.5	1
234.501	29.85	4.40	131.44	11.27	8.83	99.51	75.7	2	31.5	1
234.562	29.45	4.45	131.12	11.18	9.10	101.79	77.6	2	32.0	1
234.666	29.27	4.48	130.99	11.17	9.09	101.59	77.6	2	31.0	1
234.811	30.22	4.32	130.49	11.22	9.06	101.63	77.9	2	31.0	1
234.872	30.13	4.35	131.19	11.32	8.81	99.70	76.0	2	30.0	1
234.976	30.78	4.25	130.84	11.23	8.95	100.55	76.8	2	31.5	1
235.121	30.12	4.37	131.48	11.19	9.13	102.14	77.7	2	30.0	1
235.182	30.44	4.32	131.37	11.22	9.05	101.51	77.3	2	31.0	1
235.286	29.97	4.39	131.46	11.31	8.91	100.74	76.6	2	32.0	1
235.431	29.18	4.53	132.08	11.31	8.90	100.65	76.2	2	30.5	1
235.492	29.72	4.45	132.12	11.28	8.97	101.17	76.6	2	30.5	1
235.596	30.12	4.38	131.95	11.27	9.03	101.79	77.1	2	30.5	1
235.741	30.03	4.40	132.03	11.27	8.96	100.90	76.4	2	29.5	1
235.802	30.59	4.28	130.83	11.30	9.00	101.79	77.8	2	30.5	1
235.906	30.58	4.29	131.22	11.23	9.02	101.32	77.2	2	29.0	1
236.051	29.91	4.39	131.25	11.21	9.10	102.03	77.7	2	32.5	1
236.112	29.04	4.50	130.78	11.25	8.88	99.87	76.4	2	32.0	1
236.216	29.73	4.42	131.38	11.31	9.04	102.26	77.8	2	30.5	1
236.361	29.56	4.44	131.20	11.29	9.00	101.58	77.4	2	31.5	1
236.422	29.38	4.46	130.93	11.30	8.85	99.98	76.4	2	31.5	1
236.526	29.96	4.38	131.28	11.27	9.00	101.46	77.3	2	30.5	1
236.671	29.00	4.48	130.05	11.30	8.92	100.87	77.6	2	31.0	1
236.732	29.47	4.44	130.71	11.32	8.94	101.23	77.4	2	30.0	1
236.836	30.31	4.31	130.74	11.19	9.04	101.17	77.4	2	31.5	1
236.981	28.65	4.55	130.45	11.21	8.94	100.20	76.8	2	31.5	1
237.042	29.32	4.45	130.61	11.24	9.02	101.31	77.6	2	30.0	1
237.146	30.35	4.29	130.14	11.26	8.88	100.05	76.9	2	31.0	1
237.291	29.31	4.47	130.89	11.23	8.95	100.48	76.8	2	32.0	1
237.352	28.91	4.51	130.46	11.26	9.04	101.72	78.0	2	31.0	1
237.456	30.03	4.36	131.05	11.26	8.84	99.55	76.0	2	30.0	1
237.601	29.80	4.42	131.59	11.24	9.06	101.81	77.4	2	32.0	1
237.662	29.42	4.48	131.75	11.20	9.03	101.12	76.7	2	30.5	1
237.766	30.46	4.28	130.27	11.29	8.70	98.20	75.4	2	29.5	1
237.911	29.65	4.44	131.66	11.27	8.87	100.02	76.0	2	31.5	1
237.972	29.18	4.51	131.48	11.24	8.96	100.65	76.5	2	31.0	1
238.076	29.51	4.45	131.42	11.24	8.95	100.55	76.5	2	30.5	1
238.221	28.89	4.53	130.96	11.21	8.96	100.44	76.7	2	31.5	1
238.282	29.35	4.46	131.04	11.21	9.00	100.90	77.0	2	30.0	1
238.386	30.56	4.28	130.76	11.22	9.00	101.00	77.2	2	30.0	1
238.531	30.44	4.32	131.41	11.19	8.98	100.47	76.5	2	29.5	1
238.592	30.83	4.25	130.91	11.21	8.97	100.50	76.8	2	30.0	1
238.696	29.45	4.45	131.14	11.24	8.88	99.80	76.1	2	31.5	1
238.841	29.39	4.49	132.03	11.27	9.06	102.16	77.4	2	31.5	1
238.902	29.69	4.44	131.70	11.21	9.08	101.82	77.3	2	30.5	1
239.006	29.96	4.39	131.59	11.23	8.99	100.90	76.7	2	30.0	1
239.151	30.63	4.26	130.53	11.14	9.06	100.93	77.3	2	30.5	1
239.212	29.98	4.38	131.16	11.22	9.01	101.09	77.1	2	32.0	1
239.316	30.27	4.30	130.11	11.26	8.93	100.60	77.3	2	30.5	1
239.461	29.74	4.40	130.92	11.23	9.14	102.61	78.4	2	31.0	1
239.522	30.26	4.34	131.27	11.23	8.98	100.93	76.9	2	29.5	1
239.626	29.82	4.40	131.15	11.22	8.99	100.89	76.9	2	30.5	1
239.771	30.07	4.38	131.74	11.25	8.97	100.90	76.6	2	32.0	1
239.832	28.91	4.50	130.21	11.23	8.97	100.75	77.4	2	32.0	1
239.936	28.98	4.50	130.50	11.20	8.97	100.44	77.0	2	31.0	1
240.081	30.64	4.28	131.17	11.24	9.02	101.38	77.3	2	30.0	1
240.142	30.82	4.23	130.44	11.17	8.92	99.65	76.4	2	29.5	1
240.246	29.85	4.39	130.97	11.21	8.95	100.34	76.6	2	32.5	1
240.391	29.78	4.39	130.73	11.06	9.05	100.13	76.6	2	29.0	1
240.452	30.77	4.21	129.51	11.11	8.90	98.88	76.3	2	30.0	1
240.556	29.71	4.40	130.65	11.10	9.00	99.88	76.4	2	31.5	1
240.701	30.04	4.37	131.22	11.21	8.95	100.24	76.4	2	30.5	1
240.762	29.76	4.41	131.22	11.14	9.15	102.01	77.7	2	31.5	1
240.866	30.21	4.33	130.69	11.16	9.01	100.58	77.0	2	30.0	1
241.011	29.83	4.42	131.77	11.26	8.91	100.28	76.1	2	30.5	1
241.072	30.27	4.35	131.60	11.27	8.81	99.30	75.5	2	30.5	1
241.176	30.39	4.33	131.44	11.28	9.03	101.84	77.5	2	30.5	1
241.321	28.77	4.53	130.34	11.29	8.80	99.44	76.3	2	32.0	1
241.382	28.61	4.55	130.28	11.23	8.95	100.41	77.1	2	32.0	1
241.486	29.86	4.35	129.97	11.20	8.97	100.55	77.4	2	31.0	1
241.631	30.03	4.35	130.51	11.19	9.09	101.68	77.9	2	29.5	1
241.692	30.58	4.26	130.20	11.16	9.08	101.39	77.9	2	30.5	1
241.796	30.58	4.27	130.47	11.24	8.78	98.74	75.7	2	31.0	1
241.941	28.55	4.55	129.80	11.17	8.93	99.75	76.9	2	32.5	1
242.002	29.10	4.48	130.31	11.18	9.07	101.48	77.9	2	30.5	1
242.106	30.26	4.32	130.87	11.17	8.97	100.18	76.6	2	30.0	1
242.251	30.10	4.36	131.12	11.22	9.12	102.29	78.0	2	30.0	1
242.312	29.71	4.42	131.30	11.17	9.16	102.34	77.9	2	31.5	1
242.416	29.66	4.43	131.46	11.21	9.03	101.25	77.0	2	29.5	1
242.561	29.51	4.44	131.15	11.16	9.13	101.90	77.7	2	30.5	1
242.622	29.79	4.40	131.07	11.14	9.12	101.58	77.5	2	30.5	1
242.726	29.71	4.42	131.23	11.24	8.95	100.63	76.7	2	30.5	1
242.871	30.57	4.29	131.10	11.14	9.07	101.06	77.1	2	29.5	1
242.932	30.63	4.29	131.29	11.22	8.93	100.13	76.3	2	31.0	1
243.036	30.12	4.36	131.44	11.19	9.06	101.40	77.1	2	31.0	1
243.181	29.71	4.42	131.40	11.23	9.04	101.48	77.2	2	30.0	1
243.242	30.35	4.30	130.51	11.17	9.05	101.04	77.4	2	30.0	1
243.346	30.35	4.30	130.49	11.13	9.03	100.48	77.0	2	30.5	1
243.491	29.11	4.48	130.53	11.15	8.96	99.86	76.5	2	30.0	1
243.552	29.91	4.37	130.58	11.19	8.95	100.17	76.7	2	30.0	1
243.656	30.08	4.36	131.17	11.20	9.00	100.76	76.8	2	32.0	1
243.801	30.57	4.32	132.19	11.14	9.03	100.62	76.1	2	29.0	1
243.862	30.49	4.32	131.85	11.12	9.09	101.10	76.7	2	31.0	1
243.966	30.08	4.37	131.52	11.19	8.90	99.57	75.7	2	31.0	1
244.111	30.12	4.34	130.73	11.16	9.06	101.09	77.3	2	31.0	1
244.172	30.14	4.35	131.05	11.14	9.11	101.52	77.5	2	29.0	1
244.276	30.25	4.34	131.20	11.15	8.89	99.14	75.6	2	30.0	1
244.421	30.09	4.34	130.66	11.14	9.06	100.92	77.2	2	31.5	1
244.482	29.79	4.40	131.03	11.19	9.01	100.91	77.0	2	32.0	1
244.586	29.44	4.44	130.64	11.14	9.00	100.34	76.8	2	30.0	1
244.731	30.89	4.24	130.84	11.17	8.95	99.93	76.4	2	30.5	1
244.792	30.58	4.28	130.77	11.16	9.00	100.39	76.8	2	29.5	1
244.896	29.72	4.38	130.23	11.15	8.95	99.82	76.7	2	31.5	1
245.041	29.84	4.41	131.50	11.17	8.96	100.16	76.2	2	30.5	1
245.102	29.79	4.39	130.83	11.16	9.06	101.10	77.3	2	30.5	1
245.206	29.66	4.44	131.56	11.18	8.98	100.41	76.3	2	30.0	1
245.351	29.81	4.39	130.73	11.18	9.02	100.83	77.1	2	31.0	1
245.412	29.60	4.43	131.05	11.28	8.95	100.89	77.0	2	30.5	1
245.516	30.13	4.35	131.07	11.18	9.18	102.63	78.3	2	30.5	1
245.661	30.50	4.31	131.53	11.23	9.09	102.07	77.6	2	31.0	1
245.722	29.87	4.39	131.05	11.21	9.11	102.12	77.9	2	32.0	1
245.826	29.94	4.39	131.38	11.19	9.12	102.06	77.7	2	30.0	1
245.971	29.13	4.50	131.07	11.13	9.00	100.26	76.5	2	31.5	1
246.032	29.24	4.49	131.41	11.11	9.06	100.70	76.6	2	30.5	1
246.136	30.56	4.29	131.07	11.13	8.96	99.76	76.1	2	30.0	1
246.281	30.82	4.26	131.40	11.11	9.07	100.82	76.7	2	29.5	1
246.342	30.89	4.23	130.78	11.12	8.99	99.90	76.4	2	30.5	1
246.446	29.54	4.43	130.83	11.12	9.02	100.34	76.7	2	32.0	1
246.591	29.96	4.36	130.67	11.11	9.00	100.01	76.5	2	29.5	1
246.652	30.25	4.32	130.57	11.13	9.00	100.19	76.7	2	30.5	1
246.756	29.86	4.40	131.30	11.10	9.15	101.52	77.3	2	31.5	1
246.901	29.36	4.50	132.12	11.16	9.03	100.72	76.2	2	31.0	1
246.962	29.49	4.45	131.33	11.16	8.97	100.09	76.2	2	31.0	1
247.066	30.29	4.34	131.31	11.09	9.15	101.45	77.3	2	29.5	1
247.211	29.84	4.40	131.42	11.23	8.92	100.15	76.2	2	30.5	1
247.272	30.14	4.36	131.47	11.20	8.96	100.37	76.3	2	29.0	1
247.376	30.98	4.19	129.69	11.18	8.84	98.77	76.2	2	29.5	1
247.521	30.09	4.38	131.78	11.12	9.20	102.25	77.6	2	30.5	1
247.582	29.78	4.42	131.61	11.22	9.01	101.03	76.8	2	31.0	1
247.686	29.19	4.49	131.12	11.15	9.12	101.74	77.6	2	30.5	1
247.831	30.74	4.27	131.31	11.19	8.92	99.90	76.1	2	31.0	1
247.892	30.39	4.34	132.02	11.15	9.03	100.76	76.3	2	30.0	1
247.996	30.45	4.33	131.77	11.14	9.10	101.33	76.9	2	31.0	1
248.141	29.93	4.40	131.62	11.14	9.18	102.30	77.7	2	29.5	1
248.202	30.19	4.34	130.96	11.16	9.09	101.44	77.5	2	31.0	1
248.306	29.31	4.48	131.20	11.19	9.01	100.88	76.9	2	31.0	1
248.451	30.67	4.26	130.61	11.15	9.03	100.65	77.1	2	29.5	1
248.512	30.94	4.23	130.87	11.14	8.96	99.77	76.2	2	30.5	1
248.616	29.63	4.44	131.51	11.12	9.11	101.33	77.1	2	31.5	1
248.761	29.92	4.39	131.29	11.12	9.18	102.06	77.7	2	30.0	1
248.822	30.34	4.32	131.01	11.11	9.16	101.77	77.7	2	30.5	1
248.926	29.74	4.42	131.51	11.14	9.02	100.42	76.4	2	30.5	1
249.071	30.40	4.34	131.92	11.15	9.06	100.99	76.6	2	29.5	1
249.132	30.26	4.35	131.74	11.22	8.92	100.10	76.0	2	30.5	1
249.236	30.21	4.35	131.31	11.19	9.11	101.91	77.6	2	31.0	1
249.381	30.13	4.37	131.76	11.22	9.09	102.00	77.4	2	30.5	1
249.442	29.77	4.42	131.66	11.12	9.23	102.66	78.0	2	32.0	1
249.546	30.57	4.29	131.24	11.12	9.04	100.58	76.6	2	30.5	1
249.691	28.87	4.51	130.28	11.11	8.97	99.68	76.5	2	31.0	1
249.752	29.68	4.40	130.53	11.14	9.02	100.51	77.0	2	29.0	1
249.856	29.12	4.44	129.36	11.10	8.99	99.85	77.2	2	32.5	1
250.001	30.01	4.36	130.80	11.07	9.02	99.85	76.3	2	29.0	1
250.062	30.43	4.28	130.12	11.08	9.05	100.24	77.0	2	31.0	1
250.166	29.66	4.42	131.06	11.15	8.93	99.53	75.9	2	31.5	1
250.311	28.96	4.49	130.17	11.20	8.97	100.49	77.2	2	31.0	1
250.372	29.72	4.41	131.05	11.16	8.99	100.31	76.5	2	30.5	1
250.476	28.89	4.51	130.42	11.10	8.94	99.26	76.1	2	32.5	1
250.621	30.22	4.31	130.36	11.09	9.00	99.88	76.6	2	29.5	1
250.682	30.87	4.21	130.04	11.10	8.86	98.41	75.7	2	29.5	1
250.786	29.49	4.42	130.25	11.09	8.91	98.81	75.9	2	32.5	1
250.931	28.56	4.57	130.58	11.03	8.92	98.44	75.4	2	30.0	1
250.992	29.72	4.39	130.51	11.03	9.07	100.08	76.7	2	29.5	1
251.096	29.85	4.37	130.42	11.03	9.03	99.63	76.4	2	31.5	1
251.241	30.16	4.35	131.25	11.05	9.10	100.57	76.6	2	29.5	1
251.302	30.60	4.28	131.06	11.07	9.10	100.68	76.8	2	29.5	1
251.406	29.84	4.39	131.01	11.08	9.10	100.83	77.0	2	31.0	1
251.551	29.40	4.44	130.60	11.11	9.16	101.77	77.9	2	31.5	1
251.612	29.64	4.41	130.68	11.12	9.09	101.08	77.4	2	29.5	1
251.716	30.46	4.28	130.43	11.10	9.15	101.55	77.9	2	30.5	1
251.861	30.44	4.33	131.82	11.09	9.15	101.42	76.9	2	29.0	1
251.922	30.37	4.33	131.49	11.09	9.05	100.38	76.3	2	31.0	1
252.026	29.62	4.43	131.25	11.18	8.98	100.40	76.5	2	30.0	1
252.171	29.59	4.45	131.53	11.14	8.98	100.07	76.1	2	32.0	1
252.232	29.23	4.51	131.69	11.15	9.02	100.63	76.4	2	31.5	1
252.336	29.58	4.44	131.34	11.19	9.02	100.91	76.8	2	31.5	1
252.481	29.35	4.46	130.87	11.15	9.13	101.78	77.8	2	30.5	1
252.542	30.11	4.35	131.06	11.21	9.02	101.17	77.2	2	30.0	1
252.646	30.38	4.32	131.26	11.20	8.94	100.12	76.3	2	30.0	1
252.791	29.73	4.43	131.62	11.22	8.93	100.20	76.1	2	31.5	1
252.852	29.30	4.49	131.39	11.20	9.03	101.18	77.0	2	32.0	1
252.956	28.59	4.57	130.79	11.11	9.16	101.84	77.9	2	30.5	1
253.101	29.42	4.49	132.17	11.20	8.98	100.63	76.1	2	30.5	1
253.162	29.70	4.43	131.41	11.19	9.04	101.18	77.0	2	31.0	1
253.266	29.82	4.41	131.44	11.20	9.08	101.75	77.4	2	31.5	1
253.411	29.60	4.45	131.62	11.10	9.03	100.23	76.1	2	30.0	1
253.472	30.32	4.33	131.34	11.11	9.05	100.53	76.5	2	30.5	1
253.576	29.04	4.50	130.74	11.13	9.02	100.44	76.8	2	32.5	1
253.721	29.85	4.40	131.43	11.13	9.03	100.56	76.5	2	29.5	1
253.782	30.72	4.27	131.09	11.18	8.92	99.71	76.1	2	30.5	1
253.886	29.47	4.45	131.10	11.16	8.98	100.19	76.4	2	31.0	1
254.031	29.99	4.40	132.00	11.27	8.98	101.24	76.7	2	30.5	1
254.092	29.57	4.46	132.01	11.17	9.17	102.43	77.6	2	31.0	1
254.196	29.40	4.48	131.82	11.13	9.17	102.11	77.5	2	31.0	1
254.341	29.87	4.43	132.42	11.14	9.16	102.01	77.0	2	31.0	1
254.402	29.92	4.42	132.33	11.15	8.97	100.01	75.6	2	31.0	1
254.506	30.56	4.31	131.74	11.19	9.06	101.28	76.9	2	30.5	1
254.651	29.18	4.52	131.87	11.20	9.01	100.91	76.5	2	30.5	1
254.712	29.56	4.44	131.35	11.17	9.11	101.80	77.5	2	31.0	1
254.816	29.97	4.40	131.81	11.15	9.16	102.20	77.5	2	30.0	1
254.961	29.83	4.39	130.96	11.16	9.09	101.47	77.5	2	29.5	1
255.022	30.51	4.29	130.75	11.12	9.13	101.46	77.6	2	30.5	1
255.126	30.07	4.37	131.36	11.14	9.30	103.53	78.8	2	30.5	1
255.271	30.13	4.37	131.60	11.23	9.01	101.16	76.9	2	31.0	1
255.332	29.55	4.46	131.75	11.15	9.15	101.98	77.4	2	31.5	1
255.436	29.96	4.40	131.86	11.19	9.12	101.99	77.3	2	31.0	1
255.581	29.46	4.49	132.17	11.16	9.12	101.80	77.0	2	31.0	1
255.642	29.83	4.43	132.21	11.17	9.13	101.99	77.1	2	30.5	1
255.746	30.40	4.33	131.63	11.16	9.18	102.49	77.9	2	31.0	1
255.891	29.70	4.43	131.69	11.17	9.16	102.34	77.7	2	31.0	1
255.952	29.45	4.48	132.04	11.17	9.04	100.95	76.5	2	30.5	1
256.056	30.16	4.35	131.19	11.12	9.23	102.64	78.2	2	30.5	1
256.201	30.00	4.42	132.55	11.17	9.17	102.43	77.3	2	29.5	1
256.262	30.22	4.37	132.00	11.18	9.07	101.31	76.8	2	30.5	1
256.366	29.93	4.40	131.85	11.15	9.11	101.55	77.0	2	30.5	1
256.511	29.65	4.43	131.39	11.15	9.15	102.03	77.7	2	30.0	1
256.572	30.11	4.38	131.82	11.06	9.19	101.63	77.1	2	29.5	1
256.676	30.35	4.34	131.62	11.14	9.07	101.03	76.8	2	31.5	1
256.821	30.07	4.41	132.47	11.18	8.98	100.35	75.8	2	30.5	1
256.882	30.43	4.35	132.35	11.19	8.91	99.63	75.3	2	29.5	1
256.986	30.06	4.40	132.28	11.23	8.95	100.51	76.0	2	31.0	1
257.131	30.62	4.31	131.95	11.16	9.16	102.20	77.5	2	30.5	1
257.192	30.41	4.32	131.36	11.09	9.16	101.55	77.3	2	29.0	1
257.296	30.81	4.26	131.33	11.10	9.16	101.67	77.4	2	31.0	1
257.441	29.97	4.42	132.54	11.21	9.18	102.93	77.7	2	30.0	1
257.502	30.36	4.34	131.87	11.25	9.00	101.23	76.8	2	30.5	1
257.606	29.23	4.49	131.39	11.18	9.12	101.86	77.5	2	32.0	1
257.751	30.39	4.33	131.62	11.20	8.95	100.28	76.2	2	29.0	1
257.812	30.69	4.29	131.68	11.19	8.91	99.68	75.7	2	30.0	1
257.916	29.32	4.48	131.20	11.17	9.00	100.53	76.6	2	32.0	1
258.061	29.10	4.52	131.54	11.16	8.99	100.38	76.3	2	29.5	1
258.122	29.89	4.39	131.18	11.21	8.94	100.20	76.4	2	31.0	1
258.226	29.30	4.47	131.03	11.19	9.06	101.35	77.4	2	31.0	1
258.371	30.68	4.25	130.53	11.13	9.13	101.67	77.9	2	29.5	1
258.432	30.71	4.29	131.92	11.10	9.19	102.00	77.3	2	31.5	1
258.536	29.73	4.44	131.98	11.18	9.02	100.87	76.4	2	30.0	1
258.681	30.92	4.26	131.61	11.14	8.92	99.34	75.5	2	29.5	1
258.742	30.26	4.35	131.73	11.15	8.96	99.92	75.9	2	31.5	1
258.846	29.75	4.41	131.13	11.22	9.06	101.60	77.5	2	31.0	1
258.991	29.23	4.51	131.97	11.20	9.08	101.67	77.0	2	29.5	1
259.052	29.86	4.40	131.48	11.21	9.18	102.91	78.3	2	31.0	1
259.156	29.49	4.48	132.05	11.21	9.02	101.06	76.5	2	30.5	1
259.301	30.23	4.37	132.01	11.16	9.19	102.52	77.7	2	29.0	1
259.362	30.59	4.29	131.27	11.11	9.17	101.90	77.6	2	30.5	1
259.466	30.52	4.31	131.55	11.17	9.14	102.14	77.6	2	30.0	1
259.611	28.89	4.55	131.37	11.20	8.86	99.26	75.6	2	32.5	1
259.672	28.43	4.60	130.81	11.15	9.01	100.50	76.8	2	31.5	1
259.776	29.91	4.40	131.53	11.20	9.01	100.84	76.7	2	29.5	1
259.921	29.46	4.49	132.22	11.16	9.05	101.04	76.4	2	30.0	1
259.982	30.05	4.37	131.39	11.18	9.04	101.12	77.0	2	30.5	1
260.086	30.84	4.26	131.32	11.23	8.95	100.47	76.5	2	30.5	1
260.231	29.39	4.47	131.49	11.23	8.96	100.61	76.5	2	31.5	1
260.292	29.16	4.52	131.73	11.21	9.10	102.05	77.5	2	31.5	1
260.396	30.37	4.33	131.42	11.17	8.98	100.35	76.4	2	30.0	1
260.541	29.44	4.49	132.10	11.17	9.00	100.54	76.1	2	30.0	1
260.602	30.31	4.36	132.20	11.12	8.97	99.77	75.5	2	29.0	1
260.706	29.74	4.43	131.74	11.15	9.03	100.63	76.4	2	32.5	1
260.851	29.77	4.43	131.91	11.23	8.86	99.56	75.5	2	30.0	1
260.912	30.28	4.36	131.92	11.17	9.04	100.99	76.6	2	29.5	1
261.016	29.95	4.39	131.50	11.15	9.16	102.13	77.7	2	31.0	1
261.161	30.48	4.30	131.16	11.22	9.04	101.47	77.4	2	30.0	1
261.222	30.03	4.37	131.28	11.23	9.02	101.28	77.1	2	31.5	1
261.326	29.15	4.49	131.03	11.26	8.90	100.18	76.5	2	30.0	1
261.471	30.33	4.33	131.46	11.25	9.04	101.75	77.4	2	31.0	1
261.532	29.74	4.44	132.07	11.26	8.89	100.13	75.8	2	30.0	1
261.636	29.97	4.41	132.27	11.19	9.03	101.00	76.4	2	31.0	1
261.781	29.78	4.44	132.23	11.18	9.10	101.75	77.0	2	30.5	1
261.842	30.24	4.34	131.37	11.22	9.15	102.64	78.1	2	31.0	1
261.946	30.76	4.25	130.79	11.19	9.04	101.13	77.3	2	29.5	1
262.091	30.89	4.21	130.14	11.17	9.04	101.03	77.6	2	31.5	1
262.152	29.36	4.44	130.43	11.14	8.95	99.67	76.4	2	32.0	1
262.256	29.95	4.40	131.73	11.15	8.83	98.42	74.7	2	29.0	1
262.401	31.06	4.20	130.37	11.16	9.06	101.13	77.6	2	31.0	1
262.462	29.87	4.39	131.08	11.19	8.97	100.44	76.6	2	32.5	1
262.566	29.33	4.50	131.90	11.11	9.16	101.80	77.2	2	30.0	1
262.711	30.12	4.41	132.73	11.17	9.16	102.27	77.0	2	31.0	1
262.772	29.90	4.45	132.96	11.16	9.01	100.51	75.6	2	30.5	1
262.876	30.20	4.39	132.68	11.18	9.05	101.23	76.3	2	30.5	1
263.021	30.30	4.39	133.11	11.21	9.12	102.24	76.8	2	31.5	1
263.082	29.79	4.43	132.10	11.25	8.89	100.00	75.7	2	31.0	1
263.186	29.49	4.47	131.90	11.18	9.10	101.80	77.2	2	31.0	1
263.331	29.79	4.43	131.88	11.19	9.11	101.91	77.3	2	29.5	1
263.392	30.42	4.34	131.92	11.21	8.96	100.38	76.1	2	30.5	1
263.496	30.16	4.37	131.79	11.22	8.98	100.75	76.4	2	31.0	1
263.641	29.69	4.48	132.96	11.22	9.06	101.68	76.5	2	31.5	1
263.702	29.80	4.47	133.32	11.25	9.12	102.61	77.0	2	31.5	1
263.806	30.20	4.39	132.74	11.17	9.21	102.80	77.4	2	30.0	1
263.951	29.66	4.45	132.11	11.23	9.16	102.92	77.9	2	30.0	1
264.012	29.50	4.45	131.28	11.20	9.09	101.87	77.6	2	30.5	1
264.116	30.32	4.35	131.88	11.30	8.87	100.16	75.9	2	30.5	1
264.261	30.05	4.40	132.30	11.22	9.01	101.13	76.4	2	29.5	1
264.322	30.36	4.35	132.15	11.16	9.15	102.11	77.3	2	31.0	1
264.426	29.60	4.46	132.15	11.16	9.14	102.04	77.2	2	32.0	1
264.571	30.31	4.36	132.21	11.20	9.09	101.82	77.0	2	30.0	1
264.632	30.07	4.39	132.02	11.21	9.07	101.70	77.0	2	31.0	1
264.736	30.61	4.29	131.20	11.22	9.17	102.93	78.5	2	30.5	1
264.881	30.70	4.30	131.94	11.20	9.03	101.12	76.6	2	30.5	1
264.942	30.10	4.38	131.81	11.21	9.15	102.59	77.8	2	30.5	1
265.046	29.79	4.43	131.97	11.19	9.16	102.53	77.7	2	31.0	1
265.191	30.06	4.41	132.63	11.22	9.12	102.30	77.1	2	29.5	1
265.252	30.24	4.35	131.67	11.20	9.06	101.39	77.0	2	30.5	1
265.356	30.95	4.24	131.16	11.20	9.09	101.79	77.6	2	30.5	1
265.501	29.53	4.50	132.77	11.19	9.03	101.05	76.1	2	30.5	1
265.562	29.87	4.44	132.49	11.15	9.17	102.32	77.2	2	30.0	1
265.666	29.61	4.48	132.62	11.14	9.21	102.61	77.4	2	31.5	1
265.811	31.02	4.26	132.07	11.14	9.16	102.07	77.3	2	31.0	1
265.872	30.27	4.37	132.21	11.16	9.11	101.73	76.9	2	31.5	1
265.976	30.27	4.37	132.22	11.26	9.01	101.46	76.7	2	30.0	1
266.121	29.25	4.52	132.30	11.20	8.92	99.98	75.6	2	32.0	1
266.182	29.25	4.52	132.21	11.26	8.83	99.44	75.2	2	31.0	1
266.286	30.01	4.42	132.51	11.15	9.10	101.49	76.6	2	30.5	1
266.431	30.21	4.36	131.75	11.21	9.14	102.49	77.8	2	29.5	1
266.492	30.43	4.33	131.62	11.11	9.22	102.35	77.8	2	31.5	1
266.596	29.35	4.47	131.20	11.12	9.10	101.13	77.1	2	30.0	1
266.741	30.34	4.38	132.84	11.07	9.20	101.81	76.6	2	29.5	1
266.802	30.81	4.28	131.98	11.13	9.19	102.30	77.5	2	31.0	1
266.906	29.63	4.47	132.44	11.12	9.16	101.89	76.9	2	32.0	1
267.051	30.26	4.36	131.86	11.15	9.26	103.17	78.2	2	30.0	1
267.112	30.14	4.40	132.51	11.15	9.24	103.04	77.8	2	31.5	1
267.216	29.55	4.48	132.44	11.19	9.13	102.17	77.1	2	32.0	1
267.361	30.89	4.26	131.65	11.17	8.96	100.03	76.0	2	30.5	1
267.422	30.62	4.32	132.42	11.21	9.00	100.90	76.2	2	31.0	1
267.526	30.00	4.41	132.38	11.18	9.17	102.54	77.5	2	31.0	1
267.671	30.23	4.40	132.95	11.25	9.09	102.24	76.9	2	30.5	1
267.732	30.38	4.37	132.90	11.19	9.04	101.18	76.1	2	29.5	1
267.836	30.29	4.35	131.72	11.22	8.98	100.70	76.4	2	30.0	1
267.981	30.25	4.38	132.39	11.23	8.91	100.14	75.6	2	31.0	1
268.042	30.18	4.40	132.85	11.25	8.94	100.56	75.7	2	30.0	1
268.146	30.12	4.40	132.40	11.21	9.07	101.66	76.8	2	31.5	1
268.291	30.35	4.36	132.46	11.21	9.10	101.93	77.0	2	29.5	1
268.352	30.75	4.30	132.14	11.18	9.12	101.94	77.1	2	30.0	1
268.456	29.99	4.40	131.88	11.19	8.99	100.64	76.3	2	32.0	1
268.601	30.18	4.38	132.22	11.16	9.12	101.71	76.9	2	29.5	1
268.662	30.80	4.26	131.27	11.18	9.05	101.19	77.1	2	30.0	1
268.766	29.05	4.50	130.73	11.12	9.16	101.88	77.9	2	32.5	1
268.911	29.97	4.36	130.79	11.14	8.97	100.00	76.5	2	29.0	1
268.972	30.94	4.20	129.88	11.09	9.04	100.33	77.3	2	29.0	1
269.076	30.46	4.29	130.68	11.15	8.87	98.95	75.7	2	30.5	1
269.221	30.22	4.37	132.22	11.18	9.09	101.60	76.8	2	32.5	1
269.282	29.16	4.51	131.54	11.15	9.00	100.40	76.3	2	32.5	1
269.386	29.53	4.45	131.43	11.16	9.10	101.54	77.3	2	31.0	1
269.531	30.59	4.28	131.01	11.14	9.06	100.89	77.0	2	30.0	1
269.592	30.56	4.30	131.35	11.19	8.99	100.57	76.6	2	31.0	1
269.696	29.11	4.51	131.18	11.21	9.08	101.76	77.6	2	32.5	1
269.841	30.08	4.37	131.46	11.19	9.03	101.09	76.9	2	31.5	1
269.902	29.47	4.45	131.15	11.21	9.07	101.65	77.5	2	31.0	1
270.006	28.97	4.53	131.19	11.11	9.19	102.15	77.9	2	30.5	1
270.151	28.99	4.51	130.77	11.21	9.13	102.32	78.2	2	30.5	1
270.212	29.97	4.38	131.17	11.19	9.06	101.38	77.3	2	30.0	1
270.316	29.43	4.46	131.35	11.18	9.05	101.10	77.0	2	31.5	1
270.461	29.96	4.40	131.98	11.19	9.19	102.75	77.9	2	30.0	1
270.522	30.55	4.31	131.77	11.19	9.10	101.89	77.3	2	30.0	1
270.626	29.37	4.49	131.83	11.16	9.18	102.40	77.7	2	31.5	1
270.771	30.32	4.37	132.40	11.23	8.99	100.94	76.2	2	29.5	1
270.832	30.28	4.34	131.54	11.17	9.11	101.72	77.3	2	30.5	1
270.936	29.48	4.47	131.70	11.15	9.05	100.97	76.7	2	31.0	1
271.081	30.35	4.34	131.58	11.12	9.13	101.49	77.1	2	30.0	1
271.142	30.82	4.27	131.55	11.16	8.99	100.28	76.2	2	29.5	1
271.246	30.52	4.32	131.75	11.12	9.24	102.77	78.0	2	32.0	1
271.391	30.19	4.36	131.50	11.15	9.15	101.98	77.6	2	29.5	1
271.452	30.30	4.33	131.27	11.16	9.13	101.91	77.6	2	31.0	1
271.556	29.22	4.49	131.23	11.23	8.92	100.14	76.3	2	30.5	1
271.701	29.40	4.49	131.95	11.18	8.97	100.29	76.0	2	33.0	1
271.762	28.94	4.54	131.34	11.17	8.99	100.34	76.4	2	30.5	1
271.866	30.30	4.32	130.98	11.18	8.93	99.84	76.2	2	29.5	1
272.011	30.80	4.30	132.50	11.13	9.14	101.76	76.8	2	31.0	1
272.072	30.17	4.40	132.66	11.20	9.00	100.83	76.0	2	31.0	1
272.176	30.14	4.41	132.91	11.22	9.17	102.85	77.4	2	31.0	1
272.321	30.24	4.38	132.39	11.23	9.08	102.01	77.1	2	30.0	1
272.382	30.15	4.40	132.52	11.16	9.20	102.67	77.5	2	31.0	1
272.486	29.93	4.44	132.95	11.15	9.19	102.43	77.0	2	30.5	1
272.631	29.57	4.47	132.27	11.20	9.07	101.61	76.8	2	30.0	1
272.692	30.36	4.33	131.59	11.23	9.00	101.06	76.8	2	29.5	1
272.796	31.23	4.16	129.86	11.16	8.94	99.77	76.8	2	29.0	1
272.941	29.20	4.48	130.89	11.17	8.96	100.05	76.4	2	33.5	1
273.002	28.25	4.59	129.67	11.09	8.82	97.81	75.4	2	31.5	1
273.106	30.01	4.35	130.66	11.07	9.12	100.99	77.3	2	29.5	1
273.251	30.13	4.34	130.87	11.10	9.00	99.86	76.3	2	32.0	1
273.312	29.08	4.49	130.69	11.10	8.93	99.11	75.8	2	32.0	1
273.416	29.72	4.42	131.30	11.16	9.03	100.80	76.8	2	30.5	1
273.561	30.15	4.40	132.57	11.16	9.14	101.99	76.9	2	30.5	1
273.622	30.41	4.35	132.35	11.15	9.12	101.64	76.8	2	30.5	1
273.726	30.07	4.42	132.80	11.17	9.03	100.87	76.0	2	30.0	1
273.871	30.69	4.27	131.15	11.16	8.98	100.26	76.4	2	30.5	1
273.932	30.42	4.35	132.30	11.15	9.03	100.73	76.1	2	31.5	1
274.036	29.84	4.43	132.18	11.26	8.88	100.00	75.7	2	31.5	1
274.181	30.77	4.28	131.56	11.19	8.91	99.79	75.8	2	30.0	1
274.242	30.68	4.29	131.68	11.21	8.97	100.51	76.3	2	31.0	1
274.346	29.56	4.48	132.28	11.15	8.96	99.93	75.5	2	30.0	1
274.491	29.41	4.51	132.75	11.12	9.17	101.96	76.8	2	30.0	1
274.552	30.16	4.39	132.52	11.12	9.11	101.30	76.4	2	30.0	1
274.656	29.84	4.45	132.67	11.23	8.90	99.88	75.3	2	31.5	1
274.801	30.53	4.33	132.22	11.16	9.02	100.63	76.1	2	29.5	1
274.862	30.89	4.27	131.98	11.13	9.13	101.59	77.0	2	30.5	1
274.966	29.56	4.48	132.55	11.12	9.07	100.85	76.1	2	32.0	1
275.111	29.98	4.42	132.55	11.12	9.23	102.62	77.4	2	30.0	1
275.172	29.64	4.46	132.16	11.12	9.23	102.67	77.7	2	31.0	1
275.276	30.08	4.39	132.11	11.19	9.11	101.98	77.2	2	30.5	1
275.421	29.41	4.51	132.59	11.15	9.17	102.31	77.2	2	30.5	1
275.482	29.83	4.43	132.11	11.16	9.18	102.47	77.6	2	30.5	1
275.586	29.81	4.46	132.88	11.21	9.13	102.29	77.0	2	31.5	1
275.731	29.98	4.41	132.16	11.18	9.02	100.84	76.3	2	30.0	1
275.792	30.33	4.33	131.42	11.16	9.07	101.22	77.0	2	31.0	1
275.896	29.23	4.50	131.63	11.23	8.97	100.73	76.5	2	31.5	1
276.041	30.52	4.34	132.44	11.23	9.14	102.58	77.5	2	30.5	1
276.102	30.07	4.40	132.45	11.20	9.22	103.26	78.0	2	31.5	1
276.206	29.31	4.52	132.44	11.17	9.14	102.09	77.1	2	31.0	1
276.351	29.96	4.44	133.02	11.19	9.01	100.80	75.8	2	31.5	1
276.412	29.67	4.46	132.41	11.17	8.98	100.27	75.7	2	30.0	1
276.516	29.88	4.43	132.37	11.20	9.08	101.63	76.8	2	30.5	1
276.661	30.60	4.32	132.10	11.25	8.83	99.34	75.2	2	30.0	1
276.722	30.71	4.29	131.86	11.24	8.98	100.99	76.6	2	30.0	1
276.826	29.55	4.45	131.57	11.22	8.94	100.33	76.3	2	31.0	1
276.971	29.94	4.41	131.88	11.18	9.12	101.89	77.3	2	30.0	1
277.032	30.29	4.34	131.46	11.15	9.09	101.36	77.1	2	30.5	1
277.136	30.31	4.37	132.39	11.22	9.02	101.22	76.5	2	30.5	1
277.281	29.68	4.46	132.39	11.19	8.99	100.65	76.0	2	30.0	1
277.342	30.23	4.37	132.21	11.18	9.01	100.78	76.2	2	30.0	1
277.446	29.73	4.46	132.60	11.17	9.08	101.43	76.5	2	31.5	1
277.591	30.39	4.36	132.66	11.20	8.99	100.78	76.0	2	31.0	1
277.652	29.78	4.46	132.69	11.19	9.06	101.40	76.4	2	31.5	1
277.756	29.59	4.48	132.51	11.21	9.09	101.90	76.9	2	30.5	1
277.901	29.86	4.42	132.07	11.21	9.08	101.83	77.1	2	31.0	1
277.962	30.04	4.40	132.08	11.16	9.07	101.19	76.6	2	30.0	1
278.066	30.19	4.37	131.97	11.23	9.10	102.20	77.4	2	30.5	1
278.211	29.74	4.42	131.35	11.19	9.13	102.17	77.8	2	29.5	1
278.272	30.56	4.27	130.54	11.19	9.11	101.94	78.1	2	29.5	1
278.376	29.10	4.49	130.65	11.14	9.05	100.84	77.2	2	32.5	1
278.521	30.35	4.32	131.15	11.15	8.93	99.57	75.9	2	29.5	1
278.582	30.94	4.22	130.63	11.17	8.92	99.65	76.3	2	30.5	1
278.686	29.26	4.48	131.13	11.12	8.82	98.08	74.8	2	32.0	1
278.831	29.97	4.37	130.88	11.07	9.10	100.73	77.0	2	29.5	1
278.892	30.56	4.27	130.61	11.13	9.09	101.20	77.5	2	30.0	1
278.996	29.46	4.46	131.34	11.11	9.14	101.52	77.3	2	31.5	1
279.141	30.53	4.29	131.14	11.16	9.13	101.83	77.6	2	30.5	1
279.202	29.60	4.44	131.35	11.10	9.21	102.20	77.8	2	32.0	1
279.306	29.84	4.42	131.82	11.15	8.98	100.20	76.0	2	30.0	1
279.451	29.79	4.44	132.21	11.16	9.08	101.40	76.7	2	31.0	1
279.512	29.90	4.41	131.94	11.23	9.04	101.59	77.0	2	31.0	1
279.616	30.30	4.36	132.02	11.23	8.96	100.66	76.2	2	30.0	1
279.761	30.02	4.40	131.94	11.15	9.07	101.15	76.7	2	31.0	1
279.822	29.73	4.44	132.08	11.17	9.07	101.34	76.7	2	31.0	1
279.926	29.60	4.45	131.68	11.21	9.09	101.94	77.4	2	32.0	1
280.071	29.68	4.45	132.17	11.22	9.06	101.57	76.9	2	30.5	1
280.132	29.78	4.42	131.54	11.15	9.24	102.99	78.3	2	30.0	1
280.236	30.13	4.37	131.62	11.19	9.03	101.04	76.8	2	30.0	1
280.381	29.87	4.45	132.82	11.15	9.13	101.76	76.6	2	31.5	1
280.442	29.42	4.50	132.41	11.20	8.98	100.61	76.0	2	32.0	1
280.546	29.66	4.44	131.68	11.19	9.18	102.70	78.0	2	30.5	1
280.691	29.85	4.42	131.86	11.25	8.95	100.65	76.3	2	31.0	1
280.752	30.27	4.36	131.84	11.24	9.00	101.14	76.7	2	30.0	1
280.856	29.67	4.45	132.02	11.20	8.86	99.26	75.2	2	32.0	1
281.001	29.91	4.40	131.52	11.15	9.05	100.95	76.8	2	28.5	1
281.062	30.92	4.21	130.21	11.15	9.02	100.55	77.2	2	29.5	1
281.166	29.49	4.45	131.23	11.14	8.99	100.14	76.3	2	32.0	1
281.311	28.76	4.57	131.31	11.22	9.00	100.99	76.9	2	31.5	1
281.372	29.37	4.49	131.96	11.16	9.00	100.39	76.1	2	29.0	1
281.476	30.66	4.26	130.76	11.06	9.20	101.76	77.8	2	30.0	1
281.621	30.53	4.32	131.76	11.09	9.22	102.20	77.6	2	30.0	1
281.682	30.51	4.31	131.62	11.16	9.08	101.31	77.0	2	30.5	1
281.786	30.54	4.31	131.65	11.14	9.21	102.54	77.9	2	30.0	1
281.931	30.19	4.36	131.55	11.19	8.99	100.60	76.5	2	30.5	1
281.992	30.17	4.36	131.60	11.19	9.03	101.00	76.7	2	30.5	1
282.096	29.87	4.41	131.81	11.13	9.03	100.55	76.3	2	31.5	1
282.241	30.37	4.37	132.78	11.18	9.03	100.98	76.0	2	29.0	1
282.302	30.77	4.30	132.18	11.28	8.94	100.79	76.3	2	31.0	1
282.406	29.59	4.47	132.17	11.21	8.99	100.78	76.3	2	30.5	1
282.551	29.62	4.47	132.52	11.10	9.24	102.47	77.3	2	31.0	1
282.612	29.96	4.39	131.41	11.15	9.09	101.33	77.1	2	30.0	1
282.716	29.55	4.46	131.79	11.24	8.98	100.96	76.6	2	32.0	1
282.861	31.00	4.21	130.61	11.16	8.86	98.90	75.7	2	29.5	1
282.922	30.40	4.33	131.61	11.11	9.03	100.29	76.2	2	32.5	1
283.026	29.47	4.45	131.27	11.17	8.95	99.99	76.2	2	29.5	1
283.171	28.95	4.51	130.67	11.15	8.77	97.74	74.8	2	32.5	1
283.232	28.30	4.59	129.85	11.10	8.83	98.01	75.5	2	31.5	1
283.336	29.74	4.39	130.49	11.11	9.04	100.46	77.0	2	30.0	1
283.481	29.67	4.44	131.67	11.09	9.06	100.53	76.3	2	32.0	1
283.542	29.45	4.48	131.88	11.14	9.07	101.01	76.6	2	30.5	1
283.646	29.49	4.48	132.20	11.08	9.13	101.19	76.5	2	30.5	1
283.791	30.48	4.37	133.20	11.15	9.09	101.35	76.1	2	29.0	1
283.852	30.84	4.27	131.74	11.15	9.00	100.35	76.2	2	29.0	1
283.956	30.18	4.37	132.00	11.14	9.03	100.66	76.3	2	31.0	1
284.101	30.23	4.36	131.80	11.12	9.04	100.46	76.2	2	31.5	1
284.162	30.39	4.31	131.01	11.21	8.85	99.16	75.7	2	29.5	1
284.266	30.17	4.36	131.51	11.07	8.97	99.38	75.6	2	31.5	1
284.411	29.60	4.46	131.98	11.12	9.02	100.31	76.0	2	31.5	1
284.472	29.69	4.44	131.77	11.12	9.16	101.90	77.3	2	30.0	1
284.576	30.41	4.34	131.87	11.19	9.06	101.32	76.8	2	30.0	1
284.721	29.45	4.46	131.20	11.13	9.13	101.64	77.5	2	32.0	1
284.782	29.12	4.52	131.52	11.17	9.14	102.10	77.6	2	30.5	1
284.886	30.35	4.32	131.02	11.17	9.07	101.39	77.4	2	30.0	1
285.031	30.72	4.29	131.72	11.14	9.19	102.34	77.7	2	31.5	1
285.092	29.88	4.40	131.58	11.13	9.19	102.29	77.7	2	30.5	1
285.196	30.73	4.26	131.07	11.23	8.96	100.59	76.7	2	30.0	1
285.341	29.63	4.44	131.58	11.15	9.05	100.92	76.7	2	29.5	1
285.402	30.30	4.35	131.76	11.14	9.11	101.55	77.1	2	30.5	1
285.506	29.63	4.45	131.96	11.14	9.12	101.58	77.0	2	31.5	1
285.651	30.21	4.36	131.75	11.18	9.10	101.81	77.3	2	30.0	1
285.712	30.26	4.36	132.00	11.15	9.13	101.79	77.1	2	31.5	1
285.816	28.71	4.55	130.64	11.11	9.04	100.45	76.9	2	32.0	1
285.961	30.23	4.33	130.87	11.04	9.14	100.86	77.1	2	29.0	1
286.022	31.06	4.17	129.45	11.10	9.04	100.26	77.5	2	29.5	1
286.126	29.37	4.44	130.33	11.12	9.04	100.52	77.1	2	32.5	1
286.271	29.45	4.44	130.60	11.13	9.03	100.56	77.0	2	29.5	1
286.332	30.42	4.28	130.28	11.05	9.16	101.17	77.7	2	29.5	1
286.436	30.12	4.37	131.70	11.11	8.99	99.95	75.9	2	32.0	1
286.581	30.19	4.37	131.83	11.14	9.20	102.57	77.8	2	29.5	1
286.642	30.71	4.28	131.31	11.11	9.14	101.55	77.3	2	29.5	1
286.746	30.44	4.34	132.00	11.07	9.11	100.83	76.4	2	31.0	1
286.891	30.95	4.24	131.10	11.06	9.06	100.28	76.5	2	29.0	1
286.952	30.84	4.26	131.22	11.12	9.13	101.58	77.4	2	31.5	1
287.056	29.23	4.47	130.78	11.12	9.12	101.40	77.5	2	31.0	1
287.201	30.86	4.22	130.09	11.13	9.06	100.80	77.5	2	29.5	1
287.262	30.96	4.21	130.42	11.11	9.02	100.22	76.8	2	31.0	1
287.366	29.31	4.46	130.57	11.05	9.11	100.69	77.1	2	32.0	1
287.511	30.12	4.32	130.18	11.14	8.98	100.02	76.8	2	29.5	1
287.572	30.45	4.29	130.61	11.16	8.94	99.87	76.5	2	31.0	1
287.676	30.17	4.35	131.40	11.18	8.99	100.48	76.5	2	30.0	1
287.821	29.57	4.45	131.68	11.25	8.96	100.81	76.6	2	32.5	1
287.882	29.06	4.52	131.38	11.17	9.12	101.83	77.5	2	31.0	1
287.986	30.26	4.34	131.30	11.12	9.18	102.04	77.7	2	30.0	1
288.131	30.40	4.33	131.57	11.13	9.14	101.73	77.3	2	31.0	1
288.192	30.49	4.31	131.57	11.14	9.05	100.76	76.6	2	31.0	1
288.296	29.48	4.48	132.02	11.19	9.11	101.88	77.2	2	32.5	1
288.441	30.16	4.33	130.71	11.16	8.97	100.13	76.6	2	30.5	1
288.502	29.98	4.37	131.12	11.16	9.04	100.92	77.0	2	30.5	1
288.606	30.17	4.34	131.04	11.18	8.83	98.72	75.3	2	30.0	1
288.751	29.92	4.43	132.41	11.18	9.08	101.53	76.7	2	32.0	1
288.812	29.40	4.48	131.78	11.17	9.09	101.49	77.0	2	30.0	1
288.916	30.19	4.36	131.58	11.24	8.88	99.82	75.9	2	31.0	1
289.061	28.55	4.57	130.49	11.15	8.81	98.24	75.3	2	31.5	1
289.122	29.23	4.48	131.06	11.22	8.87	99.52	75.9	2	30.5	1
289.226	30.05	4.33	130.09	11.16	9.07	101.19	77.8	2	29.5	1
289.371	29.28	4.44	130.00	11.13	9.14	101.75	78.3	2	32.0	1
289.432	29.00	4.49	130.11	11.12	9.11	101.33	77.9	2	30.0	1
289.536	29.95	4.39	131.59	11.13	9.01	100.26	76.2	2	30.5	1
289.681	29.88	4.42	131.99	11.12	9.14	101.65	77.0	2	31.0	1
289.742	30.11	4.38	131.85	11.18	9.05	101.22	76.8	2	29.5	1
289.846	30.75	4.29	131.79	11.18	9.04	101.04	76.7	2	31.0	1
289.991	30.70	4.31	132.17	11.17	9.09	101.57	76.8	2	30.0	1
290.052	30.25	4.38	132.43	11.14	9.10	101.45	76.6	2	31.5	1
290.156	29.93	4.38	131.15	11.23	9.04	101.57	77.4	2	31.0	1
290.301	29.30	4.48	131.21	11.22	8.88	99.63	75.9	2	30.5	1
290.362	29.67	4.42	131.27	11.21	8.94	100.23	76.4	2	30.0	1
290.466	30.26	4.34	131.19	11.18	9.13	101.99	77.7	2	32.0	1
290.611	30.65	4.27	130.91	11.16	9.15	102.08	78.0	2	31.0	1
290.672	29.69	4.40	130.75	11.14	9.23	102.82	78.6	2	31.5	1
290.776	28.85	4.54	130.98	11.11	9.09	100.96	77.1	2	30.5	1
290.921	30.27	4.32	130.63	11.15	9.08	101.21	77.5	2	30.0	1
290.982	30.22	4.35	131.45	11.17	9.16	102.25	77.8	2	31.5	1
291.086	28.39	4.57	129.81	11.06	9.00	99.55	76.7	2	32.0	1
291.231	30.65	4.27	130.79	11.09	9.06	100.39	76.8	2	29.5	1
291.292	30.91	4.23	130.62	11.09	8.95	99.25	76.0	2	30.0	1
291.396	30.41	4.33	131.81	11.18	8.99	100.56	76.3	2	32.0	1
291.541	29.62	4.47	132.37	11.18	8.91	99.67	75.3	2	31.0	1
291.602	29.70	4.45	132.30	11.22	8.96	100.49	76.0	2	30.0	1
291.706	29.75	4.43	131.90	11.15	9.06	101.08	76.6	2	31.5	1
291.851	29.97	4.41	132.27	11.19	8.98	100.52	76.0	2	31.0	1
291.912	29.80	4.42	131.76	11.18	8.93	99.85	75.8	2	30.5	1
292.016	29.88	4.40	131.47	11.13	9.11	101.38	77.1	2	30.0	1
292.161	29.61	4.47	132.23	11.17	9.13	101.92	77.1	2	31.5	1
292.222	29.83	4.42	131.73	11.18	9.04	101.05	76.7	2	30.0	1
292.326	30.50	4.32	131.73	11.19	9.01	100.89	76.6	2	30.5	1
292.471	29.24	4.50	131.45	11.17	8.86	98.91	75.2	2	31.0	1
292.532	29.10	4.51	131.10	11.15	9.00	100.35	76.5	2	32.0	1
292.636	29.90	4.38	130.98	11.20	9.00	100.81	77.0	2	31.0	1
292.781	29.63	4.44	131.45	11.17	9.23	103.01	78.4	2	31.5	1
292.842	29.29	4.49	131.37	11.16	9.17	102.29	77.9	2	30.5	1
292.946	30.13	4.36	131.39	11.19	8.96	100.20	76.3	2	30.5	1
293.091	30.33	4.37	132.50	11.21	8.99	100.84	76.1	2	29.5	1
293.152	30.55	4.30	131.42	11.23	9.04	101.56	77.3	2	30.0	1
293.256	30.35	4.33	131.27	11.21	9.07	101.61	77.4	2	31.5	1
293.401	30.49	4.29	130.87	11.15	8.95	99.81	76.3	2	30.0	1
293.462	30.58	4.30	131.36	11.15	8.85	98.67	75.1	2	30.5	1
293.566	30.32	4.32	131.03	11.13	9.03	100.51	76.7	2	31.0	1
293.711	29.72	4.42	131.48	11.17	9.07	101.30	77.0	2	30.0	1
293.772	30.35	4.34	131.73	11.14	9.04	100.62	76.4	2	29.5	1
293.876	30.76	4.26	130.95	11.16	9.02	100.65	76.9	2	30.0	1
294.021	29.08	4.49	130.65	11.17	8.93	99.73	76.3	2	32.0	1
294.082	29.07	4.49	130.55	11.18	9.02	100.84	77.2	2	30.0	1
294.186	29.99	4.38	131.27	11.16	9.02	100.67	76.7	2	30.5	1
294.331	30.16	4.40	132.57	11.19	9.09	101.63	76.7	2	30.0	1
294.392	30.52	4.33	132.03	11.13	8.99	100.10	75.8	2	30.5	1
294.496	29.59	4.47	132.16	11.17	8.97	100.20	75.8	2	31.0	1
294.641	29.71	4.44	131.93	11.16	9.05	100.93	76.5	2	30.5	1
294.702	30.12	4.39	132.25	11.18	9.02	100.80	76.2	2	30.0	1
294.806	29.93	4.40	131.57	11.22	9.11	102.20	77.7	2	31.0	1
294.951	30.36	4.33	131.35	11.18	9.04	101.05	76.9	2	32.0	1
295.012	29.30	4.47	130.86	11.16	9.02	100.72	77.0	2	32.0	1
295.116	29.87	4.41	131.58	11.15	9.14	101.84	77.4	2	29.0	1
295.261	30.31	4.30	130.29	11.20	9.07	101.59	78.0	2	30.0	1
295.322	30.69	4.26	130.64	11.22	9.00	100.96	77.3	2	30.0	1
295.426	30.99	4.20	130.28	11.15	9.03	100.73	77.3	2	30.5	1
295.571	29.65	4.42	130.91	11.25	8.94	100.50	76.8	2	30.0	1
295.632	30.19	4.33	130.78	11.20	8.97	100.55	76.9	2	31.0	1
295.736	30.09	4.37	131.56	11.29	9.00	101.68	77.3	2	31.0	1
295.881	29.65	4.45	132.07	11.16	8.97	100.14	75.8	2	30.5	1
295.942	29.99	4.38	131.22	11.22	8.98	100.77	76.8	2	30.5	1
296.046	30.23	4.35	131.44	11.15	9.20	102.52	78.0	2	30.0	1
296.191	29.82	4.42	131.76	11.20	9.14	102.45	77.8	2	31.0	1
296.252	29.89	4.42	132.23	11.19	9.08	101.60	76.8	2	30.5	1
296.356	29.57	4.43	131.08	11.21	8.83	98.95	75.5	2	32.0	1
296.501	29.40	4.46	131.22	11.17	9.11	101.79	77.6	2	29.0	1
296.562	30.27	4.34	131.41	11.21	8.98	100.62	76.6	2	29.0	1
296.666	30.80	4.27	131.43	11.22	8.88	99.62	75.8	2	30.5	1
296.811	29.54	4.45	131.42	11.29	8.91	100.58	76.5	2	31.0	1
296.872	30.03	4.38	131.41	11.24	8.98	100.93	76.8	2	30.0	1
296.976	29.95	4.39	131.56	11.17	9.10	101.61	77.2	2	31.5	1
297.121	29.95	4.41	132.11	11.18	9.17	102.51	77.6	2	30.0	1
297.182	29.97	4.39	131.71	11.21	9.06	101.59	77.1	2	30.5	1
297.286	30.64	4.30	131.67	11.24	9.06	101.79	77.3	2	30.0	1
297.431	29.48	4.47	131.69	11.20	9.05	101.35	77.0	2	30.5	1
297.492	29.79	4.40	131.15	11.22	9.05	101.60	77.5	2	30.5	1
297.596	30.40	4.34	131.87	11.24	8.86	99.49	75.4	2	30.5	1
297.741	30.04	4.43	133.07	11.21	9.08	101.81	76.5	2	32.0	1
297.802	29.51	4.50	132.68	11.21	9.05	101.46	76.5	2	30.5	1
297.906	29.85	4.43	132.24	11.28	8.89	100.30	75.9	2	30.5	1
298.051	30.50	4.34	132.42	11.21	9.08	101.80	76.9	2	31.5	1
298.112	29.81	4.44	132.45	11.23	9.12	102.42	77.3	2	32.0	1
298.216	30.07	4.39	131.86	11.20	9.12	102.08	77.4	2	30.0	1
298.361	30.52	4.32	131.87	11.17	9.11	101.74	77.2	2	31.5	1
298.422	29.27	4.48	131.21	11.12	9.09	101.07	77.0	2	32.0	1
298.526	30.02	4.38	131.36	11.22	8.92	100.01	76.1	2	30.5	1
298.671	29.30	4.48	131.38	11.23	8.85	99.38	75.6	2	32.0	1
298.732	29.38	4.46	131.14	11.27	8.94	100.70	76.8	2	30.0	1
298.836	30.54	4.32	131.77	11.25	8.91	100.23	76.1	2	30.5	1
298.981	30.67	4.28	131.30	11.28	9.00	101.57	77.4	2	29.5	1
299.042	30.91	4.23	130.66	11.21	9.02	101.13	77.4	2	28.5	1
299.146	30.64	4.24	129.96	11.11	9.00	99.97	76.9	2	32.0	1
299.291	28.69	4.56	130.94	11.16	8.97	100.08	76.4	2	31.5	1
299.352	29.31	4.47	130.96	11.15	9.14	101.92	77.8	2	30.0	1
299.456	30.10	4.37	131.47	11.20	9.03	101.11	76.9	2	32.0	1
299.601	28.91	4.54	131.33	11.17	9.07	101.30	77.1	2	31.0	1
299.662	29.60	4.43	130.99	11.11	9.20	102.25	78.1	2	30.0	1
299.766	30.52	4.30	131.17	11.09	9.09	100.82	76.9	2	31.0	1
299.911	28.70	4.57	131.16	11.07	9.03	100.03	76.3	2	32.0	1
299.972	28.56	4.59	130.97	11.07	9.03	99.93	76.3	2	30.5	1
300.076	30.30	4.33	131.21	11.15	8.99	100.21	76.4	2	29.5	1
300.221	30.93	4.23	130.83	11.20	8.94	100.17	76.6	2	30.5	1
300.282	30.38	4.32	131.37	11.26	8.95	100.85	76.8	2	32.0	1
300.386	29.48	4.45	131.19	11.15	9.14	101.93	77.7	2	29.5	1
300.531	30.84	4.25	131.00	11.18	9.15	102.27	78.1	2	31.0	1
300.592	29.75	4.41	131.18	11.14	9.14	101.76	77.6	2	31.5	1
300.696	30.05	4.38	131.63	11.18	9.06	101.30	77.0	2	29.0	1
300.841	29.58	4.46	131.94	11.17	9.14	102.14	77.4	2	31.0	1
300.902	30.17	4.38	131.99	11.22	9.12	102.35	77.5	2	30.5	1
301.006	30.56	4.32	132.06	11.20	9.10	101.91	77.2	2	30.5	1
301.151	29.69	4.47	132.64	11.23	9.12	102.38	77.2	2	31.5	1
301.212	29.51	4.49	132.58	11.17	9.17	102.39	77.2	2	31.5	1
301.316	29.67	4.45	132.18	11.21	9.09	101.91	77.1	2	31.5	1
301.461	29.77	4.43	131.76	11.17	9.18	102.57	77.8	2	30.0	1
301.522	30.54	4.29	131.10	11.21	9.13	102.34	78.1	2	30.5	1
301.626	30.35	4.35	131.91	11.21	9.09	101.87	77.2	2	32.0	1
301.771	29.86	4.34	129.50	11.20	9.00	100.84	77.9	2	29.5	1
301.832	30.64	4.24	129.80	11.16	8.94	99.73	76.8	2	29.5	1
301.936	31.12	4.19	130.29	11.18	8.93	99.79	76.6	2	30.0	1
302.081	29.47	4.44	130.81	11.21	8.95	100.35	76.7	2	30.5	1
302.142	28.95	4.49	130.09	11.16	8.91	99.47	76.5	2	31.5	1
302.246	30.07	4.34	130.42	11.25	8.85	99.48	76.3	2	30.0	1
302.391	29.11	4.53	131.80	11.14	8.98	100.06	75.9	2	33.0	1
302.452	28.74	4.59	131.78	11.13	8.96	99.71	75.7	2	31.0	1
302.556	30.03	4.38	131.44	11.15	8.99	100.17	76.2	2	30.0	1
302.701	29.33	4.49	131.77	11.17	9.02	100.67	76.4	2	32.0	1
302.762	28.92	4.54	131.39	11.13	9.01	100.29	76.3	2	31.0	1
302.866	29.80	4.42	131.83	11.16	9.04	100.86	76.5	2	29.5	1
303.011	31.04	4.25	131.86	11.18	8.93	99.91	75.8	2	29.5	1
303.072	30.50	4.33	132.07	11.14	9.05	100.77	76.3	2	31.5	1
303.176	30.03	4.38	131.51	11.19	9.02	100.98	76.8	2	31.0	1
303.321	30.16	4.38	132.05	11.23	9.01	101.20	76.6	2	31.0	1
303.382	30.01	4.38	131.46	11.24	9.05	101.65	77.3	2	31.0	1
303.486	30.14	4.35	131.10	11.28	8.86	99.87	76.2	2	31.0	1
303.631	29.56	4.45	131.65	11.17	9.21	102.86	78.1	2	30.0	1
303.692	30.20	4.36	131.79	11.16	9.18	102.54	77.8	2	29.5	1
303.796	30.47	4.30	130.89	11.28	8.99	101.44	77.5	2	29.5	1
303.941	29.97	4.38	131.28	11.18	9.05	101.13	77.0	2	32.0	1
304.002	30.17	4.36	131.48	11.22	9.03	101.35	77.1	2	30.0	1
304.106	30.12	4.38	132.08	11.16	9.12	101.84	77.1	2	31.0	1
304.251	30.41	4.33	131.71	11.23	9.01	101.18	76.8	2	29.5	1
304.312	30.20	4.36	131.60	11.22	9.06	101.62	77.2	2	31.0	1
304.416	29.47	4.46	131.56	11.23	8.99	100.95	76.7	2	30.5	1
304.561	31.00	4.23	131.05	11.17	9.04	100.98	77.1	2	30.0	1
304.622	30.75	4.26	131.08	11.21	9.08	101.76	77.6	2	30.0	1
304.726	29.72	4.41	131.13	11.25	8.93	100.50	76.6	2	32.0	1
304.871	29.47	4.47	131.85	11.33	9.00	101.96	77.3	2	32.0	1
304.932	29.48	4.48	132.05	11.30	9.01	101.79	77.1	2	30.0	1
305.036	30.11	4.37	131.49	11.22	9.10	102.01	77.6	2	30.0	1
305.181	30.09	4.35	130.77	11.18	9.13	102.09	78.1	2	30.0	1
305.242	30.52	4.28	130.53	11.26	9.01	101.49	77.8	2	30.5	1
305.346	30.58	4.27	130.72	11.22	9.13	102.44	78.4	2	29.5	1
305.491	29.90	4.41	131.74	11.26	9.03	101.69	77.2	2	31.0	1
305.552	30.04	4.38	131.51	11.27	8.95	100.86	76.7	2	30.5	1
305.656	29.73	4.45	132.41	11.21	9.12	102.22	77.2	2	30.0	1
305.801	29.82	4.43	132.04	11.20	9.19	102.96	78.0	2	30.0	1
305.862	30.33	4.35	131.81	11.28	9.01	101.61	77.1	2	30.0	1
305.966	30.83	4.23	130.37	11.20	9.13	102.26	78.4	2	29.0	1
306.111	30.23	4.36	131.73	11.19	9.05	101.27	76.9	2	32.5	1
306.172	28.85	4.51	130.17	11.12	8.96	99.64	76.5	2	31.5	1
306.276	29.88	4.39	131.32	11.17	9.05	101.09	77.0	2	30.0	1
306.421	29.95	4.39	131.50	11.18	9.08	101.50	77.2	2	32.0	1
306.482	28.96	4.50	130.47	11.17	9.03	100.87	77.3	2	31.5	1
306.586	30.01	4.36	130.80	11.14	8.88	98.92	75.6	2	29.0	1
306.731	31.38	4.14	129.78	11.14	8.93	99.51	76.7	2	29.0	1
306.792	31.66	4.10	129.85	11.14	8.79	97.84	75.3	2	30.0	1
306.896	29.62	4.41	130.64	11.15	8.87	98.87	75.7	2	32.0	1
307.041	30.07	4.36	131.06	11.14	9.06	100.98	77.1	2	31.5	1
307.102	29.54	4.43	130.96	11.22	9.03	101.34	77.4	2	31.5	1
307.206	29.46	4.44	130.94	11.19	9.16	102.58	78.3	2	30.0	1
307.351	29.40	4.45	130.81	11.15	8.93	99.63	76.2	2	32.0	1
307.412	28.86	4.52	130.49	11.20	8.96	100.31	76.9	2	31.0	1
307.516	30.18	4.34	130.95	11.16	9.01	100.61	76.8	2	29.5	1
307.661	29.76	4.43	131.94	11.16	9.23	103.08	78.1	2	31.5	1
307.722	29.16	4.51	131.61	11.10	9.21	102.22	77.7	2	32.0	1
307.826	29.09	4.49	130.47	11.14	9.06	100.92	77.4	2	29.0	1
307.971	31.05	4.18	129.73	11.13	8.94	99.50	76.7	2	29.5	1
308.032	31.33	4.13	129.23	11.11	8.98	99.80	77.2	2	29.5	1
308.136	30.05	4.36	131.04	11.08	9.01	99.84	76.2	2	32.0	1
308.281	28.94	4.54	131.27	11.10	9.11	101.13	77.0	2	30.5	1
308.342	29.66	4.43	131.41	11.12	9.17	101.95	77.6	2	31.0	1
308.446	29.69	4.42	131.37	11.22	9.00	100.94	76.8	2	31.0	1
308.591	29.36	4.48	131.60	11.16	9.14	102.05	77.5	2	30.5	1
308.652	29.57	4.45	131.59	11.25	9.14	102.84	78.2	2	31.5	1
308.756	30.18	4.34	131.13	11.25	8.99	101.12	77.1	2	30.0	1
308.901	29.66	4.46	132.17	11.30	8.98	101.46	76.8	2	32.5	1
308.962	29.48	4.47	131.88	11.24	8.94	100.49	76.2	2	29.5	1
309.066	30.29	4.34	131.47	11.20	9.06	101.45	77.2	2	31.5	1
309.211	28.98	4.56	132.13	11.17	9.08	101.39	76.7	2	30.0	1
309.272	29.98	4.39	131.70	11.15	9.13	101.82	77.3	2	30.0	1
309.376	30.24	4.35	131.49	11.20	8.97	100.42	76.4	2	31.5	1
309.521	30.16	4.34	130.98	11.20	9.09	101.81	77.7	2	29.5	1
309.582	30.64	4.27	130.95	11.26	8.89	100.12	76.5	2	29.5	1
309.686	30.97	4.19	129.75	11.22	8.91	100.02	77.1	2	30.0	1
309.831	29.23	4.46	130.47	11.19	8.93	99.98	76.6	2	32.0	1
309.892	29.15	4.47	130.37	11.19	9.13	102.13	78.3	2	30.5	1
309.996	30.24	4.34	131.39	11.15	9.04	100.80	76.7	2	31.0	1
310.141	29.92	4.40	131.73	11.22	9.12	102.37	77.7	2	30.0	1
310.202	30.29	4.35	131.63	11.19	9.13	102.21	77.6	2	30.5	1
310.306	30.34	4.33	131.41	11.21	9.00	100.93	76.8	2	30.5	1
310.451	29.67	4.44	131.67	11.22	9.11	102.20	77.6	2	31.0	1
310.512	29.88	4.40	131.48	11.27	8.88	100.08	76.1	2	29.5	1
310.616	30.60	4.28	131.10	11.25	8.95	100.62	76.8	2	30.5	1
310.761	30.10	4.38	131.80	11.28	8.94	100.78	76.5	2	30.5	1
310.822	30.13	4.37	131.54	11.24	9.03	101.50	77.2	2	30.5	1
310.926	30.77	4.27	131.52	11.25	8.95	100.68	76.6	2	30.0	1
311.071	30.83	4.21	129.78	11.16	9.11	101.66	78.3	2	29.0	1
311.132	30.93	4.22	130.51	11.15	9.05	100.89	77.3	2	31.0	1
311.236	29.42	4.43	130.35	11.21	8.87	99.49	76.3	2	30.5	1
311.381	30.19	4.32	130.40	11.17	9.11	101.76	78.0	2	30.5	1
311.442	30.17	4.34	130.80	11.25	8.98	100.99	77.2	2	31.5	1
311.546	29.95	4.39	131.42	11.24	9.10	102.27	77.8	2	32.0	1
311.691	29.61	4.43	131.11	11.20	9.03	101.10	77.1	2	30.0	1
311.752	30.32	4.31	130.75	11.17	9.05	101.08	77.3	2	30.0	1
311.856	30.90	4.24	131.06	11.14	9.12	101.56	77.5	2	29.5	1
312.001	30.01	4.40	132.05	11.25	9.00	101.19	76.6	2	32.5	1
312.062	29.27	4.49	131.42	11.19	9.01	100.84	76.7	2	30.5	1
312.166	29.92	4.38	131.13	11.16	9.11	101.65	77.5	2	31.0	1
312.311	28.59	4.58	130.88	11.10	9.07	100.65	76.9	2	31.0	1
312.372	29.36	4.47	131.10	11.11	9.07	100.69	76.8	2	30.0	1
312.476	30.45	4.32	131.46	11.13	8.96	99.73	75.9	2	29.5	1
312.621	30.46	4.32	131.72	11.12	9.09	101.14	76.8	2	30.0	1
312.682	30.76	4.26	131.05	11.15	8.98	100.18	76.4	2	30.5	1
312.786	29.38	4.48	131.67	11.14	9.19	102.32	77.7	2	32.5	1
312.931	29.33	4.48	131.50	11.17	8.93	99.67	75.8	2	30.0	1
312.992	30.28	4.34	131.56	11.17	8.99	100.45	76.4	2	29.5	1
313.096	30.70	4.29	131.79	11.16	9.05	100.94	76.6	2	31.0	1
313.241	29.93	4.43	132.44	11.25	9.06	101.90	76.9	2	31.0	1
313.302	29.86	4.42	131.96	11.17	9.18	102.56	77.7	2	30.0	1
313.406	30.43	4.30	130.89	11.14	9.17	102.14	78.0	2	29.5	1
313.551	29.66	4.40	130.44	11.15	9.01	100.46	77.0	2	32.0	1
313.612	28.66	4.52	129.54	11.13	9.01	100.30	77.4	2	32.5	1
313.716	30.10	4.33	130.49	11.13	8.94	99.47	76.2	2	29.5	1
313.861	31.18	4.21	131.20	11.08	9.13	101.14	77.1	2	30.0	1
313.922	30.66	4.28	131.25	11.07	9.05	100.25	76.4	2	31.0	1
314.026	29.20	4.51	131.56	11.12	9.04	100.46	76.4	2	32.0	1
314.171	30.66	4.31	132.07	11.10	9.04	100.28	75.9	2	29.0	1
314.232	31.17	4.19	130.66	11.11	8.96	99.58	76.2	2	29.5	1
314.336	30.13	4.36	131.24	11.06	9.17	101.42	77.3	2	32.0	1
314.481	29.64	4.45	131.91	11.18	8.99	100.54	76.2	2	31.0	1
314.542	29.68	4.45	132.06	11.15	9.00	100.33	76.0	2	30.0	1
314.646	29.84	4.43	132.14	11.12	9.22	102.52	77.6	2	30.0	1
314.791	30.11	4.37	131.69	11.12	9.16	101.87	77.4	2	31.5	1
314.852	29.29	4.49	131.67	11.10	9.18	101.93	77.4	2	32.0	1
314.956	29.77	4.45	132.36	11.12	8.97	99.74	75.4	2	29.5	1
315.101	30.48	4.33	131.91	11.24	8.92	100.21	76.0	2	31.0	1
315.162	30.06	4.39	131.97	11.15	9.14	101.88	77.2	2	31.0	1
315.266	29.91	4.41	132.00	11.18	9.07	101.34	76.8	2	31.0	1
315.411	28.49	4.59	130.70	11.19	8.93	100.01	76.5	2	31.5	1
315.472	29.22	4.49	131.07	11.21	8.91	99.89	76.2	2	30.0	1
315.576	30.26	4.33	131.00	11.21	8.96	100.46	76.7	2	30.0	1
315.721	30.11	4.38	131.79	11.23	8.90	99.99	75.9	2	30.5	1
315.782	29.77	4.45	132.34	11.17	9.09	101.55	76.7	2	30.5	1
315.886	30.27	4.37	132.23	11.17	9.02	100.75	76.2	2	29.5	1
316.031	30.24	4.39	132.82	11.16	9.18	102.37	77.1	2	29.5	1
316.092	30.30	4.34	131.57	11.17	9.11	101.79	77.4	2	31.0	1
316.196	29.20	4.51	131.65	11.18	9.14	102.15	77.6	2	31.5	1
316.341	29.69	4.45	131.99	11.20	9.17	102.65	77.8	2	29.5	1
316.402	30.34	4.35	131.89	11.15	9.18	102.32	77.6	2	29.5	1
316.506	30.63	4.30	131.72	11.12	9.17	102.01	77.4	2	31.5	1
316.651	29.30	4.47	131.11	11.20	8.90	99.60	76.0	2	30.5	1
316.712	30.17	4.36	131.42	11.20	8.87	99.36	75.6	2	29.5	1
316.816	30.04	4.39	131.95	11.24	8.98	100.94	76.5	2	32.5	1
316.961	28.37	4.61	130.65	11.14	8.92	99.36	76.1	2	31.5	1
317.022	29.12	4.50	131.16	11.20	8.86	99.27	75.7	2	29.5	1
317.126	29.58	4.43	131.13	11.11	9.15	101.65	77.5	2	32.0	1
317.271	29.05	4.51	131.03	11.11	9.00	99.99	76.3	2	29.0	1
317.332	30.06	4.35	130.85	11.06	9.10	100.64	76.9	2	29.5	1
317.436	30.31	4.33	131.18	11.09	9.08	100.73	76.8	2	32.0	1
317.581	29.72	4.44	131.91	11.10	9.27	102.81	77.9	2	31.0	1
317.642	29.19	4.51	131.57	11.08	9.15	101.35	77.0	2	32.0	1
317.746	29.84	4.41	131.56	11.16	8.91	99.47	75.6	2	30.0	1
317.891	30.85	4.25	131.20	11.11	9.09	101.00	77.0	2	30.5	1
317.952	30.40	4.34	131.87	11.15	9.19	102.47	77.7	2	32.0	1
318.056	29.69	4.44	131.82	11.18	9.11	101.77	77.2	2	29.5	1
318.201	29.83	4.44	132.57	11.14	8.99	100.23	75.6	2	29.5	1
318.262	30.32	4.35	131.94	11.16	8.92	99.49	75.4	2	30.5	1
318.366	30.15	4.38	132.08	11.14	9.08	101.11	76.6	2	30.5	1
318.511	29.52	4.48	132.11	11.15	9.09	101.28	76.7	2	30.5	1
318.572	29.75	4.43	131.67	11.18	9.09	101.56	77.1	2	31.0	1
318.676	30.19	4.37	131.92	11.21	9.06	101.57	77.0	2	29.5	1
318.821	30.12	4.39	132.22	11.23	9.00	101.10	76.5	2	31.5	1
318.882	29.96	4.41	132.06	11.16	9.04	100.88	76.4	2	30.0	1
318.986	29.98	4.41	132.30	11.16	9.13	101.87	77.0	2	31.0	1
319.131	29.22	4.51	131.68	11.21	9.05	101.46	77.0	2	31.0	1
319.192	29.70	4.44	131.92	11.18	9.02	100.80	76.4	2	30.5	1
319.296	30.73	4.25	130.46	11.20	9.01	100.95	77.4	2	29.0	1
319.441	29.18	4.50	131.33	11.23	8.85	99.44	75.7	2	31.5	1
319.502	29.06	4.53	131.71	11.24	8.99	101.03	76.7	2	30.5	1
319.606	29.88	4.39	131.21	11.22	8.91	99.98	76.2	2	29.5	1
319.751	30.02	4.40	132.09	11.21	9.11	102.06	77.3	2	31.0	1
319.812	30.10	4.39	132.07	11.17	9.07	101.29	76.7	2	31.5	1
319.916	29.40	4.50	132.37	11.19	8.98	100.53	75.9	2	30.5	1
320.061	29.94	4.41	132.07	11.13	9.07	100.90	76.4	2	30.5	1
320.122	29.85	4.41	131.77	11.19	9.08	101.62	77.1	2	31.0	1
320.226	30.10	4.37	131.64	11.23	9.04	101.50	77.1	2	30.0	1
320.371	29.62	4.44	131.67	11.22	9.13	102.49	77.8	2	31.5	1
320.432	30.09	4.37	131.36	11.17	9.14	102.07	77.7	2	29.5	1
320.536	29.29	4.48	131.25	11.13	9.10	101.29	77.2	2	32.0	1
320.681	29.91	4.40	131.70	11.13	9.07	100.94	76.6	2	31.5	1
320.742	28.94	4.53	130.97	11.17	8.88	99.18	75.7	2	32.0	1
320.846	29.43	4.47	131.70	11.18	9.00	100.57	76.4	2	30.5	1
320.991	30.53	4.32	131.78	11.12	9.07	100.95	76.6	2	29.5	1
321.052	30.99	4.25	131.58	11.06	9.15	101.16	76.9	2	29.5	1
321.156	29.95	4.41	132.22	11.11	9.02	100.21	75.8	2	32.5	1
321.301	29.35	4.49	131.76	11.17	9.11	101.70	77.2	2	30.0	1
321.362	30.05	4.37	131.46	11.14	9.16	102.08	77.7	2	29.0	1
321.466	31.00	4.23	131.12	11.14	8.95	99.65	76.0	2	29.5	1
321.611	28.75	4.53	130.35	11.10	9.06	100.62	77.2	2	32.0	1
321.672	28.57	4.57	130.62	11.11	8.96	99.52	76.2	2	30.5	1
321.776	29.98	4.35	130.27	11.11	9.11	101.17	77.7	2	29.5	1
321.921	30.34	4.30	130.56	11.13	8.95	99.63	76.3	2	31.5	1
321.982	29.40	4.46	131.01	11.16	9.02	100.61	76.8	2	31.0	1
322.086	29.80	4.44	132.18	11.18	9.04	101.07	76.5	2	31.5	1
322.231	29.64	4.45	131.85	11.22	9.15	102.63	77.8	2	31.5	1
322.292	28.95	4.54	131.29	11.15	9.04	100.76	76.7	2	32.0	1
322.396	29.74	4.42	131.49	11.20	8.97	100.54	76.5	2	29.0	1
322.541	30.33	4.37	132.52	11.19	9.07	101.49	76.6	2	31.5	1
322.602	30.18	4.39	132.37	11.19	9.05	101.28	76.5	2	30.5	1
322.706	30.48	4.34	132.24	11.29	8.87	100.14	75.7	2	29.5	1
322.851	29.92	4.37	130.78	11.12	9.04	100.52	76.9	2	32.0	1
322.912	28.97	4.51	130.76	11.15	9.02	100.54	76.9	2	32.0	1
323.016	28.82	4.55	131.25	11.11	9.02	100.15	76.3	2	29.5	1
323.161	31.22	4.18	130.56	11.13	8.91	99.19	76.0	2	29.5	1
323.222	30.57	4.30	131.40	11.10	9.02	100.19	76.3	2	31.5	1
323.326	29.02	4.53	131.37	11.11	9.00	99.97	76.1	2	32.5	1
323.471	30.15	4.38	132.12	11.17	9.03	100.88	76.4	2	30.0	1
323.532	30.09	4.38	131.94	11.15	9.13	101.85	77.2	2	31.5	1
323.636	29.40	4.50	132.36	11.17	9.13	101.93	77.0	2	30.5	1
323.781	30.55	4.34	132.59	11.08	9.25	102.50	77.3	2	29.5	1
323.842	30.34	4.37	132.47	11.11	9.31	103.50	78.1	2	32.0	1
323.946	29.24	4.51	131.72	11.14	9.28	103.34	78.5	2	31.0	1
324.091	30.20	4.37	132.10	11.19	9.16	102.50	77.6	2	31.0	1
324.152	29.79	4.44	132.11	11.18	9.20	102.89	77.9	2	32.0	1
324.256	29.29	4.51	132.05	11.26	8.96	100.89	76.4	2	31.5	1
324.401	30.22	4.36	131.88	11.23	8.91	100.11	75.9	2	30.0	1
324.462	30.47	4.31	131.27	11.19	9.01	100.80	76.8	2	30.5	1
324.566	30.23	4.35	131.50	11.19	8.94	99.96	76.0	2	31.5	1
324.711	29.66	4.44	131.82	11.12	9.14	101.65	77.1	2	29.5	1
324.772	30.28	4.36	131.93	11.22	9.01	101.11	76.6	2	30.0	1
324.876	30.92	4.25	131.27	11.22	9.08	101.81	77.6	2	30.5	1
325.021	28.88	4.54	131.18	11.17	9.01	100.58	76.7	2	31.5	1
325.082	28.38	4.61	130.87	11.12	9.05	100.68	76.9	2	32.0	1
325.186	29.89	4.40	131.48	11.14	9.07	101.01	76.8	2	30.0	1
325.331	30.39	4.34	131.91	11.12	9.23	102.60	77.8	2	31.5	1
325.392	29.70	4.45	132.16	11.13	9.17	102.10	77.3	2	30.5	1
325.496	29.84	4.43	132.10	11.22	8.96	100.48	76.1	2	32.0	1
325.641	30.51	4.34	132.42	11.17	8.93	99.73	75.3	2	29.5	1
325.702	30.82	4.27	131.58	11.18	9.03	100.97	76.7	2	30.0	1
325.806	30.70	4.30	131.97	11.18	9.02	100.94	76.5	2	31.0	1
325.951	30.40	4.35	132.18	11.20	9.09	101.78	77.0	2	29.5	1
326.012	30.74	4.31	132.41	11.19	9.00	100.74	76.1	2	31.0	1
326.116	29.98	4.40	131.79	11.25	8.98	101.03	76.7	2	30.5	1
326.261	30.38	4.32	131.14	11.23	8.98	100.88	76.9	2	30.0	1
326.322	30.20	4.36	131.64	11.26	9.05	101.95	77.4	2	32.0	1
326.426	29.85	4.40	131.39	11.17	9.18	102.62	78.1	2	30.5	1
326.571	30.49	4.30	131.25	11.22	9.19	103.14	78.6	2	30.5	1
326.632	29.93	4.41	131.96	11.18	9.22	103.10	78.1	2	32.0	1
326.736	29.72	4.43	131.57	11.23	9.12	102.39	77.8	2	30.0	1
326.881	29.89	4.41	131.83	11.22	9.09	101.93	77.3	2	31.0	1
326.942	30.36	4.35	132.04	11.26	9.11	102.63	77.7	2	30.5	1
327.046	30.01	4.41	132.21	11.23	9.09	102.11	77.2	2	30.5	1
327.191	30.20	4.39	132.41	11.27	9.08	102.29	77.3	2	30.5	1
327.252	30.09	4.39	131.98	11.21	9.08	101.77	77.1	2	30.5	1
327.356	29.47	4.46	131.47	11.19	8.99	100.62	76.5	2	32.0	1
327.501	29.93	4.38	131.03	11.19	9.18	102.72	78.4	2	30.5	1
327.562	30.02	4.37	131.23	11.27	8.98	101.18	77.1	2	30.5	1
327.666	30.23	4.37	132.11	11.21	9.18	102.83	77.8	2	31.5	1
327.811	30.12	4.38	132.03	11.27	8.98	101.15	76.6	2	29.0	1
327.872	30.13	4.36	131.42	11.20	8.94	100.10	76.2	2	32.0	1
327.976	29.57	4.44	131.39	11.14	9.15	101.96	77.6	2	30.5	1
328.121	28.89	4.54	131.30	11.11	9.11	101.28	77.1	2	32.5	1
328.182	28.63	4.58	131.19	11.16	8.94	99.78	76.1	2	32.5	1
328.286	29.50	4.44	131.00	11.19	8.92	99.74	76.1	2	30.0	1
328.431	30.28	4.34	131.29	11.19	9.03	101.02	76.9	2	30.5	1
328.492	30.21	4.32	130.65	11.12	9.22	102.47	78.4	2	30.0	1
328.596	29.25	4.49	131.17	11.12	9.15	101.70	77.5	2	32.0	1
328.741	30.13	4.36	131.21	11.18	9.14	102.15	77.9	2	29.0	1
328.802	30.78	4.25	130.87	11.15	9.11	101.54	77.6	2	29.0	1
328.906	29.49	4.42	130.32	11.17	8.89	99.25	76.2	2	31.0	1
329.051	30.15	4.35	131.08	11.18	9.06	101.27	77.3	2	30.5	1
329.112	30.37	4.29	130.32	11.19	9.01	100.80	77.3	2	30.5	1
329.216	29.30	4.47	131.00	11.17	9.20	102.71	78.4	2	31.0	1
329.361	30.66	4.29	131.57	11.18	8.96	100.21	76.2	2	30.5	1
329.422	30.03	4.39	131.88	11.22	9.11	102.17	77.5	2	31.5	1
329.526	29.91	4.42	132.08	11.21	9.08	101.80	77.1	2	30.5	1
329.671	31.19	4.20	130.90	11.23	8.99	100.96	77.1	2	29.0	1
329.732	31.21	4.19	130.80	11.17	9.06	101.21	77.4	2	30.5	1
329.836	29.72	4.41	131.01	11.13	9.07	100.88	77.0	2	31.5	1
329.981	29.11	4.52	131.61	11.22	8.97	100.67	76.5	2	30.0	1
330.042	29.72	4.41	131.05	11.15	9.11	101.54	77.5	2	30.0	1
330.146	30.62	4.26	130.35	11.11	9.07	100.75	77.3	2	29.5	1
330.291	29.43	4.44	130.74	11.10	9.05	100.36	76.8	2	31.0	1
330.352	29.60	4.43	131.23	11.11	9.10	101.11	77.0	2	30.5	1
330.456	30.13	4.37	131.71	11.08	9.20	101.99	77.4	2	30.5	1
330.601	30.33	4.33	131.36	11.11	8.96	99.61	75.8	2	30.5	1
330.662	29.57	4.44	131.23	11.11	9.06	100.63	76.7	2	31.0	1
330.766	30.28	4.35	131.65	11.19	8.94	100.08	76.0	2	30.0	1
330.911	29.70	4.45	132.04	11.09	9.16	101.57	76.9	2	31.0	1
330.972	29.58	4.46	131.90	11.20	9.01	100.84	76.5	2	30.5	1
331.076	30.07	4.37	131.44	11.14	9.14	101.79	77.4	2	30.5	1
331.221	30.46	4.32	131.69	11.20	8.96	100.31	76.2	2	30.0	1
331.282	30.41	4.33	131.55	11.19	9.08	101.58	77.2	2	29.5	1
331.386	30.61	4.30	131.55	11.14	9.02	100.51	76.4	2	31.0	1
331.531	29.89	4.43	132.42	11.20	8.99	100.74	76.1	2	31.5	1
331.592	29.41	4.48	131.66	11.15	8.96	99.89	75.9	2	31.0	1
331.696	29.59	4.44	131.41	11.15	9.09	101.29	77.1	2	30.5	1
331.841	30.45	4.35	132.43	11.10	9.21	102.19	77.2	2	29.5	1
331.902	30.78	4.28	131.61	11.10	9.13	101.33	77.0	2	30.0	1
332.006	30.20	4.37	131.99	11.18	9.02	100.85	76.4	2	32.0	1
332.151	30.09	4.37	131.59	11.12	9.16	101.92	77.4	2	29.0	1
332.212	30.37	4.34	131.80	11.12	9.13	101.54	77.0	2	30.5	1
332.316	30.20	4.36	131.75	11.16	9.16	102.22	77.6	2	30.5	1
332.461	30.02	4.40	132.04	11.11	9.06	100.65	76.2	2	32.0	1
332.522	29.78	4.40	131.17	11.19	8.96	100.30	76.5	2	30.5	1
332.626	29.42	4.47	131.52	11.12	9.18	102.16	77.7	2	30.0	1
332.771	30.64	4.31	131.93	11.18	8.95	100.04	75.8	2	29.5	1
332.832	30.75	4.27	131.41	11.11	9.07	100.81	76.7	2	29.5	1
332.936	30.14	4.38	131.87	11.09	9.11	101.02	76.6	2	31.0	1
333.081	29.51	4.49	132.50	11.15	9.02	100.52	75.9	2	29.5	1
333.142	30.08	4.37	131.58	11.12	9.09	101.03	76.8	2	30.5	1
333.246	29.57	4.44	131.39	11.16	9.06	101.07	76.9	2	30.5	1
333.391	29.90	4.41	131.91	11.08	9.12	101.04	76.6	2	30.5	1
333.452	30.19	4.36	131.76	11.13	9.16	101.97	77.4	2	30.0	1
333.556	30.15	4.39	132.33	11.12	9.22	102.52	77.5	2	31.5	1
333.701	29.81	4.46	132.98	11.14	9.07	101.11	76.0	2	31.0	1
333.762	29.92	4.43	132.47	11.10	9.08	100.79	76.1	2	30.0	1
333.866	30.03	4.39	131.84	11.10	9.15	101.53	77.0	2	31.0	1
334.011	29.99	4.41	132.17	11.11	9.09	100.96	76.4	2	30.0	1
334.072	30.43	4.32	131.52	11.09	9.04	100.24	76.2	2	30.0	1
334.176	29.96	4.40	131.89	11.09	9.20	102.09	77.4	2	32.5	1
334.321	30.11	4.36	131.40	11.04	9.12	100.62	76.6	2	28.5	1
334.382	31.06	4.19	130.24	11.03	9.06	99.90	76.7	2	29.5	1
334.486	29.72	4.41	131.12	10.97	9.21	101.05	77.1	2	31.5	1
334.631	29.73	4.44	131.87	11.10	9.18	101.90	77.3	2	30.5	1
334.692	29.58	4.45	131.78	11.07	9.23	102.20	77.6	2	30.5	1
334.796	29.98	4.39	131.54	11.09	9.15	101.47	77.1	2	30.0	1
334.941	30.08	4.37	131.32	11.11	9.18	101.93	77.6	2	30.5	1
335.002	30.09	4.36	131.08	11.16	9.08	101.34	77.3	2	31.0	1
335.106	29.68	4.42	131.23	11.18	9.01	100.80	76.8	2	31.5	1
335.251	29.53	4.47	131.94	11.19	9.05	101.23	76.7	2	31.0	1
335.312	29.47	4.48	132.16	11.10	9.19	102.06	77.2	2	30.5	1
335.416	30.06	4.38	131.62	11.05	9.15	101.18	76.9	2	29.5	1
335.561	29.02	4.49	130.39	11.02	9.11	100.38	77.0	2	32.0	1
335.622	28.39	4.57	129.88	11.04	9.06	100.04	77.0	2	32.0	1
335.726	29.15	4.49	130.79	11.05	8.99	99.39	76.0	2	28.5	1
