1159.764	39.09	0.24	9.23	0.76	1.16	0.88	9.5	2	11.0	2
1159.908	36.05	1.66	59.73	4.09	7.52	30.78	51.5	2	18.5	2
1159.968	31.77	2.32	73.78	4.43	9.12	40.37	54.7	2	21.5	2
1160.072	22.96	2.90	66.49	4.21	9.06	38.08	57.3	2	26.5	2
1160.217	15.30	4.03	61.62	3.96	8.99	35.64	57.8	2	34.0	2
1160.277	13.30	4.33	57.55	3.85	8.66	33.30	57.9	2	36.5	2
1160.381	9.76	4.63	45.25	3.50	7.50	26.25	58.0	2	42.0	2
1160.526	6.64	4.76	31.61	3.18	5.86	18.65	59.0	2	49.0	2
1160.586	5.58	4.78	26.69	2.97	5.25	15.58	58.4	2	52.0	2
1160.689	4.07	4.80	19.52	2.53	4.30	10.88	55.7	2	57.5	2
1160.834	2.69	4.83	12.99	1.99	3.31	6.58	50.7	2	64.5	2
1160.894	2.28	4.83	11.01	1.75	2.95	5.15	46.8	2	67.5	2
1160.997	1.66	4.83	8.00	1.43	2.39	3.43	42.9	2	72.5	2
1161.141	1.28	4.84	6.22	1.00	1.72	1.73	27.8	2	80.0	2
1161.201	1.07	4.85	5.20	0.88	1.50	1.32	25.3	2	83.0	2
1161.304	0.84	4.85	4.10	0.67	1.13	0.75	18.3	2	88.0	2
1161.448	0.62	4.85	3.03	0.39	0.70	0.27	9.0	2	95.0	2
1161.508	10.42	4.14	43.15	2.23	4.57	10.19	23.6	2	21.5	2
1161.612	21.64	3.43	74.24	4.09	8.56	34.99	47.1	2	19.2	2
1161.757	26.20	3.15	82.47	4.89	10.25	50.10	60.7	2	20.6	2
1161.818	25.51	3.13	79.79	4.87	10.27	50.03	62.7	2	21.6	2
1161.922	25.49	3.12	79.42	4.91	10.34	50.80	64.0	2	19.7	2
1162.067	28.68	3.02	86.69	5.22	10.82	56.46	65.1	2	19.2	2
1162.128	29.30	3.02	88.45	5.27	10.87	57.34	64.8	2	19.5	2
1162.232	29.40	3.02	88.78	5.30	10.91	57.79	65.1	2	20.1	2
1162.377	28.99	3.04	88.08	5.31	10.85	57.61	65.4	2	19.5	2
1162.438	29.56	3.01	89.04	5.36	10.84	58.03	65.2	2	19.5	2
1162.542	34.25	1.86	63.87	4.26	8.54	36.35	56.9	2	10.0	2
1162.687	32.52	2.39	77.73	4.72	9.59	45.23	58.2	2	33.2	2
1162.747	24.17	3.30	79.76	4.40	9.22	40.62	50.9	2	33.2	2
1162.851	13.52	4.18	56.54	3.48	7.19	25.01	44.2	2	51.9	2
1162.996	16.26	3.72	60.49	3.89	7.98	31.05	51.3	2	22.8	2
1163.056	23.10	2.87	66.21	3.88	8.01	31.10	47.0	2	10.0	2
1163.160	26.36	2.56	67.38	3.73	7.71	28.79	42.7	2	32.9	2
1163.305	23.66	3.34	79.04	4.44	9.03	40.11	50.7	2	17.7	2
1163.365	28.04	3.02	84.73	4.89	9.82	48.03	56.7	2	22.6	2
1163.469	25.45	3.10	78.89	5.19	9.63	49.98	63.3	2	20.5	2
1163.614	24.92	3.11	77.62	4.59	10.59	48.61	62.6	2	20.2	2
1163.675	24.90	3.13	77.85	4.51	10.73	48.43	62.2	2	20.2	2
1163.779	28.73	2.90	83.24	4.74	10.97	51.99	62.5	2	15.5	2
1163.924	32.90	2.52	82.91	5.10	10.53	53.72	64.8	2	16.5	2
1163.985	33.79	2.43	82.15	5.40	10.08	54.37	66.2	2	17.0	2
1164.089	32.54	2.63	85.52	5.63	10.23	57.60	67.4	2	20.5	2
1164.234	30.28	2.88	87.13	6.07	9.74	59.14	67.9	2	19.0	2
1164.294	32.03	2.68	86.00	6.13	9.75	59.78	69.5	2	19.5	2
1164.398	33.06	2.57	85.00	6.43	9.50	61.04	71.8	2	19.0	2
1164.543	33.95	2.46	83.43	6.61	9.04	59.70	71.6	2	20.5	2
1164.603	32.29	2.68	86.65	6.74	9.00	60.66	70.0	2	23.5	2
1164.707	30.32	2.88	87.43	6.96	8.94	62.24	71.2	2	21.5	2
1164.852	33.13	2.63	86.97	7.18	8.67	62.26	71.6	2	21.5	2
1164.912	32.94	2.67	88.07	7.28	8.84	64.36	73.1	2	22.0	2
1165.016	31.08	2.87	89.21	7.38	8.71	64.27	72.0	2	23.5	2
1165.161	31.60	2.85	89.99	7.65	8.14	62.30	69.2	2	22.5	2
1165.221	31.72	2.83	89.78	7.66	7.99	61.22	68.2	2	21.5	2
1165.325	31.83	2.83	90.07	7.65	8.06	61.69	68.5	2	23.0	2
1165.470	32.13	2.81	90.22	7.74	8.45	65.38	72.5	2	21.5	2
1165.530	32.56	2.75	89.62	7.67	8.36	64.13	71.6	2	22.5	2
1165.634	31.88	2.80	89.41	7.67	8.61	65.99	73.8	2	22.5	2
1165.779	31.38	2.88	90.22	7.79	8.47	65.96	73.1	2	22.0	2
1165.839	31.45	2.85	89.76	7.80	8.38	65.33	72.8	2	22.5	2
1165.943	31.18	2.87	89.60	7.85	8.38	65.78	73.4	2	22.5	2
1166.088	31.23	2.86	89.32	7.86	8.39	65.93	73.8	2	24.0	2
1166.148	31.09	2.88	89.46	7.80	8.64	67.39	75.3	2	23.0	2
1166.252	32.12	2.80	89.79	7.87	8.41	66.16	73.7	2	21.5	2
1166.397	32.31	2.76	89.27	7.86	8.20	64.48	72.2	2	22.5	2
1166.457	31.63	2.83	89.43	7.80	8.66	67.53	75.5	2	23.5	2
1166.561	30.82	2.90	89.45	7.76	8.46	65.59	73.3	2	23.0	2
1166.706	32.16	2.77	88.95	7.74	8.60	66.57	74.8	2	22.0	2
1166.766	31.88	2.81	89.47	7.82	8.24	64.49	72.1	2	22.0	2
1166.870	30.54	2.92	89.22	7.75	8.48	65.71	73.6	2	24.0	2
1167.015	31.82	2.83	89.98	7.78	8.46	65.85	73.2	2	21.5	2
1167.075	32.49	2.75	89.35	7.66	8.64	66.23	74.1	2	21.5	2
1167.179	31.27	2.87	89.62	7.71	8.65	66.71	74.4	2	23.5	2
1167.324	30.37	2.95	89.66	7.73	8.67	67.06	74.8	2	23.0	2
1167.384	30.97	2.89	89.57	7.69	8.74	67.18	75.0	2	22.0	2
1167.488	32.32	2.77	89.58	7.74	8.45	65.36	73.0	2	21.0	2
1167.633	32.56	2.73	89.02	7.67	8.56	65.69	73.8	2	24.0	2
1167.693	31.02	2.86	88.81	7.61	8.66	65.90	74.2	2	23.5	2
1167.797	31.57	2.84	89.80	7.78	8.39	65.22	72.6	2	22.0	2
1167.942	31.06	2.89	89.64	7.73	8.58	66.28	73.9	2	24.0	2
1168.002	30.31	2.93	88.92	7.70	8.60	66.24	74.5	2	23.5	2
1168.106	30.56	2.90	88.68	7.83	8.40	65.79	74.2	2	24.0	2
1168.251	31.89	2.79	88.82	7.78	8.39	65.27	73.5	2	21.0	2
1168.311	31.86	2.78	88.48	7.68	8.61	66.16	74.8	2	23.5	2
1168.415	30.11	2.94	88.54	7.74	8.51	65.91	74.4	2	24.5	2
1168.560	31.65	2.81	88.83	7.79	8.54	66.54	74.9	2	22.0	2
1168.620	32.28	2.76	89.12	7.69	8.45	64.94	72.9	2	22.5	2
1168.724	31.75	2.79	88.71	7.79	8.31	64.78	73.0	2	22.5	2
1168.869	32.43	2.73	88.45	7.74	8.34	64.62	73.1	2	22.0	2
1168.929	32.58	2.73	88.95	7.77	8.57	66.56	74.8	2	23.0	2
1169.033	31.54	2.84	89.56	7.69	8.74	67.27	75.1	2	22.5	2
1169.178	32.66	2.72	88.76	7.77	8.32	64.70	72.9	2	23.5	2
1169.238	31.08	2.86	88.99	7.67	8.62	66.08	74.3	2	24.5	2
1169.342	31.69	2.82	89.26	7.69	8.71	66.93	75.0	2	21.0	2
1169.487	32.84	2.67	87.77	7.58	8.83	66.97	76.3	2	23.5	2
1169.547	31.05	2.83	87.76	7.58	8.38	63.53	72.4	2	24.0	2
1169.651	31.81	2.79	88.70	7.64	8.77	67.02	75.6	2	22.5	2
1169.796	32.43	2.73	88.60	7.61	8.77	66.72	75.3	2	21.0	2
1169.856	32.92	2.68	88.26	7.66	8.19	62.71	71.1	2	22.0	2
1169.960	30.99	2.87	88.79	7.70	8.68	66.85	75.3	2	24.0	2
1170.105	31.89	2.77	88.31	7.62	8.66	66.03	74.8	2	22.0	2
1170.165	31.60	2.82	89.00	7.64	8.57	65.52	73.6	2	23.5	2
1170.269	30.91	2.89	89.29	7.76	8.32	64.53	72.3	2	22.5	2
1170.414	31.23	2.87	89.74	7.60	8.68	65.95	73.5	2	21.5	2
1170.474	32.15	2.77	89.11	7.64	8.34	63.69	71.5	2	22.5	2
1170.578	31.20	2.87	89.46	7.72	8.44	65.11	72.8	2	23.5	2
1170.723	30.92	2.89	89.50	7.50	9.23	69.24	77.4	2	22.5	2
1170.783	31.27	2.86	89.52	7.54	8.91	67.13	75.0	2	22.0	2
1170.887	31.40	2.87	89.96	7.73	7.99	61.77	68.7	2	23.5	2
1171.032	32.43	2.75	89.18	7.92	7.52	59.51	66.7	2	22.0	2
1171.092	31.99	2.80	89.66	7.95	7.61	60.56	67.5	2	24.0	2
1171.196	31.13	2.88	89.78	7.92	7.96	63.08	70.3	2	23.5	2
1171.341	31.87	2.81	89.65	7.64	9.17	70.04	78.1	2	22.5	2
1171.401	32.07	2.79	89.55	7.51	9.48	71.17	79.5	2	21.5	2
1171.505	31.18	2.89	89.99	7.48	9.29	69.54	77.3	2	23.5	2
1171.650	31.29	2.87	89.77	7.72	8.32	64.27	71.6	2	24.0	2
1171.710	31.48	2.84	89.47	7.76	8.33	64.57	72.2	2	22.0	2
1171.814	31.52	2.82	89.00	7.54	9.00	67.89	76.3	2	22.5	2
1171.959	31.46	2.86	90.07	7.61	8.50	64.69	71.8	2	21.0	2
1172.019	32.26	2.75	88.72	7.69	7.97	61.26	69.0	2	21.0	2
1172.123	31.56	2.81	88.77	7.84	7.78	60.99	68.7	2	24.5	2
1172.268	31.72	2.80	88.94	7.90	7.68	60.70	68.3	2	22.0	2
1172.328	31.51	2.84	89.43	7.94	7.78	61.77	69.1	2	24.5	2
1172.432	31.14	2.87	89.27	7.95	7.92	62.93	70.5	2	22.5	2
1172.577	30.68	2.92	89.73	7.68	8.96	68.77	76.6	2	22.5	2
1172.637	31.37	2.86	89.60	7.63	9.17	69.94	78.1	2	22.5	2
1172.741	30.86	2.92	89.96	7.48	9.58	71.63	79.6	2	21.5	2
1172.886	31.85	2.83	90.06	7.38	9.48	70.00	77.7	2	23.0	2
1172.946	31.16	2.90	90.33	7.38	9.61	70.98	78.6	2	23.5	2
1173.050	31.51	2.87	90.40	7.45	9.18	68.35	75.6	2	21.5	2
1173.195	31.25	2.89	90.16	7.35	9.50	69.83	77.5	2	24.0	2
1173.255	30.24	2.96	89.46	7.33	9.66	70.87	79.2	2	23.5	2
1173.359	31.43	2.85	89.61	7.41	9.78	72.48	80.9	2	22.5	2
1173.504	31.55	2.86	90.13	7.40	9.79	72.46	80.4	2	22.0	2
1173.564	31.96	2.83	90.30	7.42	9.80	72.69	80.5	2	21.5	2
1173.668	31.55	2.85	89.85	7.46	9.74	72.67	80.9	2	23.5	2
1173.813	31.87	2.84	90.41	7.57	9.70	73.44	81.2	2	22.5	2
1173.873	31.79	2.84	90.18	7.56	9.73	73.56	81.6	2	22.5	2
1173.977	31.22	2.89	90.11	7.49	9.83	73.58	81.7	2	23.0	2
1174.122	31.85	2.82	89.95	7.53	9.02	67.98	75.6	2	22.0	2
1174.182	31.88	2.83	90.26	7.58	8.77	66.41	73.6	2	23.0	2
1174.286	31.45	2.87	90.30	7.59	8.63	65.56	72.6	2	22.5	2
1174.431	32.24	2.80	90.17	7.67	8.04	61.67	68.4	2	22.5	2
1174.491	31.87	2.82	89.80	7.69	8.00	61.50	68.5	2	22.0	2
1174.595	31.39	2.86	89.73	7.66	8.04	61.59	68.6	2	24.0	2
1174.740	32.18	2.77	89.22	7.67	7.97	61.11	68.5	2	21.5	2
1174.800	32.11	2.79	89.56	7.70	7.97	61.38	68.5	2	23.5	2
1174.904	30.78	2.92	89.84	7.66	8.41	64.46	71.7	2	22.0	2
1175.049	32.00	2.81	90.03	7.48	9.35	69.94	77.7	2	23.0	2
1175.109	31.06	2.89	89.76	7.66	8.93	68.38	76.2	2	24.0	2
1175.213	31.56	2.87	90.44	7.91	8.03	63.50	70.2	2	23.0	2
1175.358	31.17	2.88	89.68	7.89	7.54	59.52	66.4	2	22.0	2
1175.418	31.23	2.88	89.99	7.73	8.00	61.83	68.7	2	22.0	2
1175.522	32.00	2.79	89.40	7.50	8.86	66.52	74.4	2	23.0	2
1175.667	31.20	2.88	89.80	7.68	8.58	65.84	73.3	2	23.0	2
1175.727	31.04	2.91	90.33	7.73	8.39	64.87	71.8	2	23.0	2
1175.831	31.34	2.88	90.23	7.71	8.35	64.41	71.4	2	22.0	2
1175.976	31.64	2.85	90.19	7.78	8.24	64.12	71.1	2	22.5	2
1176.036	31.30	2.88	90.04	7.78	8.35	64.95	72.1	2	23.0	2
1176.140	30.99	2.88	89.20	7.58	9.10	68.94	77.3	2	23.0	2
1176.285	31.62	2.84	89.82	7.66	8.18	62.64	69.7	2	21.0	2
1176.345	32.17	2.77	89.27	7.72	7.74	59.75	66.9	2	22.5	2
1176.449	32.09	2.80	89.97	7.92	7.59	60.07	66.8	2	23.5	2
1176.594	30.89	2.92	90.27	7.80	8.49	66.28	73.4	2	25.0	2
1176.654	30.77	2.93	90.09	7.72	8.94	69.09	76.7	2	23.0	2
1176.758	30.22	2.97	89.60	7.61	9.27	70.62	78.8	2	23.5	2
1176.903	31.73	2.85	90.40	7.57	9.56	72.37	80.1	2	22.0	2
1176.963	32.11	2.82	90.41	7.49	9.67	72.48	80.2	2	22.5	2
1177.067	31.56	2.87	90.45	7.50	9.23	69.25	76.6	2	22.0	2
1177.212	31.58	2.85	90.01	7.74	8.17	63.24	70.3	2	22.5	2
1177.272	31.42	2.86	89.80	7.75	8.40	65.09	72.5	2	23.0	2
1177.376	31.11	2.90	90.14	7.53	9.00	67.78	75.2	2	22.0	2
1177.521	32.32	2.81	90.79	7.85	7.92	62.15	68.5	2	22.0	2
1177.581	32.50	2.75	89.43	7.84	8.26	64.78	72.4	2	22.0	2
1177.685	30.78	2.90	89.38	7.54	9.22	69.53	77.8	2	23.0	2
1177.830	32.24	2.76	89.04	7.75	8.18	63.38	71.2	2	22.0	2
1177.890	31.92	2.81	89.61	7.78	8.29	64.55	72.0	2	23.5	2
1177.994	31.01	2.88	89.41	7.57	9.08	68.72	76.9	2	23.5	2
1178.139	32.25	2.75	88.55	7.73	7.88	60.95	68.8	2	21.5	2
1178.199	32.66	2.71	88.64	7.78	7.60	59.12	66.7	2	21.5	2
1178.303	30.94	2.87	88.79	7.80	7.33	57.19	64.4	2	24.0	2
1178.448	31.86	2.83	90.31	7.88	7.30	57.48	63.7	2	23.0	2
1178.508	31.52	2.86	90.24	7.91	7.37	58.37	64.7	2	23.0	2
1178.612	31.68	2.82	89.42	7.98	7.70	61.51	68.8	2	24.0	2
1178.757	31.65	2.83	89.65	7.93	8.31	65.92	73.5	2	22.5	2
1178.817	31.76	2.82	89.69	7.83	8.64	67.61	75.4	2	22.5	2
1178.921	31.20	2.87	89.59	7.63	9.45	72.12	80.5	2	23.5	2
1179.066	30.90	2.92	90.14	7.66	8.74	66.94	74.3	2	21.5	2
1179.126	31.53	2.84	89.46	7.70	8.35	64.26	71.8	2	22.5	2
1179.230	30.97	2.88	89.33	7.69	8.65	66.55	74.5	2	23.0	2
1179.375	32.02	2.77	88.66	7.45	8.89	66.22	74.7	2	20.0	2
1179.435	32.59	2.68	87.33	7.34	9.05	66.38	76.0	2	22.0	2
1179.539	31.02	2.83	87.90	7.62	8.43	64.26	73.1	2	24.0	2
1179.684	29.42	2.99	88.07	7.58	8.48	64.32	73.0	2	23.0	2
1179.744	30.62	2.90	88.74	7.45	9.17	68.26	76.9	2	21.5	2
1179.848	32.19	2.76	88.84	7.70	8.71	67.08	75.5	2	22.0	2
1179.993	32.85	2.72	89.45	7.89	7.70	60.73	67.9	2	22.5	2
1180.053	32.27	2.77	89.48	7.89	7.49	59.07	66.0	2	23.5	2
1180.157	31.31	2.87	89.75	7.85	7.39	58.00	64.6	2	23.0	2
1180.302	31.84	2.85	90.60	8.04	7.65	61.53	67.9	2	23.5	2
1180.362	32.07	2.80	89.82	7.94	8.24	65.42	72.8	2	22.5	2
1180.466	30.99	2.91	90.25	7.67	9.23	70.84	78.5	2	23.5	2
1180.611	31.68	2.83	89.67	7.64	8.46	64.66	72.1	2	21.5	2
1180.671	31.94	2.80	89.54	7.69	8.20	63.05	70.4	2	22.0	2
1180.775	31.06	2.90	89.93	7.74	8.12	62.87	69.9	2	22.0	2
1180.920	31.70	2.82	89.27	7.71	7.96	61.33	68.7	2	23.0	2
1180.980	31.46	2.86	89.98	7.73	7.97	61.64	68.5	2	22.0	2
1181.084	31.10	2.88	89.45	7.65	8.50	65.01	72.7	2	23.5	2
1181.229	31.54	2.85	89.99	7.71	8.26	63.67	70.8	2	21.5	2
1181.289	31.71	2.82	89.29	7.85	7.99	62.69	70.2	2	23.0	2
1181.393	31.60	2.85	90.05	7.75	8.92	69.09	76.7	2	23.5	2
1181.538	31.56	2.84	89.52	7.64	8.79	67.10	75.0	2	21.5	2
1181.598	31.57	2.86	90.16	7.63	8.68	66.23	73.5	2	22.0	2
1181.702	32.25	2.77	89.37	7.71	8.61	66.43	74.3	2	22.5	2
1181.847	32.17	2.82	90.66	7.76	8.44	65.46	72.2	2	23.5	2
1181.907	31.05	2.89	89.85	7.58	8.93	67.67	75.3	2	23.0	2
1182.011	31.76	2.82	89.51	7.82	8.28	64.76	72.3	2	23.5	2
1182.156	31.79	2.84	90.35	7.77	8.40	65.28	72.3	2	22.0	2
1182.216	31.92	2.81	89.63	7.64	8.85	67.59	75.4	2	23.5	2
1182.320	31.57	2.83	89.42	7.80	8.24	64.23	71.8	2	23.0	2
1182.465	31.65	2.83	89.42	7.74	8.50	65.80	73.6	2	23.5	2
1182.525	30.84	2.89	89.15	7.59	8.92	67.72	76.0	2	22.5	2
1182.629	31.46	2.84	89.39	7.75	8.48	65.72	73.5	2	23.5	2
1182.774	30.94	2.89	89.34	7.63	8.60	65.62	73.5	2	21.5	2
1182.834	31.83	2.80	89.07	7.48	8.95	66.90	75.1	2	20.5	2
1182.938	31.01	2.87	89.03	7.66	8.06	61.77	69.4	2	23.5	2
1183.083	32.09	2.79	89.65	7.81	8.20	64.00	71.4	2	22.5	2
1183.143	31.74	2.83	89.80	7.67	8.89	68.17	75.9	2	23.5	2
1183.247	31.05	2.89	89.78	7.67	8.57	65.74	73.2	2	23.0	2
1183.392	31.78	2.84	90.22	7.74	8.28	64.09	71.0	2	21.5	2
1183.452	31.64	2.83	89.52	7.67	8.72	66.83	74.7	2	23.5	2
1183.556	30.89	2.89	89.37	7.73	8.39	64.81	72.5	2	22.5	2
1183.701	31.97	2.77	88.50	7.75	8.14	63.05	71.2	2	22.0	2
1183.761	32.43	2.73	88.43	7.66	8.68	66.52	75.2	2	21.5	2
1183.865	32.93	2.68	88.40	7.52	8.58	64.55	73.0	2	22.0	2
1184.010	30.84	2.91	89.78	7.65	8.12	62.11	69.2	2	21.5	2
1184.070	31.84	2.79	88.98	7.68	8.15	62.65	70.4	2	22.5	2
1184.174	31.58	2.84	89.69	7.59	8.90	67.50	75.3	2	22.5	2
1184.319	31.37	2.87	90.06	7.82	8.22	64.29	71.4	2	23.5	2
1184.379	30.60	2.94	89.82	7.66	8.96	68.62	76.4	2	23.5	2
1184.483	31.63	2.81	88.99	7.76	8.33	64.61	72.6	2	22.0	2
1184.628	30.71	2.87	88.27	7.52	8.84	66.55	75.4	2	22.5	2
1184.688	31.64	2.78	87.91	7.68	8.08	62.04	70.6	2	22.5	2
1184.792	32.91	2.66	87.41	7.84	7.85	61.61	70.5	2	21.5	2
1184.937	33.45	2.61	87.34	7.69	8.68	66.72	76.4	2	23.5	2
1184.997	31.86	2.78	88.51	7.62	9.00	68.55	77.5	2	25.0	2
1185.101	28.69	3.00	86.14	7.54	8.30	62.60	72.7	2	24.5	2
1185.246	31.35	2.81	87.98	7.56	8.36	63.17	71.8	2	21.0	2
1185.306	32.22	2.72	87.65	7.43	8.73	64.80	73.9	2	21.5	2
1185.410	32.79	2.68	87.78	7.51	8.34	62.57	71.3	2	22.0	2
1185.555	30.73	2.90	89.00	7.59	8.23	62.51	70.2	2	23.5	2
1185.615	30.16	2.96	89.21	7.50	8.94	67.04	75.1	2	23.0	2
1185.719	32.14	2.77	89.04	7.56	9.10	68.73	77.2	2	22.0	2
1185.864	32.52	2.74	89.03	7.88	7.96	62.74	70.5	2	24.5	2
1185.924	31.34	2.85	89.22	7.89	7.59	59.93	67.2	2	23.5	2
1186.028	32.12	2.78	89.43	7.87	7.41	58.32	65.2	2	22.0	2
1186.173	31.71	2.83	89.89	7.75	7.74	59.99	66.7	2	23.0	2
1186.233	31.03	2.89	89.76	7.75	7.71	59.75	66.6	2	21.5	2
1186.337	31.49	2.86	90.10	7.82	7.57	59.24	65.7	2	22.0	2
1186.482	31.33	2.87	89.91	7.83	7.50	58.67	65.3	2	22.0	2
1186.542	32.23	2.78	89.63	7.81	7.35	57.38	64.0	2	21.0	2
1186.646	31.71	2.83	89.91	7.54	8.43	63.59	70.7	2	21.5	2
1186.791	31.36	2.88	90.25	7.42	9.43	69.95	77.5	2	22.0	2
1186.851	31.71	2.83	89.74	7.38	9.50	70.16	78.2	2	22.0	2
1186.955	31.46	2.85	89.66	7.32	9.55	69.91	78.0	2	22.5	2
1187.100	30.38	2.95	89.54	7.30	9.62	70.19	78.4	2	23.5	2
1187.160	30.47	2.95	90.00	7.27	9.64	70.07	77.9	2	22.5	2
1187.264	31.52	2.85	89.89	7.42	8.84	65.60	73.0	2	21.5	2
1187.409	31.72	2.84	90.09	7.69	7.94	61.03	67.7	2	22.5	2
1187.469	31.59	2.85	90.05	7.78	7.59	59.07	65.6	2	22.5	2
1187.573	32.26	2.79	90.03	7.97	7.43	59.17	65.7	2	23.5	2
1187.718	31.98	2.79	89.26	8.07	7.76	62.64	70.2	2	23.0	2
1187.778	32.32	2.74	88.51	8.08	7.93	64.09	72.4	2	23.0	2
1187.882	30.56	2.91	88.82	7.80	8.72	68.03	76.6	2	24.0	2
1188.027	32.12	2.79	89.67	7.80	8.84	68.91	76.9	2	23.5	2
1188.087	32.25	2.78	89.66	7.78	9.02	70.21	78.3	2	22.5	2
1188.191	31.62	2.83	89.44	7.60	9.50	72.18	80.7	2	24.5	2
1188.336	30.18	2.97	89.77	7.40	9.69	71.75	79.9	2	22.0	2
1188.396	31.16	2.89	89.99	7.52	9.06	68.15	75.7	2	21.0	2
1188.500	31.92	2.82	89.87	7.56	8.64	65.39	72.8	2	23.0	2
1188.645	31.57	2.86	90.29	7.70	8.34	64.25	71.2	2	21.0	2
1188.705	31.74	2.84	90.00	7.70	8.22	63.29	70.3	2	23.0	2
1188.809	31.34	2.88	90.10	7.72	8.12	62.69	69.6	2	22.0	2
1188.954	31.77	2.84	90.37	7.70	8.14	62.68	69.4	2	22.0	2
1189.014	31.90	2.84	90.48	7.68	8.06	61.89	68.4	2	23.0	2
1189.118	31.36	2.86	89.84	7.76	8.16	63.39	70.6	2	22.5	2
1189.263	30.75	2.92	89.73	7.57	8.87	67.14	74.8	2	22.5	2
1189.323	31.71	2.81	89.16	7.71	8.13	62.72	70.3	2	22.0	2
1189.427	32.71	2.68	87.69	7.79	8.30	64.63	73.7	2	23.0	2
1189.572	30.01	2.96	88.78	7.63	8.47	64.63	72.8	2	23.5	2
1189.632	30.92	2.90	89.57	7.68	8.48	65.13	72.7	2	21.5	2
1189.736	31.18	2.89	90.07	7.55	8.95	67.55	75.0	2	22.0	2
1189.881	32.46	2.78	90.11	7.84	8.41	65.93	73.2	2	22.5	2
1189.941	31.66	2.85	90.31	7.75	8.75	67.82	75.1	2	22.0	2
1190.045	31.27	2.88	89.91	7.67	8.79	67.39	75.0	2	23.0	2
1190.190	32.19	2.78	89.53	7.81	8.55	66.74	74.5	2	21.5	2
1190.250	32.87	2.70	88.77	7.68	8.49	65.24	73.5	2	21.0	2
1190.354	32.79	2.69	88.24	7.64	8.18	62.51	70.8	2	22.5	2
1190.499	30.96	2.89	89.56	7.70	8.06	62.05	69.3	2	21.5	2
1190.559	31.90	2.77	88.27	7.69	7.92	60.90	69.0	2	21.0	2
1190.663	31.37	2.82	88.45	7.61	7.94	60.43	68.3	2	24.0	2
1190.808	31.90	2.77	88.32	7.65	8.22	62.93	71.3	2	22.5	2
1190.868	31.28	2.84	88.83	7.59	8.72	66.15	74.5	2	23.0	2
1190.972	31.73	2.83	89.71	7.65	8.33	63.77	71.1	2	21.5	2
1191.117	30.81	2.91	89.75	7.65	8.87	67.87	75.6	2	24.0	2
1191.177	30.24	2.95	89.11	7.69	8.53	65.56	73.6	2	23.0	2
1191.281	30.87	2.89	89.11	7.61	8.82	67.08	75.3	2	22.5	2
1191.426	32.72	2.71	88.63	7.80	8.26	64.46	72.7	2	22.0	2
1191.486	32.64	2.74	89.33	7.61	8.93	68.00	76.1	2	23.0	2
1191.590	31.33	2.86	89.49	7.72	8.50	65.62	73.3	2	24.0	2
1191.735	32.27	2.75	88.83	7.82	8.18	64.00	72.0	2	22.5	2
1191.795	31.98	2.78	88.77	7.71	8.77	67.59	76.1	2	23.5	2
1191.899	30.78	2.90	89.16	7.66	8.82	67.58	75.8	2	22.5	2
1192.044	32.29	2.78	89.90	7.70	8.77	67.56	75.1	2	21.5	2
1192.104	32.30	2.78	89.70	7.74	8.40	65.01	72.5	2	23.5	2
1192.208	31.33	2.88	90.14	7.62	8.59	65.45	72.6	2	21.5	2
1192.353	31.15	2.89	89.96	7.70	8.64	66.46	73.9	2	22.0	2
1192.413	31.82	2.82	89.67	7.63	8.72	66.50	74.2	2	22.5	2
1192.517	31.93	2.83	90.29	7.80	8.22	64.12	71.0	2	23.0	2
1192.662	32.40	2.72	88.28	7.71	8.50	65.52	74.2	2	22.0	2
1192.722	31.81	2.80	89.09	7.62	8.83	67.28	75.5	2	23.0	2
1192.826	32.05	2.78	89.21	7.73	8.60	66.45	74.5	2	24.0	2
1192.971	30.36	2.94	89.24	7.60	8.87	67.38	75.5	2	23.0	2
1193.031	31.02	2.87	89.15	7.74	8.24	63.73	71.5	2	22.0	2
1193.135	32.15	2.78	89.41	7.58	8.86	67.23	75.2	2	22.5	2
1193.280	30.10	2.94	88.59	7.51	8.73	65.58	74.0	2	23.5	2
1193.340	31.07	2.87	89.28	7.71	8.13	62.67	70.2	2	21.5	2
1193.444	31.75	2.82	89.45	7.66	8.85	67.80	75.8	2	24.0	2
1193.589	31.18	2.87	89.59	7.68	8.88	68.19	76.1	2	23.5	2
1193.649	31.17	2.87	89.52	7.72	8.47	65.42	73.1	2	21.5	2
1193.753	32.44	2.73	88.51	7.77	8.50	66.11	74.7	2	23.0	2
1193.898	30.64	2.90	88.85	7.71	8.59	66.20	74.5	2	23.5	2
1193.958	30.15	2.93	88.34	7.56	8.94	67.61	76.5	2	22.5	2
1194.062	32.35	2.74	88.48	7.82	8.07	63.07	71.3	2	22.0	2
1194.207	30.39	2.93	88.89	7.65	8.60	65.87	74.1	2	23.5	2
1194.267	30.35	2.94	89.12	7.73	8.45	65.35	73.3	2	22.5	2
1194.371	31.13	2.87	89.29	7.62	8.64	65.85	73.7	2	22.0	2
1194.516	33.00	2.69	88.79	7.75	8.47	65.61	73.9	2	21.0	2
1194.576	32.89	2.69	88.58	7.60	9.03	68.60	77.4	2	22.5	2
1194.680	31.03	2.89	89.54	7.57	8.57	64.86	72.4	2	21.5	2
1194.825	33.28	2.57	85.64	7.44	8.67	64.55	75.4	2	21.0	2
1194.885	32.90	2.66	87.39	7.51	8.89	66.75	76.4	2	23.0	2
1194.989	31.13	2.86	89.05	7.47	9.35	69.82	78.4	2	23.0	2
1195.134	31.97	2.81	89.77	7.75	8.14	63.03	70.2	2	21.5	2
1195.194	32.39	2.76	89.52	7.82	8.19	64.04	71.5	2	23.0	2
1195.298	30.72	2.92	89.79	7.65	8.72	66.70	74.3	2	23.0	2
1195.443	32.44	2.74	88.87	7.50	9.00	67.44	75.9	2	22.5	2
1195.503	31.36	2.85	89.40	7.59	8.51	64.53	72.2	2	22.0	2
1195.607	32.50	2.74	89.10	7.70	8.47	65.19	73.2	2	22.5	2
1195.752	31.09	2.92	90.64	7.63	8.73	66.55	73.4	2	22.5	2
1195.812	31.35	2.87	90.09	7.61	8.73	66.46	73.8	2	22.5	2
1195.916	32.39	2.76	89.49	7.75	8.53	66.15	73.9	2	23.0	2
1196.061	31.46	2.88	90.55	7.66	8.82	67.52	74.6	2	22.0	2
1196.121	31.92	2.82	89.89	7.80	8.28	64.52	71.8	2	23.5	2
1196.225	31.63	2.86	90.40	7.75	8.50	65.90	72.9	2	22.0	2
1196.370	32.30	2.76	89.04	7.67	8.69	66.71	74.9	2	22.0	2
1196.430	31.39	2.86	89.76	7.62	8.53	65.04	72.5	2	23.5	2
1196.534	31.37	2.85	89.52	7.71	8.36	64.46	72.0	2	22.5	2
1196.679	32.54	2.75	89.43	7.67	8.54	65.49	73.2	2	23.0	2
1196.739	31.90	2.80	89.47	7.65	8.53	65.23	72.9	2	21.5	2
1196.843	32.09	2.79	89.44	7.69	8.67	66.66	74.5	2	24.0	2
1196.988	31.29	2.85	89.29	7.71	8.36	64.48	72.2	2	22.0	2
1197.048	32.02	2.78	88.98	7.68	8.70	66.81	75.1	2	22.0	2
1197.152	30.65	2.92	89.52	7.63	8.68	66.27	74.0	2	23.0	2
1197.297	31.81	2.81	89.55	7.71	8.61	66.37	74.1	2	24.0	2
1197.357	31.38	2.86	89.61	7.64	8.61	65.83	73.5	2	23.0	2
1197.461	32.51	2.71	88.01	7.73	8.37	64.70	73.5	2	21.5	2
1197.606	31.65	2.84	89.90	7.67	8.80	67.48	75.1	2	24.0	2
1197.666	31.21	2.88	89.85	7.79	8.24	64.18	71.4	2	22.5	2
1197.770	31.45	2.86	89.90	7.75	8.50	65.89	73.3	2	22.0	2
1197.915	32.81	2.68	87.82	7.79	8.39	65.37	74.4	2	22.5	2
1197.975	31.53	2.83	89.20	7.69	8.68	66.77	74.8	2	24.5	2
1198.079	30.90	2.90	89.75	7.65	8.77	67.13	74.8	2	22.5	2
1198.224	31.75	2.84	90.09	7.63	8.64	65.93	73.2	2	22.5	2
1198.284	32.05	2.80	89.87	7.65	8.71	66.63	74.1	2	23.0	2
1198.388	31.51	2.86	89.98	7.74	8.42	65.20	72.5	2	22.5	2
1198.533	31.81	2.85	90.74	7.65	8.71	66.67	73.5	2	22.5	2
1198.593	31.96	2.84	90.79	7.83	8.36	65.51	72.2	2	24.0	2
1198.697	32.10	2.80	90.00	7.75	8.57	66.42	73.8	2	21.5	2
1198.842	31.03	2.91	90.25	7.63	8.75	66.79	74.0	2	24.0	2
1198.902	30.85	2.93	90.29	7.66	8.56	65.63	72.7	2	22.0	2
1199.006	32.46	2.75	89.23	7.74	8.21	63.54	71.2	2	22.0	2
1199.151	30.56	2.92	89.22	7.60	8.80	66.88	75.0	2	24.0	2
1199.211	31.03	2.88	89.26	7.76	8.22	63.73	71.4	2	22.0	2
1199.315	30.78	2.91	89.46	7.77	8.49	65.95	73.7	2	22.5	2
1199.460	32.16	2.79	89.58	7.78	8.40	65.34	72.9	2	22.5	2
1199.520	31.32	2.87	89.76	7.71	8.52	65.76	73.3	2	23.5	2
1199.624	31.66	2.84	89.81	7.70	8.41	64.73	72.1	2	22.5	2
1199.769	30.95	2.90	89.89	7.71	8.78	67.70	75.3	2	23.0	2
1199.829	31.40	2.86	89.67	7.82	8.31	64.94	72.4	2	22.5	2
1199.933	31.10	2.91	90.36	7.72	8.57	66.20	73.3	2	23.0	2
1200.078	31.99	2.80	89.72	7.68	8.74	67.14	74.8	2	21.0	2
1200.138	32.63	2.72	88.67	7.76	8.35	64.77	73.1	2	23.0	2
1200.242	31.36	2.85	89.24	7.74	8.51	65.86	73.8	2	23.0	2
1200.387	31.09	2.89	89.74	7.72	8.58	66.25	73.8	2	22.0	2
1200.447	31.51	2.86	90.02	7.67	8.77	67.31	74.8	2	21.5	2
1200.551	32.67	2.72	88.97	7.74	8.69	67.24	75.6	2	23.0	2
1200.696	30.67	2.91	89.40	7.67	8.89	68.14	76.2	2	23.0	2
1200.756	31.15	2.86	88.94	7.78	8.23	64.01	72.0	2	22.0	2
1200.860	31.25	2.86	89.28	7.73	8.70	67.19	75.3	2	24.0	2
1201.005	30.55	2.93	89.65	7.67	8.61	66.02	73.6	2	23.0	2
1201.065	31.47	2.85	89.78	7.82	8.23	64.42	71.8	2	23.5	2
1201.169	30.99	2.91	90.05	7.74	8.55	66.14	73.5	2	23.0	2
1201.314	32.04	2.79	89.30	7.75	8.54	66.22	74.2	2	21.5	2
1201.374	32.32	2.76	89.11	7.65	8.56	65.50	73.5	2	22.5	2
1201.478	30.92	2.89	89.47	7.65	8.68	66.44	74.3	2	22.5	2
1201.623	32.38	2.75	89.09	7.72	8.53	65.86	73.9	2	22.0	2
1201.683	32.03	2.80	89.71	7.80	8.40	65.55	73.1	2	22.5	2
1201.787	31.71	2.83	89.81	7.75	8.34	64.68	72.0	2	22.0	2
1201.932	31.66	2.84	89.94	7.81	8.41	65.63	73.0	2	23.0	2
1201.992	31.04	2.89	89.72	7.69	8.80	67.62	75.4	2	22.5	2
1202.096	32.25	2.77	89.32	7.79	8.58	66.77	74.8	2	23.0	2
1202.241	31.66	2.86	90.40	7.62	8.88	67.65	74.8	2	21.0	2
1202.301	32.68	2.72	88.85	7.69	8.13	62.53	70.4	2	21.0	2
1202.405	32.55	2.73	88.83	7.83	8.31	65.12	73.3	2	24.5	2
1202.550	29.62	2.99	88.43	7.69	8.25	63.46	71.8	2	23.0	2
1202.610	31.31	2.81	88.11	7.73	8.23	63.66	72.2	2	22.0	2
1202.714	30.38	2.92	88.81	7.53	8.94	67.27	75.7	2	23.0	2
1202.859	31.75	2.82	89.65	7.64	8.86	67.72	75.5	2	23.0	2
1202.919	31.46	2.87	90.29	7.77	8.49	65.94	73.0	2	22.5	2
1203.023	31.41	2.87	90.02	7.81	8.32	65.01	72.2	2	22.5	2
1203.168	32.05	2.82	90.24	7.68	8.75	67.22	74.5	2	22.0	2
1203.228	31.73	2.84	90.25	7.76	8.38	65.01	72.0	2	23.5	2
1203.332	31.36	2.88	90.27	7.82	8.43	65.90	73.0	2	23.5	2
1203.477	32.12	2.80	89.80	7.76	8.54	66.31	73.8	2	21.5	2
1203.537	32.57	2.75	89.69	7.71	8.49	65.40	72.9	2	21.5	2
1203.641	31.75	2.81	89.29	7.65	8.75	66.94	75.0	2	22.5	2
1203.786	32.03	2.82	90.24	7.73	8.60	66.47	73.7	2	21.5	2
1203.846	32.63	2.73	89.14	7.74	8.46	65.48	73.5	2	23.0	2
1203.950	31.10	2.87	89.40	7.69	8.30	63.84	71.4	2	21.5	2
1204.095	31.07	2.89	89.79	7.67	8.64	66.23	73.8	2	23.0	2
1204.155	31.56	2.86	90.12	7.69	8.46	65.04	72.2	2	21.5	2
1204.259	31.04	2.89	89.66	7.70	8.73	67.21	75.0	2	22.0	2
1204.404	32.03	2.79	89.34	7.78	8.36	65.01	72.8	2	22.0	2
1204.464	32.53	2.75	89.46	7.71	8.83	68.02	76.0	2	23.0	2
1204.568	30.50	2.93	89.45	7.66	8.82	67.55	75.5	2	24.0	2
1204.713	32.04	2.82	90.20	7.72	8.69	67.04	74.3	2	21.0	2
1204.773	32.87	2.71	89.13	7.71	8.26	63.66	71.4	2	21.5	2
1204.877	32.21	2.78	89.48	7.60	8.74	66.49	74.3	2	23.0	2
1205.022	31.79	2.85	90.52	7.77	8.66	67.27	74.3	2	23.0	2
1205.082	31.29	2.89	90.56	7.77	8.54	66.38	73.3	2	23.0	2
1205.186	31.38	2.88	90.48	7.72	8.49	65.50	72.4	2	22.5	2
1205.331	31.56	2.85	89.96	7.73	8.59	66.43	73.8	2	22.5	2
1205.391	31.54	2.85	89.75	7.68	8.59	65.97	73.5	2	21.5	2
1205.495	32.20	2.77	89.31	7.71	8.81	67.98	76.1	2	24.0	2
1205.640	30.80	2.91	89.62	7.65	8.90	68.06	75.9	2	23.5	2
1205.700	31.47	2.86	89.96	7.72	8.39	64.74	72.0	2	21.5	2
1205.804	32.56	2.73	88.88	7.70	8.69	66.88	75.2	2	22.0	2
1205.949	31.97	2.81	89.96	7.79	8.46	65.92	73.3	2	23.0	2
1206.009	31.24	2.87	89.67	7.65	8.93	68.25	76.1	2	22.5	2
1206.113	32.46	2.74	88.85	7.85	8.11	63.64	71.6	2	22.5	2
1206.258	30.35	2.94	89.17	7.67	8.51	65.27	73.2	2	23.5	2
1206.318	31.13	2.89	89.95	7.61	8.82	67.04	74.5	2	22.5	2
1206.422	31.76	2.81	89.21	7.79	8.13	63.27	70.9	2	22.0	2
1206.567	30.76	2.91	89.62	7.71	8.51	65.64	73.2	2	24.5	2
1206.627	30.51	2.94	89.59	7.75	8.46	65.56	73.2	2	23.0	2
1206.731	31.23	2.87	89.64	7.68	8.43	64.70	72.2	2	21.0	2
1206.876	31.61	2.83	89.33	7.95	8.19	65.12	72.9	2	25.0	2
1206.936	30.06	2.95	88.77	7.77	8.88	68.97	77.7	2	24.5	2
1207.040	30.95	2.88	89.16	7.75	9.07	70.26	78.8	2	22.0	2
1207.185	31.51	2.84	89.41	7.98	8.09	64.52	72.2	2	24.5	2
1207.245	30.95	2.91	90.00	8.01	7.91	63.40	70.4	2	23.5	2
1207.349	32.13	2.79	89.73	8.01	7.52	60.27	67.2	2	22.0	2
1207.494	31.49	2.86	89.92	8.04	7.44	59.80	66.5	2	23.5	2
1207.554	31.33	2.88	90.36	8.11	7.61	61.71	68.3	2	23.5	2
1207.658	31.56	2.86	90.20	7.88	8.60	67.78	75.1	2	22.0	2
1207.803	31.88	2.85	90.71	7.67	8.74	67.02	73.9	2	22.5	2
1207.863	31.85	2.86	90.92	7.66	8.74	67.03	73.7	2	22.5	2
1207.967	32.34	2.79	90.22	7.71	8.31	64.07	71.0	2	23.0	2
1208.112	31.13	2.90	90.14	7.73	8.79	67.96	75.4	2	23.0	2
1208.172	31.45	2.86	89.97	7.78	8.37	65.11	72.4	2	22.5	2
1208.276	32.01	2.81	90.10	7.74	8.56	66.28	73.6	2	23.0	2
1208.421	31.19	2.89	90.25	7.78	8.42	65.49	72.6	2	22.5	2
1208.481	31.24	2.89	90.34	7.74	8.66	67.03	74.2	2	23.5	2
1208.585	31.81	2.85	90.76	7.79	8.55	66.56	73.3	2	23.0	2
1208.730	31.72	2.83	89.85	7.76	8.74	67.84	75.5	2	24.5	2
1208.790	30.84	2.91	89.76	7.75	8.64	66.95	74.6	2	23.5	2
1208.894	31.93	2.80	89.30	7.75	8.59	66.59	74.6	2	21.5	2
1209.039	30.86	2.89	89.26	7.79	8.23	64.13	71.8	2	22.5	2
1209.099	31.77	2.82	89.71	7.72	8.69	67.04	74.7	2	21.0	2
1209.203	31.71	2.84	89.93	7.64	8.80	67.23	74.8	2	23.0	2
1209.348	30.56	2.95	90.07	7.81	8.47	66.18	73.5	2	22.5	2
1209.408	31.30	2.87	89.75	7.67	8.85	67.83	75.6	2	22.0	2
1209.512	31.81	2.83	90.16	7.77	8.78	68.23	75.7	2	23.5	2
1209.657	32.58	2.74	89.12	7.74	8.19	63.42	71.2	2	21.0	2
1209.717	32.98	2.67	88.13	7.78	8.49	66.02	74.9	2	23.0	2
1209.821	30.71	2.91	89.40	7.76	8.45	65.65	73.4	2	23.0	2
1209.966	32.14	2.77	89.17	7.85	8.32	65.33	73.3	2	23.5	2
1210.026	30.80	2.90	89.30	7.76	8.56	66.40	74.4	2	24.0	2
1210.130	31.79	2.79	88.60	7.64	8.77	67.05	75.7	2	21.5	2
1210.275	30.44	2.92	88.78	7.74	8.71	67.37	75.9	2	24.0	2
1210.335	30.25	2.95	89.33	7.74	8.48	65.65	73.5	2	22.0	2
1210.439	32.03	2.79	89.45	7.53	8.89	66.96	74.9	2	20.5	2
1210.584	32.07	2.80	89.91	7.84	8.08	63.37	70.5	2	24.5	2
1210.644	30.39	2.93	89.16	7.65	8.86	67.75	76.0	2	24.0	2
1210.748	31.37	2.83	88.74	7.70	8.34	64.26	72.4	2	22.0	2
1210.893	30.97	2.87	88.99	7.62	8.66	66.04	74.2	2	24.0	2
1210.953	30.94	2.87	88.91	7.82	8.10	63.39	71.3	2	23.0	2
1211.057	32.08	2.79	89.57	7.61	8.70	66.25	74.0	2	21.0	2
1211.202	31.18	2.89	90.01	7.56	8.86	67.04	74.5	2	23.5	2
1211.262	31.22	2.90	90.39	7.72	8.31	64.14	71.0	2	21.5	2
1211.366	31.40	2.86	89.94	7.75	8.69	67.32	74.9	2	24.0	2
1211.511	31.05	2.88	89.28	7.75	8.32	64.48	72.2	2	22.5	2
1211.571	31.92	2.80	89.40	7.72	8.68	67.07	75.0	2	22.0	2
1211.675	32.84	2.67	87.65	7.68	8.39	64.39	73.5	2	22.0	2
1211.820	31.90	2.79	89.09	7.80	8.39	65.41	73.4	2	22.5	2
1211.880	31.89	2.82	89.81	7.73	8.63	66.70	74.3	2	23.5	2
1211.984	30.71	2.93	89.99	7.61	8.81	67.03	74.5	2	23.0	2
1212.129	31.56	2.87	90.59	7.80	8.46	66.00	72.9	2	23.0	2
1212.189	31.37	2.87	90.01	7.75	8.80	68.21	75.8	2	22.5	2
1212.293	31.89	2.81	89.64	7.78	8.60	66.92	74.6	2	24.0	2
1212.438	30.91	2.93	90.47	7.72	8.53	65.84	72.8	2	21.5	2
1212.498	31.97	2.80	89.66	7.79	8.53	66.46	74.1	2	23.5	2
1212.602	31.20	2.90	90.34	7.79	8.62	67.19	74.4	2	24.0	2
1212.747	31.34	2.87	90.04	7.74	8.92	69.04	76.7	2	23.0	2
1212.807	31.40	2.88	90.39	7.83	8.53	66.79	73.9	2	22.0	2
1212.911	31.86	2.81	89.68	7.86	8.22	64.59	72.0	2	22.5	2
1213.056	31.50	2.84	89.60	7.78	8.55	66.45	74.2	2	23.5	2
1213.116	30.74	2.91	89.49	7.72	8.60	66.35	74.1	2	22.5	2
1213.220	31.66	2.82	89.32	7.75	8.77	67.94	76.1	2	23.5	2
1213.365	31.19	2.87	89.57	7.63	8.76	66.86	74.6	2	22.5	2
1213.425	31.90	2.81	89.65	7.82	8.16	63.81	71.2	2	23.5	2
1213.529	30.58	2.94	89.87	7.73	8.60	66.51	74.0	2	23.5	2
1213.674	32.25	2.77	89.45	7.78	8.16	63.42	70.9	2	22.5	2
1213.734	32.19	2.80	90.13	7.81	8.60	67.21	74.6	2	23.0	2
1213.838	31.61	2.83	89.58	7.80	8.42	65.71	73.4	2	22.0	2
1213.983	32.21	2.78	89.70	7.83	8.24	64.52	71.9	2	22.5	2
1214.043	31.27	2.87	89.82	7.72	8.81	67.97	75.7	2	24.0	2
1214.147	31.23	2.88	89.81	7.72	8.60	66.41	73.9	2	21.5	2
1214.292	32.12	2.77	88.90	7.79	7.97	62.11	69.9	2	23.0	2
1214.352	32.42	2.76	89.59	7.89	8.08	63.76	71.2	2	23.0	2
1214.456	30.97	2.90	89.86	7.73	8.63	66.77	74.3	2	24.0	2
1214.601	31.19	2.89	90.00	7.71	8.73	67.28	74.8	2	22.0	2
1214.661	32.16	2.77	89.20	7.87	8.11	63.83	71.6	2	22.5	2
1214.765	31.23	2.87	89.74	7.77	8.83	68.57	76.4	2	24.0	2
1214.910	32.14	2.75	88.28	7.78	8.50	66.11	74.9	2	21.5	2
1214.970	31.68	2.80	88.81	7.64	9.04	69.04	77.7	2	23.5	2
1215.074	31.12	2.86	89.09	7.78	8.17	63.53	71.3	2	22.5	2
1215.219	31.04	2.88	89.47	7.69	9.04	69.55	77.7	2	25.0	2
1215.279	29.94	2.96	88.73	7.57	9.13	69.05	77.8	2	23.5	2
1215.383	31.30	2.85	89.15	7.74	8.30	64.20	72.0	2	22.0	2
1215.528	32.81	2.66	87.30	7.62	8.64	65.82	75.4	2	22.5	2
1215.588	31.49	2.80	88.13	7.55	8.94	67.56	76.7	2	24.5	2
1215.692	29.33	2.97	87.18	7.42	9.27	68.82	78.9	2	23.0	2
1215.837	31.65	2.80	88.67	7.33	9.26	67.90	76.6	2	21.5	2
1215.897	32.02	2.77	88.58	7.31	9.32	68.12	76.9	2	21.0	2
1216.001	32.18	2.77	89.03	7.32	9.53	69.74	78.3	2	22.0	2
1216.146	31.62	2.83	89.58	7.51	9.56	71.84	80.2	2	22.0	2
1216.206	31.51	2.85	89.92	7.45	9.62	71.66	79.7	2	22.0	2
1216.310	31.71	2.86	90.59	7.65	8.53	65.26	72.0	2	22.0	2
1216.455	31.62	2.88	91.08	7.89	7.59	59.84	65.7	2	24.0	2
1216.515	31.43	2.89	90.80	7.99	7.76	62.02	68.3	2	23.5	2
1216.619	31.95	2.84	90.75	7.68	9.06	69.56	76.7	2	21.5	2
1216.764	31.84	2.83	90.08	7.82	8.31	65.05	72.2	2	24.0	2
1216.824	31.15	2.88	89.58	7.78	8.54	66.42	74.1	2	24.0	2
1216.928	31.08	2.88	89.47	7.57	9.18	69.46	77.6	2	22.0	2
1217.073	31.72	2.84	90.13	7.80	7.95	62.06	68.9	2	21.5	2
1217.133	32.06	2.81	90.06	7.89	7.58	59.81	66.4	2	23.0	2
1217.237	31.75	2.85	90.37	8.02	7.78	62.33	69.0	2	23.0	2
1217.382	32.14	2.80	89.97	7.70	9.10	70.08	77.9	2	21.5	2
1217.442	32.43	2.77	89.85	7.66	8.83	67.69	75.3	2	21.5	2
1217.546	32.21	2.79	89.97	7.64	8.57	65.47	72.8	2	22.5	2
1217.691	32.49	2.77	89.93	7.60	8.49	64.57	71.8	2	22.0	2
1217.751	31.54	2.87	90.58	7.52	9.08	68.27	75.4	2	23.5	2
1217.855	30.72	2.95	90.63	7.42	9.34	69.26	76.4	2	21.5	2
1218.000	30.93	2.91	90.08	7.43	9.25	68.71	76.3	2	22.5	2
1218.060	31.74	2.85	90.53	7.57	8.68	65.67	72.5	2	21.0	2
1218.164	31.87	2.83	90.17	7.65	8.21	62.75	69.6	2	24.0	2
1218.309	31.10	2.89	89.91	7.77	8.44	65.60	73.0	2	22.5	2
1218.369	31.07	2.89	89.66	7.65	8.94	68.46	76.3	2	22.0	2
1218.473	31.62	2.85	90.19	7.57	8.76	66.32	73.5	2	22.0	2
1218.618	31.64	2.86	90.59	7.87	7.83	61.61	68.0	2	23.0	2
1218.678	31.22	2.90	90.56	7.81	8.50	66.38	73.3	2	23.5	2
1218.782	31.38	2.86	89.86	7.75	8.44	65.41	72.8	2	22.0	2
1218.927	31.56	2.87	90.56	7.61	9.09	69.19	76.4	2	23.0	2
1218.987	31.06	2.91	90.37	7.70	8.52	65.66	72.7	2	22.5	2
1219.091	31.85	2.85	90.69	7.81	8.52	66.59	73.4	2	22.5	2
1219.236	31.01	2.91	90.27	7.71	8.50	65.57	72.6	2	23.0	2
1219.296	31.06	2.91	90.53	7.68	8.73	67.11	74.1	2	22.5	2
1219.400	31.69	2.87	90.94	7.74	8.31	64.33	70.7	2	23.0	2
1219.545	31.09	2.92	90.89	7.70	8.83	67.97	74.8	2	23.5	2
1219.605	30.92	2.94	90.80	7.78	8.48	65.96	72.6	2	22.5	2
1219.709	31.25	2.89	90.20	7.58	9.06	68.72	76.2	2	21.5	2
1219.854	31.43	2.86	89.85	7.86	7.99	62.82	69.9	2	24.0	2
1219.914	31.22	2.88	90.05	7.82	8.56	66.99	74.4	2	22.5	2
1220.018	31.54	2.86	90.31	7.67	8.82	67.59	74.8	2	22.5	2
1220.163	31.44	2.88	90.44	7.67	8.79	67.41	74.5	2	23.5	2
1220.223	31.14	2.91	90.65	7.57	9.02	68.23	75.3	2	22.0	2
1220.327	31.94	2.83	90.44	7.82	8.13	63.60	70.3	2	23.0	2
1220.472	31.06	2.90	90.10	7.74	8.59	66.47	73.8	2	22.0	2
1220.532	31.72	2.84	90.03	7.77	8.38	65.13	72.3	2	22.0	2
1220.636	31.72	2.86	90.66	7.61	9.06	68.98	76.1	2	21.5	2
1220.781	31.91	2.83	90.46	7.87	8.23	64.72	71.5	2	23.0	2
1220.841	31.35	2.89	90.71	7.73	8.97	69.30	76.4	2	24.0	2
1220.945	31.23	2.89	90.37	7.79	8.37	65.18	72.1	2	22.0	2
1221.090	31.12	2.90	90.14	7.57	9.23	69.85	77.5	2	22.5	2
1221.150	31.87	2.82	89.92	7.60	8.68	65.98	73.4	2	21.0	2
1221.254	31.48	2.87	90.20	7.73	8.20	63.35	70.2	2	21.5	2
1221.399	31.81	2.85	90.67	7.83	7.74	60.57	66.8	2	21.5	2
1221.459	32.21	2.82	90.95	7.86	7.53	59.22	65.1	2	22.0	2
1221.563	32.41	2.79	90.55	7.93	7.49	59.38	65.6	2	22.0	2
1221.708	30.59	2.94	90.05	7.73	8.93	69.01	76.6	2	24.5	2
1221.768	30.27	2.98	90.25	7.57	9.37	70.92	78.6	2	22.0	2
1221.872	31.77	2.84	90.21	7.62	8.71	66.36	73.6	2	21.5	2
1222.017	31.52	2.88	90.71	7.75	8.18	63.34	69.8	2	21.5	2
1222.077	32.00	2.83	90.69	7.75	8.33	64.56	71.2	2	22.0	2
1222.181	31.05	2.90	90.14	7.50	9.01	67.53	74.9	2	22.5	2
1222.326	31.80	2.84	90.44	7.87	8.38	65.96	72.9	2	24.5	2
1222.386	30.81	2.94	90.46	7.69	8.97	68.94	76.2	2	24.0	2
1222.490	31.77	2.82	89.61	7.71	8.46	65.23	72.8	2	22.0	2
1222.635	30.94	2.93	90.50	7.63	8.78	66.93	74.0	2	22.0	2
1222.695	31.61	2.86	90.41	7.84	8.11	63.55	70.3	2	23.0	2
1222.799	30.94	2.92	90.22	7.76	8.86	68.78	76.2	2	23.5	2
1222.944	31.23	2.89	90.28	7.74	8.54	66.13	73.3	2	23.5	2
1223.004	30.75	2.93	89.98	7.61	8.97	68.33	75.9	2	22.5	2
1223.108	32.04	2.79	89.23	7.74	8.06	62.39	69.9	2	22.0	2
1223.253	30.65	2.92	89.50	7.92	7.98	63.22	70.6	2	23.5	2
1223.313	31.31	2.86	89.64	7.85	8.51	66.87	74.6	2	22.5	2
1223.417	31.04	2.89	89.83	7.68	9.43	72.42	80.6	2	24.0	2
1223.562	31.21	2.87	89.63	7.63	8.70	66.40	74.1	2	21.5	2
1223.622	32.13	2.78	89.41	7.60	8.40	63.90	71.5	2	21.0	2
1223.726	32.60	2.73	89.05	7.64	8.12	62.11	69.7	2	21.5	2
1223.871	33.21	2.67	88.72	7.48	9.01	67.40	76.0	2	22.5	2
1223.931	31.66	2.81	88.89	7.66	8.41	64.45	72.5	2	24.5	2
1224.035	30.72	2.89	88.64	7.55	8.46	63.93	72.1	2	21.0	2
1224.180	31.40	2.83	88.83	7.45	8.71	64.87	73.0	2	23.5	2
1224.240	30.89	2.90	89.63	7.54	8.62	65.01	72.5	2	24.0	2
1224.344	30.91	2.90	89.71	7.43	8.84	65.71	73.2	2	21.0	2
1224.489	31.58	2.82	88.90	7.46	8.69	64.88	73.0	2	21.0	2
1224.549	32.58	2.70	87.92	7.37	8.78	64.72	73.6	2	21.0	2
1224.653	32.23	2.76	88.84	7.50	8.72	65.36	73.6	2	24.0	2
1224.798	30.99	2.87	88.98	7.63	8.48	64.66	72.7	2	21.5	2
1224.858	31.83	2.80	89.00	7.49	8.72	65.26	73.3	2	22.5	2
1224.962	32.46	2.76	89.43	7.47	8.92	66.61	74.5	2	22.0	2
1225.107	31.02	2.89	89.57	7.55	8.85	66.84	74.6	2	22.5	2
1225.167	31.57	2.84	89.71	7.56	8.77	66.28	73.9	2	22.5	2
1225.271	30.72	2.93	90.04	7.53	9.16	68.95	76.6	2	23.5	2
1225.416	32.45	2.75	89.35	7.71	8.82	68.04	76.2	2	23.0	2
1225.476	31.53	2.84	89.69	7.85	8.32	65.27	72.8	2	23.5	2
1225.580	32.01	2.82	90.36	7.99	8.01	63.98	70.8	2	22.5	2
1225.725	32.06	2.84	90.91	7.83	8.84	69.17	76.1	2	22.5	2
1225.785	32.21	2.81	90.65	7.64	9.32	71.20	78.5	2	22.0	2
1225.889	31.11	2.92	90.94	7.61	8.84	67.26	74.0	2	23.0	2
1226.034	31.89	2.82	90.06	7.56	8.79	66.46	73.8	2	23.0	2
1226.094	31.30	2.87	89.93	7.47	9.10	68.01	75.6	2	22.5	2
1226.198	32.37	2.77	89.61	7.80	7.84	61.15	68.2	2	22.0	2
1226.343	31.65	2.84	90.01	7.85	8.36	65.65	72.9	2	24.0	2
1226.403	30.63	2.93	89.88	7.70	9.04	69.63	77.5	2	24.0	2
1226.507	31.16	2.88	89.89	7.49	9.66	72.38	80.5	2	22.5	2
1226.652	32.16	2.78	89.55	7.34	9.45	69.39	77.5	2	21.5	2
1226.712	31.95	2.82	90.16	7.32	9.63	70.45	78.1	2	23.5	2
1226.816	30.32	2.96	89.90	7.40	9.38	69.38	77.2	2	23.0	2
1226.961	31.55	2.86	90.32	7.62	8.28	63.09	69.9	2	21.5	2
1227.021	32.22	2.79	89.87	7.67	8.10	62.12	69.1	2	22.5	2
1227.125	32.08	2.80	89.94	7.76	8.29	64.29	71.5	2	22.5	2
1227.270	31.72	2.83	89.93	7.51	9.27	69.64	77.4	2	22.5	2
1227.330	31.60	2.84	89.78	7.54	9.02	67.96	75.7	2	23.0	2
1227.434	32.26	2.75	88.79	7.71	7.85	60.58	68.2	2	22.5	2
1227.579	32.67	2.77	90.46	7.94	7.64	60.70	67.1	2	23.0	2
1227.639	31.85	2.82	89.92	7.83	8.32	65.13	72.4	2	24.0	2
1227.743	30.33	2.96	89.70	7.64	8.94	68.26	76.1	2	23.5	2
1227.888	31.70	2.81	88.97	7.73	8.61	66.54	74.8	2	22.0	2
1227.948	31.27	2.85	89.16	7.61	9.01	68.51	76.8	2	22.5	2
1228.052	31.66	2.83	89.45	7.76	8.07	62.60	70.0	2	23.0	2
1228.197	29.90	2.96	88.66	7.74	8.93	69.06	77.9	2	24.5	2
1228.257	29.77	2.99	89.10	7.68	9.42	72.34	81.2	2	23.0	2
1228.361	31.56	2.83	89.39	7.61	9.65	73.42	82.1	2	22.0	2
1228.506	30.05	2.97	89.35	7.59	9.88	74.94	83.9	2	23.5	2
1228.566	30.70	2.93	90.02	7.50	9.93	74.54	82.8	2	22.0	2
1228.670	31.61	2.85	90.07	7.45	9.84	73.32	81.4	2	21.5	2
1228.815	32.48	2.78	90.16	7.42	9.42	69.95	77.6	2	21.5	2
1228.875	32.26	2.79	90.13	7.45	9.60	71.54	79.4	2	22.0	2
1228.979	32.36	2.78	90.03	7.54	9.65	72.76	80.8	2	23.5	2
1229.124	30.32	2.96	89.69	7.83	8.58	67.19	74.9	2	23.0	2
1229.184	30.40	2.95	89.84	7.81	8.06	63.02	70.1	2	22.0	2
1229.288	31.16	2.88	89.73	7.53	8.93	67.25	74.9	2	22.5	2
1229.433	31.31	2.90	90.76	7.42	9.60	71.21	78.5	2	22.0	2
1229.493	31.66	2.84	90.00	7.40	9.57	70.83	78.7	2	22.0	2
1229.597	31.26	2.86	89.55	7.40	9.60	71.08	79.4	2	22.5	2
1229.742	32.34	2.76	89.31	7.33	9.19	67.36	75.4	2	21.0	2
1229.802	32.20	2.78	89.56	7.35	9.44	69.37	77.5	2	22.5	2
1229.906	30.88	2.88	88.96	7.44	9.51	70.74	79.5	2	22.5	2
1230.051	31.41	2.87	90.04	7.44	9.65	71.83	79.8	2	23.5	2
1230.111	30.33	2.94	89.31	7.38	9.66	71.27	79.8	2	23.0	2
1230.215	31.38	2.85	89.51	7.31	9.36	68.42	76.4	2	22.0	2
1230.360	32.40	2.72	88.20	7.34	9.00	66.08	74.9	2	21.5	2
1230.420	32.30	2.74	88.49	7.38	9.13	67.39	76.2	2	23.5	2
1230.524	30.70	2.90	89.14	7.64	8.29	63.35	71.1	2	23.0	2
1230.669	31.62	2.83	89.33	7.48	9.10	68.04	76.2	2	21.5	2
1230.729	32.38	2.75	89.10	7.53	9.11	68.59	77.0	2	23.0	2
1230.833	32.75	2.73	89.46	7.87	8.17	64.32	71.9	2	23.0	2
1230.978	31.32	2.87	90.01	7.90	7.49	59.21	65.8	2	22.0	2
1231.038	31.38	2.87	89.91	7.83	7.71	60.42	67.2	2	22.5	2
1231.142	31.57	2.87	90.46	7.57	8.60	65.07	71.9	2	23.0	2
1231.287	31.24	2.90	90.70	7.39	9.43	69.70	76.8	2	22.5	2
1231.347	31.02	2.91	90.23	7.37	9.34	68.88	76.3	2	22.5	2
1231.451	31.26	2.89	90.42	7.59	8.31	63.08	69.8	2	22.5	2
1231.596	31.92	2.83	90.39	7.94	7.79	61.90	68.5	2	23.0	2
1231.656	31.11	2.91	90.50	7.84	8.49	66.62	73.6	2	24.5	2
1231.760	31.40	2.87	90.28	7.55	9.38	70.86	78.5	2	21.5	2
1231.905	31.33	2.91	91.13	7.58	8.95	67.87	74.5	2	21.5	2
1231.965	31.51	2.90	91.31	7.65	8.54	65.35	71.6	2	23.0	2
1232.069	31.40	2.87	90.16	7.69	8.35	64.24	71.3	2	22.0	2
1232.214	31.55	2.86	90.36	7.64	8.92	68.11	75.4	2	22.0	2
1232.274	31.57	2.87	90.55	7.52	9.28	69.75	77.0	2	21.5	2
1232.378	31.83	2.84	90.32	7.65	8.41	64.38	71.3	2	21.5	2
1232.523	31.76	2.85	90.50	7.78	7.66	59.61	65.9	2	21.5	2
1232.583	31.59	2.87	90.65	7.77	7.74	60.10	66.3	2	22.0	2
1232.687	31.62	2.86	90.39	7.60	8.29	62.97	69.7	2	22.5	2
1232.832	31.18	2.89	90.12	7.34	9.35	68.67	76.2	2	22.0	2
1232.892	30.93	2.92	90.31	7.30	9.50	69.39	76.8	2	22.0	2
1232.996	31.38	2.87	90.04	7.29	9.55	69.61	77.3	2	22.0	2
1233.141	31.07	2.90	90.17	7.29	9.51	69.30	76.9	2	22.5	2
1233.201	30.90	2.91	89.93	7.37	9.24	68.12	75.7	2	22.0	2
1233.305	30.98	2.91	90.29	7.44	8.85	65.84	72.9	2	21.5	2
1233.450	31.88	2.83	90.20	7.30	9.33	68.12	75.5	2	21.5	2
1233.510	32.13	2.79	89.53	7.29	9.46	68.98	77.0	2	22.0	2
1233.614	31.06	2.87	89.07	7.57	8.82	66.79	75.0	2	23.0	2
1233.759	32.09	2.77	89.05	7.69	8.21	63.14	70.9	2	21.5	2
1233.819	32.88	2.69	88.46	7.53	8.55	64.32	72.7	2	21.5	2
1233.923	31.28	2.85	89.08	7.76	8.04	62.35	70.0	2	25.0	2
1234.068	31.49	2.81	88.64	7.61	8.35	63.56	71.7	2	21.0	2
1234.128	32.45	2.73	88.55	7.52	8.80	66.17	74.7	2	21.5	2
1234.232	30.79	2.87	88.28	7.59	8.44	64.10	72.6	2	22.5	2
1234.377	31.77	2.84	90.27	7.59	8.48	64.40	71.3	2	20.5	2
1234.437	32.36	2.75	88.93	7.50	8.93	66.97	75.3	2	22.5	2
1234.541	31.34	2.87	89.80	7.77	7.98	61.98	69.0	2	23.5	2
1234.686	31.41	2.82	88.71	7.45	9.02	67.20	75.8	2	21.5	2
1234.746	32.37	2.73	88.40	7.54	8.62	64.97	73.5	2	20.5	2
1234.850	32.62	2.73	88.96	7.70	8.65	66.64	74.9	2	22.0	2
1234.995	31.57	2.85	90.01	7.54	8.73	65.87	73.2	2	21.5	2
1235.055	31.92	2.81	89.60	7.49	8.96	67.17	75.0	2	23.0	2
1235.159	31.19	2.89	90.05	7.66	8.56	65.60	72.8	2	23.5	2
1235.304	31.70	2.84	90.00	7.79	8.70	67.73	75.3	2	22.5	2
1235.364	32.16	2.79	89.78	7.85	8.02	62.98	70.2	2	22.0	2
1235.468	31.59	2.84	89.57	7.62	8.69	66.22	73.9	2	23.0	2
1235.613	31.73	2.85	90.42	7.72	8.62	66.51	73.5	2	22.0	2
1235.673	31.86	2.83	90.21	7.74	8.34	64.54	71.5	2	22.5	2
1235.777	31.03	2.92	90.50	7.71	8.40	64.71	71.5	2	22.5	2
1235.922	31.71	2.83	89.80	7.75	8.93	69.21	77.1	2	24.0	2
1235.982	31.58	2.86	90.32	7.90	8.31	65.62	72.7	2	22.5	2
1236.086	31.92	2.85	91.01	7.87	7.73	60.80	66.8	2	21.5	2
1236.231	31.85	2.82	89.72	7.54	8.98	67.68	75.4	2	22.0	2
1236.291	31.88	2.83	90.20	7.66	8.71	66.70	74.0	2	23.5	2
1236.395	32.20	2.78	89.59	7.64	8.47	64.70	72.2	2	21.0	2
1236.540	31.64	2.84	89.81	7.75	8.21	63.60	70.8	2	23.5	2
1236.600	31.36	2.84	89.10	7.57	8.87	67.17	75.4	2	22.0	2
1236.704	31.46	2.85	89.57	7.61	8.59	65.38	73.0	2	22.5	2
1236.849	31.44	2.87	90.38	7.80	8.78	68.45	75.7	2	23.0	2
1236.909	31.44	2.87	90.12	7.87	8.16	64.22	71.3	2	23.5	2
1237.013	31.07	2.90	90.08	7.56	8.61	65.10	72.3	2	21.0	2
1237.158	30.64	2.90	88.89	7.52	8.64	64.98	73.1	2	24.0	2
1237.218	31.26	2.84	88.65	7.55	8.91	67.32	75.9	2	22.0	2
1237.322	31.93	2.78	88.87	7.57	8.43	63.80	71.8	2	23.0	2
1237.467	31.78	2.84	90.35	7.64	8.52	65.04	72.0	2	21.5	2
1237.527	32.01	2.80	89.75	7.58	8.80	66.64	74.3	2	22.5	2
1237.631	32.09	2.79	89.67	7.76	8.40	65.20	72.7	2	21.5	2
1237.776	31.18	2.88	89.87	7.52	8.87	66.65	74.2	2	22.0	2
1237.836	31.00	2.90	89.96	7.45	9.25	68.90	76.6	2	23.5	2
1237.940	31.95	2.75	87.98	7.56	8.92	67.46	76.7	2	21.5	2
1238.085	31.87	2.78	88.66	7.51	8.97	67.39	76.0	2	24.5	2
1238.145	30.32	2.92	88.44	7.62	8.65	65.93	74.5	2	24.5	2
1238.249	30.52	2.88	87.91	7.59	8.67	65.82	74.9	2	22.0	2
1238.394	32.91	2.66	87.38	7.62	8.45	64.40	73.7	2	22.0	2
1238.454	31.54	2.80	88.45	7.57	8.48	64.18	72.6	2	24.0	2
1238.558	31.64	2.83	89.54	7.59	8.43	64.02	71.5	2	20.5	2
1238.703	31.95	2.80	89.62	7.67	8.34	63.95	71.4	2	23.5	2
1238.763	31.32	2.85	89.26	7.51	8.86	66.54	74.5	2	23.5	2
1238.867	31.08	2.89	89.78	7.61	8.56	65.13	72.5	2	21.5	2
1239.012	32.55	2.75	89.37	7.70	8.75	67.39	75.4	2	22.0	2
1239.072	32.46	2.75	89.41	7.83	8.21	64.23	71.8	2	24.0	2
1239.176	29.66	2.95	87.57	7.63	8.01	61.07	69.7	2	23.5	2
1239.321	32.22	2.74	88.34	7.54	8.59	64.72	73.3	2	20.5	2
1239.381	32.80	2.69	88.10	7.49	8.74	65.51	74.4	2	21.5	2
1239.485	31.14	2.83	87.99	7.64	8.06	61.58	70.0	2	24.5	2
1239.630	31.40	2.84	89.18	7.59	8.51	64.60	72.4	2	21.0	2
1239.690	32.36	2.73	88.28	7.61	8.77	66.75	75.6	2	22.5	2
1239.794	31.47	2.83	88.97	7.62	8.40	64.05	72.0	2	22.5	2
1239.939	31.71	2.82	89.52	7.62	8.57	65.32	73.0	2	22.0	2
1239.999	32.22	2.79	89.77	7.59	8.64	65.61	73.1	2	21.0	2
1240.103	31.16	2.86	89.18	7.69	8.51	65.42	73.4	2	24.0	2
1240.248	32.35	2.74	88.80	7.51	8.68	65.17	73.4	2	22.0	2
1240.308	31.31	2.83	88.73	7.58	8.64	65.49	73.8	2	23.0	2
1240.412	30.13	2.96	89.07	7.67	8.68	66.54	74.7	2	24.0	2
1240.557	31.43	2.86	89.74	7.57	8.77	66.39	74.0	2	22.5	2
1240.617	31.76	2.84	90.35	7.67	8.45	64.87	71.8	2	22.0	2
1240.721	31.89	2.83	90.31	7.60	9.14	69.47	76.9	2	22.5	2
1240.866	30.96	2.88	89.31	7.87	7.79	61.29	68.6	2	23.5	2
1240.926	30.45	2.93	89.34	7.69	8.42	64.73	72.5	2	22.0	2
1241.030	32.40	2.71	87.84	7.59	8.57	65.08	74.1	2	22.0	2
1241.175	31.39	2.86	89.86	7.68	9.02	69.23	77.0	2	22.5	2
1241.235	31.65	2.84	89.90	7.86	8.41	66.07	73.5	2	23.5	2
1241.339	31.87	2.82	89.91	7.78	8.01	62.29	69.3	2	22.5	2
1241.484	31.30	2.87	89.93	7.59	8.89	67.48	75.0	2	21.5	2
1241.544	32.17	2.75	88.50	7.65	8.55	65.35	73.8	2	22.5	2
1241.648	32.58	2.73	88.83	7.58	8.89	67.46	75.9	2	22.5	2
1241.793	30.10	2.94	88.58	7.74	8.01	61.97	70.0	2	23.5	2
1241.853	30.17	2.95	88.98	7.53	8.74	65.80	74.0	2	21.5	2
1241.957	32.62	2.66	86.75	7.53	8.39	63.21	72.9	2	21.0	2
1242.102	32.47	2.70	87.74	7.43	8.76	65.02	74.1	2	23.5	2
1242.162	30.66	2.86	87.66	7.50	8.54	64.04	73.1	2	23.5	2
1242.266	30.36	2.93	89.02	7.62	8.36	63.74	71.6	2	22.5	2
1242.411	32.81	2.67	87.55	7.58	8.60	65.18	74.4	2	21.5	2
1242.471	32.44	2.74	88.80	7.56	8.61	65.04	73.2	2	22.5	2
1242.575	31.47	2.86	89.88	7.57	8.69	65.79	73.2	2	22.5	2
1242.720	31.90	2.80	89.46	7.75	8.20	63.51	71.0	2	22.5	2
1242.780	31.87	2.80	89.31	7.57	8.83	66.79	74.8	2	21.5	2
1242.884	30.98	2.88	89.28	7.55	8.62	65.07	72.9	2	24.0	2
1243.029	31.51	2.82	88.84	7.60	9.02	68.51	77.1	2	23.0	2
1243.089	31.63	2.81	88.93	7.79	8.47	65.96	74.2	2	24.0	2
1243.193	29.76	2.95	87.80	7.69	7.85	60.38	68.8	2	23.0	2
1243.338	32.58	2.66	86.52	7.42	8.60	63.85	73.8	2	20.5	2
1243.398	33.29	2.58	85.75	7.39	8.63	63.84	74.4	2	21.5	2
1243.502	31.18	2.80	87.24	7.40	8.79	65.07	74.6	2	24.0	2
1243.647	30.75	2.89	88.75	7.63	8.69	66.37	74.8	2	21.5	2
1243.707	31.77	2.79	88.72	7.59	8.31	63.10	71.1	2	21.0	2
1243.811	32.12	2.75	88.26	7.39	8.67	64.04	72.6	2	23.5	2
1243.956	29.70	2.97	88.08	7.50	8.61	64.55	73.3	2	22.5	2
1244.016	31.22	2.83	88.49	7.52	8.62	64.84	73.3	2	21.5	2
1244.120	32.63	2.71	88.53	7.57	8.61	65.17	73.6	2	22.5	2
1244.265	31.59	2.80	88.46	7.45	8.84	65.90	74.5	2	21.5	2
1244.325	32.49	2.70	87.78	7.50	8.50	63.78	72.7	2	21.0	2
1244.429	32.96	2.65	87.26	7.57	8.60	65.15	74.7	2	23.0	2
1244.574	31.91	2.75	87.70	7.41	8.87	65.69	74.9	2	21.0	2
1244.634	32.12	2.75	88.42	7.51	8.56	64.23	72.6	2	23.5	2
1244.738	30.63	2.91	89.13	7.47	9.20	68.68	77.1	2	22.0	2
1244.883	32.12	2.80	89.83	7.81	8.24	64.41	71.7	2	22.0	2
1244.943	32.27	2.79	89.95	7.87	7.85	61.79	68.7	2	23.0	2
1245.047	31.54	2.86	90.24	7.89	7.60	59.98	66.5	2	23.5	2
1245.192	32.09	2.79	89.39	7.97	7.74	61.72	69.0	2	22.5	2
1245.252	32.27	2.79	89.98	8.01	7.88	63.15	70.2	2	23.5	2
1245.356	31.22	2.88	89.89	7.74	8.78	68.01	75.7	2	23.5	2
1245.501	31.89	2.81	89.73	7.41	9.47	70.21	78.2	2	22.5	2
1245.561	30.94	2.89	89.37	7.39	9.47	69.93	78.3	2	23.0	2
1245.665	31.65	2.83	89.48	7.50	8.86	66.46	74.3	2	22.0	2
1245.810	30.77	2.92	89.71	7.49	8.96	67.14	74.8	2	22.0	2
1245.870	31.35	2.87	89.96	7.52	8.90	66.87	74.3	2	21.5	2
1245.974	31.38	2.88	90.32	7.42	9.19	68.23	75.5	2	23.0	2
1246.119	30.87	2.90	89.43	7.54	8.82	66.53	74.4	2	22.0	2
1246.179	31.70	2.83	89.63	7.58	8.45	64.08	71.5	2	22.5	2
1246.283	32.17	2.75	88.54	7.71	8.09	62.42	70.5	2	21.5	2
1246.428	31.43	2.81	88.46	7.74	8.04	62.22	70.3	2	24.5	2
1246.488	31.00	2.87	89.08	7.81	8.07	63.00	70.7	2	22.5	2
1246.592	31.23	2.86	89.40	7.77	8.03	62.36	69.8	2	23.5	2
1246.737	31.47	2.86	89.84	7.83	8.16	63.90	71.1	2	22.5	2
1246.797	31.50	2.86	90.24	7.81	8.23	64.28	71.2	2	22.5	2
1246.901	30.85	2.89	89.25	7.54	9.04	68.18	76.4	2	22.0	2
1247.046	31.18	2.88	89.85	7.54	8.84	66.70	74.2	2	21.5	2
1247.106	31.68	2.84	89.83	7.68	8.17	62.79	69.9	2	22.5	2
1247.210	32.08	2.80	89.78	7.81	7.74	60.47	67.4	2	22.5	2
1247.355	31.90	2.79	89.04	7.82	8.26	64.59	72.5	2	23.0	2
1247.415	32.18	2.78	89.49	7.65	8.87	67.84	75.8	2	22.5	2
1247.519	30.12	2.96	89.13	7.51	9.24	69.38	77.8	2	23.5	2
1247.664	32.10	2.77	89.02	7.49	8.85	66.24	74.4	2	21.0	2
1247.724	32.59	2.72	88.61	7.44	9.14	67.97	76.7	2	22.5	2
1247.828	31.00	2.85	88.49	7.72	8.20	63.32	71.5	2	22.5	2
1247.973	31.42	2.85	89.42	7.52	8.90	66.93	74.8	2	23.0	2
1248.033	30.96	2.88	89.18	7.56	8.89	67.21	75.4	2	22.5	2
1248.137	32.05	2.79	89.27	7.62	8.49	64.70	72.5	2	22.5	2
1248.282	30.68	2.92	89.60	7.53	8.83	66.47	74.2	2	24.0	2
1248.342	30.86	2.92	89.97	7.48	9.28	69.46	77.2	2	22.0	2
1248.446	31.75	2.85	90.34	7.53	9.44	71.10	78.7	2	23.0	2
1248.591	31.80	2.82	89.66	7.64	9.35	71.38	79.6	2	23.5	2
1248.651	31.75	2.83	89.78	7.58	9.50	71.95	80.1	2	21.5	2
1248.755	31.24	2.88	89.84	7.45	9.58	71.33	79.4	2	23.5	2
1248.900	32.41	2.76	89.56	7.57	8.80	66.63	74.4	2	22.0	2
1248.960	32.36	2.78	90.09	7.46	9.21	68.71	76.3	2	21.5	2
1249.064	32.02	2.82	90.40	7.62	8.36	63.70	70.5	2	22.5	2
1249.209	31.28	2.87	89.77	7.68	8.65	66.45	74.0	2	22.5	2
1249.269	32.03	2.79	89.27	7.58	8.84	67.06	75.1	2	21.5	2
1249.373	32.42	2.76	89.59	7.62	8.43	64.19	71.7	2	21.5	2
1249.518	31.19	2.88	89.84	7.73	8.58	66.31	73.8	2	24.0	2
1249.578	30.21	2.95	89.05	7.56	9.14	69.12	77.6	2	23.5	2
1249.682	30.91	2.89	89.40	7.59	8.61	65.30	73.0	2	21.5	2
1249.827	31.12	2.86	89.11	7.66	8.40	64.37	72.2	2	23.5	2
1249.887	30.54	2.91	88.94	7.54	8.74	65.86	74.0	2	23.0	2
1249.991	31.40	2.87	90.08	7.40	9.43	69.78	77.5	2	22.0	2
1250.136	31.87	2.83	90.17	7.61	8.27	62.97	69.8	2	22.5	2
1250.196	32.27	2.77	89.55	7.77	8.20	63.70	71.1	2	23.5	2
1250.300	31.11	2.88	89.75	7.60	9.12	69.33	77.2	2	22.0	2
1250.445	32.40	2.75	89.23	7.58	8.52	64.55	72.3	2	22.5	2
1250.505	32.21	2.78	89.55	7.59	8.62	65.38	73.0	2	22.5	2
1250.609	32.01	2.81	90.01	7.41	9.32	69.06	76.7	2	21.0	2
1250.754	31.93	2.84	90.68	7.57	8.35	63.16	69.6	2	22.0	2
1250.814	31.33	2.88	90.27	7.70	7.81	60.16	66.6	2	23.0	2
1250.918	32.22	2.78	89.59	7.85	7.94	62.35	69.6	2	22.0	2
1251.063	30.49	2.90	88.56	7.54	9.29	70.05	79.1	2	24.0	2
1251.123	29.80	2.96	88.35	7.48	9.37	70.14	79.4	2	23.5	2
1251.227	30.46	2.93	89.40	7.45	9.24	68.80	77.0	2	20.5	2
1251.372	31.94	2.77	88.53	7.60	8.47	64.37	72.7	2	24.5	2
1251.432	29.88	2.91	86.94	7.54	8.01	60.46	69.5	2	23.5	2
1251.536	31.33	2.80	87.82	7.47	8.78	65.60	74.7	2	21.5	2
1251.681	30.64	2.91	89.20	7.45	9.14	68.12	76.4	2	24.5	2
1251.741	30.53	2.93	89.56	7.61	8.82	67.06	74.9	2	22.0	2
1251.845	31.00	2.89	89.58	7.75	7.87	61.03	68.1	2	21.5	2
1251.990	32.52	2.76	89.68	7.57	8.43	63.86	71.2	2	21.5	2
1252.050	31.50	2.85	89.74	7.52	8.57	64.52	71.9	2	23.5	2
1252.154	31.52	2.85	89.78	7.55	9.22	69.61	77.5	2	22.5	2
1252.299	31.95	2.82	90.07	7.89	7.89	62.23	69.1	2	22.5	2
1252.359	31.95	2.82	90.22	7.87	7.76	61.03	67.6	2	21.5	2
1252.463	32.32	2.75	88.78	7.52	8.67	65.23	73.5	2	21.5	2
1252.608	30.16	2.94	88.59	7.58	8.55	64.81	73.2	2	23.5	2
1252.668	30.62	2.91	89.07	7.55	9.10	68.64	77.1	2	22.0	2
1252.772	32.09	2.79	89.39	7.78	8.26	64.26	71.9	2	22.0	2
1252.917	31.89	2.80	89.35	7.53	9.02	67.86	75.9	2	21.5	2
1252.977	32.69	2.67	87.41	7.55	8.68	65.58	75.0	2	21.0	2
1253.081	30.72	2.89	88.85	7.48	9.13	68.27	76.8	2	24.5	2
1253.226	31.59	2.84	89.83	7.64	8.31	63.45	70.6	2	21.0	2
1253.286	32.12	2.78	89.41	7.54	8.67	65.38	73.1	2	23.0	2
1253.390	30.40	2.94	89.41	7.53	8.63	64.95	72.6	2	22.0	2
1253.535	32.58	2.74	89.13	7.71	8.29	63.85	71.6	2	21.5	2
1253.595	32.39	2.78	90.01	7.60	8.49	64.46	71.6	2	22.5	2
1253.699	31.54	2.86	90.09	7.58	8.74	66.31	73.6	2	23.0	2
1253.844	31.83	2.81	89.55	7.58	8.41	63.76	71.2	2	21.5	2
1253.904	32.66	2.70	88.21	7.51	8.75	65.70	74.5	2	22.0	2
1254.008	31.49	2.81	88.44	7.57	8.21	62.15	70.3	2	23.0	2
1254.153	32.63	2.67	87.17	7.45	8.83	65.75	75.4	2	21.5	2
1254.213	32.77	2.67	87.51	7.51	8.47	63.64	72.7	2	21.5	2
1254.317	31.16	2.86	89.04	7.56	9.04	68.35	76.8	2	24.0	2
1254.462	31.42	2.86	89.79	7.54	8.72	65.80	73.3	2	21.5	2
1254.522	32.31	2.71	87.61	7.50	8.69	65.25	74.5	2	21.5	2
1254.626	32.83	2.68	87.98	7.44	8.91	66.33	75.4	2	22.0	2
1254.771	32.37	2.79	90.21	7.50	8.94	67.04	74.3	2	23.5	2
1254.831	31.65	2.85	90.26	7.60	8.67	65.90	73.0	2	23.5	2
1254.935	31.38	2.88	90.22	7.50	9.05	67.86	75.2	2	21.5	2
1255.080	31.34	2.86	89.62	7.79	8.26	64.37	71.8	2	24.0	2
1255.140	29.88	2.96	88.41	7.71	7.81	60.27	68.2	2	23.5	2
1255.244	31.64	2.78	87.94	7.42	8.69	64.49	73.3	2	20.5	2
1255.389	30.02	2.94	88.32	7.58	8.45	64.07	72.5	2	23.5	2
1255.449	30.60	2.91	88.92	7.51	8.72	65.50	73.7	2	21.5	2
1255.553	32.75	2.64	86.32	7.41	8.67	64.25	74.4	2	21.0	2
1255.698	32.90	2.64	86.84	7.45	8.46	63.06	72.6	2	23.5	2
1255.758	31.05	2.82	87.70	7.45	8.45	62.94	71.8	2	24.0	2
1255.862	29.86	2.94	87.68	7.46	8.68	64.75	73.8	2	22.5	2
1256.007	31.17	2.85	88.91	7.43	8.83	65.57	73.7	2	23.5	2
1256.067	30.13	2.93	88.36	7.44	8.78	65.34	73.9	2	23.5	2
1256.171	30.66	2.92	89.40	7.43	8.92	66.28	74.1	2	20.5	2
1256.316	32.43	2.73	88.45	7.51	8.55	64.20	72.6	2	23.0	2
1256.376	31.89	2.81	89.52	7.54	8.49	64.00	71.5	2	23.0	2
1256.480	30.35	2.94	89.31	7.63	8.38	63.90	71.6	2	23.5	2
1256.625	32.22	2.75	88.72	7.42	8.86	65.71	74.1	2	20.5	2
1256.685	32.11	2.75	88.27	7.46	8.51	63.45	71.9	2	22.5	2
1256.789	30.76	2.91	89.40	7.53	8.54	64.28	71.9	2	24.0	2
1256.934	32.06	2.82	90.28	7.45	8.84	65.86	72.9	2	22.0	2
1256.994	31.52	2.86	90.10	7.53	8.67	65.28	72.5	2	23.0	2
1257.098	31.02	2.91	90.10	7.58	8.85	67.06	74.4	2	23.0	2
1257.243	31.11	2.90	90.15	7.47	9.07	67.70	75.1	2	22.0	2
1257.303	31.85	2.81	89.54	7.57	8.74	66.13	73.9	2	22.5	2
1257.407	32.85	2.70	88.57	7.49	8.78	65.78	74.3	2	21.0	2
1257.552	31.15	2.86	89.09	7.53	8.65	65.20	73.2	2	22.5	2
1257.612	30.85	2.92	90.01	7.55	9.01	67.99	75.5	2	24.0	2
1257.716	31.21	2.91	90.70	7.54	8.68	65.50	72.2	2	22.0	2
1257.861	31.06	2.91	90.53	7.56	8.91	67.32	74.4	2	22.0	2
1257.921	31.76	2.84	90.27	7.70	8.61	66.30	73.4	2	23.5	2
1258.025	31.52	2.86	90.30	7.48	8.91	66.63	73.8	2	22.5	2
1258.170	30.72	2.95	90.46	7.58	8.85	67.10	74.2	2	23.5	2
1258.230	31.33	2.88	90.38	7.60	9.08	69.01	76.3	2	22.0	2
1258.334	31.90	2.81	89.63	7.67	8.27	63.43	70.8	2	23.0	2
1258.479	31.51	2.84	89.60	7.57	8.89	67.28	75.1	2	23.0	2
1258.539	31.54	2.86	90.30	7.64	8.54	65.21	72.2	2	22.5	2
1258.643	32.40	2.76	89.37	7.49	8.83	66.07	73.9	2	21.0	2
1258.788	30.64	2.91	89.08	7.50	8.60	64.54	72.4	2	22.5	2
1258.848	31.68	2.81	89.10	7.51	8.83	66.35	74.5	2	21.0	2
1258.952	31.94	2.79	88.96	7.52	8.90	67.00	75.3	2	24.0	2
1259.097	30.56	2.92	89.21	7.53	8.60	64.79	72.6	2	21.5	2
1259.157	31.80	2.78	88.55	7.50	8.69	65.18	73.6	2	21.5	2
1259.261	30.99	2.87	88.98	7.46	8.76	65.38	73.5	2	23.0	2
1259.406	31.16	2.90	90.24	7.70	8.40	64.63	71.6	2	21.5	2
1259.466	32.07	2.79	89.41	7.56	8.65	65.38	73.1	2	22.5	2
1259.570	32.43	2.76	89.47	7.58	8.79	66.64	74.5	2	22.5	2
1259.715	31.26	2.86	89.31	7.61	8.75	66.58	74.6	2	23.0	2
1259.775	30.21	2.95	89.10	7.58	8.54	64.70	72.6	2	24.0	2
1259.879	30.91	2.91	89.84	7.73	8.43	65.22	72.6	2	23.5	2
1260.024	31.39	2.88	90.28	7.65	8.78	67.15	74.4	2	23.0	2
1260.084	31.37	2.88	90.34	7.65	8.50	64.99	71.9	2	22.0	2
1260.188	32.41	2.74	88.97	7.66	8.78	67.24	75.6	2	22.0	2
1260.333	31.53	2.85	89.70	7.60	8.82	67.04	74.7	2	22.5	2
1260.393	32.16	2.75	88.49	7.55	8.89	67.06	75.8	2	21.5	2
1260.497	31.91	2.82	89.84	7.62	8.46	64.40	71.7	2	22.0	2
1260.642	32.00	2.81	89.99	7.68	9.06	69.60	77.3	2	22.0	2
1260.702	32.41	2.77	89.79	7.80	8.50	66.35	73.9	2	23.5	2
1260.806	30.91	2.91	89.92	7.79	7.82	60.96	67.8	2	23.0	2
1260.951	32.63	2.72	88.80	7.54	8.56	64.60	72.7	2	21.0	2
1261.011	33.09	2.67	88.50	7.45	8.65	64.48	72.9	2	21.5	2
1261.115	31.58	2.81	88.78	7.59	8.21	62.35	70.2	2	24.0	2
1261.260	32.31	2.74	88.55	7.55	8.57	64.66	73.0	2	21.5	2
1261.320	32.04	2.78	89.12	7.63	8.75	66.83	75.0	2	23.0	2
1261.424	30.56	2.91	89.08	7.55	8.66	65.42	73.4	2	22.0	2
1261.569	31.62	2.81	88.90	7.55	8.95	67.57	76.0	2	24.0	2
1261.629	31.15	2.89	90.07	7.65	8.44	64.53	71.6	2	22.0	2
1261.733	32.28	2.75	88.82	7.41	8.83	65.40	73.6	2	21.0	2
1261.878	31.32	2.86	89.61	7.67	8.66	66.39	74.1	2	23.5	2
1261.938	30.28	2.93	88.72	7.61	8.37	63.74	71.8	2	22.5	2
1262.042	31.35	2.85	89.25	7.59	8.72	66.22	74.2	2	21.5	2
1262.187	31.03	2.89	89.66	7.55	9.02	68.05	75.9	2	23.0	2
1262.247	31.49	2.86	90.09	7.65	8.57	65.55	72.8	2	21.5	2
1262.351	30.36	2.93	89.07	7.56	8.32	62.92	70.6	2	22.0	2
1262.496	32.39	2.72	88.07	7.54	8.75	65.99	74.9	2	22.0	2
1262.556	32.83	2.70	88.77	7.59	8.34	63.25	71.3	2	21.0	2
1262.660	33.60	2.59	87.10	7.52	8.41	63.30	72.7	2	22.0	2
1262.805	31.52	2.81	88.65	7.53	8.69	65.45	73.8	2	22.0	2
1262.865	32.21	2.76	88.79	7.50	8.65	64.94	73.1	2	21.0	2
1262.969	32.08	2.77	88.81	7.56	8.52	64.45	72.6	2	23.5	2
1263.114	30.43	2.93	89.04	7.49	8.96	67.13	75.4	2	23.5	2
1263.174	31.28	2.87	89.86	7.64	8.60	65.69	73.1	2	21.5	2
1263.278	31.96	2.81	89.84	7.58	8.80	66.71	74.3	2	23.0	2
1263.423	31.47	2.89	90.92	7.60	9.03	68.64	75.5	2	22.0	2
1263.483	31.85	2.86	90.99	7.69	8.41	64.64	71.0	2	23.0	2
1263.587	31.65	2.85	90.33	7.49	8.89	66.61	73.7	2	22.0	2
1263.732	31.20	2.90	90.47	7.59	8.74	66.33	73.3	2	23.0	2
1263.792	30.81	2.94	90.69	7.55	9.15	69.05	76.1	2	23.5	2
1263.896	31.72	2.86	90.83	7.77	8.33	64.68	71.2	2	23.0	2
1264.041	32.28	2.75	88.94	7.50	8.78	65.84	74.0	2	22.5	2
1264.101	31.71	2.82	89.56	7.61	8.45	64.34	71.8	2	24.0	2
1264.205	31.17	2.88	89.82	7.58	9.02	68.31	76.0	2	22.5	2
1264.350	31.71	2.85	90.30	7.47	8.88	66.34	73.5	2	22.0	2
1264.410	31.63	2.84	89.89	7.59	8.75	66.38	73.9	2	23.0	2
1264.514	31.86	2.82	89.91	7.53	8.92	67.18	74.7	2	22.0	2
1264.659	31.11	2.86	88.97	7.54	8.69	65.56	73.7	2	22.0	2
1264.719	31.30	2.86	89.47	7.60	8.48	64.42	72.0	2	22.0	2
1264.823	32.62	2.72	88.68	7.63	8.55	65.20	73.5	2	21.5	2
1264.968	30.61	2.94	89.89	7.50	8.76	65.71	73.1	2	23.5	2
1265.028	30.60	2.95	90.15	7.61	8.72	66.31	73.6	2	23.0	2
1265.132	31.42	2.87	90.10	7.54	8.82	66.53	73.8	2	23.0	2
1265.277	32.38	2.74	88.67	7.63	8.45	64.49	72.7	2	21.5	2
1265.337	32.07	2.78	89.22	7.52	8.84	66.49	74.5	2	23.5	2
1265.441	30.61	2.93	89.76	7.53	8.87	66.81	74.4	2	23.5	2
1265.586	32.26	2.76	89.00	7.43	8.85	65.78	73.9	2	20.5	2
1265.646	32.20	2.76	88.76	7.48	8.55	63.96	72.1	2	23.5	2
1265.750	30.50	2.93	89.39	7.43	8.98	66.74	74.7	2	23.5	2
1265.895	30.67	2.92	89.41	7.50	8.76	65.69	73.5	2	22.0	2
1265.955	31.61	2.83	89.35	7.42	8.88	65.82	73.7	2	21.0	2
1266.059	32.12	2.80	89.98	7.51	8.76	65.73	73.1	2	22.5	2
1266.204	29.86	2.99	89.13	7.46	8.69	64.81	72.7	2	23.5	2
1266.264	30.67	2.92	89.51	7.46	9.08	67.77	75.7	2	21.5	2
1266.368	32.19	2.77	89.12	7.54	8.45	63.72	71.5	2	22.5	2
1266.513	31.83	2.83	90.19	7.61	8.58	65.26	72.4	2	22.0	2
1266.573	31.42	2.88	90.57	7.64	8.42	64.32	71.0	2	23.0	2
1266.677	31.52	2.88	90.72	7.53	9.18	69.18	76.3	2	22.0	2
1266.822	31.29	2.89	90.35	7.79	8.52	66.35	73.4	2	22.5	2
1266.882	31.60	2.85	90.22	7.77	8.07	62.71	69.5	2	22.0	2
1266.986	31.61	2.87	90.63	7.78	7.76	60.39	66.6	2	21.5	2
1267.131	32.58	2.75	89.71	7.37	8.87	65.45	73.0	2	21.5	2
1267.191	31.99	2.81	90.02	7.47	8.89	66.39	73.8	2	24.5	2
1267.295	31.37	2.87	89.94	7.53	8.55	64.43	71.6	2	22.5	2
1267.440	31.78	2.84	90.33	7.53	9.31	70.14	77.6	2	22.0	2
1267.500	32.37	2.77	89.55	7.69	8.89	68.38	76.4	2	22.0	2
1267.604	32.61	2.72	88.75	7.83	8.11	63.45	71.5	2	23.5	2
1267.749	30.69	2.92	89.57	7.60	8.11	61.64	68.8	2	21.5	2
1267.809	31.00	2.90	89.84	7.42	8.83	65.57	73.0	2	23.5	2
1267.913	31.30	2.87	89.98	7.48	9.24	69.19	76.9	2	22.5	2
1268.058	31.58	2.86	90.18	7.70	8.48	65.25	72.4	2	22.5	2
1268.118	31.37	2.88	90.42	7.71	8.34	64.28	71.1	2	22.5	2
1268.222	32.34	2.79	90.32	7.54	9.05	68.19	75.5	2	22.0	2
1268.367	31.56	2.86	90.23	7.90	8.21	64.88	71.9	2	24.0	2
1268.427	31.14	2.90	90.23	7.85	7.86	61.73	68.4	2	23.0	2
1268.531	31.82	2.82	89.80	7.69	8.07	62.06	69.1	2	22.0	2
1268.676	32.04	2.79	89.56	7.55	8.87	66.98	74.8	2	22.5	2
1268.736	32.08	2.82	90.33	7.66	8.51	65.21	72.2	2	22.0	2
1268.840	32.58	2.74	89.37	7.56	8.93	67.48	75.5	2	22.0	2
1268.985	32.48	2.78	90.22	7.83	8.01	62.69	69.5	2	22.0	2
1269.045	32.28	2.79	90.19	7.64	8.39	64.08	71.1	2	22.0	2
1269.149	31.31	2.88	90.07	7.46	9.13	68.16	75.7	2	22.5	2
1269.294	32.04	2.83	90.77	7.74	8.45	65.36	72.0	2	23.5	2
1269.354	31.09	2.92	90.81	7.70	8.27	63.69	70.1	2	23.5	2
1269.458	31.76	2.86	90.68	7.54	8.68	65.42	72.1	2	21.5	2
1269.603	32.36	2.78	90.03	7.73	8.95	69.20	76.9	2	23.5	2
1269.663	31.81	2.83	90.08	7.86	8.46	66.52	73.9	2	23.0	2
1269.767	31.43	2.88	90.61	7.87	7.86	61.88	68.3	2	21.5	2
1269.912	31.43	2.88	90.47	7.64	7.93	60.60	67.0	2	22.0	2
1269.972	31.00	2.90	89.99	7.46	8.55	63.77	70.9	2	22.5	2
1270.076	31.75	2.83	89.93	7.34	9.22	67.71	75.3	2	21.5	2
1270.221	31.49	2.86	90.09	7.56	8.78	66.42	73.7	2	22.5	2
1270.281	31.74	2.85	90.48	7.59	8.50	64.54	71.3	2	22.5	2
1270.385	30.71	2.95	90.49	7.67	8.40	64.44	71.2	2	22.5	2
1270.530	32.31	2.78	89.80	7.52	9.32	70.07	78.0	2	22.5	2
1270.590	32.74	2.74	89.83	7.72	8.83	68.21	75.9	2	23.0	2
1270.694	31.46	2.88	90.51	7.88	8.12	64.04	70.8	2	23.5	2
1270.839	30.81	2.95	90.72	7.78	7.68	59.80	65.9	2	21.5	2
1270.899	31.83	2.85	90.86	7.62	8.02	61.08	67.2	2	20.5	2
1271.003	31.74	2.82	89.35	7.48	8.59	64.23	71.9	2	23.5	2
1271.148	31.61	2.84	89.83	7.68	8.53	65.52	72.9	2	21.5	2
1271.208	32.24	2.78	89.65	7.66	8.13	62.28	69.5	2	20.5	2
1271.312	31.77	2.80	88.98	7.50	8.50	63.70	71.6	2	23.5	2
1271.457	30.71	2.93	89.98	7.55	8.60	64.92	72.1	2	21.5	2
1271.517	31.96	2.76	88.14	7.50	8.67	65.03	73.8	2	21.0	2
1271.621	32.87	2.69	88.41	7.61	8.55	65.07	73.6	2	23.0	2
1271.766	31.94	2.79	89.23	7.54	8.56	64.55	72.3	2	22.0	2
1271.826	32.33	2.77	89.46	7.46	8.95	66.80	74.7	2	22.5	2
1271.930	31.88	2.82	89.98	7.57	8.80	66.61	74.0	2	23.5	2
1272.075	32.47	2.79	90.70	7.52	8.89	66.79	73.6	2	20.5	2
1272.135	32.62	2.73	89.02	7.59	8.38	63.66	71.5	2	23.5	2
1272.239	31.27	2.86	89.36	7.57	8.71	65.97	73.8	2	22.0	2
1272.384	32.56	2.77	90.02	7.61	8.64	65.67	73.0	2	22.5	2
1272.444	32.15	2.81	90.39	7.60	8.43	64.05	70.9	2	22.0	2
1272.548	31.47	2.87	90.22	7.65	8.63	66.03	73.2	2	23.0	2
1272.693	32.25	2.80	90.25	7.65	8.61	65.84	73.0	2	22.5	2
1272.753	31.84	2.84	90.50	7.64	8.30	63.41	70.1	2	22.0	2
1272.857	31.11	2.90	90.27	7.60	8.82	67.07	74.3	2	23.0	2
1273.002	32.46	2.77	90.00	7.63	8.52	65.03	72.3	2	22.5	2
1273.062	30.94	2.89	89.49	7.47	8.69	64.92	72.5	2	23.0	2
1273.166	31.57	2.85	89.99	7.64	8.46	64.63	71.8	2	22.0	2
1273.311	31.54	2.89	91.04	7.69	8.29	63.75	70.0	2	22.5	2
1273.371	30.97	2.93	90.62	7.48	8.89	66.49	73.4	2	22.0	2
1273.475	32.23	2.77	89.39	7.60	8.54	64.86	72.6	2	21.5	2
1273.620	30.92	2.87	88.69	7.62	8.22	62.65	70.6	2	23.5	2
1273.680	30.47	2.93	89.17	7.43	8.83	65.60	73.6	2	21.5	2
1273.784	32.32	2.75	88.79	7.55	8.44	63.71	71.8	2	21.0	2
1273.929	31.07	2.88	89.39	7.46	8.82	65.80	73.6	2	23.0	2
1273.989	30.74	2.91	89.45	7.54	8.74	65.83	73.6	2	23.0	2
1274.093	31.77	2.83	89.82	7.58	8.82	66.84	74.4	2	22.0	2
1274.238	30.29	2.95	89.38	7.53	8.69	65.41	73.2	2	22.0	2
1274.298	31.50	2.85	89.72	7.53	8.68	65.36	72.9	2	21.5	2
1274.402	30.80	2.90	89.44	7.60	8.24	62.61	70.0	2	23.0	2
1274.547	31.12	2.88	89.75	7.56	8.56	64.70	72.1	2	23.0	2
1274.607	30.61	2.94	90.10	7.53	8.79	66.18	73.5	2	23.0	2
1274.711	31.57	2.86	90.37	7.65	8.78	67.12	74.3	2	22.0	2
1274.856	30.87	2.93	90.51	7.58	8.49	64.32	71.1	2	21.5	2
1274.916	31.71	2.84	90.00	7.45	9.03	67.25	74.7	2	21.5	2
1275.020	32.88	2.70	88.92	7.55	8.40	63.45	71.4	2	21.0	2
1275.165	32.03	2.78	89.04	7.63	8.27	63.14	70.9	2	24.5	2
1275.225	30.69	2.89	88.63	7.53	8.68	65.31	73.7	2	22.5	2
1275.329	32.01	2.80	89.61	7.51	8.83	66.32	74.0	2	21.5	2
1275.474	33.07	2.67	88.30	7.50	8.61	64.55	73.1	2	20.5	2
1275.534	33.75	2.57	86.69	7.37	8.61	63.45	73.2	2	20.5	2
1275.638	31.61	2.78	87.97	7.40	8.62	63.74	72.5	2	24.0	2
1275.783	30.01	2.94	88.21	7.44	8.60	63.96	72.5	2	21.5	2
1275.843	31.43	2.81	88.32	7.43	8.66	64.34	72.9	2	21.5	2
1275.947	32.80	2.67	87.68	7.44	8.43	62.72	71.5	2	20.5	2
1276.092	31.09	2.86	88.79	7.42	8.65	64.18	72.3	2	24.0	2
1276.152	30.33	2.94	89.23	7.50	8.77	65.79	73.7	2	23.0	2
1276.256	31.24	2.86	89.44	7.44	8.81	65.53	73.3	2	21.0	2
1276.401	31.92	2.81	89.64	7.49	8.70	65.13	72.7	2	23.0	2
1276.461	30.89	2.89	89.25	7.51	8.66	65.04	72.9	2	24.5	2
1276.565	31.12	2.86	89.09	7.61	8.66	65.96	74.0	2	21.5	2
1276.710	31.05	2.89	89.62	7.54	8.65	65.20	72.8	2	23.5	2
1276.770	31.27	2.89	90.28	7.57	9.02	68.28	75.6	2	22.5	2
1276.874	31.51	2.88	90.79	7.61	8.53	64.89	71.5	2	23.0	2
1277.019	31.66	2.85	90.20	7.61	8.53	64.86	71.9	2	23.0	2
1277.079	30.87	2.91	89.94	7.57	8.70	65.82	73.2	2	22.0	2
1277.183	32.16	2.80	90.00	7.56	9.07	68.54	76.2	2	22.0	2
1277.328	31.07	2.91	90.54	7.80	7.86	61.24	67.6	2	24.5	2
1277.388	29.72	3.00	89.19	7.73	7.58	58.61	65.7	2	23.5	2
1277.492	31.01	2.89	89.67	7.38	8.89	65.63	73.2	2	21.0	2
1277.637	33.04	2.65	87.64	7.44	8.69	64.67	73.8	2	21.0	2
1277.697	33.45	2.61	87.19	7.52	8.47	63.74	73.1	2	22.5	2
1277.801	30.99	2.86	88.71	7.44	8.84	65.72	74.1	2	23.0	2
1277.946	31.12	2.90	90.33	7.48	9.17	68.53	75.9	2	21.5	2
1278.006	32.17	2.78	89.40	7.66	8.65	66.32	74.2	2	22.5	2
1278.110	32.02	2.81	90.08	7.49	8.77	65.75	73.0	2	22.5	2
1278.255	31.90	2.85	90.83	7.66	8.45	64.69	71.2	2	22.0	2
1278.315	31.28	2.90	90.83	7.57	8.81	66.67	73.4	2	23.0	2
1278.419	31.17	2.92	90.90	7.72	8.72	67.31	74.0	2	23.0	2
1278.564	31.31	2.88	90.23	7.53	8.74	65.84	73.0	2	21.0	2
1278.624	32.44	2.73	88.40	7.54	8.51	64.18	72.6	2	21.0	2
1278.728	32.98	2.66	87.74	7.56	8.23	62.17	70.9	2	21.5	2
1278.873	30.42	2.92	88.68	7.47	8.88	66.33	74.8	2	24.0	2
1278.933	30.74	2.92	89.75	7.65	8.38	64.06	71.4	2	22.5	2
1279.037	31.93	2.78	88.61	7.53	8.58	64.58	72.9	2	21.5	2
1279.182	31.86	2.81	89.39	7.49	8.77	65.68	73.5	2	22.5	2
1279.242	31.20	2.88	89.72	7.59	8.63	65.45	72.9	2	23.0	2
1279.346	30.91	2.92	90.22	7.50	9.06	67.97	75.3	2	22.5	2
1279.491	31.59	2.88	91.14	7.55	8.49	64.12	70.4	2	23.0	2
1279.551	31.28	2.89	90.35	7.46	9.05	67.52	74.7	2	23.0	2
1279.655	31.11	2.91	90.41	7.64	8.69	66.40	73.4	2	24.0	2
1279.800	31.72	2.84	90.00	7.57	8.61	65.21	72.5	2	21.5	2
1279.860	32.58	2.74	89.13	7.52	8.95	67.29	75.5	2	21.5	2
1279.964	31.58	2.83	89.48	7.73	8.05	62.18	69.5	2	23.5	2
1280.109	31.55	2.86	90.20	7.58	8.81	66.75	74.0	2	22.5	2
1280.169	31.86	2.85	90.65	7.64	8.48	64.75	71.4	2	21.5	2
1280.273	32.78	2.73	89.64	7.55	8.83	66.69	74.4	2	22.5	2
1280.418	30.20	2.94	88.76	7.53	8.67	65.24	73.5	2	22.5	2
1280.478	31.35	2.84	89.03	7.61	8.56	65.10	73.1	2	22.0	2
1280.582	32.57	2.72	88.74	7.46	8.79	65.58	73.9	2	22.0	2
1280.727	30.76	2.90	89.33	7.49	8.75	65.51	73.3	2	23.0	2
1280.787	30.86	2.92	90.08	7.56	8.61	65.06	72.2	2	22.5	2
1280.891	32.27	2.79	90.09	7.50	9.02	67.59	75.0	2	22.5	2
1281.036	31.42	2.89	90.70	7.75	8.01	62.09	68.5	2	22.0	2
1281.096	31.62	2.87	90.64	7.55	8.66	65.35	72.1	2	22.0	2
1281.200	31.57	2.84	89.82	7.54	8.90	67.08	74.7	2	23.0	2
1281.345	32.00	2.83	90.61	7.70	8.30	63.88	70.5	2	22.0	2
1281.405	32.09	2.82	90.59	7.62	8.44	64.39	71.1	2	22.0	2
1281.509	31.30	2.90	90.88	7.55	9.35	70.60	77.7	2	24.0	2
1281.654	31.29	2.91	90.95	7.91	8.14	64.34	70.7	2	22.5	2
1281.714	30.89	2.94	90.76	7.86	7.72	60.66	66.8	2	22.5	2
1281.818	31.29	2.90	90.76	7.60	8.56	65.04	71.7	2	22.0	2
1281.963	31.56	2.87	90.57	7.52	9.01	67.73	74.8	2	23.0	2
1282.023	30.93	2.92	90.23	7.62	8.76	66.74	74.0	2	23.0	2
1282.127	31.71	2.84	89.99	7.71	8.24	63.51	70.6	2	20.5	2
1282.272	31.34	2.85	89.29	7.65	8.25	63.08	70.6	2	24.0	2
1282.332	30.31	2.94	89.24	7.57	8.15	61.71	69.2	2	23.0	2
1282.436	31.25	2.86	89.50	7.60	8.66	65.85	73.6	2	22.0	2
1282.581	32.53	2.75	89.41	7.57	8.49	64.29	71.9	2	23.5	2
1282.641	31.02	2.88	89.21	7.51	8.39	63.04	70.7	2	22.5	2
1282.745	32.65	2.68	87.48	7.49	8.49	63.59	72.7	2	21.0	2
1282.890	31.46	2.84	89.34	7.46	8.77	65.34	73.1	2	24.0	2
1282.950	30.49	2.93	89.33	7.51	8.68	65.17	73.0	2	23.0	2
1283.054	31.40	2.88	90.31	7.65	8.33	63.72	70.6	2	21.5	2
1283.199	31.46	2.87	90.45	7.55	8.81	66.45	73.5	2	21.5	2
1283.259	32.05	2.80	89.89	7.57	8.54	64.59	71.9	2	22.5	2
1283.363	30.56	2.96	90.59	7.49	9.26	69.38	76.6	2	23.5	2
1283.508	31.60	2.86	90.42	7.77	8.60	66.79	73.9	2	24.0	2
1283.568	31.09	2.91	90.54	7.84	8.19	64.21	70.9	2	23.5	2
1283.672	31.54	2.88	90.95	7.88	7.77	61.18	67.3	2	22.5	2
1283.817	31.58	2.87	90.77	7.80	7.58	59.14	65.2	2	22.5	2
1283.877	31.85	2.84	90.46	7.74	7.59	58.69	64.9	2	22.5	2
1283.981	31.65	2.87	90.73	7.85	7.55	59.32	65.4	2	22.5	2
1284.126	31.46	2.89	90.80	7.94	7.74	61.46	67.7	2	22.0	2
1284.186	31.74	2.85	90.49	7.95	7.96	63.26	69.9	2	23.0	2
1284.290	31.30	2.89	90.32	7.70	8.91	68.57	75.9	2	24.0	2
1284.435	31.62	2.85	90.13	7.48	9.58	71.65	79.5	2	21.0	2
1284.495	32.53	2.75	89.47	7.42	9.62	71.39	79.8	2	22.0	2
1284.599	32.55	2.75	89.60	7.71	8.84	68.10	76.0	2	22.5	2
1284.744	32.12	2.82	90.48	7.87	7.95	62.54	69.1	2	23.5	2
1284.804	31.21	2.89	90.29	7.82	7.68	60.09	66.6	2	23.0	2
1284.908	31.25	2.91	90.84	7.80	7.51	58.53	64.4	2	24.0	2
1285.053	32.06	2.81	90.01	7.82	7.54	58.96	65.5	2	22.5	2
1285.113	32.17	2.81	90.51	7.87	7.55	59.41	65.6	2	23.5	2
1285.217	31.96	2.82	90.21	7.98	7.77	62.01	68.7	2	24.0	2
1285.362	32.08	2.82	90.58	7.85	8.77	68.80	76.0	2	23.0	2
1285.422	31.50	2.88	90.84	7.71	9.22	71.05	78.2	2	22.5	2
1285.526	30.78	2.95	90.84	7.59	9.64	73.09	80.5	2	24.0	2
1285.671	31.55	2.86	90.12	7.52	9.69	72.87	80.9	2	23.0	2
1285.731	31.56	2.87	90.69	7.60	9.55	72.51	79.9	2	23.5	2
1285.835	31.16	2.90	90.42	7.81	8.90	69.50	76.9	2	23.5	2
1285.980	31.50	2.88	90.80	7.94	7.81	62.00	68.3	2	22.5	2
1286.040	31.66	2.88	91.07	7.90	7.63	60.27	66.2	2	22.0	2
1286.144	31.64	2.88	91.06	7.76	7.83	60.74	66.7	2	23.0	2
1286.289	31.64	2.88	91.24	7.42	9.14	67.80	74.3	2	21.5	2
1286.349	31.47	2.87	90.24	7.36	9.41	69.27	76.8	2	22.0	2
1286.453	31.42	2.86	89.94	7.28	9.67	70.39	78.3	2	22.5	2
1286.598	31.26	2.90	90.68	7.38	9.63	71.03	78.3	2	22.0	2
1286.658	31.36	2.87	90.13	7.48	9.27	69.31	76.9	2	23.0	2
1286.762	31.60	2.86	90.47	7.68	8.52	65.49	72.4	2	22.5	2
1286.907	31.33	2.89	90.58	7.48	9.18	68.62	75.8	2	21.5	2
1286.967	32.06	2.78	89.26	7.53	9.26	69.76	78.2	2	21.5	2
1287.071	32.66	2.76	89.99	7.76	8.30	64.42	71.6	2	23.5	2
1287.216	29.62	2.99	88.62	7.61	7.85	59.74	67.4	2	23.0	2
1287.276	30.41	2.94	89.54	7.45	8.47	63.17	70.5	2	20.5	2
1287.380	32.88	2.64	86.69	7.35	8.66	63.66	73.4	2	20.5	2
1287.525	33.61	2.57	86.34	7.39	8.33	61.55	71.3	2	22.0	2
1287.585	31.44	2.78	87.38	7.29	8.86	64.64	74.0	2	24.0	2
1287.689	30.46	2.93	89.31	7.47	8.64	64.54	72.3	2	22.0	2
1287.834	32.67	2.73	89.22	7.60	8.42	63.99	71.7	2	22.0	2
1287.894	31.93	2.81	89.79	7.65	8.04	61.51	68.5	2	22.5	2
1287.998	31.21	2.88	89.93	7.49	8.86	66.38	73.8	2	22.0	2
1288.143	31.06	2.91	90.31	7.39	9.49	70.13	77.7	2	22.0	2
1288.203	31.99	2.81	89.74	7.34	9.49	69.66	77.6	2	21.5	2
1288.307	31.90	2.81	89.73	7.46	9.14	68.15	76.0	2	23.5	2
1288.452	31.65	2.87	90.75	7.62	8.37	63.77	70.3	2	23.5	2
1288.512	30.78	2.94	90.53	7.66	8.21	62.87	69.4	2	23.5	2
1288.616	31.66	2.87	90.77	7.67	8.23	63.14	69.6	2	21.0	2
1288.761	31.21	2.92	91.08	7.75	8.27	64.05	70.3	2	23.0	2
1288.821	31.35	2.90	90.97	7.73	8.21	63.46	69.8	2	22.5	2
1288.925	31.55	2.87	90.51	7.86	8.08	63.46	70.1	2	23.0	2
1289.070	30.64	2.94	90.08	7.63	9.06	69.11	76.7	2	23.0	2
1289.130	30.72	2.93	89.98	7.56	9.11	68.90	76.6	2	21.5	2
1289.234	32.49	2.71	88.12	7.42	8.79	65.19	74.0	2	21.0	2
1289.379	32.15	2.78	89.43	7.67	8.48	65.01	72.7	2	21.5	2
1289.439	32.56	2.75	89.40	7.69	8.35	64.21	71.8	2	21.5	2
1289.543	33.15	2.65	87.74	7.73	8.23	63.65	72.5	2	23.0	2
1289.688	31.04	2.90	89.91	7.67	8.56	65.61	73.0	2	22.5	2
1289.748	31.51	2.86	90.19	7.65	8.41	64.40	71.4	2	22.0	2
1289.852	32.16	2.80	89.90	7.57	9.12	69.11	76.9	2	23.5	2
1289.997	31.33	2.92	91.56	7.91	7.95	62.89	68.7	2	22.0	2
1290.057	31.58	2.90	91.54	7.84	7.91	62.01	67.7	2	22.0	2
1290.161	31.03	2.92	90.71	7.64	8.30	63.38	69.9	2	22.0	2
1290.306	31.64	2.88	91.10	7.81	7.79	60.86	66.8	2	22.0	2
1290.366	31.33	2.90	90.92	7.89	7.58	59.74	65.7	2	23.0	2
1290.470	31.19	2.90	90.62	7.93	7.41	58.76	64.8	2	23.0	2
1290.615	31.97	2.83	90.47	8.04	7.78	62.55	69.1	2	23.0	2
1290.675	31.78	2.84	90.34	7.95	8.32	66.12	73.2	2	24.5	2
1290.779	30.94	2.93	90.62	7.79	9.18	71.52	78.9	2	23.0	2
1290.924	31.68	2.88	91.22	7.71	9.59	73.96	81.1	2	22.5	2
1290.984	31.34	2.90	90.78	7.63	9.69	73.96	81.5	2	22.5	2
1291.088	31.27	2.90	90.73	7.76	8.76	67.98	74.9	2	22.0	2
1291.233	31.00	2.92	90.46	7.73	8.33	64.41	71.2	2	24.0	2
1291.293	30.96	2.92	90.55	7.78	8.32	64.74	71.5	2	23.5	2
1291.397	31.02	2.89	89.65	7.81	8.57	66.94	74.7	2	23.5	2
1291.542	31.47	2.87	90.48	7.55	9.39	70.87	78.3	2	23.0	2
1291.602	30.89	2.92	90.26	7.50	9.28	69.62	77.1	2	22.5	2
1291.706	31.78	2.84	90.17	7.76	8.11	62.89	69.8	2	23.5	2
1291.851	32.54	2.75	89.60	7.95	7.70	61.20	68.3	2	22.0	2
1291.911	32.12	2.81	90.19	7.94	8.12	64.47	71.5	2	24.5	2
1292.015	30.68	2.94	90.16	7.67	9.10	69.85	77.5	2	22.0	2
1292.160	32.20	2.80	90.17	7.71	8.42	64.90	72.0	2	21.5	2
1292.220	32.62	2.74	89.38	7.73	8.12	62.77	70.2	2	22.0	2
1292.324	31.46	2.86	89.99	7.81	8.22	64.19	71.3	2	23.5	2
1292.469	31.18	2.89	90.14	7.67	8.60	65.97	73.2	2	23.5	2
1292.529	31.71	2.84	89.95	7.83	8.20	64.24	71.4	2	22.0	2
1292.633	30.82	2.91	89.61	7.71	8.59	66.23	73.9	2	24.0	2
1292.778	31.07	2.88	89.42	7.74	8.45	65.44	73.2	2	22.5	2
1292.838	32.23	2.76	88.90	7.78	8.42	65.50	73.7	2	22.0	2
1292.942	32.20	2.80	90.13	7.67	8.63	66.26	73.5	2	23.5	2
1293.087	30.76	2.92	89.83	7.63	8.90	67.96	75.7	2	23.0	2
1293.147	30.94	2.92	90.25	7.59	8.98	68.15	75.5	2	21.5	2
1293.251	32.70	2.68	87.72	7.74	7.77	60.09	68.5	2	22.5	2
1293.396	31.19	2.89	90.18	7.87	7.53	59.23	65.7	2	22.0	2
1293.456	32.23	2.76	89.06	7.91	7.66	60.58	68.0	2	21.0	2
1293.560	32.41	2.75	89.09	8.02	7.83	62.79	70.5	2	25.0	2
1293.705	30.81	2.88	88.85	7.95	7.67	60.95	68.6	2	22.5	2
1293.765	31.78	2.79	88.63	7.90	7.49	59.12	66.7	2	21.5	2
1293.869	33.09	2.63	86.94	7.46	8.16	60.82	70.0	2	20.0	2
1294.014	33.49	2.57	85.92	7.46	8.36	62.39	72.6	2	22.0	2
1294.074	31.72	2.77	88.01	7.44	8.64	64.26	73.0	2	24.0	2
1294.178	30.04	2.94	88.34	7.53	8.63	65.01	73.6	2	22.5	2
1294.323	32.44	2.73	88.60	7.56	8.32	62.88	71.0	2	22.0	2
1294.383	32.22	2.78	89.50	7.47	8.80	65.73	73.4	2	21.5	2
1294.487	30.89	2.90	89.65	7.66	8.33	63.82	71.2	2	24.5	2
1294.632	30.85	2.91	89.69	7.52	9.27	69.77	77.8	2	21.0	2
1294.692	32.17	2.76	88.83	7.55	9.13	68.90	77.6	2	21.5	2
1294.796	33.35	2.61	87.02	7.82	8.21	64.17	73.7	2	21.5	2
1294.941	31.75	2.81	89.09	7.53	8.91	67.10	75.3	2	22.0	2
1295.001	31.71	2.83	89.87	7.51	9.27	69.63	77.5	2	22.5	2
1295.105	31.03	2.90	90.10	7.47	9.45	70.62	78.4	2	22.0	2
1295.250	31.82	2.86	90.99	7.74	8.17	63.19	69.4	2	22.0	2
1295.310	31.80	2.85	90.70	7.89	7.86	61.99	68.3	2	24.0	2
1295.414	30.89	2.94	90.70	7.82	8.65	67.61	74.5	2	23.5	2
1295.559	31.17	2.91	90.67	7.84	8.40	65.91	72.7	2	23.5	2
1295.619	30.63	2.93	89.86	7.75	8.74	67.77	75.4	2	24.0	2
1295.723	31.52	2.84	89.46	7.66	8.47	64.91	72.6	2	21.0	2
1295.868	32.03	2.81	89.95	7.83	7.57	59.27	65.9	2	23.5	2
1295.928	32.18	2.80	90.25	7.92	7.62	60.42	66.9	2	22.5	2
1296.032	31.31	2.90	90.67	7.78	8.70	67.69	74.7	2	23.5	2
1296.177	32.09	2.79	89.57	7.78	8.39	65.32	72.9	2	23.0	2
1296.237	31.15	2.87	89.43	7.61	8.88	67.57	75.6	2	23.5	2
1296.341	31.65	2.82	89.41	7.73	8.22	63.54	71.1	2	21.5	2
1296.486	32.21	2.78	89.48	7.83	8.61	67.41	75.3	2	24.5	2
1296.546	30.44	2.92	88.98	7.67	9.12	69.93	78.6	2	24.5	2
1296.650	30.66	2.93	89.71	7.60	9.02	68.56	76.4	2	20.5	2
1296.795	32.54	2.75	89.41	7.52	9.35	70.33	78.7	2	23.5	2
1296.855	30.99	2.89	89.43	7.67	9.00	69.04	77.2	2	24.5	2
1296.959	31.49	2.86	89.99	7.87	7.99	62.93	69.9	2	22.5	2
1297.104	31.34	2.90	90.77	7.72	8.01	61.81	68.1	2	22.0	2
1297.164	31.07	2.92	90.74	7.64	8.24	62.99	69.4	2	23.0	2
1297.268	31.63	2.87	90.68	7.81	7.78	60.70	66.9	2	22.0	2
1297.413	32.20	2.79	89.95	8.01	7.68	61.53	68.4	2	23.0	2
1297.473	32.63	2.76	90.08	7.91	8.27	65.38	72.6	2	22.5	2
1297.577	30.51	2.94	89.78	7.64	9.00	68.79	76.6	2	23.5	2
1297.722	32.45	2.72	88.25	7.72	8.40	64.83	73.5	2	22.5	2
1297.782	31.96	2.78	88.88	7.73	8.56	66.23	74.5	2	24.0	2
1297.886	30.79	2.91	89.45	7.57	9.21	69.74	78.0	2	22.5	2
1298.031	31.70	2.85	90.29	7.71	8.20	63.25	70.1	2	22.0	2
1298.091	32.37	2.78	89.96	7.76	7.79	60.41	67.2	2	21.0	2
1298.195	31.92	2.82	90.07	7.80	7.82	61.00	67.7	2	22.5	2
1298.340	31.78	2.86	90.76	7.94	7.53	59.79	65.9	2	23.0	2
1298.400	31.17	2.90	90.35	8.02	7.75	62.17	68.8	2	24.0	2
1298.504	31.05	2.93	90.92	7.80	8.90	69.41	76.3	2	23.5	2
1298.649	31.96	2.78	88.76	7.80	8.25	64.35	72.5	2	21.5	2
1298.709	32.00	2.78	88.96	7.84	8.31	65.14	73.2	2	23.0	2
1298.813	30.85	2.90	89.43	7.66	9.07	69.46	77.7	2	23.5	2
1298.958	32.04	2.81	89.92	7.46	9.07	67.64	75.2	2	22.5	2
1299.018	31.81	2.83	90.06	7.42	9.21	68.36	75.9	2	22.5	2
1299.122	31.70	2.86	90.61	7.40	9.24	68.35	75.4	2	22.0	2
1299.267	31.35	2.88	90.45	7.52	8.74	65.71	72.6	2	22.5	2
1299.327	31.59	2.88	90.91	7.55	8.73	65.95	72.5	2	23.0	2
1299.431	31.35	2.89	90.57	7.44	9.01	67.08	74.1	2	22.0	2
1299.576	30.85	2.92	89.98	7.32	9.55	69.89	77.7	2	23.0	2
1299.636	31.19	2.90	90.43	7.34	9.69	71.10	78.6	2	22.0	2
1299.740	31.54	2.85	90.00	7.43	9.70	72.06	80.1	2	22.0	2
1299.885	31.16	2.91	90.52	7.49	9.65	72.30	79.9	2	23.0	2
1299.945	31.63	2.82	89.12	7.47	9.54	71.30	80.0	2	22.0	2
1300.049	31.48	2.82	88.68	7.57	9.00	68.08	76.8	2	24.0	2
1300.194	30.33	2.95	89.51	7.65	8.58	65.65	73.4	2	21.0	2
1300.254	31.69	2.82	89.21	7.50	9.09	68.17	76.4	2	22.0	2
1300.358	32.64	2.73	89.08	7.76	8.32	64.53	72.4	2	23.0	2
1300.503	30.19	2.96	89.28	7.65	8.17	62.43	69.9	2	22.0	2
1300.563	31.16	2.88	89.90	7.48	8.88	66.44	73.9	2	21.0	2
1300.667	33.04	2.62	86.49	7.44	8.58	63.87	73.8	2	20.0	2
1300.812	31.15	2.81	87.52	7.43	8.68	64.47	73.7	2	25.0	2
1300.872	29.79	2.94	87.54	7.48	8.41	62.92	71.9	2	24.0	2
1300.976	29.76	2.97	88.47	7.61	8.41	63.98	72.3	2	22.0	2
1301.121	32.92	2.64	86.84	7.33	8.66	63.47	73.1	2	19.5	2
1301.181	33.57	2.55	85.54	7.42	8.28	61.43	71.8	2	20.5	2
1301.285	31.49	2.80	88.32	7.42	8.68	64.44	73.0	2	24.5	2
1301.430	30.84	2.91	89.77	7.73	8.07	62.39	69.5	2	22.0	2
1301.490	31.36	2.87	90.16	7.57	8.51	64.36	71.4	2	22.0	2
1301.594	31.42	2.88	90.54	7.43	9.31	69.21	76.4	2	21.5	2
1301.739	31.83	2.83	90.11	7.63	8.38	63.88	70.9	2	22.5	2
1301.799	32.13	2.80	89.99	7.84	8.04	63.06	70.1	2	22.5	2
1301.903	31.11	2.90	90.19	7.72	8.87	68.45	75.9	2	24.0	2
1302.048	31.52	2.86	90.02	7.76	8.63	66.98	74.4	2	23.5	2
1302.108	30.95	2.89	89.52	7.66	8.76	67.15	75.0	2	22.5	2
1302.212	32.59	2.73	89.01	7.80	8.43	65.79	73.9	2	22.5	2
1302.357	31.06	2.92	90.75	7.80	8.60	67.14	74.0	2	22.0	2
1302.417	31.46	2.88	90.65	7.69	8.98	69.07	76.2	2	23.5	2
1302.521	31.88	2.84	90.56	7.87	8.34	65.63	72.5	2	23.5	2
1302.666	31.56	2.83	89.18	7.77	8.58	66.68	74.8	2	22.0	2
1302.726	31.80	2.83	89.94	7.66	8.84	67.71	75.3	2	22.0	2
1302.830	31.73	2.86	90.64	7.82	8.59	67.23	74.2	2	23.0	2
1302.975	32.47	2.75	89.45	7.71	8.56	65.98	73.8	2	20.5	2
1303.035	32.54	2.72	88.35	7.55	8.97	67.68	76.6	2	23.5	2
1303.139	30.69	2.90	89.10	7.50	9.38	70.34	78.9	2	23.5	2
1303.284	32.31	2.74	88.55	7.78	7.90	61.44	69.4	2	21.5	2
1303.344	32.96	2.68	88.34	7.85	7.72	60.55	68.6	2	22.5	2
1303.448	30.62	2.91	89.00	7.89	7.78	61.43	69.0	2	24.0	2
1303.593	32.44	2.77	90.02	7.89	8.44	66.59	74.0	2	22.0	2
1303.653	32.50	2.77	90.09	7.76	8.91	69.17	76.8	2	24.0	2
1303.757	30.44	2.96	90.24	7.57	9.46	71.58	79.3	2	23.5	2
1303.902	32.20	2.80	90.22	7.65	8.39	64.24	71.2	2	21.5	2
1303.962	32.87	2.71	89.05	7.71	8.12	62.64	70.3	2	21.5	2
1304.066	32.62	2.73	89.11	7.83	8.17	63.96	71.8	2	23.5	2
1304.211	31.16	2.89	90.12	7.61	9.16	69.73	77.4	2	23.5	2
1304.271	30.69	2.93	89.91	7.54	9.20	69.42	77.2	2	22.0	2
1304.375	32.12	2.80	89.85	7.76	8.20	63.68	70.9	2	21.5	2
1304.520	31.32	2.86	89.47	7.68	8.91	68.43	76.5	2	24.5	2
1304.580	30.31	2.95	89.37	7.75	8.43	65.32	73.1	2	23.5	2
1304.684	31.37	2.88	90.21	7.79	8.71	67.88	75.2	2	22.5	2
1304.829	32.08	2.82	90.53	7.87	8.13	63.94	70.6	2	24.0	2
1304.889	30.98	2.92	90.35	7.78	8.73	67.90	75.2	2	24.0	2
1304.993	31.53	2.85	89.98	7.74	8.46	65.47	72.8	2	22.0	2
1305.138	31.18	2.90	90.29	7.60	9.02	68.55	75.9	2	23.0	2
1305.198	31.32	2.88	90.16	7.77	8.31	64.52	71.6	2	23.0	2
1305.302	31.17	2.90	90.34	7.70	8.95	68.95	76.3	2	23.0	2
1305.447	31.30	2.89	90.39	7.61	8.94	68.05	75.3	2	22.5	2
1305.507	31.74	2.86	90.72	7.74	8.42	65.18	71.9	2	22.0	2
1305.611	31.03	2.90	89.84	7.67	8.79	67.41	75.0	2	24.0	2
1305.756	31.34	2.87	90.03	7.63	8.80	67.17	74.6	2	22.5	2
1305.816	32.14	2.79	89.76	7.76	8.28	64.22	71.6	2	22.5	2
1305.920	30.96	2.92	90.34	7.72	8.55	66.00	73.1	2	23.0	2
1306.065	32.05	2.84	91.07	7.73	8.33	64.42	70.7	2	21.5	2
1306.125	32.49	2.77	89.99	7.68	8.77	67.37	74.9	2	22.0	2
1306.229	31.63	2.84	89.85	7.65	8.85	67.67	75.3	2	23.0	2
1306.374	32.36	2.79	90.42	7.77	8.82	68.50	75.8	2	23.5	2
1306.434	31.05	2.91	90.24	7.75	8.57	66.47	73.7	2	23.5	2
1306.538	31.93	2.82	90.17	7.74	8.48	65.62	72.8	2	22.0	2
1306.683	31.70	2.86	90.54	7.81	8.88	69.34	76.6	2	24.0	2
1306.743	31.19	2.90	90.41	7.88	8.48	66.84	73.9	2	22.5	2
1306.847	31.41	2.90	91.06	7.71	8.88	68.47	75.2	2	22.5	2
1306.992	31.08	2.91	90.35	7.96	7.89	62.78	69.5	2	24.0	2
1307.052	31.26	2.88	89.98	7.96	8.18	65.10	72.4	2	23.0	2
1307.156	32.35	2.78	90.04	7.83	8.97	70.21	78.0	2	22.0	2
1307.301	33.12	2.70	89.32	7.54	9.43	71.15	79.7	2	22.0	2
1307.361	32.99	2.72	89.60	7.68	9.14	70.25	78.4	2	23.0	2
1307.465	30.93	2.90	89.77	7.91	8.52	67.34	75.0	2	24.5	2
1307.610	31.68	2.86	90.45	7.94	7.60	60.36	66.7	2	21.5	2
1307.670	32.06	2.83	90.65	7.87	7.68	60.46	66.7	2	21.0	2
1307.774	31.50	2.88	90.70	7.46	8.91	66.49	73.3	2	22.5	2
1307.919	30.66	2.94	90.16	7.43	9.29	69.04	76.6	2	22.0	2
1307.979	31.62	2.85	90.12	7.49	8.79	65.86	73.1	2	22.0	2
1308.083	31.37	2.89	90.65	7.71	8.20	63.23	69.8	2	22.0	2
1308.228	31.91	2.86	91.32	7.89	8.15	64.31	70.4	2	23.0	2
1308.288	31.36	2.92	91.57	7.79	8.72	67.91	74.2	2	24.0	2
1308.392	30.97	2.91	90.22	7.69	8.78	67.51	74.8	2	23.0	2
1308.537	30.82	2.92	90.10	7.74	8.68	67.23	74.6	2	24.0	2
1308.597	30.67	2.95	90.57	7.72	8.65	66.79	73.7	2	23.5	2
1308.701	31.34	2.86	89.74	7.84	8.40	65.88	73.4	2	22.5	2
1308.846	31.74	2.81	89.26	7.73	8.60	66.47	74.5	2	24.0	2
1308.906	31.07	2.89	89.67	7.74	8.53	65.98	73.6	2	22.0	2
1309.010	32.65	2.75	89.67	7.69	8.76	67.39	75.2	2	21.5	2
1309.155	31.23	2.91	90.83	7.69	8.89	68.39	75.3	2	23.0	2
1309.215	31.52	2.88	90.86	7.81	8.31	64.94	71.5	2	22.5	2
1309.319	32.07	2.85	91.46	7.81	8.49	66.30	72.5	2	22.5	2
1309.464	31.31	2.89	90.42	7.80	8.32	64.85	71.7	2	23.0	2
1309.524	31.93	2.83	90.34	7.82	8.60	67.20	74.4	2	23.0	2
1309.628	30.94	2.92	90.38	7.74	8.74	67.66	74.9	2	23.0	2
1309.773	31.46	2.87	90.23	7.85	8.73	68.55	76.0	2	24.0	2
1309.833	30.80	2.94	90.53	7.78	8.58	66.79	73.8	2	23.5	2
1309.937	30.85	2.93	90.36	7.76	8.47	65.76	72.8	2	23.0	2
1310.082	30.84	2.94	90.65	7.88	8.42	66.34	73.2	2	22.5	2
1310.142	31.74	2.84	90.03	7.76	8.77	68.04	75.6	2	22.0	2
1310.246	32.11	2.82	90.66	7.86	8.10	63.63	70.2	2	22.5	2
1310.391	31.88	2.88	91.75	7.85	8.48	66.59	72.6	2	22.5	2
1310.451	32.05	2.85	91.50	7.73	8.89	68.69	75.1	2	22.5	2
1310.555	31.83	2.85	90.63	7.93	8.08	64.06	70.7	2	23.0	2
1310.700	29.67	3.01	89.38	7.75	8.56	66.33	74.2	2	23.5	2
1310.760	30.84	2.94	90.55	7.74	8.61	66.64	73.6	2	22.0	2
1310.864	31.54	2.88	90.76	7.71	8.58	66.17	72.9	2	22.5	2
1311.009	31.53	2.88	90.69	7.86	8.77	68.92	76.0	2	24.5	2
1311.069	30.54	2.96	90.31	7.81	8.84	69.03	76.4	2	24.0	2
1311.173	31.66	2.84	89.93	7.76	8.49	65.89	73.3	2	21.0	2
1311.318	31.81	2.84	90.48	7.58	9.16	69.39	76.7	2	22.0	2
1311.378	31.45	2.87	90.36	7.46	9.27	69.17	76.5	2	22.0	2
1311.482	31.83	2.80	89.12	7.81	8.01	62.50	70.1	2	23.0	2
1311.627	30.63	2.93	89.77	7.87	8.64	67.99	75.7	2	25.0	2
1311.687	30.34	2.97	90.08	7.80	8.98	70.04	77.8	2	23.0	2
1311.791	31.71	2.85	90.33	7.79	9.39	73.21	81.0	2	23.0	2
1311.936	29.86	3.02	90.12	7.64	9.36	71.50	79.3	2	24.5	2
1311.996	29.44	3.05	89.77	7.67	8.94	68.51	76.3	2	22.5	2
1312.100	31.29	2.87	89.92	7.72	8.39	64.76	72.0	2	23.0	2
1312.245	31.85	2.82	89.87	7.66	8.22	63.02	70.1	2	21.0	2
1312.305	31.58	2.85	90.07	7.67	8.23	63.09	70.0	2	23.0	2
1312.409	31.16	2.92	90.85	7.71	8.13	62.66	69.0	2	21.0	2
1312.554	32.76	2.73	89.57	7.67	8.04	61.68	68.9	2	22.5	2
1312.614	31.18	2.88	89.73	7.60	8.60	65.34	72.8	2	23.5	2
1312.718	31.40	2.86	89.69	7.47	9.36	69.90	77.9	2	21.5	2
1312.863	33.39	2.62	87.38	7.72	8.63	66.66	76.3	2	21.5	2
1312.923	32.91	2.72	89.37	7.85	8.01	62.94	70.4	2	23.5	2
1313.027	30.77	2.91	89.67	7.63	8.37	63.87	71.2	2	22.0	2
1313.172	31.64	2.83	89.67	7.51	9.21	69.19	77.2	2	22.0	2
1313.232	31.59	2.85	90.00	7.65	8.94	68.39	76.0	2	23.5	2
1313.336	30.98	2.92	90.39	7.66	8.56	65.64	72.6	2	23.5	2
1313.481	32.26	2.81	90.79	7.57	8.69	65.83	72.5	2	21.5	2
1313.541	32.45	2.79	90.60	7.65	8.92	68.22	75.3	2	24.0	2
1313.645	31.61	2.87	90.68	7.82	8.05	62.98	69.5	2	23.0	2
1313.790	31.34	2.91	91.13	7.55	8.69	65.61	72.0	2	22.0	2
1313.850	31.33	2.91	91.08	7.43	9.23	68.63	75.4	2	22.5	2
1313.954	32.09	2.82	90.41	7.57	8.96	67.91	75.1	2	23.5	2
1314.099	32.00	2.82	90.29	7.76	8.55	66.36	73.5	2	23.0	2
1314.159	31.46	2.88	90.67	7.80	8.53	66.58	73.4	2	23.0	2
1314.263	31.44	2.87	90.17	7.69	8.84	68.02	75.4	2	24.0	2
1314.408	30.96	2.92	90.47	7.47	9.29	69.35	76.6	2	21.5	2
1314.468	31.80	2.84	90.24	7.64	8.52	65.05	72.1	2	22.0	2
1314.572	31.76	2.85	90.46	7.84	7.83	61.37	67.8	2	23.5	2
1314.717	32.10	2.83	90.95	7.74	8.61	66.71	73.3	2	22.0	2
1314.777	32.10	2.84	91.01	7.72	8.55	66.02	72.5	2	23.5	2
1314.881	31.42	2.89	90.87	7.71	8.63	66.56	73.2	2	22.0	2
1315.026	31.42	2.88	90.46	7.80	8.77	68.37	75.6	2	23.5	2
1315.086	31.77	2.82	89.46	7.79	8.47	65.96	73.7	2	22.0	2
1315.190	31.92	2.80	89.53	7.78	8.21	63.87	71.3	2	22.0	2
1315.335	31.03	2.90	89.85	7.79	8.42	65.60	73.0	2	23.5	2
1315.395	31.09	2.91	90.61	7.70	8.91	68.59	75.7	2	22.5	2
1315.499	32.19	2.80	90.22	7.80	8.60	67.07	74.3	2	21.5	2
1315.644	31.01	2.90	89.92	7.68	8.72	66.99	74.5	2	23.5	2
1315.704	31.75	2.84	90.23	7.89	8.24	65.02	72.1	2	22.0	2
1315.808	32.01	2.84	90.90	7.77	8.52	66.27	72.9	2	22.5	2
1315.953	32.20	2.78	89.54	7.89	8.22	64.83	72.4	2	22.5	2
1316.013	32.19	2.81	90.41	7.76	8.88	68.86	76.2	2	23.0	2
1316.117	30.87	2.91	89.80	7.79	8.78	68.38	76.1	2	24.0	2
1316.262	32.47	2.73	88.79	7.88	8.39	66.12	74.5	2	22.5	2
1316.322	32.31	2.77	89.62	7.75	8.94	69.30	77.3	2	23.5	2
1316.426	30.97	2.91	90.02	7.76	8.60	66.67	74.1	2	23.0	2
1316.571	31.99	2.80	89.54	7.85	8.13	63.82	71.3	2	22.5	2
1316.631	31.56	2.85	89.88	7.80	8.72	68.00	75.7	2	24.5	2
1316.735	30.63	2.95	90.32	7.78	8.46	65.77	72.8	2	22.5	2
1316.880	31.50	2.87	90.48	7.77	8.51	66.12	73.1	2	22.0	2
1316.940	32.06	2.82	90.26	7.94	8.19	64.98	72.0	2	22.5	2
1317.044	31.68	2.86	90.77	7.80	8.62	67.23	74.1	2	24.0	2
1317.189	31.59	2.85	90.05	7.77	8.41	65.31	72.5	2	21.5	2
1317.249	32.52	2.70	87.88	7.85	8.07	63.36	72.1	2	22.0	2
1317.353	32.95	2.69	88.61	7.64	8.99	68.73	77.6	2	23.0	2
1317.498	30.73	2.94	90.22	7.69	8.64	66.42	73.6	2	22.0	2
1317.558	31.39	2.88	90.25	7.57	9.03	68.34	75.7	2	22.5	2
1317.662	32.21	2.77	89.12	7.77	8.15	63.33	71.1	2	23.0	2
1317.807	30.11	2.98	89.83	7.75	8.97	69.51	77.4	2	24.5	2
1317.867	30.13	2.99	89.98	7.75	8.64	66.90	74.4	2	22.0	2
1317.971	32.22	2.77	89.28	7.69	8.46	65.01	72.8	2	21.0	2
1318.116	31.09	2.87	89.19	7.60	9.07	68.95	77.3	2	24.0	2
1318.176	30.62	2.93	89.78	7.52	9.17	68.93	76.8	2	22.5	2
1318.280	31.41	2.87	90.20	7.79	7.99	62.27	69.0	2	22.5	2
1318.425	32.00	2.81	89.91	7.94	8.22	65.25	72.6	2	23.5	2
1318.485	31.53	2.86	90.21	7.80	8.92	69.57	77.1	2	23.0	2
1318.589	31.84	2.85	90.90	7.72	8.80	67.98	74.8	2	21.0	2
1318.734	31.71	2.87	90.90	7.80	8.17	63.67	70.0	2	22.5	2
1318.794	31.21	2.92	91.24	7.88	8.17	64.38	70.6	2	24.5	2
1318.898	31.30	2.87	89.93	7.82	8.31	65.03	72.3	2	22.0	2
1319.043	30.77	2.91	89.67	7.73	8.43	65.13	72.6	2	23.5	2
1319.103	31.11	2.91	90.44	7.73	8.42	65.16	72.0	2	22.0	2
1319.207	31.50	2.88	90.60	7.80	8.23	64.20	70.9	2	23.5	2
1319.352	31.15	2.92	90.86	7.77	8.72	67.74	74.6	2	23.5	2
1319.412	30.74	2.94	90.49	7.63	9.10	69.43	76.7	2	22.5	2
1319.516	31.17	2.91	90.64	7.57	9.09	68.77	75.9	2	22.0	2
1319.661	31.37	2.90	91.04	7.97	7.88	62.84	69.0	2	23.5	2
1319.721	31.49	2.90	91.23	7.89	8.63	68.08	74.6	2	23.5	2
1319.825	32.01	2.84	90.89	7.78	8.59	66.84	73.5	2	21.5	2
