1843.753	38.52	0.25	9.48	0.66	1.35	0.89	9.4	2	11.0	3
1843.856	35.84	1.16	41.52	2.82	6.08	17.12	41.2	2	16.0	3
1844.001	22.19	1.94	42.99	3.19	7.19	22.94	53.4	2	23.5	3
1844.061	19.09	2.39	45.71	3.33	7.55	25.15	55.0	2	26.5	3
1844.165	15.81	3.35	53.01	3.60	8.26	29.69	56.0	2	31.5	3
1844.310	11.14	4.44	49.41	3.43	8.01	27.44	55.5	2	39.0	3
1844.370	9.43	4.62	43.54	3.23	7.39	23.89	54.9	2	42.0	3
1844.474	6.78	4.76	32.30	2.80	6.30	17.62	54.6	2	47.0	3
1844.619	4.48	4.83	21.66	2.25	4.84	10.89	50.3	2	54.5	3
1844.679	3.80	4.84	18.41	2.07	4.35	9.00	48.9	2	57.5	3
1844.782	2.87	4.85	13.92	1.80	3.58	6.44	46.3	2	62.5	3
1844.926	1.91	4.86	9.29	1.42	2.74	3.88	41.8	2	69.5	3
1844.986	1.71	4.87	8.30	1.24	2.41	2.99	36.0	2	72.5	3
1845.089	1.33	4.87	6.50	0.98	1.90	1.87	28.8	2	78.0	3
1845.233	0.90	4.88	4.40	0.72	1.35	0.97	22.0	2	85.0	3
1845.293	0.77	4.88	3.77	0.59	1.16	0.69	18.2	2	88.0	3
1845.396	0.64	4.88	3.14	0.41	0.83	0.34	10.8	2	93.0	3
1845.540	7.31	4.72	34.49	2.39	5.52	13.21	38.3	2	33.5	3
1845.600	9.37	4.65	43.54	3.01	6.97	20.98	48.2	2	33.1	3
1845.704	11.19	4.55	50.88	3.51	8.06	28.33	55.7	2	32.2	3
1845.849	12.35	4.40	54.33	3.72	8.62	32.06	59.0	2	31.4	3
1845.909	12.20	4.45	54.24	3.73	8.64	32.23	59.4	2	33.5	3
1846.013	11.76	4.55	53.53	3.70	8.59	31.81	59.4	2	33.2	3
1846.158	12.27	4.46	54.71	3.77	8.68	32.70	59.8	2	31.1	3
1846.218	12.57	4.38	55.02	3.76	8.76	32.97	59.9	2	35.5	3
1846.322	10.95	4.63	50.69	3.60	8.34	30.01	59.2	2	35.5	3
1846.467	10.32	4.61	47.56	3.48	8.00	27.87	58.6	2	29.8	3
1846.527	11.68	4.39	51.21	3.62	8.34	30.18	58.9	2	29.8	3
1846.631	13.79	3.82	52.68	3.66	8.47	31.01	58.9	2	26.8	3
1846.776	13.15	4.12	54.23	3.73	8.71	32.52	60.0	2	31.6	3
1846.836	13.15	4.08	53.67	3.71	8.63	32.02	59.7	2	28.8	3
1846.940	13.64	3.91	53.34	3.74	8.68	32.46	60.9	2	29.0	3
1847.085	14.78	3.36	49.62	3.61	8.37	30.19	60.8	2	24.7	3
1847.145	14.67	3.31	48.48	3.59	8.34	29.97	61.8	2	28.6	3
1847.249	13.31	3.75	49.85	3.52	8.17	28.74	57.6	2	51.4	3
1847.394	9.42	4.31	40.54	3.04	6.80	20.67	51.0	2	29.9	3
1847.454	11.36	4.18	47.51	3.39	7.73	26.19	55.1	2	29.9	3
1847.558	12.91	4.07	52.50	3.68	8.45	31.06	59.2	2	29.8	3
1847.703	13.67	3.57	48.79	3.45	7.97	27.50	56.4	2	30.6	3
1847.763	13.12	3.96	51.93	3.60	8.35	30.09	57.9	2	33.6	3
1847.867	11.78	4.43	52.19	3.63	8.39	30.45	58.3	2	33.6	3
1848.012	12.54	4.36	54.66	3.77	8.70	32.80	60.0	2	29.6	3
1848.072	13.12	4.17	54.69	3.77	8.72	32.87	60.1	2	29.6	3
1848.176	13.64	4.03	54.94	3.75	8.77	32.91	59.9	2	29.1	3
1848.321	13.96	3.91	54.57	3.75	8.75	32.86	60.2	2	29.1	3
1848.381	14.05	3.87	54.35	3.76	8.75	32.91	60.6	2	29.1	3
1848.485	13.97	3.91	54.69	3.77	8.76	33.00	60.3	2	31.1	3
1848.630	12.64	4.36	55.08	3.76	8.79	33.08	60.1	2	32.6	3
1848.690	12.61	4.38	55.17	3.79	8.77	33.24	60.2	2	31.1	3
1848.794	13.19	4.18	55.11	3.79	8.82	33.42	60.6	2	29.1	3
1848.939	13.73	4.01	55.06	3.75	8.83	33.08	60.1	2	29.1	3
1848.999	13.81	3.96	54.65	3.75	8.76	32.86	60.1	2	29.6	3
1849.103	13.92	3.90	54.25	3.75	8.76	32.85	60.6	2	28.1	3
1849.248	14.47	3.67	53.17	3.68	8.71	32.07	60.3	2	27.1	3
1849.308	14.54	3.65	53.06	3.69	8.69	32.09	60.5	2	27.6	3
1849.412	14.73	3.55	52.36	3.67	8.59	31.55	60.3	2	27.6	3
1849.557	14.93	3.41	50.90	3.63	8.49	30.86	60.6	2	27.1	3
1849.617	14.98	3.39	50.74	3.64	8.49	30.89	60.9	2	26.6	3
1849.721	15.09	3.28	49.52	3.60	8.42	30.33	61.2	2	25.6	3
1849.866	15.36	3.18	48.90	3.56	8.34	29.71	60.7	2	25.1	3
1849.926	15.42	3.11	47.91	3.53	8.27	29.17	60.9	2	25.6	3
1850.030	14.54	3.56	51.74	3.68	8.57	31.55	61.0	2	31.1	3
1850.175	12.14	4.38	53.16	3.66	8.59	31.47	59.2	2	33.1	3
1850.235	11.77	4.51	53.04	3.65	8.61	31.42	59.2	2	33.6	3
1850.339	12.21	4.44	54.25	3.72	8.71	32.42	59.8	2	30.1	3
1850.484	13.65	3.95	53.96	3.71	8.81	32.69	60.6	2	27.6	3
1850.544	14.02	3.82	53.53	3.71	8.76	32.46	60.6	2	27.6	3
1850.648	14.34	3.70	53.07	3.68	8.75	32.17	60.6	2	27.1	3
1850.793	14.50	3.61	52.29	3.64	8.73	31.80	60.8	2	26.6	3
1850.853	14.56	3.55	51.70	3.63	8.69	31.58	61.1	2	27.6	3
1850.957	14.70	3.51	51.53	3.62	8.63	31.28	60.7	2	27.1	3
1851.102	13.38	4.01	53.58	3.71	8.78	32.60	60.8	2	32.6	3
1851.162	12.52	4.29	53.77	3.67	8.70	31.88	59.3	2	33.1	3
1851.266	12.30	4.42	54.34	3.70	8.73	32.32	59.5	2	30.6	3
1851.411	13.46	4.03	54.30	3.71	8.82	32.72	60.3	2	29.6	3
1851.471	13.65	4.00	54.57	3.71	8.83	32.75	60.0	2	29.1	3
1851.575	13.89	3.89	54.09	3.69	8.84	32.64	60.3	2	29.1	3
1851.720	14.31	3.73	53.44	3.67	8.78	32.26	60.4	2	27.6	3
1851.780	14.54	3.68	53.53	3.67	8.76	32.11	60.0	2	28.1	3
1851.884	14.49	3.67	53.24	3.67	8.74	32.11	60.3	2	28.1	3
1852.029	14.40	3.60	51.86	3.63	8.75	31.76	61.2	2	26.6	3
1852.089	14.52	3.55	51.57	3.61	8.70	31.40	60.9	2	27.1	3
1852.193	14.76	3.48	51.32	3.60	8.64	31.07	60.5	2	26.6	3
1852.338	14.86	3.40	50.47	3.60	8.55	30.83	61.1	2	26.6	3
1852.398	14.90	3.39	50.49	3.60	8.56	30.79	61.0	2	27.6	3
1852.502	13.91	3.83	53.19	3.65	8.77	31.99	60.1	2	32.1	3
1852.647	11.94	4.46	53.20	3.65	8.69	31.68	59.6	2	33.6	3
1852.707	11.70	4.53	52.99	3.62	8.69	31.43	59.3	2	33.6	3
1852.811	12.49	4.36	54.48	3.69	8.79	32.46	59.6	2	29.1	3
1852.956	13.61	4.01	54.52	3.74	8.83	33.07	60.7	2	28.6	3
1853.016	13.81	3.92	54.10	3.72	8.82	32.83	60.7	2	28.6	3
1853.120	14.05	3.81	53.53	3.70	8.82	32.66	61.0	2	28.1	3
1853.265	14.44	3.67	52.99	3.65	8.76	31.96	60.3	2	27.6	3
1853.325	14.61	3.62	52.90	3.64	8.71	31.73	60.0	2	27.1	3
1853.429	14.65	3.59	52.61	3.63	8.68	31.49	59.9	2	27.6	3
1853.574	13.40	4.07	54.51	3.66	8.86	32.48	59.6	2	33.1	3
1853.634	12.53	4.33	54.26	3.62	8.81	31.91	58.8	2	32.6	3
1853.738	12.01	4.51	54.13	3.63	8.79	31.92	59.0	2	33.1	3
1853.883	12.83	4.33	55.58	3.72	8.89	33.05	59.5	2	29.6	3
1853.943	13.31	4.12	54.89	3.74	8.85	33.05	60.2	2	29.6	3
1854.047	13.83	3.99	55.11	3.74	8.83	33.05	60.0	2	29.1	3
1854.192	14.07	3.91	55.06	3.72	8.86	32.92	59.8	2	28.1	3
1854.252	14.15	3.85	54.47	3.71	8.83	32.73	60.1	2	28.6	3
1854.356	14.25	3.75	53.48	3.70	8.78	32.44	60.6	2	28.1	3
1854.501	14.39	3.68	52.90	3.70	8.74	32.37	61.2	2	27.6	3
1854.561	14.40	3.60	51.89	3.69	8.69	32.04	61.8	2	27.6	3
1854.665	14.62	3.53	51.59	3.67	8.63	31.68	61.4	2	27.1	3
1854.810	14.97	3.40	50.83	3.62	8.51	30.83	60.7	2	26.6	3
1854.870	15.00	3.43	51.38	3.64	8.56	31.17	60.7	2	27.1	3
1854.974	14.99	3.40	51.02	3.65	8.53	31.09	60.9	2	27.1	3
1855.119	13.21	4.09	54.10	3.71	8.72	32.37	59.8	2	33.1	3
1855.179	12.50	4.34	54.19	3.67	8.69	31.91	58.9	2	33.6	3
1855.283	12.17	4.42	53.71	3.72	8.72	32.39	60.3	2	30.6	3
1855.428	13.69	3.95	54.08	3.74	8.74	32.70	60.5	2	27.6	3
1855.488	13.99	3.84	53.76	3.73	8.75	32.64	60.7	2	29.1	3
1855.592	14.15	3.76	53.27	3.73	8.71	32.47	61.0	2	28.1	3
1855.737	14.45	3.57	51.57	3.68	8.65	31.85	61.8	2	27.1	3
1855.797	14.64	3.51	51.33	3.66	8.61	31.50	61.4	2	26.6	3
1855.901	14.79	3.44	50.88	3.65	8.57	31.24	61.4	2	26.6	3
1856.046	14.05	3.81	53.56	3.71	8.75	32.45	60.6	2	32.1	3
1856.106	12.83	4.18	53.67	3.67	8.69	31.88	59.4	2	33.1	3
1856.210	12.06	4.46	53.75	3.69	8.71	32.17	59.9	2	33.1	3
1856.355	12.27	4.47	54.80	3.68	8.82	32.45	59.2	2	31.1	3
1856.415	12.88	4.29	55.30	3.70	8.88	32.81	59.3	2	29.1	3
1856.519	13.53	4.08	55.14	3.71	8.92	33.11	60.0	2	29.6	3
1856.664	14.02	3.88	54.35	3.71	8.87	32.88	60.5	2	27.6	3
1856.724	14.29	3.80	54.26	3.71	8.85	32.80	60.4	2	28.6	3
1856.828	14.22	3.80	54.04	3.71	8.88	32.97	61.0	2	29.1	3
1856.973	13.12	4.17	54.68	3.71	8.91	33.06	60.5	2	31.1	3
1857.033	13.33	4.15	55.31	3.71	8.94	33.13	59.9	2	29.6	3
1857.137	13.61	4.06	55.28	3.70	8.95	33.11	59.9	2	29.6	3
1857.282	13.86	4.00	55.42	3.72	8.94	33.24	60.0	2	28.6	3
1857.342	13.95	3.89	54.33	3.70	8.87	32.81	60.4	2	28.6	3
1857.446	14.18	3.78	53.57	3.68	8.81	32.48	60.6	2	28.1	3
1857.591	14.61	3.60	52.55	3.64	8.72	31.72	60.4	2	26.6	3
1857.651	14.72	3.54	52.15	3.61	8.68	31.37	60.2	2	27.1	3
1857.755	14.78	3.48	51.48	3.62	8.63	31.23	60.7	2	26.6	3
1857.900	15.15	3.31	50.07	3.58	8.46	30.29	60.5	2	25.6	3
1857.960	15.11	3.32	50.11	3.59	8.50	30.51	60.9	2	27.6	3
1858.064	13.89	3.85	53.47	3.69	8.71	32.11	60.0	2	32.6	3
1858.209	12.00	4.48	53.73	3.64	8.65	31.49	58.6	2	34.1	3
1858.269	11.82	4.54	53.65	3.66	8.65	31.66	59.0	2	32.1	3
1858.373	12.73	4.33	55.06	3.73	8.78	32.72	59.4	2	29.1	3
1858.518	13.62	4.03	54.86	3.76	8.84	33.22	60.5	2	29.6	3
1858.578	13.84	3.95	54.72	3.78	8.82	33.31	60.9	2	29.1	3
1858.682	14.06	3.86	54.32	3.71	8.80	32.69	60.2	2	28.6	3
1858.827	14.17	3.76	53.31	3.69	8.83	32.57	61.1	2	28.1	3
1858.887	14.25	3.69	52.61	3.67	8.79	32.29	61.4	2	27.6	3
1858.991	14.49	3.60	52.12	3.66	8.74	31.98	61.4	2	27.6	3
1859.136	14.81	3.51	51.94	3.63	8.65	31.41	60.5	2	27.1	3
1859.196	14.81	3.49	51.72	3.64	8.62	31.39	60.7	2	26.6	3
1859.300	14.96	3.43	51.24	3.61	8.56	30.95	60.4	2	26.6	3
1859.445	15.30	3.22	49.23	3.54	8.43	29.85	60.6	2	25.1	3
1859.505	15.30	3.17	48.47	3.53	8.38	29.55	61.0	2	25.1	3
1859.609	15.50	3.06	47.41	3.49	8.28	28.88	60.9	2	26.1	3
1859.754	14.21	3.73	53.05	3.66	8.70	31.86	60.1	2	32.1	3
1859.814	12.98	4.13	53.61	3.67	8.69	31.87	59.4	2	34.1	3
1859.918	11.94	4.48	53.48	3.67	8.60	31.53	59.0	2	33.1	3
1860.063	12.99	4.20	54.52	3.74	8.81	32.94	60.4	2	28.6	3
1860.123	13.53	4.04	54.63	3.74	8.84	33.04	60.5	2	28.1	3
1860.227	13.91	3.86	53.71	3.72	8.78	32.62	60.7	2	28.6	3
1860.372	14.32	3.71	53.08	3.69	8.73	32.19	60.6	2	27.6	3
1860.432	14.45	3.64	52.61	3.69	8.70	32.13	61.1	2	27.1	3
1860.536	14.58	3.56	51.93	3.67	8.65	31.75	61.1	2	27.1	3
1860.681	15.02	3.42	51.33	3.61	8.55	30.89	60.2	2	26.6	3
1860.741	14.94	3.42	51.13	3.64	8.52	31.03	60.7	2	27.1	3
1860.845	14.91	3.41	50.83	3.65	8.51	31.04	61.1	2	27.1	3
1860.990	13.56	4.00	54.23	3.73	8.70	32.41	59.8	2	33.6	3
1861.050	12.55	4.29	53.88	3.74	8.64	32.34	60.0	2	33.6	3
1861.154	11.91	4.49	53.51	3.73	8.65	32.20	60.2	2	32.6	3
1861.299	13.32	4.06	54.07	3.79	8.73	33.07	61.1	2	28.6	3
1861.359	13.59	3.96	53.78	3.78	8.71	32.90	61.2	2	29.1	3
1861.463	14.07	3.83	53.90	3.78	8.74	33.01	61.3	2	28.1	3
1861.608	14.41	3.63	52.25	3.73	8.61	32.13	61.5	2	26.6	3
1861.668	14.58	3.56	51.95	3.70	8.56	31.69	61.0	2	27.6	3
1861.772	14.70	3.53	51.87	3.73	8.53	31.78	61.3	2	27.1	3
1861.917	14.84	3.48	51.67	3.73	8.47	31.61	61.2	2	27.6	3
1861.977	14.79	3.49	51.55	3.73	8.46	31.60	61.3	2	27.6	3
1862.081	14.96	3.41	51.07	3.73	8.42	31.43	61.5	2	26.6	3
1862.226	15.10	3.32	50.20	3.68	8.38	30.87	61.5	2	26.1	3
1862.286	15.11	3.28	49.55	3.67	8.35	30.64	61.8	2	26.1	3
1862.390	14.92	3.48	51.90	3.70	8.48	31.42	60.5	2	29.6	3
1862.535	12.72	4.26	54.21	3.76	8.66	32.52	60.0	2	33.6	3
1862.595	12.21	4.43	54.10	3.75	8.63	32.35	59.8	2	33.6	3
1862.699	12.68	4.31	54.64	3.81	8.71	33.16	60.7	2	29.1	3
1862.844	13.66	3.99	54.55	3.79	8.79	33.28	61.0	2	29.6	3
1862.904	13.57	3.98	53.95	3.81	8.78	33.48	62.1	2	28.6	3
1863.008	14.12	3.83	54.12	3.83	8.70	33.31	61.5	2	28.6	3
1863.153	14.27	3.75	53.56	3.89	8.54	33.25	62.1	2	28.6	3
1863.213	14.34	3.72	53.28	3.94	8.44	33.26	62.4	2	29.1	3
1863.317	14.50	3.64	52.78	3.94	8.39	33.08	62.7	2	28.1	3
1863.462	14.64	3.52	51.49	4.06	8.19	33.24	64.5	2	28.6	3
1863.522	14.88	3.39	50.48	4.18	7.93	33.14	65.6	2	29.1	3
1863.626	14.65	3.48	50.96	4.17	8.00	33.36	65.5	2	30.6	3
1863.771	13.32	4.11	54.74	4.74	7.74	36.74	67.1	2	35.6	3
1863.831	12.80	4.26	54.53	4.78	7.65	36.53	67.0	2	35.1	3
1863.935	12.54	4.40	55.22	4.85	7.49	36.31	65.8	2	35.1	3
1864.080	13.49	4.04	54.49	5.32	7.03	37.41	68.7	2	33.6	3
1864.140	13.87	3.88	53.81	5.50	6.88	37.87	70.4	2	35.1	3
1864.244	13.89	3.89	53.98	5.97	6.41	38.29	70.9	2	38.1	3
1864.389	12.71	4.31	54.75	6.28	6.39	40.13	73.3	2	39.6	3
1864.449	12.86	4.26	54.74	6.46	6.38	41.22	75.3	2	39.6	3
1864.553	12.98	4.20	54.51	6.63	6.23	41.34	75.8	2	40.1	3
1864.698	13.07	4.22	55.15	6.90	5.96	41.09	74.5	2	39.6	3
1864.758	13.36	4.16	55.54	7.03	5.87	41.27	74.3	2	40.1	3
1864.862	13.53	4.08	55.14	7.10	5.81	41.21	74.7	2	41.1	3
1865.007	13.25	4.20	55.64	7.21	5.73	41.31	74.2	2	40.6	3
1865.067	13.28	4.18	55.49	7.26	5.69	41.28	74.4	2	40.1	3
1865.171	13.37	4.14	55.40	7.25	5.62	40.73	73.5	2	40.6	3
1865.316	13.41	4.16	55.75	7.32	5.66	41.43	74.3	2	40.6	3
1865.376	13.39	4.11	55.09	7.41	5.59	41.39	75.1	2	41.6	3
1865.480	13.04	4.25	55.37	7.32	5.61	41.11	74.2	2	42.1	3
1865.625	12.81	4.34	55.56	7.33	5.65	41.40	74.5	2	41.6	3
1865.685	13.05	4.26	55.60	7.30	5.71	41.66	74.9	2	40.6	3
1865.789	13.46	4.12	55.43	7.33	5.56	40.74	73.5	2	41.6	3
1865.934	13.49	4.06	54.71	7.28	5.79	42.11	77.0	2	39.6	3
1865.994	13.40	4.08	54.63	7.25	5.81	42.17	77.2	2	41.1	3
1866.098	13.00	4.24	55.09	7.27	5.75	41.77	75.8	2	41.6	3
1866.243	13.49	4.10	55.38	7.30	5.76	42.07	76.0	2	40.1	3
1866.303	13.63	4.06	55.29	7.27	5.70	41.44	75.0	2	41.1	3
1866.407	13.15	4.25	55.88	7.18	5.88	42.22	75.6	2	42.6	3
1866.552	12.89	4.25	54.79	7.17	5.78	41.46	75.7	2	40.6	3
1866.612	12.95	4.22	54.62	7.26	5.59	40.58	74.3	2	41.1	3
1866.716	12.64	4.34	54.85	7.20	5.65	40.65	74.1	2	43.1	3
1866.861	12.99	4.31	56.03	7.21	5.62	40.53	72.3	2	39.6	3
1866.921	13.29	4.17	55.37	7.15	5.76	41.20	74.4	2	39.6	3
1867.025	13.41	4.11	55.08	7.15	5.77	41.20	74.8	2	41.1	3
1867.170	13.08	4.21	55.03	7.07	5.81	41.07	74.6	2	41.1	3
1867.230	13.27	4.17	55.29	7.14	5.74	40.98	74.1	2	40.1	3
1867.334	13.39	4.12	55.19	7.17	5.67	40.64	73.6	2	40.6	3
1867.479	13.49	4.09	55.17	7.16	5.78	41.38	75.0	2	40.1	3
1867.539	13.57	4.04	54.87	7.08	5.79	41.01	74.7	2	39.6	3
1867.643	13.53	4.04	54.69	7.08	5.86	41.46	75.8	2	40.6	3
1867.788	13.39	4.09	54.81	7.10	5.85	41.56	75.8	2	40.1	3
1867.848	13.44	4.07	54.71	7.14	5.73	40.91	74.8	2	39.6	3
1867.952	13.26	4.13	54.73	7.07	5.83	41.25	75.4	2	41.6	3
1868.097	13.23	4.16	55.04	7.06	5.78	40.80	74.1	2	39.6	3
1868.157	13.24	4.17	55.22	7.04	5.73	40.37	73.1	2	41.1	3
1868.261	12.90	4.29	55.29	7.05	5.84	41.13	74.4	2	40.6	3
1868.406	13.16	4.22	55.51	7.16	5.70	40.80	73.5	2	40.6	3
1868.466	13.07	4.22	55.20	7.07	5.73	40.50	73.4	2	41.1	3
1868.570	13.22	4.20	55.54	7.09	5.76	40.83	73.5	2	39.6	3
1868.715	13.21	4.14	54.62	7.02	5.83	40.96	75.0	2	40.6	3
1868.775	12.95	4.21	54.54	7.07	5.72	40.40	74.1	2	40.6	3
1868.879	12.85	4.28	55.02	6.98	5.80	40.46	73.5	2	41.6	3
1869.024	13.32	4.15	55.30	7.02	5.81	40.78	73.7	2	39.6	3
1869.084	13.24	4.18	55.30	6.95	5.84	40.57	73.4	2	39.6	3
1869.188	13.04	4.24	55.33	6.92	5.92	41.02	74.1	2	41.1	3
1869.333	13.34	4.11	54.87	6.92	5.82	40.29	73.4	2	38.6	3
1869.393	13.41	4.11	55.07	6.86	5.95	40.82	74.1	2	40.6	3
1869.497	12.97	4.27	55.37	6.89	5.95	41.00	74.0	2	40.6	3
1869.642	13.27	4.20	55.79	6.89	5.96	41.03	73.6	2	40.1	3
1869.702	13.27	4.20	55.70	6.89	5.87	40.50	72.7	2	39.6	3
1869.806	13.33	4.16	55.51	6.93	5.80	40.22	72.4	2	40.1	3
1869.951	13.17	4.25	55.99	6.83	6.06	41.39	73.9	2	41.6	3
1870.011	13.00	4.31	56.07	6.91	5.86	40.48	72.2	2	41.1	3
1870.115	13.08	4.28	55.97	7.00	5.83	40.84	73.0	2	40.1	3
1870.260	12.84	4.29	55.07	6.89	5.99	41.27	74.9	2	40.6	3
1870.320	12.85	4.26	54.77	6.92	5.94	41.09	75.0	2	39.6	3
1870.424	13.42	4.08	54.69	6.87	5.93	40.72	74.5	2	39.1	3
1870.569	13.52	4.07	55.07	6.93	5.93	41.12	74.7	2	39.6	3
1870.629	13.27	4.15	55.04	6.96	5.91	41.12	74.7	2	41.1	3
1870.733	12.84	4.29	55.14	6.92	5.80	40.14	72.8	2	41.1	3
1870.878	13.15	4.15	54.59	6.83	6.04	41.28	75.6	2	39.1	3
1870.938	13.22	4.12	54.45	6.77	6.06	41.07	75.4	2	38.6	3
1871.042	13.85	3.91	54.13	6.83	5.85	39.94	73.8	2	37.1	3
1871.187	13.51	4.03	54.51	6.72	6.04	40.59	74.5	2	41.6	3
1871.247	12.93	4.23	54.62	6.79	5.94	40.32	73.8	2	42.6	3
1871.351	12.72	4.31	54.75	6.76	6.01	40.60	74.2	2	38.6	3
1871.496	13.67	4.01	54.86	6.75	5.88	39.68	72.3	2	38.1	3
1871.556	13.58	4.01	54.41	6.68	6.15	41.11	75.5	2	39.6	3
1871.660	13.19	4.19	55.28	6.73	5.96	40.11	72.6	2	39.1	3
1871.805	13.16	4.22	55.50	6.76	6.08	41.14	74.1	2	39.6	3
1871.865	13.44	4.10	55.12	6.81	5.86	39.86	72.3	2	38.1	3
1871.969	13.13	4.19	54.98	6.76	5.89	39.78	72.3	2	42.1	3
1872.114	12.89	4.32	55.69	6.63	5.98	39.62	71.2	2	39.1	3
1872.174	13.19	4.19	55.28	6.84	5.83	39.86	72.1	2	40.1	3
1872.278	12.92	4.28	55.35	6.63	6.11	40.49	73.2	2	39.6	3
1872.423	13.09	4.24	55.47	6.62	6.18	40.93	73.8	2	40.1	3
1872.483	13.24	4.21	55.67	6.91	5.68	39.24	70.5	2	40.1	3
1872.587	12.89	4.30	55.41	6.70	6.29	42.15	76.1	2	40.6	3
1872.732	13.29	4.21	56.01	6.79	5.93	40.22	71.8	2	39.1	3
1872.792	13.16	4.23	55.66	6.67	6.25	41.70	74.9	2	39.1	3
1872.896	13.13	4.20	55.14	6.65	5.92	39.38	71.4	2	39.1	3
1873.041	13.55	4.07	55.12	6.85	6.06	41.52	75.3	2	41.1	3
1873.101	12.77	4.31	55.03	6.62	6.46	42.73	77.7	2	41.6	3
1873.205	12.36	4.45	54.97	6.39	6.71	42.88	78.0	2	39.6	3
1873.350	13.33	4.12	54.99	6.39	6.84	43.76	79.6	2	39.1	3
1873.410	13.40	4.07	54.57	6.51	6.79	44.17	80.9	2	39.6	3
1873.514	13.43	4.12	55.26	6.86	6.26	42.94	77.7	2	41.6	3
1873.659	12.14	4.47	54.27	6.60	5.89	38.91	71.7	2	40.1	3
1873.719	12.67	4.35	55.13	6.62	6.08	40.29	73.1	2	39.1	3
1873.823	12.84	4.33	55.62	6.48	6.16	39.89	71.7	2	39.1	3
1873.968	13.12	4.22	55.33	6.72	5.87	39.42	71.3	2	38.6	3
1874.028	13.31	4.10	54.59	6.55	6.23	40.76	74.7	2	38.1	3
1874.132	13.25	4.15	54.98	6.64	5.90	39.22	71.3	2	40.6	3
1874.277	13.19	4.21	55.46	6.65	6.01	39.97	72.1	2	39.1	3
1874.337	13.19	4.19	55.30	6.52	6.26	40.82	73.8	2	38.6	3
1874.441	13.21	4.18	55.24	6.50	6.33	41.12	74.4	2	39.1	3
1874.586	13.28	4.13	54.86	6.53	6.24	40.77	74.3	2	39.6	3
1874.646	13.03	4.22	55.04	6.56	6.04	39.64	72.0	2	40.1	3
1874.750	13.16	4.20	55.29	6.67	5.91	39.40	71.3	2	38.6	3
1874.895	12.98	4.27	55.37	6.51	6.26	40.77	73.6	2	39.1	3
1874.955	13.28	4.14	54.95	6.73	5.88	39.59	72.0	2	38.6	3
1875.059	13.10	4.21	55.15	6.52	6.10	39.76	72.1	2	38.6	3
1875.204	13.32	4.15	55.24	6.57	6.17	40.55	73.4	2	39.6	3
1875.264	12.96	4.26	55.26	6.49	6.20	40.21	72.8	2	40.1	3
1875.368	13.08	4.24	55.39	6.49	6.26	40.60	73.3	2	39.1	3
1875.513	12.95	4.32	55.98	6.57	6.07	39.89	71.3	2	38.6	3
1875.573	12.99	4.29	55.68	6.54	6.12	40.05	71.9	2	39.1	3
1875.677	13.16	4.24	55.77	6.55	6.19	40.56	72.7	2	39.1	3
1875.822	13.41	4.07	54.62	6.51	6.18	40.21	73.6	2	38.6	3
1875.882	13.58	4.03	54.74	6.63	6.10	40.45	73.9	2	39.1	3
1875.986	13.18	4.22	55.61	6.53	6.25	40.85	73.5	2	39.6	3
1876.131	13.25	4.18	55.33	6.52	6.20	40.41	73.0	2	38.1	3
1876.191	13.29	4.12	54.69	6.44	6.29	40.51	74.1	2	37.1	3
1876.295	13.58	3.97	53.98	6.44	6.21	39.99	74.1	2	36.6	3
1876.440	13.29	4.14	55.03	6.44	6.18	39.79	72.3	2	38.6	3
1876.500	13.26	4.15	55.00	6.51	6.09	39.60	72.0	2	39.6	3
1876.604	13.10	4.19	54.93	6.53	6.06	39.57	72.0	2	38.1	3
1876.749	13.46	4.14	55.68	6.48	6.15	39.84	71.5	2	39.1	3
1876.809	13.05	4.24	55.32	6.46	6.21	40.09	72.5	2	40.6	3
1876.913	12.69	4.34	55.05	6.47	6.14	39.70	72.1	2	39.1	3
1877.058	13.19	4.16	54.88	6.47	6.11	39.53	72.0	2	38.1	3
1877.118	13.21	4.15	54.77	6.43	6.24	40.15	73.3	2	38.6	3
1877.222	13.16	4.18	55.04	6.51	6.20	40.40	73.4	2	39.1	3
1877.367	13.55	4.08	55.36	6.38	6.30	40.15	72.5	2	36.6	3
1877.427	13.69	4.00	54.77	6.43	6.19	39.76	72.6	2	37.1	3
1877.531	13.20	4.19	55.25	6.31	6.35	40.07	72.5	2	39.1	3
1877.676	13.27	4.14	54.96	6.36	6.26	39.81	72.4	2	37.1	3
1877.736	13.40	4.09	54.79	6.38	6.26	39.93	72.9	2	38.6	3
1877.840	12.95	4.27	55.31	6.43	6.22	39.98	72.3	2	39.6	3
1877.985	12.97	4.27	55.37	6.45	6.23	40.17	72.5	2	38.6	3
1878.045	13.08	4.24	55.42	6.46	6.27	40.53	73.1	2	39.1	3
1878.149	13.05	4.26	55.64	6.44	6.32	40.71	73.2	2	39.6	3
1878.294	13.24	4.14	54.78	6.41	6.30	40.33	73.6	2	38.6	3
1878.354	13.03	4.21	54.87	6.33	6.37	40.30	73.4	2	38.6	3
1878.458	13.14	4.19	55.03	6.40	6.26	40.08	72.8	2	38.1	3
1878.603	13.60	4.03	54.81	6.41	6.19	39.70	72.4	2	38.1	3
1878.663	13.61	4.06	55.26	6.42	6.19	39.80	72.0	2	38.1	3
1878.767	13.21	4.23	55.92	6.42	6.12	39.26	70.2	2	40.6	3
1878.912	13.16	4.19	55.20	6.36	6.25	39.70	71.9	2	37.6	3
1878.972	13.39	4.13	55.37	6.23	6.36	39.62	71.6	2	36.6	3
1879.076	13.13	4.19	55.06	6.32	6.30	39.79	72.3	2	39.1	3
1879.221	13.12	4.23	55.44	6.24	6.41	40.01	72.2	2	38.6	3
1879.281	13.11	4.23	55.47	6.27	6.44	40.39	72.8	2	38.6	3
1879.385	13.17	4.18	55.09	6.28	6.35	39.88	72.4	2	39.1	3
1879.530	13.78	4.02	55.42	6.23	6.40	39.90	72.0	2	36.6	3
1879.590	13.91	3.88	54.05	6.21	6.42	39.91	73.8	2	37.6	3
1879.694	13.37	4.13	55.20	6.28	6.26	39.32	71.2	2	39.1	3
1879.839	12.98	4.29	55.71	6.20	6.37	39.53	71.0	2	39.1	3
1879.899	13.24	4.20	55.60	6.34	6.30	39.94	71.8	2	38.6	3
1880.003	13.21	4.19	55.31	6.32	6.22	39.32	71.1	2	38.6	3
1880.148	13.10	4.21	55.17	6.38	6.20	39.57	71.7	2	37.6	3
1880.208	12.93	4.26	55.07	6.19	6.38	39.48	71.7	2	38.1	3
1880.312	13.18	4.21	55.52	6.28	6.32	39.69	71.5	2	39.1	3
1880.457	13.03	4.31	56.13	6.24	6.38	39.80	70.9	2	38.6	3
1880.517	12.87	4.33	55.78	6.19	6.37	39.43	70.7	2	38.6	3
1880.621	13.09	4.23	55.39	6.24	6.40	39.90	72.0	2	37.6	3
1880.766	13.56	4.08	55.27	6.33	6.24	39.46	71.4	2	38.6	3
1880.826	13.59	4.08	55.51	6.28	6.30	39.61	71.3	2	36.6	3
1880.930	13.47	4.09	55.08	6.29	6.28	39.52	71.8	2	38.6	3
1881.075	12.97	4.22	54.70	6.21	6.42	39.92	73.0	2	37.6	3
1881.135	13.50	4.07	54.98	6.19	6.41	39.66	72.1	2	36.6	3
1881.239	13.66	3.98	54.33	6.28	6.26	39.36	72.4	2	39.1	3
1881.384	12.77	4.30	54.94	6.18	6.51	40.23	73.2	2	40.1	3
1881.444	12.44	4.42	55.00	6.07	6.47	39.27	71.4	2	38.6	3
1881.548	13.08	4.21	55.09	6.05	6.47	39.16	71.1	2	36.6	3
1881.693	13.69	4.04	55.29	6.12	6.41	39.27	71.0	2	38.6	3
1881.753	13.21	4.20	55.48	6.03	6.53	39.41	71.0	2	38.1	3
1881.857	13.03	4.24	55.32	6.11	6.46	39.51	71.4	2	38.6	3
1882.002	13.02	4.27	55.60	6.11	6.48	39.60	71.2	2	38.1	3
1882.062	12.98	4.30	55.77	6.06	6.51	39.49	70.8	2	38.1	3
1882.166	13.22	4.19	55.44	6.12	6.45	39.50	71.2	2	37.6	3
1882.311	12.94	4.29	55.46	6.01	6.57	39.47	71.2	2	39.1	3
1882.371	12.72	4.31	54.77	6.09	6.52	39.70	72.5	2	39.1	3
1882.475	12.47	4.39	54.76	6.01	6.55	39.33	71.8	2	38.1	3
1882.620	13.50	4.09	55.20	6.03	6.52	39.31	71.2	2	35.6	3
1882.680	13.84	3.98	55.06	6.07	6.40	38.81	70.5	2	36.1	3
1882.784	13.79	3.96	54.68	5.97	6.65	39.69	72.6	2	36.1	3
1882.929	13.70	4.05	55.50	6.10	6.43	39.27	70.8	2	38.6	3
1882.989	13.45	4.09	54.99	6.12	6.39	39.09	71.1	2	38.1	3
1883.093	13.00	4.24	55.09	6.10	6.29	38.40	69.7	2	38.1	3
1883.238	13.11	4.21	55.22	5.97	6.60	39.43	71.4	2	36.6	3
1883.298	13.38	4.11	54.96	6.07	6.57	39.83	72.5	2	38.1	3
1883.402	13.10	4.17	54.63	6.15	6.49	39.92	73.1	2	38.1	3
1883.547	12.94	4.27	55.24	6.09	6.54	39.79	72.0	2	38.1	3
1883.607	12.84	4.35	55.85	6.00	6.48	38.89	69.6	2	39.1	3
1883.711	12.84	4.32	55.42	6.03	6.59	39.77	71.8	2	37.6	3
1883.856	13.08	4.24	55.46	6.08	6.51	39.55	71.3	2	38.1	3
1883.916	13.28	4.14	55.02	6.17	6.49	40.08	72.8	2	38.1	3
1884.020	13.04	4.25	55.48	6.05	6.47	39.13	70.5	2	36.6	3
1884.165	13.32	4.20	55.90	6.11	6.53	39.89	71.3	2	38.1	3
1884.225	12.97	4.25	55.14	6.06	6.49	39.29	71.2	2	38.6	3
1884.329	13.16	4.21	55.42	6.15	6.38	39.21	70.7	2	37.6	3
1884.474	13.48	4.12	55.49	6.03	6.55	39.48	71.2	2	35.6	3
1884.534	13.59	4.03	54.81	6.08	6.43	39.07	71.3	2	37.1	3
1884.638	13.03	4.23	55.12	5.97	6.51	38.85	70.5	2	40.1	3
1884.783	12.75	4.33	55.14	6.07	6.50	39.44	71.5	2	37.1	3
1884.843	13.00	4.24	55.08	6.03	6.49	39.09	71.0	2	38.1	3
1884.947	13.29	4.16	55.25	6.12	6.38	39.02	70.6	2	37.1	3
1885.092	13.15	4.26	56.02	6.05	6.62	40.04	71.5	2	39.1	3
1885.152	12.88	4.28	55.16	6.07	6.42	38.99	70.7	2	37.1	3
1885.256	13.38	4.16	55.65	6.02	6.53	39.31	70.6	2	36.1	3
1885.401	13.37	4.17	55.74	6.03	6.54	39.42	70.7	2	38.1	3
1885.461	13.16	4.26	56.03	6.00	6.58	39.50	70.5	2	38.1	3
1885.565	13.06	4.26	55.64	6.03	6.47	39.01	70.1	2	37.1	3
1885.710	13.12	4.26	55.88	6.01	6.61	39.76	71.1	2	38.1	3
1885.770	13.27	4.21	55.85	6.02	6.57	39.59	70.9	2	37.6	3
1885.874	12.92	4.32	55.79	6.04	6.39	38.62	69.2	2	38.6	3
1886.019	12.77	4.34	55.41	6.07	6.43	39.01	70.4	2	38.6	3
1886.079	12.97	4.30	55.84	6.02	6.55	39.45	70.6	2	37.1	3
1886.183	13.09	4.22	55.29	6.12	6.38	39.03	70.6	2	38.1	3
1886.328	13.11	4.24	55.60	6.07	6.45	39.16	70.4	2	39.1	3
1886.388	12.83	4.33	55.61	6.08	6.38	38.78	69.7	2	40.6	3
1886.492	12.63	4.35	54.97	6.06	6.45	39.12	71.2	2	36.6	3
1886.637	13.33	4.12	54.95	5.99	6.59	39.49	71.9	2	38.1	3
1886.697	13.28	4.13	54.85	6.10	6.41	39.11	71.3	2	38.1	3
1886.801	12.82	4.29	55.02	5.95	6.57	39.11	71.1	2	37.6	3
1886.946	13.39	4.14	55.39	5.97	6.63	39.59	71.5	2	37.1	3
1887.006	13.60	4.07	55.33	6.05	6.47	39.17	70.8	2	37.6	3
1887.110	12.86	4.32	55.62	5.95	6.54	38.91	70.0	2	38.6	3
1887.255	13.00	4.27	55.53	5.89	6.56	38.64	69.6	2	38.1	3
1887.315	12.92	4.27	55.13	6.04	6.44	38.95	70.6	2	38.6	3
1887.419	12.93	4.25	55.03	6.00	6.52	39.08	71.0	2	38.1	3
1887.564	12.75	4.34	55.41	5.94	6.59	39.14	70.6	2	36.6	3
1887.624	13.03	4.24	55.22	6.01	6.52	39.16	70.9	2	38.6	3
1887.728	13.11	4.20	55.14	6.01	6.53	39.25	71.2	2	38.1	3
1887.873	13.22	4.16	55.03	5.98	6.54	39.11	71.1	2	37.1	3
1887.933	13.26	4.18	55.36	5.99	6.55	39.19	70.8	2	38.6	3
1888.037	12.87	4.28	55.13	5.96	6.58	39.19	71.1	2	37.6	3
1888.182	13.24	4.17	55.14	5.95	6.67	39.66	71.9	2	37.6	3
1888.242	13.23	4.20	55.63	5.97	6.64	39.64	71.3	2	37.6	3
1888.346	13.14	4.21	55.35	5.95	6.65	39.61	71.6	2	37.1	3
1888.491	13.62	4.01	54.61	5.91	6.69	39.53	72.4	2	36.1	3
1888.551	13.49	4.08	54.99	5.86	6.72	39.40	71.6	2	37.6	3
1888.655	13.49	4.11	55.38	5.88	6.66	39.16	70.7	2	38.1	3
1888.800	13.27	4.22	56.02	5.92	6.64	39.36	70.3	2	37.6	3
1888.860	13.17	4.23	55.66	5.87	6.70	39.34	70.7	2	37.6	3
1888.964	12.85	4.31	55.37	5.85	6.73	39.34	71.0	2	37.6	3
1889.109	13.53	4.09	55.38	5.92	6.63	39.23	70.8	2	35.6	3
1889.169	13.73	4.01	55.10	5.92	6.68	39.54	71.8	2	36.6	3
1889.273	13.00	4.26	55.32	5.83	6.67	38.88	70.3	2	38.1	3
1889.418	13.03	4.25	55.39	5.93	6.63	39.34	71.0	2	37.1	3
1889.478	13.18	4.17	54.98	5.96	6.60	39.36	71.6	2	37.1	3
1889.582	12.88	4.29	55.26	5.86	6.68	39.14	70.8	2	38.6	3
1889.727	12.73	4.31	54.86	5.84	6.70	39.17	71.4	2	36.6	3
1889.787	13.21	4.17	55.14	5.90	6.62	39.10	70.9	2	36.6	3
1889.891	13.15	4.21	55.44	5.92	6.64	39.32	70.9	2	37.1	3
1890.036	13.13	4.21	55.27	5.89	6.57	38.71	70.0	2	37.6	3
1890.096	13.09	4.23	55.43	5.94	6.49	38.55	69.5	2	36.6	3
1890.200	12.74	4.29	54.64	5.97	6.53	39.04	71.5	2	38.1	3
1890.345	12.78	4.28	54.75	5.84	6.67	38.96	71.2	2	37.1	3
1890.405	12.86	4.25	54.63	5.81	6.70	38.93	71.3	2	36.6	3
1890.509	13.37	4.12	55.16	5.86	6.66	39.07	70.8	2	37.6	3
1890.654	12.63	4.39	55.39	5.80	6.58	38.19	68.9	2	38.1	3
1890.714	12.85	4.28	55.03	5.89	6.48	38.19	69.4	2	37.1	3
1890.818	13.21	4.14	54.72	5.95	6.54	38.91	71.1	2	35.6	3
1890.963	13.54	4.06	54.97	5.88	6.64	39.08	71.1	2	37.6	3
1891.023	13.18	4.22	55.61	5.91	6.59	38.99	70.1	2	38.6	3
1891.127	12.99	4.27	55.52	5.84	6.63	38.72	69.7	2	37.1	3
1891.272	12.93	4.23	54.66	5.89	6.58	38.76	70.9	2	36.6	3
1891.332	13.35	4.10	54.67	5.92	6.54	38.67	70.7	2	36.6	3
1891.436	13.69	4.00	54.70	5.90	6.56	38.71	70.8	2	35.6	3
1891.581	13.24	4.13	54.65	5.78	6.69	38.65	70.7	2	38.1	3
1891.641	12.83	4.27	54.77	5.77	6.66	38.45	70.2	2	39.1	3
1891.745	13.19	4.22	55.65	5.84	6.64	38.78	69.7	2	36.6	3
1891.890	13.43	4.13	55.46	5.89	6.75	39.76	71.7	2	37.1	3
1891.950	13.20	4.20	55.42	5.84	6.74	39.36	71.0	2	38.1	3
1892.054	12.94	4.27	55.27	5.91	6.57	38.81	70.2	2	37.6	3
1892.199	13.02	4.17	54.24	5.85	6.64	38.87	71.7	2	35.6	3
1892.259	12.95	4.17	53.93	5.82	6.67	38.79	71.9	2	38.1	3
1892.363	12.77	4.29	54.80	5.76	6.73	38.77	70.7	2	36.6	3
1892.508	13.68	4.03	55.18	5.91	6.58	38.87	70.4	2	36.1	3
1892.568	13.54	4.10	55.55	5.87	6.71	39.39	70.9	2	37.6	3
1892.672	13.12	4.22	55.33	5.89	6.64	39.14	70.7	2	38.1	3
1892.817	12.93	4.31	55.68	5.85	6.65	38.93	69.9	2	37.1	3
1892.877	13.07	4.24	55.39	5.83	6.65	38.79	70.0	2	36.6	3
1892.981	12.98	4.24	55.03	5.80	6.70	38.86	70.6	2	36.1	3
1893.126	12.97	4.26	55.26	5.80	6.67	38.67	70.0	2	38.6	3
1893.186	12.71	4.36	55.45	5.79	6.60	38.20	68.9	2	37.6	3
1893.290	13.24	4.16	55.12	5.83	6.68	38.98	70.7	2	37.1	3
1893.435	13.32	4.20	55.88	5.83	6.64	38.71	69.3	2	36.6	3
1893.495	13.21	4.20	55.43	5.82	6.67	38.82	70.0	2	37.6	3
1893.599	12.76	4.34	55.40	5.74	6.77	38.85	70.1	2	37.6	3
1893.744	13.03	4.29	55.96	5.79	6.67	38.64	69.0	2	37.1	3
1893.804	13.00	4.30	55.83	5.81	6.71	39.00	69.9	2	38.6	3
1893.908	12.96	4.27	55.32	5.84	6.67	38.96	70.4	2	37.6	3
1894.053	13.25	4.17	55.23	5.91	6.65	39.32	71.2	2	37.1	3
1894.113	12.93	4.28	55.27	5.85	6.66	38.99	70.5	2	38.1	3
1894.217	13.05	4.27	55.69	5.79	6.73	39.00	70.0	2	37.1	3
1894.362	13.30	4.21	55.94	5.81	6.72	39.03	69.8	2	36.1	3
1894.422	13.44	4.12	55.38	5.74	6.76	38.80	70.1	2	36.6	3
1894.526	13.20	4.19	55.33	5.75	6.76	38.85	70.2	2	37.1	3
1894.671	13.51	4.11	55.50	5.69	6.78	38.62	69.6	2	36.1	3
1894.731	13.34	4.11	54.86	5.73	6.73	38.61	70.4	2	37.6	3
1894.835	13.33	4.14	55.17	5.76	6.70	38.56	69.9	2	37.1	3
1894.980	13.14	4.14	54.41	5.73	6.72	38.51	70.8	2	36.6	3
1895.040	13.12	4.16	54.57	5.77	6.63	38.25	70.1	2	36.6	3
1895.144	13.02	4.24	55.20	5.74	6.72	38.57	69.9	2	38.6	3
1895.289	12.83	4.29	55.09	5.79	6.67	38.60	70.1	2	37.1	3
1895.349	13.27	4.14	54.96	5.83	6.63	38.63	70.3	2	36.6	3
1895.453	13.33	4.11	54.74	5.76	6.67	38.41	70.2	2	36.6	3
1895.598	12.89	4.30	55.38	5.75	6.73	38.71	69.9	2	38.1	3
1895.658	12.95	4.27	55.28	5.86	6.61	38.71	70.0	2	37.6	3
1895.762	12.94	4.26	55.15	5.78	6.67	38.50	69.8	2	37.6	3
1895.907	12.92	4.25	54.98	5.76	6.70	38.59	70.2	2	38.1	3
1895.967	12.88	4.27	55.03	5.72	6.77	38.75	70.4	2	36.1	3
1896.071	13.16	4.22	55.45	5.75	6.78	38.98	70.3	2	38.1	3
1896.216	12.71	4.30	54.68	5.78	6.72	38.79	70.9	2	37.1	3
1896.276	12.62	4.38	55.26	5.74	6.71	38.55	69.8	2	38.6	3
1896.380	12.71	4.31	54.77	5.68	6.83	38.79	70.8	2	37.6	3
1896.525	13.50	4.07	54.92	5.66	6.86	38.84	70.7	2	37.1	3
1896.585	13.28	4.05	53.81	5.73	6.69	38.31	71.2	2	35.6	3
1896.689	13.65	3.96	54.07	5.58	6.89	38.49	71.2	2	36.1	3
1896.834	13.18	4.20	55.36	5.74	6.72	38.55	69.6	2	36.1	3
1896.894	13.27	4.16	55.23	5.76	6.72	38.70	70.1	2	37.1	3
1896.998	13.06	4.24	55.40	5.65	6.89	38.96	70.3	2	37.1	3
1897.143	12.99	4.28	55.56	5.69	6.81	38.77	69.8	2	37.6	3
1897.203	12.94	4.30	55.63	5.66	6.86	38.79	69.7	2	38.1	3
1897.307	13.15	4.18	54.97	5.76	6.65	38.32	69.7	2	36.1	3
1897.452	13.21	4.23	55.80	5.72	6.83	39.04	70.0	2	37.6	3
1897.512	13.13	4.23	55.59	5.73	6.86	39.35	70.8	2	37.6	3
1897.616	13.17	4.21	55.42	5.75	6.70	38.57	69.6	2	36.6	3
1897.761	13.33	4.12	54.84	5.80	6.74	39.08	71.3	2	37.1	3
1897.821	13.20	4.16	54.95	5.80	6.65	38.59	70.2	2	36.6	3
1897.925	13.09	4.19	54.86	5.68	6.80	38.62	70.4	2	36.6	3
1898.070	13.05	4.25	55.45	5.77	6.73	38.83	70.0	2	37.1	3
1898.130	12.83	4.31	55.35	5.66	6.84	38.70	69.9	2	37.6	3
1898.234	12.99	4.26	55.33	5.78	6.62	38.26	69.2	2	36.6	3
1898.379	13.41	4.14	55.48	5.81	6.72	39.02	70.3	2	36.6	3
1898.439	13.26	4.19	55.52	5.69	6.75	38.40	69.2	2	37.1	3
1898.543	13.72	4.04	55.38	5.76	6.70	38.59	69.7	2	36.1	3
1898.688	13.00	4.25	55.25	5.63	6.78	38.17	69.1	2	37.1	3
1898.748	12.72	4.33	55.04	5.55	6.83	37.92	68.9	2	37.1	3
1898.852	12.97	4.25	55.18	5.60	6.83	38.26	69.3	2	35.6	3
1898.997	13.84	3.91	54.18	5.79	6.67	38.65	71.3	2	35.6	3
1899.057	13.42	4.10	54.95	5.68	6.75	38.34	69.8	2	38.1	3
1899.161	12.74	4.36	55.49	5.60	6.79	38.07	68.6	2	38.1	3
1899.306	12.48	4.39	54.76	5.53	6.79	37.53	68.5	2	36.1	3
1899.366	13.15	4.17	54.89	5.74	6.66	38.24	69.7	2	36.6	3
1899.470	13.40	4.11	55.11	5.69	6.69	38.11	69.1	2	36.1	3
1899.615	13.44	4.10	55.18	5.74	6.74	38.69	70.1	2	37.6	3
1899.675	12.75	4.29	54.76	5.48	6.94	38.04	69.5	2	36.6	3
1899.779	12.79	4.30	55.00	5.48	7.05	38.65	70.3	2	37.1	3
1899.924	13.26	4.11	54.55	5.55	7.00	38.80	71.1	2	35.1	3
1899.984	13.61	3.99	54.31	5.69	6.74	38.36	70.6	2	36.1	3
1900.088	12.93	4.25	55.03	5.54	6.72	37.28	67.7	2	37.1	3
1900.233	12.79	4.32	55.27	5.48	7.02	38.48	69.6	2	35.1	3
1900.293	13.42	4.11	55.20	5.65	6.75	38.13	69.1	2	36.1	3
1900.397	13.35	4.14	55.23	5.57	6.91	38.50	69.7	2	36.1	3
1900.542	13.00	4.23	55.00	5.50	6.95	38.25	69.5	2	36.6	3
1900.602	13.38	4.11	54.96	5.80	6.65	38.61	70.2	2	37.6	3
1900.706	12.58	4.37	54.91	5.43	7.12	38.65	70.4	2	36.6	3
1900.851	13.52	4.07	55.04	5.82	6.60	38.40	69.8	2	38.1	3
1900.911	12.79	4.30	54.99	5.51	7.11	39.16	71.2	2	38.1	3
1901.015	12.78	4.32	55.18	5.28	7.19	37.97	68.8	2	34.6	3
1901.160	13.41	4.10	55.04	5.64	6.49	36.60	66.5	2	37.6	3
1901.220	13.19	4.19	55.19	5.79	6.47	37.48	67.9	2	38.1	3
1901.324	13.07	4.20	54.91	5.96	6.44	38.35	69.8	2	36.6	3
1901.469	13.40	4.13	55.31	5.90	6.47	38.17	69.0	2	37.1	3
1901.529	13.26	4.18	55.40	5.93	6.44	38.17	68.9	2	37.6	3
1901.633	13.00	4.25	55.31	5.86	6.43	37.67	68.1	2	36.6	3
1901.778	13.77	3.99	54.91	5.82	6.20	36.07	65.7	2	35.1	3
1901.838	13.73	3.99	54.85	5.79	6.24	36.14	65.9	2	35.6	3
1901.942	13.38	4.11	55.01	5.77	6.27	36.16	65.7	2	37.1	3
1902.087	12.90	4.34	55.92	5.74	6.11	35.08	62.7	2	37.1	3
1902.147	12.88	4.33	55.78	5.57	6.39	35.60	63.8	2	35.6	3
1902.251	13.05	4.23	55.25	5.25	7.15	37.56	68.0	2	35.6	3
1902.396	13.34	4.13	55.08	5.71	6.90	39.40	71.5	2	37.6	3
1902.456	13.19	4.18	55.19	5.79	6.76	39.17	71.0	2	36.6	3
1902.560	12.82	4.31	55.29	5.45	6.85	37.37	67.6	2	36.6	3
1902.705	13.20	4.16	54.87	5.68	6.91	39.30	71.6	2	36.1	3
1902.765	13.32	4.17	55.52	5.72	6.64	37.95	68.3	2	37.1	3
1902.869	12.94	4.28	55.38	5.35	7.19	38.44	69.4	2	34.6	3
1903.014	13.27	4.16	55.19	5.67	6.64	37.67	68.3	2	38.1	3
1903.074	12.60	4.35	54.80	5.36	6.93	37.16	67.8	2	36.6	3
1903.178	13.31	4.12	54.87	5.61	6.79	38.11	69.4	2	36.1	3
1903.323	13.26	4.15	55.04	5.42	7.13	38.66	70.2	2	36.1	3
1903.383	13.63	4.04	55.04	5.65	6.86	38.79	70.5	2	37.1	3
1903.487	12.94	4.28	55.33	5.44	6.87	37.36	67.5	2	36.1	3
1903.632	13.57	4.01	54.46	5.62	6.86	38.56	70.8	2	36.1	3
1903.692	13.25	4.10	54.35	5.62	6.67	37.48	69.0	2	37.1	3
1903.796	13.00	4.17	54.18	5.43	7.04	38.23	70.6	2	34.6	3
1903.941	13.08	4.22	55.17	5.31	6.97	37.00	67.1	2	36.6	3
1904.001	13.14	4.20	55.14	5.46	7.02	38.36	69.6	2	37.6	3
1904.105	12.78	4.32	55.22	5.42	6.91	37.47	67.8	2	36.6	3
1904.250	12.95	4.30	55.71	5.39	6.92	37.33	67.0	2	36.6	3
1904.310	12.90	4.29	55.34	5.34	7.23	38.61	69.8	2	36.1	3
1904.414	13.29	4.18	55.56	5.67	6.70	37.96	68.3	2	37.6	3
1904.559	13.36	4.14	55.30	5.65	6.87	38.82	70.2	2	35.6	3
1904.619	13.14	4.17	54.80	5.49	6.94	38.11	69.5	2	34.6	3
1904.723	13.53	4.06	54.90	5.61	6.92	38.81	70.7	2	36.1	3
1904.868	13.31	4.17	55.57	5.42	7.10	38.47	69.2	2	35.6	3
1904.928	13.50	4.04	54.58	5.67	6.85	38.81	71.1	2	36.6	3
1905.032	12.44	4.38	54.48	5.35	7.00	37.46	68.8	2	37.6	3
1905.177	13.20	4.17	55.09	5.42	7.02	38.02	69.0	2	33.6	3
1905.237	13.64	3.99	54.45	5.44	7.01	38.11	70.0	2	35.1	3
1905.341	13.15	4.17	54.86	5.32	7.09	37.72	68.8	2	36.6	3
1905.486	12.81	4.30	55.03	5.39	7.07	38.14	69.3	2	36.1	3
1905.546	13.08	4.14	54.11	5.61	6.90	38.71	71.5	2	36.1	3
1905.650	12.96	4.25	55.08	5.38	7.15	38.49	69.9	2	36.1	3
1905.795	13.03	4.25	55.33	5.43	6.93	37.68	68.1	2	35.6	3
1905.855	13.20	4.20	55.44	5.32	7.21	38.34	69.2	2	35.6	3
1905.959	13.07	4.21	55.07	5.63	6.66	37.49	68.1	2	37.6	3
1906.104	13.28	4.13	54.81	5.46	7.04	38.44	70.1	2	35.1	3
1906.164	13.41	4.06	54.45	5.61	6.75	37.87	69.5	2	36.1	3
1906.268	13.06	4.22	55.13	5.39	7.10	38.23	69.3	2	36.1	3
1906.413	13.28	4.19	55.62	5.58	6.75	37.65	67.7	2	37.1	3
1906.473	12.68	4.34	55.01	5.31	7.01	37.17	67.6	2	36.1	3
1906.577	13.27	4.13	54.78	5.57	6.94	38.68	70.6	2	37.1	3
1906.722	12.97	4.23	54.93	5.37	7.17	38.46	70.0	2	35.1	3
1906.782	13.26	4.11	54.45	5.56	6.92	38.50	70.7	2	37.1	3
1906.886	12.48	4.38	54.59	5.32	6.94	36.92	67.6	2	36.6	3
1907.031	13.19	4.18	55.17	5.38	7.06	37.94	68.8	2	35.1	3
1907.091	13.34	4.15	55.36	5.54	6.98	38.70	69.9	2	37.1	3
1907.195	12.81	4.27	54.70	5.38	7.13	38.38	70.2	2	36.6	3
1907.340	13.16	4.17	54.86	5.41	7.12	38.48	70.1	2	35.1	3
1907.400	13.46	4.07	54.72	5.56	6.84	38.04	69.5	2	36.1	3
1907.504	13.17	4.18	55.08	5.46	7.05	38.50	69.9	2	36.6	3
1907.649	13.00	4.23	54.93	5.54	6.80	37.68	68.6	2	36.6	3
1907.709	12.92	4.25	54.96	5.43	7.02	38.13	69.4	2	35.6	3
1907.813	13.02	4.23	55.04	5.43	7.05	38.30	69.6	2	37.1	3
1907.958	12.94	4.24	54.86	5.48	6.90	37.82	68.9	2	36.6	3
1908.018	12.71	4.31	54.75	5.30	7.14	37.85	69.1	2	35.6	3
1908.122	13.20	4.17	55.10	5.36	7.05	37.81	68.6	2	34.1	3
1908.267	13.77	4.02	55.32	5.53	6.96	38.43	69.5	2	36.1	3
1908.327	13.11	4.22	55.31	5.39	6.92	37.27	67.4	2	36.6	3
1908.431	12.86	4.29	55.16	5.38	7.01	37.68	68.3	2	35.1	3
1908.576	13.57	4.03	54.71	5.45	7.04	38.38	70.1	2	35.6	3
1908.636	13.18	4.18	55.10	5.34	7.06	37.69	68.4	2	36.6	3
1908.740	13.22	4.18	55.21	5.45	6.96	37.97	68.8	2	35.6	3
1908.885	13.70	3.97	54.39	5.49	6.85	37.58	69.1	2	36.1	3
1908.945	13.55	4.10	55.53	5.53	6.96	38.48	69.3	2	35.6	3
1909.049	13.31	4.15	55.26	5.47	6.87	37.55	68.0	2	35.1	3
1909.194	13.13	4.27	56.07	5.38	6.97	37.48	66.8	2	36.1	3
1909.254	12.98	4.30	55.86	5.25	7.16	37.58	67.3	2	35.1	3
1909.358	13.45	4.09	55.02	5.43	6.99	37.96	69.0	2	33.6	3
1909.503	13.68	4.03	55.17	5.48	6.96	38.17	69.2	2	36.1	3
1909.563	13.16	4.21	55.44	5.35	7.06	37.78	68.2	2	37.1	3
1909.667	13.13	4.16	54.61	5.42	6.99	37.92	69.4	2	34.1	3
1909.812	13.19	4.16	54.88	5.46	7.00	38.17	69.6	2	36.6	3
1909.872	12.94	4.23	54.71	5.40	6.98	37.70	68.9	2	35.6	3
1909.976	13.20	4.17	55.01	5.39	6.95	37.52	68.2	2	35.6	3
1910.121	13.50	4.12	55.61	5.37	7.01	37.62	67.7	2	36.1	3
1910.181	13.19	4.21	55.57	5.32	7.12	37.88	68.2	2	36.6	3
1910.285	13.09	4.21	55.15	5.41	6.96	37.65	68.3	2	35.6	3
1910.430	13.12	4.20	55.17	5.38	7.02	37.77	68.5	2	36.1	3
1910.490	13.17	4.19	55.12	5.35	7.04	37.67	68.4	2	35.1	3
1910.594	13.48	4.05	54.64	5.33	7.03	37.51	68.7	2	35.1	3
1910.739	13.24	4.18	55.32	5.36	7.05	37.73	68.2	2	34.6	3
1910.799	13.37	4.12	55.15	5.35	7.11	38.06	69.0	2	35.1	3
1910.903	13.21	4.13	54.57	5.32	7.08	37.69	69.1	2	35.6	3
1911.048	13.20	4.16	54.91	5.43	7.02	38.13	69.4	2	35.6	3
1911.108	13.25	4.17	55.21	5.37	7.03	37.73	68.3	2	34.6	3
1911.212	13.29	4.17	55.46	5.36	7.11	38.12	68.7	2	36.6	3
1911.357	12.82	4.31	55.23	5.32	7.10	37.78	68.4	2	35.6	3
1911.417	12.81	4.33	55.50	5.19	7.28	37.81	68.1	2	35.1	3
1911.521	13.30	4.18	55.56	5.34	7.06	37.65	67.8	2	35.6	3
1911.666	13.23	4.20	55.49	5.38	7.05	37.93	68.4	2	37.1	3
1911.726	12.90	4.31	55.56	5.24	7.09	37.13	66.8	2	35.6	3
1911.830	13.22	4.18	55.31	5.40	7.01	37.87	68.5	2	36.1	3
1911.975	13.13	4.23	55.52	5.34	7.02	37.49	67.5	2	36.1	3
1912.035	12.83	4.30	55.18	5.18	7.18	37.20	67.4	2	35.1	3
1912.139	13.37	4.12	55.10	5.26	7.12	37.41	67.9	2	34.1	3
1912.284	13.20	4.18	55.13	5.26	7.10	37.31	67.7	2	36.6	3
1912.344	13.09	4.18	54.73	5.38	7.00	37.65	68.8	2	36.1	3
1912.448	12.64	4.36	55.10	5.21	7.07	36.85	66.9	2	36.6	3
1912.593	13.17	4.22	55.62	5.36	7.00	37.50	67.4	2	35.6	3
1912.653	13.04	4.24	55.29	5.36	7.02	37.63	68.1	2	37.1	3
1912.757	12.78	4.30	54.98	5.28	7.14	37.73	68.6	2	36.1	3
1912.902	12.93	4.27	55.16	5.28	7.18	37.91	68.7	2	35.6	3
1912.962	13.12	4.22	55.34	5.32	7.16	38.09	68.8	2	35.1	3
1913.066	13.57	4.05	55.00	5.31	7.05	37.41	68.0	2	33.6	3
1913.211	13.54	4.06	55.01	5.40	7.02	37.89	68.9	2	36.6	3
1913.271	13.07	4.21	54.98	5.36	7.01	37.59	68.4	2	37.6	3
1913.375	12.66	4.32	54.71	5.29	7.08	37.43	68.4	2	35.6	3
1913.520	13.35	4.12	55.04	5.31	7.10	37.69	68.5	2	35.1	3
1913.580	13.37	4.11	54.97	5.35	7.13	38.16	69.4	2	35.1	3
1913.684	13.29	4.17	55.39	5.30	7.14	37.82	68.3	2	36.6	3
1913.829	12.91	4.27	55.07	5.37	7.12	38.26	69.5	2	37.6	3
1913.889	12.71	4.32	54.95	5.35	7.08	37.89	68.9	2	36.1	3
1913.993	13.02	4.22	54.99	5.28	7.05	37.22	67.7	2	35.1	3
1914.138	13.24	4.14	54.86	5.35	7.08	37.86	69.0	2	35.1	3
1914.198	13.52	4.05	54.74	5.34	7.04	37.58	68.6	2	35.1	3
1914.302	13.18	4.18	55.15	5.30	7.08	37.50	68.0	2	35.6	3
1914.447	13.38	4.13	55.33	5.33	7.14	38.02	68.7	2	33.6	3
1914.507	13.46	4.01	53.96	5.33	7.02	37.46	69.4	2	33.1	3
1914.611	13.91	3.89	54.05	5.29	7.01	37.05	68.6	2	35.6	3
1914.756	13.00	4.25	55.17	5.34	7.06	37.69	68.3	2	37.1	3
1914.816	12.94	4.25	54.99	5.36	6.97	37.35	67.9	2	36.1	3
1914.920	12.93	4.28	55.30	5.30	7.11	37.66	68.1	2	36.1	3
1915.065	13.19	4.18	55.09	5.39	7.01	37.83	68.7	2	35.1	3
1915.125	13.30	4.13	54.96	5.39	6.95	37.48	68.2	2	36.1	3
1915.229	12.82	4.28	54.91	5.30	7.14	37.87	69.0	2	36.1	3
1915.374	13.37	4.07	54.40	5.40	7.00	37.77	69.4	2	34.6	3
1915.434	13.39	4.11	55.00	5.36	6.96	37.34	67.9	2	34.6	3
1915.538	13.42	4.09	54.91	5.33	7.07	37.69	68.6	2	36.6	3
1915.683	12.76	4.28	54.61	5.31	7.12	37.82	69.3	2	36.1	3
1915.743	12.97	4.25	55.16	5.30	7.07	37.49	68.0	2	34.1	3
1915.847	13.27	4.13	54.75	5.28	7.12	37.60	68.7	2	35.1	3
1915.992	13.43	4.16	55.81	5.25	7.28	38.23	68.5	2	35.1	3
1916.052	13.31	4.17	55.46	5.28	7.14	37.67	67.9	2	34.6	3
1916.156	13.20	4.20	55.49	5.23	7.12	37.24	67.1	2	36.1	3
1916.301	13.03	4.22	54.97	5.38	7.05	37.92	69.0	2	36.6	3
1916.361	12.58	4.34	54.65	5.27	7.04	37.08	67.8	2	36.6	3
1916.465	12.91	4.29	55.34	5.30	7.12	37.77	68.3	2	35.6	3
1916.610	12.95	4.25	55.06	5.25	7.13	37.41	67.9	2	35.1	3
1916.670	13.08	4.22	55.20	5.21	7.18	37.45	67.8	2	35.1	3
1916.774	13.03	4.21	54.91	5.32	7.11	37.83	68.9	2	36.6	3
1916.919	13.22	4.16	55.07	5.30	7.11	37.70	68.5	2	35.1	3
1916.979	13.35	4.11	54.90	5.35	7.05	37.76	68.8	2	35.6	3
1917.083	13.22	4.17	55.15	5.31	7.13	37.85	68.6	2	36.1	3
1917.228	13.11	4.22	55.34	5.33	7.04	37.56	67.9	2	37.1	3
1917.288	12.86	4.29	55.17	5.36	7.00	37.52	68.0	2	36.6	3
1917.392	12.82	4.30	55.12	5.33	7.09	37.77	68.5	2	36.1	3
1917.537	13.28	4.19	55.58	5.28	7.21	38.05	68.5	2	34.1	3
1917.597	13.32	4.13	55.05	5.34	7.10	37.87	68.8	2	36.1	3
1917.701	12.84	4.23	54.27	5.23	7.22	37.74	69.5	2	36.6	3
1917.846	12.99	4.22	54.84	5.38	7.01	37.69	68.7	2	36.1	3
1917.906	12.73	4.31	54.85	5.37	7.01	37.65	68.6	2	36.6	3
1918.010	13.01	4.26	55.39	5.29	7.16	37.86	68.3	2	35.1	3
1918.155	13.11	4.23	55.40	5.24	7.14	37.43	67.6	2	36.1	3
1918.215	13.06	4.24	55.45	5.22	7.21	37.67	67.9	2	35.6	3
1918.319	13.32	4.14	55.21	5.38	7.06	38.00	68.8	2	35.6	3
1918.464	13.09	4.22	55.17	5.28	7.15	37.76	68.5	2	36.1	3
1918.524	13.01	4.23	55.03	5.25	7.18	37.67	68.5	2	34.6	3
1918.628	13.47	4.08	55.01	5.33	7.11	37.87	68.9	2	34.6	3
1918.773	12.85	4.26	54.79	5.31	7.12	37.85	69.1	2	37.6	3
1918.833	12.49	4.37	54.57	5.22	7.17	37.43	68.6	2	36.6	3
1918.937	13.43	4.11	55.23	5.35	7.03	37.65	68.2	2	34.6	3
1919.082	13.53	4.10	55.47	5.39	7.00	37.76	68.1	2	36.1	3
1919.142	12.90	4.29	55.37	5.20	7.16	37.28	67.3	2	36.1	3
1919.246	12.90	4.29	55.26	5.27	7.14	37.62	68.1	2	35.6	3
1919.391	13.24	4.18	55.36	5.30	7.16	37.94	68.5	2	35.1	3
1919.451	13.28	4.13	54.80	5.32	7.06	37.58	68.6	2	35.6	3
1919.555	13.16	4.17	54.92	5.34	7.06	37.67	68.6	2	36.1	3
1919.700	13.02	4.23	55.09	5.29	7.19	38.06	69.1	2	35.1	3
1919.760	13.14	4.18	54.88	5.31	7.06	37.46	68.3	2	34.6	3
1919.864	13.22	4.14	54.79	5.34	7.04	37.58	68.6	2	34.6	3
1920.009	13.13	4.19	55.04	5.33	7.07	37.69	68.5	2	36.6	3
1920.069	12.93	4.22	54.62	5.28	7.13	37.69	69.0	2	34.6	3
1920.173	13.43	4.07	54.70	5.38	7.06	37.97	69.4	2	35.6	3
1920.318	13.00	4.23	54.96	5.37	7.04	37.83	68.8	2	37.1	3
1920.378	12.83	4.26	54.72	5.25	7.20	37.76	69.0	2	35.1	3
1920.482	13.40	4.07	54.54	5.37	6.98	37.52	68.8	2	34.1	3
1920.627	13.58	4.02	54.62	5.38	7.05	37.94	69.5	2	34.6	3
1920.687	13.41	4.09	54.87	5.33	7.09	37.77	68.8	2	35.6	3
1920.791	12.59	4.30	54.12	5.32	7.05	37.47	69.2	2	37.1	3
1920.936	12.45	4.41	54.86	5.27	7.06	37.18	67.8	2	36.6	3
1920.996	12.46	4.38	54.51	5.22	7.04	36.73	67.4	2	35.1	3
1921.100	12.95	4.21	54.53	5.27	7.14	37.63	69.0	2	33.6	3
1921.245	14.01	3.79	53.09	5.30	6.97	36.95	69.6	2	33.1	3
1921.305	13.91	3.89	54.08	5.18	7.18	37.22	68.8	2	34.6	3
1921.409	13.05	4.18	54.54	5.30	7.11	37.66	69.0	2	37.6	3
1921.554	12.70	4.27	54.24	5.37	6.98	37.47	69.1	2	35.1	3
1921.614	12.81	4.27	54.69	5.20	7.14	37.15	67.9	2	34.6	3
1921.718	13.83	3.91	54.09	5.32	7.02	37.40	69.1	2	34.1	3
1921.863	13.18	4.25	56.05	5.20	7.20	37.47	66.8	2	35.1	3
1921.923	13.15	4.19	55.09	5.24	7.26	38.05	69.1	2	34.6	3
1922.027	13.11	4.17	54.72	5.17	7.19	37.15	67.9	2	35.6	3
1922.172	13.24	4.13	54.69	5.23	7.08	37.04	67.7	2	34.1	3
1922.232	13.55	4.03	54.66	5.26	7.14	37.54	68.7	2	34.1	3
1922.336	13.13	4.22	55.45	5.25	7.14	37.52	67.7	2	36.6	3
1922.481	13.40	4.22	56.55	5.29	7.16	37.91	67.0	2	34.6	3
1922.541	13.65	4.04	55.20	5.38	7.03	37.80	68.5	2	34.6	3
1922.645	13.03	4.22	54.93	5.26	7.17	37.68	68.6	2	37.1	3
1922.790	12.86	4.29	55.20	5.24	7.15	37.48	67.9	2	35.1	3
1922.850	13.14	4.17	54.80	5.27	7.17	37.80	69.0	2	35.6	3
1922.954	13.12	4.19	55.00	5.24	7.10	37.19	67.6	2	36.1	3
1923.099	13.39	4.13	55.32	5.29	7.07	37.39	67.6	2	35.6	3
1923.159	13.11	4.20	55.08	5.25	7.15	37.53	68.1	2	34.6	3
1923.263	13.45	4.10	55.18	5.27	7.18	37.78	68.5	2	35.1	3
1923.408	13.44	4.10	55.06	5.20	7.23	37.59	68.3	2	34.6	3
1923.468	13.48	4.09	55.19	5.21	7.26	37.84	68.6	2	35.1	3
1923.572	12.91	4.28	55.20	5.17	7.24	37.46	67.9	2	37.1	3
1923.717	12.93	4.27	55.20	5.16	7.20	37.20	67.4	2	35.1	3
1923.777	12.99	4.23	54.95	5.24	7.07	37.05	67.4	2	35.6	3
1923.881	12.64	4.30	54.34	5.14	7.16	36.83	67.8	2	35.1	3
1924.026	13.11	4.21	55.23	5.24	7.18	37.63	68.1	2	36.1	3
1924.086	12.98	4.25	55.10	5.19	7.21	37.43	67.9	2	35.6	3
1924.190	12.77	4.32	55.20	5.28	7.11	37.55	68.0	2	36.6	3
1924.335	13.04	4.25	55.44	5.22	7.25	37.89	68.3	2	35.6	3
1924.395	13.11	4.23	55.39	5.14	7.33	37.73	68.1	2	33.6	3
1924.499	13.37	4.14	55.39	5.22	7.24	37.76	68.2	2	35.1	3
1924.644	13.17	4.17	54.96	5.31	7.15	37.96	69.1	2	36.6	3
1924.704	12.64	4.33	54.70	5.16	7.18	37.01	67.7	2	36.6	3
1924.808	12.84	4.27	54.86	5.24	7.17	37.57	68.5	2	34.1	3
1924.953	13.63	4.01	54.64	5.30	7.08	37.52	68.7	2	34.1	3
1925.013	13.41	4.08	54.74	5.21	7.13	37.14	67.8	2	35.6	3
1925.117	13.14	4.21	55.36	5.33	7.12	37.94	68.5	2	36.6	3
1925.262	13.27	4.19	55.57	5.37	7.05	37.89	68.2	2	35.6	3
1925.322	13.03	4.24	55.22	5.27	7.10	37.39	67.7	2	35.6	3
1925.426	13.54	4.00	54.14	5.35	7.08	37.88	70.0	2	34.1	3
1925.571	12.81	4.28	54.85	5.33	7.05	37.58	68.5	2	35.6	3
1925.631	12.84	4.28	54.92	5.19	7.24	37.54	68.4	2	34.6	3
1925.735	13.53	4.06	54.96	5.35	6.99	37.42	68.1	2	35.6	3
1925.880	12.94	4.26	55.14	5.33	7.07	37.72	68.4	2	35.6	3
1925.940	12.79	4.28	54.71	5.23	7.23	37.80	69.1	2	34.6	3
1926.044	13.39	4.10	54.85	5.38	7.08	38.11	69.5	2	36.1	3
1926.189	13.19	4.16	54.85	5.35	7.09	37.92	69.1	2	35.6	3
1926.249	12.94	4.23	54.72	5.23	7.20	37.68	68.9	2	35.1	3
1926.353	13.43	4.07	54.70	5.29	7.17	37.96	69.4	2	34.1	3
1926.498	13.25	4.23	56.08	5.30	7.16	37.96	67.7	2	36.6	3
1926.558	12.94	4.30	55.69	5.22	7.21	37.65	67.6	2	35.6	3
1926.662	13.11	4.25	55.74	5.32	7.16	38.10	68.4	2	35.1	3
1926.807	13.70	3.99	54.66	5.34	7.06	37.73	69.0	2	34.1	3
1926.867	13.62	4.04	55.02	5.36	7.11	38.12	69.3	2	36.6	3
1926.971	12.48	4.38	54.62	5.19	7.11	36.93	67.6	2	37.1	3
1927.116	12.85	4.27	54.91	5.26	7.13	37.51	68.3	2	34.6	3
1927.176	13.46	4.13	55.59	5.26	7.17	37.72	67.9	2	34.1	3
1927.280	13.58	4.06	55.16	5.23	7.19	37.58	68.1	2	34.6	3
1927.425	13.28	4.17	55.34	5.25	7.21	37.88	68.5	2	36.6	3
1927.485	13.08	4.20	54.91	5.34	7.14	38.10	69.4	2	36.1	3
1927.589	12.56	4.38	54.99	5.22	7.15	37.32	67.9	2	36.6	3
1927.734	13.39	4.10	54.92	5.28	7.17	37.80	68.8	2	35.1	3
1927.794	13.53	4.04	54.67	5.33	7.09	37.79	69.1	2	34.1	3
1927.898	13.21	4.18	55.20	5.21	7.27	37.89	68.6	2	35.6	3
1928.043	13.13	4.23	55.51	5.29	7.13	37.77	68.0	2	36.6	3
1928.103	12.80	4.29	54.96	5.24	7.17	37.61	68.4	2	36.1	3
1928.207	13.29	4.16	55.22	5.45	6.98	38.03	68.9	2	35.6	3
1928.352	13.30	4.10	54.52	5.36	7.08	37.99	69.7	2	33.6	3
1928.412	13.37	4.10	54.84	5.26	7.20	37.90	69.1	2	34.6	3
1928.516	13.20	4.16	54.87	5.34	7.11	37.93	69.1	2	35.6	3
1928.661	12.74	4.31	54.92	5.32	7.10	37.75	68.7	2	35.1	3
1928.721	13.37	4.10	54.84	5.37	7.04	37.84	69.0	2	34.6	3
1928.825	12.95	4.24	54.93	5.24	7.18	37.59	68.4	2	36.6	3
1928.970	12.76	4.32	55.15	5.23	7.19	37.63	68.2	2	36.6	3
1929.030	12.70	4.34	55.08	5.27	7.14	37.64	68.3	2	36.1	3
1929.134	13.21	4.17	55.07	5.42	6.99	37.88	68.8	2	35.6	3
1929.279	12.51	4.37	54.74	5.21	7.13	37.18	67.9	2	36.6	3
1929.339	12.55	4.37	54.88	5.22	7.14	37.25	67.9	2	35.6	3
1929.443	13.04	4.25	55.43	5.38	6.96	37.46	67.6	2	35.1	3
1929.588	13.51	4.09	55.31	5.39	7.10	38.29	69.2	2	34.6	3
1929.648	13.69	4.02	54.99	5.35	7.15	38.21	69.5	2	34.6	3
1929.752	13.17	4.19	55.11	5.26	7.23	38.02	69.0	2	36.6	3
1929.897	12.74	4.34	55.34	5.25	7.17	37.69	68.1	2	36.6	3
1929.957	12.98	4.29	55.65	5.33	7.12	37.95	68.2	2	34.6	3
1930.061	13.15	4.23	55.64	5.25	7.22	37.94	68.2	2	35.1	3
1930.206	13.03	4.27	55.60	5.21	7.23	37.69	67.8	2	35.6	3
1930.266	13.14	4.23	55.59	5.37	7.11	38.17	68.7	2	37.1	3
1930.370	12.94	4.24	54.84	5.29	7.12	37.67	68.7	2	34.6	3
1930.515	13.67	4.00	54.70	5.24	7.11	37.23	68.1	2	35.1	3
1930.575	13.42	4.10	54.99	5.33	7.02	37.40	68.0	2	36.1	3
1930.679	12.96	4.26	55.25	5.36	7.03	37.68	68.2	2	36.1	3
1930.824	13.35	4.22	56.39	5.33	7.08	37.75	66.9	2	34.1	3
1930.884	13.30	4.19	55.73	5.23	7.23	37.78	67.8	2	34.6	3
1930.988	13.31	4.17	55.47	5.32	7.20	38.28	69.0	2	36.1	3
1931.133	13.04	4.26	55.55	5.30	7.15	37.90	68.2	2	34.6	3
1931.193	13.13	4.23	55.46	5.18	7.26	37.61	67.8	2	35.1	3
1931.297	13.51	4.11	55.53	5.32	7.09	37.78	68.0	2	35.1	3
1931.442	13.00	4.26	55.42	5.26	7.24	38.09	68.7	2	35.6	3
1931.502	13.03	4.21	54.82	5.23	7.25	37.94	69.2	2	35.1	3
1931.606	13.30	4.14	55.09	5.33	7.11	37.86	68.7	2	35.1	3
1931.751	13.37	4.16	55.63	5.24	7.27	38.12	68.5	2	35.1	3
1931.811	13.59	4.09	55.54	5.31	7.13	37.84	68.1	2	34.6	3
1931.915	13.56	4.07	55.16	5.22	7.16	37.41	67.8	2	34.1	3
1932.060	12.97	4.24	55.04	5.21	7.28	37.95	68.9	2	37.1	3
1932.120	12.55	4.34	54.48	5.22	7.21	37.64	69.1	2	36.1	3
1932.224	13.03	4.23	55.09	5.35	7.08	37.88	68.8	2	34.6	3
1932.369	13.68	4.00	54.68	5.31	7.09	37.62	68.8	2	34.6	3
1932.429	13.28	4.09	54.31	5.37	7.05	37.88	69.8	2	35.1	3
1932.533	13.18	4.14	54.56	5.28	7.17	37.86	69.4	2	34.6	3
1932.678	13.12	4.18	54.86	5.26	7.09	37.34	68.1	2	36.1	3
1932.738	12.98	4.20	54.50	5.33	7.07	37.71	69.2	2	36.1	3
1932.842	13.26	4.15	54.95	5.35	7.03	37.61	68.4	2	34.1	3
1932.987	13.17	4.18	55.06	5.28	7.10	37.51	68.1	2	35.6	3
