2400.158	38.98	0.25	9.93	1.06	1.41	1.48	14.9	2	11.5	4
2400.302	36.06	1.30	46.71	4.23	5.91	25.01	53.5	2	18.5	4
2400.362	29.14	1.64	47.81	4.08	6.59	26.86	56.2	2	21.5	4
2400.466	20.71	2.26	46.71	3.78	7.06	26.68	57.1	2	26.5	4
2400.611	14.96	3.67	54.83	4.09	8.07	33.01	60.2	2	34.0	4
2400.671	13.10	4.14	54.19	3.98	8.06	32.06	59.2	2	37.0	4
2400.775	9.90	4.56	45.11	3.60	7.32	26.31	58.3	2	42.0	4
2400.920	6.27	4.77	29.94	2.81	5.77	16.21	54.1	2	49.5	4
2400.980	5.24	4.80	25.13	2.60	5.19	13.47	53.6	2	52.5	4
2401.084	3.86	4.82	18.61	2.28	4.33	9.86	53.0	2	57.5	4
2401.228	2.71	4.85	13.12	1.94	3.31	6.42	49.0	2	65.0	4
2401.288	2.35	4.85	11.39	1.83	2.90	5.30	46.5	2	68.0	4
2401.391	1.80	4.85	8.71	1.55	2.34	3.62	41.5	2	73.0	4
2401.535	1.28	4.86	6.20	1.14	1.73	1.97	31.7	2	80.0	4
2401.595	1.23	4.86	5.96	0.97	1.49	1.44	24.2	2	83.0	4
2401.698	0.81	4.86	3.92	0.70	1.12	0.78	19.9	2	88.5	4
2401.842	0.75	4.86	3.64	0.38	0.72	0.28	7.7	2	95.0	4
2401.902	5.24	4.75	24.88	1.86	3.77	7.02	28.2	2	34.5	4
2402.005	9.99	4.53	45.29	3.31	6.75	22.36	49.4	2	32.2	4
2402.150	12.44	4.39	54.66	3.98	8.09	32.15	58.8	2	32.8	4
2402.210	12.51	4.40	55.07	4.04	8.22	33.22	60.3	2	33.1	4
2402.314	12.16	4.48	54.46	4.07	8.28	33.67	61.8	2	34.5	4
2402.459	12.19	4.52	55.13	4.03	8.34	33.59	60.9	2	33.1	4
2402.519	12.37	4.47	55.34	4.05	8.40	34.01	61.5	2	31.6	4
2402.623	12.84	4.32	55.44	4.06	8.49	34.47	62.2	2	83.4	4
2402.768	6.82	4.69	31.97	2.52	5.01	12.61	39.4	2	35.6	4
2402.828	8.67	4.70	40.72	3.13	6.41	20.10	49.3	2	35.6	4
2402.931	11.56	4.42	51.08	3.75	7.73	29.01	56.8	2	31.6	4
2403.076	12.95	4.23	54.76	4.07	8.26	33.66	61.5	2	80.1	4
2403.136	7.29	4.52	32.99	2.64	4.98	13.17	39.9	2	80.1	4
2403.240	8.98	4.32	38.82	2.99	5.77	17.22	44.4	2	29.7	4
2403.384	12.56	4.15	52.12	3.90	7.78	30.33	58.2	2	31.6	4
2403.444	13.14	4.09	53.79	4.14	7.93	32.84	61.1	2	31.7	4
2403.548	10.14	4.19	42.48	3.42	5.87	20.09	47.3	2	87.8	4
2403.693	5.18	4.62	23.91	2.35	3.73	8.77	36.7	2	53.4	4
2403.753	4.66	4.72	22.02	2.55	3.90	9.96	45.2	2	42.5	4
2403.856	6.62	4.78	31.60	3.25	5.40	17.55	55.5	2	42.5	4
2404.001	15.73	3.44	54.08	4.01	7.40	29.72	55.0	2	18.1	4
2404.061	20.40	2.77	56.59	4.13	7.66	31.62	55.9	2	18.1	4
2404.165	27.67	2.29	63.44	4.58	7.66	35.04	55.2	2	14.6	4
2404.310	34.74	1.74	60.34	4.94	7.79	38.49	63.8	2	15.6	4
2404.370	35.57	1.65	58.83	5.21	7.48	38.97	66.2	2	15.6	4
2404.474	36.19	1.64	59.36	5.75	7.10	40.82	68.8	2	17.1	4
2404.619	33.78	1.89	63.96	6.55	7.23	47.35	74.0	2	19.6	4
2404.679	34.27	1.88	64.52	6.78	7.36	49.94	77.4	2	20.6	4
2404.783	34.14	1.90	64.96	7.17	6.83	48.96	75.4	2	19.6	4
2404.928	33.05	1.93	63.69	7.51	6.33	47.50	74.6	2	22.1	4
2404.988	32.30	1.97	63.52	7.63	6.19	47.28	74.4	2	21.6	4
2405.092	34.19	1.91	65.22	7.72	6.35	49.02	75.2	2	19.6	4
2405.237	35.32	1.79	63.31	8.03	6.20	49.77	78.6	2	21.1	4
2405.297	33.98	1.89	64.15	8.03	6.04	48.47	75.6	2	22.6	4
2405.401	34.73	1.85	64.14	8.16	6.11	49.90	77.8	2	20.6	4
2405.546	34.44	1.91	65.75	8.09	6.24	50.46	76.7	2	19.6	4
2405.606	35.23	1.80	63.42	8.08	6.17	49.86	78.6	2	21.1	4
2405.710	33.92	1.87	63.59	8.30	5.64	46.78	73.6	2	22.1	4
2405.855	34.09	1.95	66.31	8.28	5.86	48.52	73.2	2	21.6	4
2405.915	34.25	1.96	67.23	8.21	6.32	51.87	77.2	2	21.1	4
2406.019	34.29	1.95	66.84	8.14	7.00	57.03	85.3	2	21.6	4
2406.164	34.35	1.94	66.77	8.10	7.28	58.99	88.3	2	21.1	4
2406.224	34.39	1.94	66.63	8.09	7.22	58.35	87.6	2	21.1	4
2406.328	34.15	1.94	66.29	8.20	6.59	54.06	81.5	2	21.1	4
2406.473	34.50	1.93	66.61	8.05	7.09	57.07	85.7	2	21.6	4
2406.533	34.51	1.92	66.24	8.04	7.23	58.16	87.8	2	21.6	4
2406.637	34.37	1.92	66.01	8.07	7.31	58.99	89.4	2	22.1	4
2406.782	34.21	1.94	66.21	8.12	7.37	59.90	90.5	2	21.1	4
2406.842	34.61	1.94	67.07	8.09	7.38	59.74	89.1	2	21.1	4
2406.946	34.70	1.94	67.19	8.03	7.34	58.95	87.7	2	21.1	4
2407.091	34.45	1.96	67.50	7.99	7.48	59.72	88.5	2	22.1	4
2407.151	34.46	1.94	66.90	8.03	7.34	58.94	88.1	2	21.6	4
2407.255	34.15	1.95	66.46	8.22	6.98	57.39	86.4	2	22.1	4
2407.400	34.77	1.94	67.48	8.47	6.21	52.59	77.9	2	21.6	4
2407.460	34.80	1.93	67.13	8.53	6.16	52.52	78.2	2	21.6	4
2407.564	34.90	1.92	67.08	8.42	6.66	56.01	83.5	2	21.6	4
2407.709	34.45	1.92	66.30	8.54	5.30	45.30	68.3	2	22.6	4
2407.769	33.47	1.96	65.47	8.52	5.29	45.10	68.9	2	21.6	4
2407.873	34.89	1.87	65.28	8.22	5.82	47.81	73.2	2	20.6	4
2408.018	34.93	1.89	65.92	8.33	6.25	52.07	79.0	2	21.1	4
2408.078	34.63	1.91	66.17	8.30	5.98	49.61	75.0	2	22.1	4
2408.182	34.09	1.90	64.87	8.13	6.24	50.75	78.2	2	20.6	4
2408.327	35.57	1.78	63.34	8.01	6.15	49.29	77.8	2	21.1	4
2408.387	35.45	1.84	65.22	8.13	6.22	50.56	77.5	2	20.6	4
2408.491	34.68	1.92	66.41	8.13	6.43	52.29	78.7	2	21.6	4
2408.636	34.82	1.85	64.47	8.04	6.24	50.14	77.8	2	20.1	4
2408.696	34.29	1.87	63.99	8.03	6.06	48.67	76.1	2	22.1	4
2408.800	34.37	1.92	66.13	8.17	6.14	50.18	75.9	2	20.1	4
2408.945	34.78	1.89	65.63	8.05	6.44	51.78	78.9	2	21.6	4
2409.005	33.63	1.94	65.30	8.04	6.19	49.79	76.2	2	21.6	4
2409.109	34.60	1.90	65.63	8.00	6.20	49.56	75.5	2	21.6	4
2409.254	33.87	1.93	65.42	8.00	6.47	51.74	79.1	2	21.1	4
2409.314	34.65	1.90	66.00	8.12	6.25	50.70	76.8	2	20.1	4
2409.418	33.46	1.95	65.12	8.08	6.16	49.79	76.5	2	21.1	4
2409.563	33.72	1.92	64.78	7.98	6.34	50.59	78.1	2	20.1	4
2409.623	33.38	1.91	63.90	7.89	6.35	50.04	78.3	2	22.1	4
2409.727	32.94	1.94	63.87	7.94	6.29	49.99	78.3	2	21.6	4
2409.872	34.50	1.92	66.09	7.84	6.43	50.44	76.3	2	20.1	4
2409.932	34.78	1.90	65.95	7.92	6.35	50.28	76.2	2	21.6	4
2410.036	33.95	1.92	65.15	7.87	6.38	50.24	77.1	2	21.6	4
2410.181	34.20	1.92	65.61	7.95	6.36	50.54	77.0	2	21.6	4
2410.241	33.46	1.95	65.34	7.91	6.40	50.62	77.5	2	20.6	4
2410.345	34.43	1.88	64.75	7.89	6.49	51.20	79.1	2	20.6	4
2410.490	35.20	1.86	65.61	7.89	6.36	50.21	76.5	2	20.6	4
2410.550	35.50	1.82	64.76	7.76	6.26	48.58	75.0	2	19.6	4
2410.654	34.21	1.88	64.43	7.78	6.35	49.39	76.7	2	20.6	4
2410.799	34.92	1.88	65.62	7.90	6.34	50.11	76.4	2	20.6	4
2410.859	35.13	1.82	63.94	7.86	6.22	48.93	76.5	2	20.1	4
2410.963	35.17	1.87	65.63	7.80	6.38	49.73	75.8	2	20.1	4
2411.108	35.26	1.83	64.43	7.74	6.35	49.22	76.4	2	19.6	4
2411.168	35.06	1.84	64.61	7.63	6.53	49.82	77.1	2	21.1	4
2411.272	33.80	1.90	64.31	7.70	6.35	48.88	76.0	2	21.1	4
2411.417	33.43	1.93	64.53	7.68	6.37	48.92	75.8	2	21.1	4
2411.477	34.02	1.94	65.90	7.68	6.47	49.71	75.4	2	19.6	4
2411.581	35.22	1.83	64.55	7.57	6.43	48.66	75.4	2	19.6	4
2411.726	35.00	1.85	64.82	7.56	6.37	48.14	74.3	2	20.6	4
2411.786	34.43	1.87	64.46	7.65	6.35	48.58	75.4	2	21.1	4
2411.890	34.59	1.81	62.63	7.65	6.16	47.11	75.2	2	19.6	4
2412.035	35.93	1.73	62.32	7.41	6.22	46.12	74.0	2	18.1	4
2412.095	35.76	1.77	63.16	7.41	6.40	47.42	75.1	2	21.1	4
2412.199	32.53	1.93	62.70	7.39	6.40	47.31	75.5	2	20.6	4
2412.344	34.99	1.82	63.74	7.38	6.49	47.91	75.2	2	20.6	4
2412.404	33.37	1.90	63.35	7.43	6.41	47.58	75.1	2	21.1	4
2412.508	34.73	1.82	63.26	7.50	6.35	47.60	75.2	2	20.6	4
2412.653	34.77	1.88	65.32	7.45	6.68	49.74	76.1	2	20.6	4
2412.713	34.06	1.91	64.91	7.49	6.54	48.98	75.5	2	20.6	4
2412.817	34.87	1.88	65.70	7.44	6.70	49.81	75.8	2	20.1	4
2412.962	34.81	1.90	66.17	7.57	6.61	50.02	75.6	2	19.6	4
2413.022	34.73	1.92	66.55	7.53	6.73	50.67	76.1	2	20.6	4
2413.126	34.73	1.92	66.60	7.62	6.67	50.76	76.2	2	20.6	4
2413.271	34.88	1.90	66.28	7.55	6.61	49.92	75.3	2	19.6	4
2413.331	35.40	1.84	65.14	7.58	6.49	49.21	75.5	2	20.6	4
2413.435	33.63	1.93	64.96	7.55	6.43	48.52	74.7	2	21.6	4
2413.580	34.60	1.89	65.28	7.47	6.49	48.48	74.3	2	20.6	4
2413.640	34.45	1.90	65.40	7.45	6.57	48.96	74.9	2	20.1	4
2413.744	35.08	1.85	64.81	7.42	6.63	49.21	75.9	2	20.1	4
2413.889	34.35	1.89	64.89	7.54	6.50	49.04	75.6	2	20.1	4
2413.949	33.38	1.94	64.81	7.38	6.77	49.90	77.0	2	20.1	4
2414.053	34.46	1.91	65.93	7.51	6.60	49.61	75.2	2	20.1	4
2414.198	34.86	1.88	65.65	7.48	6.71	50.19	76.4	2	20.1	4
2414.258	34.50	1.90	65.55	7.50	6.65	49.84	76.0	2	21.1	4
2414.362	34.82	1.89	65.71	7.41	6.72	49.79	75.8	2	19.6	4
2414.507	34.64	1.90	65.65	7.46	6.72	50.15	76.4	2	19.6	4
2414.567	34.82	1.90	66.09	7.47	6.62	49.45	74.8	2	20.6	4
2414.671	35.06	1.83	64.28	7.40	6.65	49.16	76.5	2	20.1	4
2414.816	34.83	1.86	64.89	7.32	6.75	49.42	76.2	2	19.1	4
2414.876	35.03	1.85	64.75	7.33	6.79	49.79	76.9	2	20.1	4
2414.980	35.41	1.84	64.99	7.36	6.60	48.59	74.8	2	18.6	4
2415.125	33.91	1.90	64.41	7.28	6.73	48.99	76.1	2	21.6	4
2415.185	33.20	1.95	64.68	7.28	6.57	47.81	73.9	2	19.6	4
2415.289	35.11	1.79	62.78	7.33	6.25	45.81	73.0	2	19.1	4
2415.434	33.36	1.92	64.03	7.23	6.60	47.67	74.4	2	20.1	4
2415.494	34.14	1.91	65.12	7.17	6.97	49.95	76.7	2	19.1	4
2415.598	34.74	1.88	65.36	7.33	6.47	47.47	72.6	2	19.6	4
2415.743	35.05	1.87	65.58	7.18	6.58	47.26	72.1	2	20.6	4
2415.803	34.76	1.89	65.86	7.19	6.66	47.89	72.7	2	18.1	4
2415.907	35.11	1.87	65.55	7.06	7.23	51.03	77.9	2	19.1	4
2416.052	34.78	1.89	65.64	7.38	6.23	46.00	70.1	2	20.6	4
2416.112	34.58	1.91	66.15	7.31	6.84	50.04	75.6	2	19.6	4
2416.216	34.47	1.92	66.26	7.24	6.80	49.24	74.3	2	19.6	4
2416.361	34.45	1.93	66.32	7.36	6.40	47.13	71.1	2	20.1	4
2416.421	34.48	1.93	66.66	7.26	6.98	50.64	76.0	2	18.6	4
2416.525	34.45	1.91	65.79	7.33	6.70	49.16	74.7	2	21.1	4
2416.670	35.37	1.81	63.94	7.18	6.21	44.59	69.7	2	18.6	4
2416.730	35.01	1.85	64.79	7.07	6.79	48.04	74.1	2	18.6	4
2416.834	34.03	1.89	64.43	7.03	7.19	50.54	78.4	2	20.6	4
2416.979	35.50	1.77	62.78	7.08	6.59	46.66	74.3	2	19.1	4
2417.039	35.46	1.83	65.02	7.03	6.99	49.18	75.6	2	19.1	4
2417.143	35.13	1.85	65.12	7.24	6.72	48.65	74.7	2	19.6	4
2417.288	34.60	1.91	65.94	7.38	5.83	43.01	65.2	2	19.6	4
2417.348	34.39	1.92	66.15	7.40	5.71	42.31	64.0	2	19.6	4
2417.452	34.72	1.91	66.23	7.42	5.86	43.50	65.7	2	19.1	4
2417.597	34.61	1.94	67.24	7.08	6.92	48.97	72.8	2	19.6	4
2417.657	34.42	1.95	67.25	6.95	7.37	51.19	76.1	2	18.1	4
2417.761	34.62	1.93	66.71	6.96	7.44	51.83	77.7	2	19.1	4
2417.906	35.21	1.84	64.70	7.10	6.97	49.52	76.5	2	20.1	4
2417.966	33.92	1.91	64.95	7.18	6.74	48.36	74.5	2	21.1	4
2418.070	34.84	1.87	65.05	7.13	6.55	46.71	71.8	2	17.6	4
2418.215	35.40	1.79	63.52	7.14	6.47	46.24	72.8	2	18.6	4
2418.275	35.58	1.81	64.28	7.07	6.78	47.93	74.6	2	19.6	4
2418.379	34.42	1.87	64.44	7.04	7.11	50.10	77.7	2	19.6	4
2418.524	35.08	1.86	65.18	7.08	6.73	47.67	73.1	2	18.1	4
2418.584	35.59	1.78	63.30	6.99	6.59	46.08	72.8	2	18.1	4
2418.688	35.12	1.82	63.74	6.96	6.87	47.81	75.0	2	20.6	4
2418.833	34.70	1.87	65.01	6.99	6.83	47.78	73.5	2	18.6	4
2418.893	35.24	1.83	64.38	6.98	6.81	47.55	73.8	2	18.6	4
2418.997	35.13	1.88	65.95	6.99	7.05	49.24	74.7	2	19.1	4
2419.142	34.48	1.92	66.24	7.13	6.64	47.37	71.5	2	18.6	4
2419.202	34.73	1.91	66.27	7.08	6.99	49.50	74.7	2	19.1	4
2419.306	35.60	1.77	62.85	7.03	6.77	47.64	75.8	2	19.1	4
2419.451	33.93	1.92	65.07	7.01	7.10	49.78	76.5	2	21.1	4
2419.511	32.55	1.96	63.65	7.02	6.63	46.61	73.2	2	19.6	4
2419.615	34.67	1.82	63.11	6.98	6.69	46.74	74.1	2	18.6	4
2419.760	34.30	1.84	63.27	6.87	6.86	47.11	74.5	2	20.6	4
2419.820	34.22	1.89	64.80	6.98	6.81	47.51	73.3	2	18.6	4
2419.924	34.50	1.90	65.67	7.05	6.84	48.21	73.4	2	19.1	4
2420.069	34.72	1.87	65.01	6.99	6.89	48.13	74.0	2	19.1	4
2420.129	35.18	1.88	66.02	6.89	7.00	48.23	73.1	2	18.1	4
2420.233	34.31	1.86	63.98	6.95	6.73	46.78	73.1	2	19.6	4
2420.378	35.19	1.82	63.96	6.89	6.80	46.83	73.2	2	18.6	4
2420.438	35.05	1.83	64.09	6.93	6.87	47.67	74.4	2	19.1	4
2420.542	33.26	1.95	64.85	6.94	6.82	47.35	73.0	2	19.1	4
2420.687	35.34	1.81	63.92	6.78	6.92	46.89	73.4	2	17.6	4
2420.747	35.49	1.78	63.26	6.84	6.79	46.45	73.4	2	18.1	4
2420.851	34.41	1.88	64.57	6.78	7.02	47.61	73.7	2	20.6	4
2420.996	34.63	1.89	65.47	6.77	7.12	48.21	73.6	2	17.6	4
2421.056	35.35	1.79	63.44	6.80	6.76	45.99	72.5	2	17.6	4
2421.160	35.52	1.75	62.03	6.72	6.96	46.73	75.3	2	17.6	4
2421.305	35.75	1.75	62.42	6.68	6.89	46.02	73.7	2	19.6	4
2421.365	34.14	1.87	63.77	6.73	6.94	46.71	73.3	2	20.1	4
2421.469	34.47	1.87	64.34	6.83	7.03	48.02	74.6	2	19.1	4
2421.614	35.58	1.82	64.87	6.77	7.00	47.39	73.1	2	17.6	4
2421.674	35.39	1.85	65.43	6.85	6.87	47.07	71.9	2	19.6	4
2421.778	35.49	1.79	63.38	6.83	6.85	46.72	73.7	2	18.1	4
2421.923	33.99	1.92	65.27	6.88	7.10	48.83	74.8	2	19.6	4
2421.983	34.18	1.92	65.52	6.94	6.97	48.36	73.8	2	19.1	4
2422.087	34.92	1.86	64.83	6.84	6.95	47.53	73.3	2	17.6	4
2422.232	34.40	1.88	64.78	6.82	7.17	48.91	75.5	2	20.6	4
2422.292	34.21	1.91	65.46	6.87	7.08	48.64	74.3	2	18.1	4
2422.396	35.36	1.77	62.71	6.76	6.81	46.02	73.4	2	17.1	4
2422.541	36.13	1.70	61.48	6.61	6.75	44.61	72.6	2	16.6	4
2422.601	36.29	1.67	60.45	6.54	6.63	43.35	71.7	2	17.6	4
2422.705	33.61	1.86	62.38	6.58	7.01	46.12	73.9	2	20.1	4
2422.850	34.50	1.89	65.25	6.70	7.13	47.81	73.3	2	18.6	4
2422.910	34.64	1.91	66.30	6.76	7.06	47.75	72.0	2	18.1	4
2423.014	33.69	1.93	65.03	6.73	6.98	46.96	72.2	2	19.1	4
2423.159	34.61	1.86	64.41	6.79	7.06	47.87	74.3	2	18.6	4
2423.219	34.26	1.88	64.55	6.83	7.07	48.25	74.7	2	19.6	4
2423.323	34.62	1.91	66.00	6.78	7.14	48.38	73.3	2	17.6	4
2423.468	34.53	1.85	64.00	6.71	7.16	48.07	75.1	2	19.6	4
2423.528	34.60	1.89	65.34	6.76	7.18	48.53	74.3	2	17.6	4
2423.632	33.39	1.94	64.73	6.77	7.04	47.67	73.7	2	20.1	4
2423.777	34.69	1.85	64.28	6.73	7.10	47.80	74.4	2	19.1	4
2423.837	34.34	1.89	64.92	6.77	7.03	47.61	73.3	2	19.1	4
2423.941	35.51	1.81	64.17	6.72	6.91	46.48	72.4	2	18.1	4
2424.086	35.81	1.79	64.06	6.63	7.07	46.81	73.1	2	17.1	4
2424.146	35.78	1.78	63.62	6.73	7.01	47.24	74.3	2	19.1	4
2424.250	34.51	1.88	64.90	6.75	7.08	47.80	73.6	2	18.6	4
2424.395	34.25	1.93	66.24	6.81	7.13	48.53	73.3	2	19.6	4
2424.455	34.08	1.93	65.71	6.79	7.04	47.78	72.7	2	18.6	4
2424.559	35.21	1.85	65.24	6.74	6.99	47.09	72.2	2	18.1	4
2424.704	33.77	1.91	64.55	6.65	7.09	47.16	73.1	2	19.6	4
2424.764	34.34	1.92	65.88	6.67	7.25	48.35	73.4	2	17.6	4
2424.868	35.08	1.90	66.71	6.73	7.31	49.21	73.8	2	18.6	4
2425.013	34.82	1.91	66.61	6.81	7.15	48.68	73.1	2	19.1	4
2425.073	34.87	1.88	65.63	6.81	7.11	48.40	73.7	2	18.6	4
2425.177	34.65	1.91	66.27	6.75	7.28	49.16	74.2	2	18.1	4
2425.322	35.27	1.84	64.93	6.76	7.02	47.47	73.1	2	18.1	4
2425.382	34.54	1.89	65.12	6.80	7.00	47.59	73.1	2	20.1	4
2425.486	32.33	1.96	63.53	6.65	7.10	47.19	74.3	2	19.6	4
2425.631	34.89	1.84	64.18	6.70	7.05	47.21	73.6	2	19.1	4
2425.691	33.58	1.91	64.23	6.62	7.19	47.54	74.0	2	19.1	4
2425.795	34.66	1.87	64.98	6.73	7.07	47.56	73.2	2	18.1	4
2425.940	35.49	1.80	63.84	6.75	7.02	47.33	74.1	2	19.6	4
2426.000	34.03	1.89	64.38	6.72	7.10	47.71	74.1	2	19.1	4
2426.104	33.30	1.94	64.50	6.64	7.22	47.94	74.3	2	19.1	4
2426.249	34.05	1.92	65.54	6.79	7.14	48.49	74.0	2	19.1	4
2426.309	34.49	1.91	65.87	6.75	7.23	48.83	74.1	2	18.6	4
2426.413	35.32	1.86	65.67	6.80	7.01	47.71	72.6	2	18.6	4
2426.558	34.79	1.92	66.67	6.74	7.19	48.42	72.6	2	17.6	4
2426.618	35.03	1.88	65.90	6.75	7.13	48.10	73.0	2	19.6	4
2426.722	34.23	1.89	64.80	6.74	7.19	48.44	74.8	2	19.1	4
2426.867	35.51	1.82	64.54	6.67	7.09	47.29	73.3	2	18.1	4
2426.927	35.77	1.79	64.19	6.64	7.04	46.69	72.7	2	17.6	4
2427.031	34.73	1.89	65.80	6.69	7.18	48.04	73.0	2	18.1	4
2427.176	33.89	1.91	64.71	6.64	6.96	46.20	71.4	2	20.6	4
2427.236	32.47	1.96	63.56	6.58	7.07	46.51	73.2	2	19.6	4
2427.340	34.61	1.86	64.33	6.52	7.19	46.89	72.9	2	18.1	4
2427.485	35.34	1.84	64.96	6.45	7.20	46.46	71.5	2	18.6	4
2427.545	33.79	1.89	64.00	6.45	7.21	46.51	72.7	2	19.6	4
2427.649	34.36	1.89	64.90	6.49	7.21	46.78	72.1	2	18.1	4
2427.794	34.38	1.90	65.37	6.46	7.58	48.96	74.9	2	19.6	4
2427.854	34.63	1.90	65.78	6.47	7.47	48.37	73.5	2	17.6	4
2427.958	33.80	1.92	64.83	6.38	7.50	47.85	73.8	2	19.6	4
2428.103	35.18	1.87	65.66	6.46	7.45	48.15	73.3	2	17.6	4
2428.163	34.37	1.88	64.73	6.47	7.26	46.96	72.5	2	19.6	4
2428.267	33.84	1.91	64.80	6.63	7.10	47.06	72.6	2	19.6	4
2428.412	34.02	1.90	64.57	6.70	7.04	47.19	73.1	2	18.6	4
2428.472	34.55	1.83	63.21	6.73	6.97	46.93	74.2	2	18.6	4
2428.576	33.50	1.90	63.82	6.61	7.29	48.21	75.5	2	20.1	4
2428.721	34.87	1.88	65.61	6.45	7.52	48.49	73.9	2	17.1	4
2428.781	35.51	1.80	64.09	6.48	7.30	47.35	73.9	2	17.6	4
2428.885	33.11	1.90	63.05	6.47	7.10	45.97	72.9	2	19.6	4
2429.030	35.37	1.77	62.54	6.38	7.08	45.15	72.2	2	16.6	4
2429.090	35.10	1.81	63.48	6.38	7.24	46.20	72.8	2	19.1	4
2429.194	33.23	1.92	63.93	6.44	7.14	45.99	71.9	2	18.1	4
2429.339	34.68	1.85	64.06	6.50	7.19	46.74	73.0	2	18.1	4
2429.399	33.98	1.91	64.85	6.43	7.33	47.11	72.7	2	18.6	4
2429.503	35.17	1.86	65.27	6.46	7.34	47.44	72.7	2	18.6	4
2429.648	32.79	1.94	63.58	6.40	7.22	46.19	72.7	2	19.1	4
2429.708	34.04	1.91	65.09	6.47	7.28	47.15	72.4	2	17.6	4
2429.812	34.78	1.82	63.39	6.42	7.31	46.91	74.0	2	18.6	4
2429.957	34.24	1.90	65.14	6.56	7.26	47.65	73.1	2	17.6	4
2430.017	34.89	1.87	65.23	6.42	7.49	48.10	73.7	2	18.1	4
2430.121	35.07	1.86	65.15	6.48	7.32	47.44	72.8	2	17.6	4
2430.266	34.25	1.93	66.26	6.48	7.40	47.99	72.4	2	18.1	4
2430.326	34.73	1.91	66.28	6.56	7.39	48.50	73.2	2	19.1	4
2430.430	34.62	1.87	64.66	6.57	7.20	47.29	73.1	2	18.6	4
2430.575	34.77	1.89	65.74	6.45	7.44	47.99	73.0	2	17.1	4
2430.635	35.11	1.82	63.86	6.44	7.32	47.08	73.7	2	17.6	4
2430.739	34.36	1.88	64.51	6.45	7.34	47.34	73.4	2	19.1	4
2430.884	33.61	1.92	64.47	6.51	7.30	47.50	73.7	2	20.1	4
2430.944	33.12	1.94	64.11	6.46	7.31	47.24	73.7	2	19.1	4
2431.048	34.48	1.85	63.95	6.45	7.29	46.99	73.5	2	17.6	4
2431.193	34.40	1.90	65.41	6.53	7.28	47.49	72.6	2	19.6	4
2431.253	33.32	1.96	65.20	6.41	7.38	47.30	72.6	2	18.1	4
2431.357	34.82	1.86	64.60	6.46	7.26	46.90	72.6	2	18.6	4
2431.502	34.70	1.85	64.04	6.39	7.39	47.24	73.8	2	18.6	4
2431.562	34.20	1.91	65.26	6.48	7.27	47.11	72.2	2	18.6	4
2431.666	34.70	1.90	66.10	6.61	7.31	48.32	73.1	2	19.1	4
2431.811	34.40	1.93	66.41	6.55	7.38	48.37	72.8	2	18.6	4
2431.871	34.43	1.95	67.17	6.55	7.60	49.78	74.1	2	18.1	4
2431.975	33.56	1.94	65.03	6.57	7.12	46.83	72.0	2	20.1	4
2432.120	34.23	1.90	65.16	6.53	7.45	48.65	74.7	2	17.6	4
2432.180	34.50	1.87	64.56	6.53	7.27	47.45	73.5	2	18.6	4
2432.284	34.03	1.91	65.00	6.55	7.34	48.05	73.9	2	19.6	4
2432.429	34.19	1.91	65.26	6.45	7.51	48.43	74.2	2	19.1	4
2432.489	34.56	1.91	66.06	6.51	7.40	48.14	72.9	2	17.6	4
2432.593	34.32	1.89	64.96	6.44	7.42	47.79	73.6	2	18.6	4
2432.738	34.66	1.85	64.11	6.47	7.27	47.04	73.4	2	19.1	4
2432.798	33.37	1.92	64.02	6.43	7.51	48.28	75.4	2	19.1	4
2432.902	33.60	1.89	63.46	6.36	7.43	47.28	74.5	2	19.1	4
2433.047	33.47	1.91	63.89	6.49	7.24	46.96	73.5	2	19.6	4
2433.107	33.60	1.93	64.88	6.41	7.42	47.53	73.3	2	17.1	4
2433.211	35.38	1.79	63.29	6.31	7.18	45.27	71.5	2	17.6	4
2433.356	34.34	1.90	65.28	6.37	7.37	46.92	71.9	2	17.1	4
2433.416	34.98	1.86	65.22	6.35	7.45	47.36	72.6	2	17.1	4
2433.520	34.99	1.88	65.64	6.34	7.50	47.53	72.4	2	18.1	4
2433.665	35.05	1.88	65.91	6.41	7.44	47.71	72.4	2	17.6	4
2433.725	35.18	1.85	65.24	6.36	7.37	46.86	71.8	2	16.6	4
2433.829	34.76	1.88	65.45	6.38	7.43	47.40	72.4	2	18.1	4
2433.974	35.19	1.84	64.75	6.36	7.40	47.03	72.6	2	17.1	4
2434.034	35.33	1.87	65.89	6.41	7.54	48.32	73.3	2	18.1	4
2434.138	35.24	1.80	63.60	6.30	7.35	46.32	72.8	2	18.1	4
2434.283	34.07	1.91	65.18	6.40	7.41	47.44	72.8	2	18.6	4
2434.343	34.24	1.89	64.68	6.39	7.35	46.97	72.6	2	17.6	4
2434.447	34.41	1.87	64.35	6.32	7.44	47.05	73.1	2	19.1	4
2434.592	33.72	1.93	65.04	6.30	7.48	47.11	72.4	2	16.6	4
2434.652	34.74	1.82	63.16	6.35	7.31	46.40	73.5	2	17.6	4
2434.756	35.56	1.78	63.41	6.31	7.28	45.94	72.5	2	17.1	4
2434.901	34.17	1.86	63.73	6.29	7.33	46.10	72.3	2	18.1	4
2434.961	33.65	1.92	64.58	6.25	7.37	46.08	71.4	2	18.1	4
2435.065	34.39	1.90	65.22	6.25	7.60	47.52	72.9	2	18.1	4
2435.210	35.47	1.81	64.37	6.33	7.31	46.27	71.9	2	18.1	4
2435.270	34.60	1.87	64.73	6.34	7.36	46.71	72.2	2	18.6	4
2435.374	34.74	1.86	64.67	6.25	7.50	46.85	72.4	2	16.6	4
2435.519	33.69	1.91	64.52	6.21	7.50	46.58	72.2	2	18.1	4
2435.579	34.42	1.89	64.92	6.31	7.40	46.68	71.9	2	18.6	4
2435.683	35.14	1.83	64.29	6.28	7.39	46.38	72.1	2	17.1	4
2435.828	34.17	1.87	64.02	6.30	7.43	46.85	73.2	2	17.1	4
2435.888	34.55	1.84	63.41	6.26	7.47	46.77	73.8	2	17.6	4
2435.992	34.28	1.88	64.29	6.25	7.51	46.93	73.0	2	18.1	4
2436.137	33.39	1.93	64.51	6.33	7.31	46.23	71.7	2	19.1	4
2436.197	33.91	1.91	64.60	6.37	7.30	46.50	72.0	2	17.6	4
2436.301	33.56	1.94	64.98	6.27	7.50	47.07	72.4	2	17.1	4
2436.446	35.22	1.75	61.68	6.23	7.11	44.27	71.8	2	17.1	4
2436.506	35.76	1.70	60.97	6.18	7.05	43.56	71.5	2	16.6	4
2436.610	34.28	1.81	61.92	6.21	7.20	44.67	72.1	2	20.1	4
2436.755	34.85	1.74	60.73	6.16	7.08	43.62	71.8	2	17.1	4
2436.815	34.62	1.81	62.76	6.11	7.51	45.94	73.2	2	19.1	4
2436.919	33.39	1.91	63.64	6.17	7.36	45.38	71.3	2	17.6	4
2437.064	33.48	1.95	65.26	6.24	7.54	47.07	72.1	2	18.1	4
2437.124	34.48	1.89	65.32	6.20	7.64	47.38	72.5	2	17.1	4
2437.228	34.57	1.85	63.94	6.17	7.53	46.50	72.7	2	18.6	4
2437.373	33.97	1.84	62.66	6.30	7.34	46.25	73.8	2	18.1	4
2437.433	33.70	1.91	64.37	6.22	7.55	46.98	73.0	2	17.1	4
2437.537	35.22	1.80	63.24	6.12	7.50	45.91	72.6	2	16.1	4
2437.682	36.07	1.71	61.60	6.00	7.36	44.11	71.6	2	16.1	4
2437.742	35.63	1.76	62.81	6.08	7.44	45.25	72.0	2	19.1	4
2437.846	34.15	1.89	64.42	6.08	7.62	46.32	71.9	2	17.1	4
2437.991	34.20	1.88	64.38	6.18	7.41	45.79	71.1	2	17.6	4
2438.051	34.27	1.90	64.97	6.12	7.60	46.56	71.7	2	17.1	4
2438.155	35.01	1.86	65.15	6.19	7.62	47.15	72.4	2	17.1	4
2438.300	34.59	1.84	63.81	6.19	7.31	45.25	70.9	2	17.6	4
2438.360	34.56	1.87	64.52	6.12	7.52	46.05	71.4	2	16.6	4
2438.464	35.02	1.84	64.33	6.13	7.62	46.68	72.6	2	19.1	4
2438.609	33.75	1.87	63.14	6.25	7.26	45.36	71.9	2	18.6	4
2438.669	32.88	1.92	63.14	6.20	7.42	46.04	72.9	2	17.6	4
2438.773	35.09	1.76	61.92	6.08	7.37	44.77	72.3	2	16.6	4
2438.918	34.74	1.80	62.41	6.04	7.43	44.89	71.9	2	18.6	4
2438.978	33.09	1.89	62.43	6.00	7.31	43.89	70.3	2	17.6	4
2439.082	34.17	1.89	64.59	6.05	7.62	46.05	71.3	2	16.1	4
2439.227	35.51	1.75	62.22	6.10	7.10	43.33	69.6	2	17.6	4
2439.287	34.32	1.85	63.36	6.10	7.60	46.38	73.2	2	19.1	4
2439.391	34.07	1.88	64.07	6.06	7.57	45.89	71.6	2	16.6	4
2439.536	32.91	1.86	61.29	5.88	7.62	44.82	73.1	2	18.6	4
2439.596	33.02	1.88	62.04	6.07	7.34	44.56	71.8	2	18.6	4
2439.700	33.98	1.89	64.23	6.12	7.68	46.97	73.1	2	18.1	4
2439.845	34.76	1.81	62.79	6.10	7.55	46.04	73.3	2	17.6	4
2439.905	34.55	1.86	64.12	6.09	7.57	46.10	71.9	2	18.6	4
2440.009	34.71	1.82	63.07	6.11	7.44	45.45	72.1	2	17.1	4
2440.154	34.79	1.86	64.83	6.19	7.59	46.93	72.4	2	18.1	4
2440.214	34.73	1.88	65.21	6.17	7.60	46.90	71.9	2	18.6	4
2440.318	34.84	1.82	63.44	6.16	7.40	45.60	71.9	2	17.1	4
2440.463	34.31	1.89	64.87	6.14	7.59	46.56	71.8	2	18.6	4
2440.523	34.06	1.92	65.44	6.11	7.70	47.03	71.9	2	18.1	4
2440.627	33.53	1.91	64.10	6.14	7.63	46.83	73.1	2	18.6	4
2440.772	34.33	1.87	64.12	6.17	7.45	45.98	71.7	2	18.1	4
2440.832	34.23	1.89	64.69	6.12	7.46	45.68	70.6	2	18.6	4
2440.936	33.52	1.89	63.19	6.13	7.41	45.46	71.9	2	17.6	4
2441.081	35.81	1.68	60.15	6.04	7.20	43.49	72.3	2	16.6	4
2441.141	34.76	1.80	62.68	5.96	7.86	46.81	74.7	2	19.6	4
2441.245	34.23	1.85	63.35	5.85	7.68	44.93	70.9	2	16.1	4
2441.390	35.80	1.74	62.17	5.91	7.42	43.87	70.6	2	17.1	4
2441.450	34.91	1.85	64.54	5.91	7.44	44.00	68.2	2	16.6	4
2441.554	35.45	1.78	63.01	5.69	7.89	44.93	71.3	2	16.6	4
2441.699	33.39	1.90	63.59	6.00	7.05	42.34	66.6	2	19.1	4
2441.759	32.87	1.93	63.57	5.85	7.38	43.13	67.8	2	16.1	4
2441.863	35.13	1.75	61.42	5.68	7.59	43.12	70.2	2	16.6	4
2442.008	33.66	1.91	64.20	5.99	6.99	41.91	65.3	2	16.6	4
2442.068	34.92	1.78	62.21	6.01	6.81	40.98	65.9	2	16.6	4
2442.172	33.70	1.89	63.65	5.97	7.02	41.92	65.9	2	17.6	4
2442.317	34.11	1.88	64.06	6.11	7.39	45.15	70.5	2	17.6	4
2442.377	34.33	1.91	65.72	6.02	7.77	46.79	71.2	2	16.1	4
2442.481	34.53	1.86	64.33	6.14	7.15	43.92	68.3	2	18.1	4
2442.626	35.36	1.80	63.53	6.00	7.46	44.72	70.4	2	17.1	4
2442.686	35.05	1.80	63.27	6.09	7.36	44.84	70.9	2	17.6	4
2442.790	35.11	1.88	66.10	6.07	7.54	45.83	69.3	2	18.1	4
2442.935	34.68	1.86	64.41	6.16	7.40	45.58	70.8	2	17.6	4
2442.995	33.70	1.93	65.18	6.10	7.55	46.01	70.6	2	18.6	4
2443.099	33.99	1.90	64.73	6.11	7.51	45.84	70.8	2	18.1	4
2443.244	35.12	1.81	63.74	6.13	7.46	45.76	71.8	2	18.1	4
2443.304	34.05	1.89	64.44	6.09	7.58	46.17	71.6	2	17.1	4
2443.408	34.29	1.88	64.42	6.12	7.69	47.04	73.0	2	17.1	4
2443.553	34.64	1.88	65.14	6.06	7.88	47.74	73.3	2	17.1	4
2443.613	34.96	1.87	65.48	6.06	7.60	46.04	70.3	2	18.1	4
2443.717	34.17	1.92	65.49	6.09	7.75	47.14	72.0	2	16.6	4
2443.862	34.21	1.89	64.65	6.22	7.44	46.29	71.6	2	19.1	4
2443.922	34.04	1.91	65.17	6.14	7.66	46.99	72.1	2	17.6	4
2444.026	34.80	1.87	65.22	6.09	7.68	46.78	71.7	2	17.1	4
2444.171	34.00	1.87	63.44	6.09	7.43	45.25	71.3	2	16.6	4
2444.231	34.66	1.81	62.75	6.15	7.27	44.68	71.2	2	17.6	4
2444.335	32.82	1.90	62.47	5.96	7.58	45.21	72.4	2	18.1	4
2444.480	33.95	1.93	65.49	6.10	7.80	47.58	72.7	2	16.6	4
2444.540	35.09	1.81	63.38	6.19	7.34	45.49	71.8	2	17.6	4
2444.644	35.39	1.78	62.84	6.02	7.46	44.89	71.4	2	17.1	4
2444.789	34.88	1.89	65.76	5.98	7.95	47.56	72.3	2	16.6	4
2444.849	35.03	1.84	64.58	6.05	7.49	45.32	70.2	2	17.6	4
2444.953	34.47	1.90	65.54	5.94	7.99	47.40	72.3	2	15.6	4
2445.098	35.25	1.87	65.99	5.79	8.02	46.46	70.4	2	16.1	4
2445.158	35.20	1.86	65.62	5.70	8.24	46.96	71.6	2	17.1	4
2445.262	33.56	1.92	64.33	5.86	7.88	46.21	71.8	2	18.1	4
2445.407	32.79	1.94	63.72	6.04	7.03	42.46	66.6	2	17.1	4
2445.467	33.92	1.89	64.04	5.88	7.35	43.20	67.5	2	16.6	4
2445.571	33.14	1.90	63.10	5.86	7.32	42.89	68.0	2	18.1	4
2445.716	34.62	1.84	63.87	5.93	7.44	44.09	69.0	2	17.6	4
2445.776	33.57	1.90	63.87	5.84	7.54	44.01	68.9	2	16.6	4
2445.880	34.57	1.80	62.34	5.90	7.50	44.25	71.0	2	18.1	4
2446.025	33.16	1.90	62.99	5.91	7.40	43.76	69.5	2	18.1	4
2446.085	34.03	1.85	63.11	5.88	7.61	44.76	70.9	2	16.1	4
2446.189	33.74	1.87	63.01	5.95	7.62	45.31	71.9	2	16.6	4
2446.334	33.24	1.90	63.20	5.85	7.55	44.15	69.9	2	18.1	4
2446.394	34.16	1.84	62.84	5.96	7.53	44.88	71.4	2	17.1	4
2446.498	34.17	1.87	63.99	5.96	7.48	44.55	69.6	2	17.1	4
2446.643	34.18	1.89	64.49	6.01	7.38	44.37	68.8	2	16.6	4
2446.703	35.09	1.81	63.63	5.80	7.69	44.61	70.1	2	16.6	4
2446.807	35.27	1.80	63.36	5.92	7.68	45.46	71.8	2	17.6	4
2446.952	32.43	1.94	62.84	5.85	7.63	44.62	71.0	2	18.1	4
2447.012	33.43	1.91	63.95	5.82	7.77	45.23	70.7	2	16.1	4
2447.116	34.97	1.82	63.75	5.83	7.75	45.18	70.9	2	17.1	4
2447.261	35.85	1.72	61.51	5.73	7.43	42.59	69.2	2	15.1	4
2447.321	36.24	1.64	59.44	5.63	7.41	41.76	70.2	2	15.6	4
2447.425	33.80	1.83	61.84	5.71	7.60	43.43	70.2	2	17.6	4
2447.570	34.45	1.84	63.46	5.71	7.78	44.40	70.0	2	16.1	4
2447.630	35.06	1.80	63.19	5.77	7.71	44.52	70.4	2	17.1	4
2447.734	34.92	1.83	63.75	5.80	7.69	44.58	69.9	2	17.1	4
2447.879	35.21	1.78	62.65	5.92	7.49	44.39	70.9	2	16.6	4
2447.939	34.69	1.87	64.91	5.80	7.98	46.28	71.3	2	18.6	4
2448.043	33.92	1.92	65.07	5.76	8.39	48.38	74.3	2	16.6	4
2448.188	34.52	1.90	65.52	6.15	7.62	46.80	71.4	2	17.1	4
2448.248	34.47	1.88	64.92	6.26	7.44	46.59	71.8	2	19.1	4
2448.352	33.72	1.90	64.01	6.19	7.32	45.30	70.8	2	18.1	4
2448.497	34.72	1.88	65.20	6.34	7.09	45.01	69.0	2	18.1	4
2448.557	34.58	1.87	64.61	6.21	7.24	45.01	69.7	2	17.1	4
2448.661	34.82	1.86	64.91	6.16	7.55	46.49	71.6	2	17.1	4
2448.806	34.31	1.93	66.24	5.94	7.98	47.44	71.6	2	17.6	4
2448.866	34.66	1.88	65.12	6.09	7.59	46.18	70.9	2	17.6	4
2448.970	33.64	1.95	65.44	5.99	8.15	48.82	74.6	2	17.6	4
2449.115	34.19	1.88	64.26	6.09	7.36	44.85	69.8	2	17.1	4
2449.175	34.64	1.86	64.39	6.14	7.49	46.02	71.5	2	18.1	4
2449.279	35.33	1.86	65.88	5.81	8.10	47.03	71.4	2	16.1	4
2449.424	35.24	1.84	64.98	5.68	7.84	44.52	68.5	2	15.6	4
2449.484	35.82	1.73	61.99	5.62	7.68	43.17	69.6	2	16.6	4
2449.588	32.74	1.90	62.13	5.55	8.10	44.99	72.4	2	18.1	4
2449.733	34.99	1.85	64.57	5.68	7.74	43.96	68.1	2	15.6	4
2449.793	35.31	1.82	64.09	5.80	7.66	44.43	69.3	2	18.1	4
2449.897	33.05	1.94	64.15	5.76	7.65	44.05	68.7	2	18.6	4
2450.042	34.95	1.81	63.13	5.79	7.86	45.51	72.1	2	17.1	4
2450.102	34.54	1.84	63.57	5.94	7.49	44.53	70.0	2	17.6	4
2450.206	34.91	1.85	64.53	6.06	7.18	43.54	67.5	2	17.6	4
2450.351	35.32	1.83	64.46	5.78	7.62	44.06	68.3	2	17.6	4
2450.411	34.25	1.90	64.94	5.83	7.56	44.03	67.8	2	16.6	4
2450.515	35.61	1.73	61.72	5.78	7.50	43.33	70.2	2	16.6	4
2450.660	33.57	1.90	63.81	5.79	7.70	44.59	69.9	2	17.1	4
2450.720	34.58	1.86	64.47	5.71	7.97	45.53	70.6	2	15.6	4
2450.824	34.50	1.85	63.92	5.72	7.85	44.91	70.3	2	16.1	4
2450.969	34.21	1.87	64.01	5.73	7.81	44.71	69.8	2	16.1	4
2451.029	34.96	1.82	63.66	5.84	7.60	44.32	69.6	2	18.1	4
2451.133	35.25	1.78	62.68	5.72	7.69	44.03	70.2	2	16.6	4
2451.278	34.88	1.86	64.91	5.84	7.78	45.41	70.0	2	18.1	4
2451.338	33.79	1.92	64.95	5.86	7.56	44.31	68.2	2	17.1	4
2451.442	34.58	1.87	64.71	5.77	7.87	45.40	70.2	2	18.1	4
2451.587	34.44	1.88	64.75	5.78	7.65	44.20	68.3	2	16.1	4
2451.647	34.76	1.85	64.14	5.79	7.67	44.37	69.2	2	18.1	4
2451.751	34.45	1.89	65.19	5.72	7.88	45.08	69.2	2	15.6	4
2451.896	34.88	1.88	65.70	5.75	7.88	45.31	69.0	2	17.6	4
2451.956	33.77	1.91	64.44	5.85	7.47	43.69	67.8	2	17.6	4
2452.060	35.30	1.78	62.98	5.86	7.48	43.85	69.6	2	17.1	4
2452.205	34.56	1.87	64.55	5.86	7.68	44.97	69.7	2	18.1	4
2452.265	34.41	1.89	65.13	5.83	8.09	47.16	72.4	2	17.1	4
2452.369	34.93	1.85	64.69	6.07	7.64	46.34	71.6	2	17.1	4
2452.514	34.45	1.89	65.01	6.06	7.25	43.93	67.6	2	16.1	4
2452.574	35.17	1.85	65.00	5.82	7.74	45.09	69.4	2	16.6	4
2452.678	34.46	1.85	63.89	5.95	7.34	43.66	68.3	2	18.1	4
2452.823	34.07	1.92	65.26	5.99	7.61	45.58	69.9	2	18.1	4
2452.883	34.31	1.90	65.18	6.08	7.24	43.98	67.5	2	16.6	4
2452.987	35.29	1.81	63.82	5.88	7.64	44.90	70.3	2	17.1	4
2453.132	33.03	1.93	63.84	6.00	7.70	46.22	72.4	2	17.6	4
2453.192	33.80	1.92	64.82	5.97	7.48	44.66	68.9	2	16.1	4
2453.296	34.87	1.78	62.03	5.71	7.63	43.56	70.2	2	17.6	4
2453.441	33.67	1.93	65.04	5.78	7.90	45.61	70.1	2	17.1	4
2453.501	34.90	1.81	63.10	5.86	7.64	44.78	71.0	2	17.1	4
2453.605	34.10	1.87	63.75	5.79	7.81	45.18	70.9	2	16.6	4
2453.750	33.20	1.90	62.99	5.80	7.60	44.11	70.0	2	18.1	4
2453.810	34.23	1.90	64.88	5.77	8.10	46.76	72.1	2	16.1	4
2453.914	34.63	1.85	64.01	6.07	7.34	44.56	69.6	2	19.1	4
2454.059	34.73	1.80	62.64	5.71	7.65	43.67	69.7	2	17.6	4
2454.119	32.90	1.90	62.45	5.64	7.90	44.57	71.4	2	18.1	4
2454.223	33.82	1.89	63.91	5.99	7.57	45.35	71.0	2	18.1	4
2454.368	34.33	1.84	63.02	5.85	7.59	44.41	70.5	2	17.6	4
2454.428	34.66	1.82	63.06	5.80	7.76	45.00	71.4	2	16.6	4
2454.532	33.65	1.89	63.63	5.90	7.53	44.40	69.8	2	16.6	4
2454.677	35.19	1.83	64.47	5.80	7.81	45.31	70.3	2	16.1	4
2454.737	35.33	1.82	64.33	5.88	7.57	44.51	69.2	2	17.6	4
2454.841	34.17	1.89	64.71	5.82	7.96	46.28	71.5	2	17.6	4
2454.986	35.13	1.84	64.61	5.90	7.75	45.71	70.7	2	18.1	4
2455.046	33.69	1.92	64.63	5.89	7.51	44.20	68.4	2	17.1	4
2455.150	33.99	1.91	64.95	5.92	7.67	45.35	69.8	2	17.6	4
2455.295	33.20	1.93	64.12	5.85	7.51	43.94	68.5	2	17.6	4
2455.355	34.08	1.92	65.37	5.83	7.92	46.15	70.6	2	17.1	4
2455.459	34.17	1.89	64.43	5.86	7.66	44.93	69.7	2	16.1	4
2455.604	34.14	1.87	63.81	6.03	7.43	44.79	70.2	2	18.6	4
2455.664	33.50	1.92	64.47	5.84	7.86	45.90	71.2	2	16.6	4
2455.768	33.55	1.91	64.01	5.83	7.77	45.24	70.7	2	17.1	4
2455.913	33.74	1.88	63.55	5.84	7.91	46.15	72.6	2	17.1	4
2455.973	34.64	1.82	63.03	6.01	7.61	45.74	72.6	2	18.1	4
2456.077	32.18	1.94	62.44	5.74	7.72	44.32	71.0	2	17.1	4
2456.222	34.97	1.74	60.96	5.74	7.44	42.70	70.0	2	15.6	4
2456.282	35.08	1.78	62.50	5.71	7.70	43.99	70.4	2	17.6	4
2456.386	34.12	1.88	64.19	5.96	7.70	45.86	71.5	2	18.6	4
2456.531	34.26	1.85	63.44	5.82	7.68	44.68	70.4	2	16.6	4
2456.591	35.08	1.81	63.66	5.77	7.66	44.17	69.4	2	15.6	4
2456.695	34.15	1.83	62.34	5.68	7.86	44.65	71.6	2	17.6	4
2456.840	36.11	1.67	60.33	5.55	7.49	41.58	68.9	2	15.6	4
2456.900	35.86	1.71	61.26	5.48	7.74	42.42	69.2	2	17.1	4
2457.004	32.92	1.87	61.67	5.59	7.74	43.28	70.2	2	17.1	4
2457.149	35.48	1.74	61.73	5.67	7.61	43.16	69.9	2	16.1	4
2457.209	35.86	1.71	61.18	5.60	7.59	42.47	69.4	2	15.1	4
2457.313	34.89	1.80	62.80	5.65	7.82	44.18	70.4	2	19.1	4
2457.458	34.51	1.84	63.59	5.77	7.76	44.80	70.4	2	16.1	4
2457.518	35.36	1.76	62.12	5.79	7.50	43.42	69.9	2	16.1	4
2457.622	34.60	1.83	63.40	5.78	7.63	44.13	69.6	2	18.1	4
2457.767	35.08	1.82	63.89	5.80	7.73	44.85	70.2	2	15.6	4
2457.827	35.75	1.71	61.00	5.77	7.54	43.49	71.3	2	16.1	4
2457.931	33.80	1.88	63.42	5.69	7.87	44.76	70.6	2	18.1	4
2458.076	34.35	1.86	63.95	5.72	7.91	45.24	70.7	2	16.1	4
2458.136	35.04	1.82	63.76	5.73	7.92	45.35	71.1	2	15.1	4
2458.240	34.67	1.84	63.91	5.87	7.73	45.42	71.1	2	18.6	4
2458.385	35.14	1.79	62.86	5.99	7.42	44.45	70.7	2	17.1	4
2458.445	34.47	1.88	64.95	5.79	7.92	45.80	70.5	2	16.1	4
2458.549	34.88	1.84	64.35	5.92	7.81	46.22	71.8	2	17.6	4
2458.694	32.02	1.95	62.44	5.96	7.14	42.56	68.2	2	18.6	4
2458.754	32.18	1.97	63.25	5.83	7.55	44.03	69.6	2	16.6	4
2458.858	34.25	1.85	63.23	5.83	7.46	43.46	68.7	2	17.1	4
2459.003	34.88	1.81	63.19	5.83	7.89	45.98	72.8	2	17.1	4
2459.063	34.26	1.86	63.77	5.90	7.49	44.15	69.2	2	18.1	4
2459.167	32.53	1.93	62.67	5.86	7.78	45.61	72.8	2	19.1	4
2459.312	33.92	1.85	62.82	5.70	7.77	44.30	70.5	2	16.6	4
2459.372	35.00	1.81	63.41	5.72	7.76	44.40	70.0	2	15.6	4
2459.476	35.97	1.67	60.04	5.68	7.41	42.08	70.1	2	16.6	4
2459.621	31.54	1.94	61.08	5.63	7.57	42.65	69.8	2	18.6	4
2459.681	32.55	1.92	62.38	5.68	7.59	43.11	69.1	2	16.1	4
2459.785	34.55	1.82	62.81	5.65	7.84	44.31	70.6	2	17.1	4
2459.930	34.33	1.87	64.36	5.71	7.87	44.93	69.8	2	15.6	4
2459.990	34.89	1.83	63.87	5.86	7.79	45.65	71.5	2	17.6	4
2460.094	35.09	1.77	62.24	5.78	7.52	43.46	69.8	2	16.6	4
2460.239	35.25	1.74	61.48	5.81	7.46	43.31	70.4	2	17.1	4
2460.299	33.85	1.84	62.40	5.74	7.76	44.53	71.4	2	17.1	4
2460.403	34.97	1.78	62.09	5.81	7.64	44.38	71.5	2	18.1	4
2460.548	35.39	1.76	62.47	5.72	7.60	43.46	69.6	2	15.1	4
2460.608	35.89	1.69	60.73	5.59	7.56	42.28	69.6	2	15.1	4
2460.712	33.74	1.84	62.02	5.66	7.54	42.70	68.9	2	18.1	4
2460.857	34.29	1.81	61.94	5.60	7.88	44.13	71.2	2	17.6	4
2460.917	33.83	1.86	62.89	5.72	7.72	44.10	70.1	2	18.1	4
2461.021	33.91	1.89	63.97	5.72	7.92	45.35	70.9	2	16.6	4
2461.166	35.75	1.73	61.75	5.72	7.57	43.34	70.2	2	17.1	4
2461.226	34.85	1.81	62.96	5.86	7.79	45.64	72.5	2	18.1	4
2461.330	33.83	1.89	64.01	5.72	7.88	45.09	70.5	2	16.6	4
2461.475	35.09	1.81	63.38	5.84	7.74	45.21	71.3	2	16.6	4
2461.535	34.52	1.81	62.58	5.86	7.37	43.16	69.0	2	18.1	4
2461.639	33.17	1.91	63.25	5.89	7.76	45.77	72.4	2	17.6	4
2461.784	35.23	1.82	64.22	5.76	7.78	44.83	69.8	2	16.1	4
2461.844	34.12	1.85	63.21	5.70	7.77	44.34	70.1	2	18.1	4
2461.948	34.21	1.88	64.18	5.92	7.53	44.60	69.5	2	16.1	4
2462.093	33.84	1.86	63.08	5.78	7.86	45.44	72.0	2	18.1	4
2462.153	33.80	1.87	63.24	5.97	7.45	44.48	70.3	2	18.6	4
2462.257	34.45	1.82	62.64	5.85	7.63	44.61	71.2	2	17.1	4
2462.402	34.53	1.92	66.19	5.85	8.17	47.83	72.3	2	16.6	4
2462.462	34.65	1.91	66.19	5.92	8.10	47.98	72.5	2	18.1	4
2462.566	34.71	1.87	64.77	6.09	7.58	46.22	71.4	2	17.6	4
2462.711	33.52	1.92	64.32	6.11	7.27	44.45	69.1	2	17.1	4
2462.771	34.66	1.83	63.55	6.11	7.01	42.79	67.3	2	16.1	4
2462.875	35.42	1.80	63.83	5.91	7.42	43.89	68.8	2	18.1	4
2463.020	35.09	1.79	62.66	5.98	7.31	43.69	69.7	2	18.1	4
2463.080	33.82	1.87	63.40	5.87	7.79	45.76	72.2	2	17.1	4
2463.184	33.04	1.91	63.21	5.89	7.30	43.03	68.1	2	18.1	4
2463.329	34.62	1.86	64.50	6.00	7.34	44.00	68.2	2	16.6	4
2463.389	35.46	1.76	62.47	5.73	7.50	42.98	68.8	2	15.6	4
2463.493	34.70	1.81	62.74	5.83	7.48	43.65	69.6	2	18.6	4
2463.638	34.55	1.85	63.97	5.76	7.80	44.94	70.3	2	17.1	4
2463.698	34.28	1.92	65.89	5.91	7.91	46.71	70.9	2	19.1	4
2463.802	34.05	1.90	64.58	5.87	7.90	46.37	71.8	2	17.1	4
2463.947	34.34	1.92	65.89	6.01	7.54	45.32	68.8	2	16.6	4
2464.007	34.76	1.88	65.30	5.90	7.74	45.67	69.9	2	17.1	4
2464.111	34.31	1.88	64.57	5.94	7.87	46.75	72.4	2	17.6	4
2464.256	33.90	1.87	63.47	5.92	7.62	45.14	71.1	2	17.6	4
2464.316	32.50	1.94	62.96	5.80	7.84	45.47	72.2	2	18.6	4
2464.420	33.84	1.93	65.33	5.89	7.82	46.10	70.6	2	16.1	4
2464.565	34.35	1.88	64.42	5.88	7.87	46.29	71.9	2	17.1	4
2464.625	34.17	1.90	65.06	6.08	7.58	46.11	70.9	2	19.6	4
2464.729	34.27	1.78	61.02	5.87	7.45	43.74	71.7	2	17.1	4
2464.874	34.86	1.84	64.10	6.04	7.47	45.14	70.4	2	18.1	4
2464.934	33.69	1.92	64.57	5.88	7.92	46.62	72.2	2	17.1	4
2465.038	32.86	1.90	62.45	5.89	7.34	43.28	69.3	2	18.1	4
2465.183	32.71	1.93	63.27	5.93	7.26	43.05	68.0	2	19.1	4
2465.243	32.84	1.93	63.29	5.84	7.78	45.42	71.8	2	17.6	4
2465.347	32.62	1.95	63.73	5.90	7.67	45.29	71.1	2	17.6	4
2465.492	34.70	1.86	64.38	5.78	7.75	44.77	69.5	2	15.6	4
2465.552	34.49	1.80	62.20	5.79	7.48	43.27	69.6	2	17.6	4
2465.656	33.71	1.89	63.87	5.99	7.45	44.63	69.9	2	18.6	4
2465.801	34.33	1.92	65.75	5.99	7.56	45.26	68.8	2	16.1	4
2465.861	35.22	1.82	64.26	5.93	7.68	45.54	70.9	2	17.1	4
2465.965	34.28	1.87	64.24	5.86	7.68	45.02	70.1	2	16.1	4
2466.110	33.98	1.87	63.63	5.90	7.60	44.81	70.4	2	16.6	4
2466.170	34.29	1.84	63.05	5.88	7.72	45.33	71.9	2	17.6	4
2466.274	33.24	1.92	63.79	5.80	7.97	46.23	72.5	2	17.1	4
2466.419	34.22	1.86	63.79	5.82	7.47	43.51	68.2	2	18.1	4
2466.479	34.42	1.88	64.78	5.87	7.66	44.98	69.4	2	17.6	4
2466.583	35.06	1.83	64.32	5.98	7.67	45.90	71.4	2	17.1	4
2466.728	33.87	1.88	63.67	5.97	7.52	44.95	70.6	2	17.6	4
2466.788	34.18	1.85	63.16	5.93	7.69	45.56	72.1	2	17.6	4
2466.892	34.90	1.80	62.72	5.89	7.61	44.78	71.4	2	16.6	4
2467.037	33.79	1.90	64.12	5.81	7.75	45.03	70.2	2	16.1	4
2467.097	34.09	1.88	64.15	5.88	7.45	43.81	68.3	2	17.6	4
2467.201	33.35	1.90	63.21	5.89	7.56	44.52	70.4	2	18.1	4
2467.346	34.13	1.86	63.43	5.79	7.66	44.35	69.9	2	16.1	4
2467.406	35.08	1.75	61.56	5.81	7.39	42.93	69.7	2	16.1	4
2467.510	35.42	1.75	61.86	5.74	7.68	44.08	71.3	2	18.1	4
2467.655	34.73	1.79	62.15	5.77	7.62	43.93	70.7	2	16.6	4
2467.715	33.67	1.87	62.84	5.71	7.80	44.57	70.9	2	18.1	4
2467.819	34.94	1.82	63.48	5.88	7.57	44.56	70.2	2	17.6	4
2467.964	34.24	1.84	63.13	5.87	7.68	45.13	71.5	2	17.1	4
2468.024	33.17	1.92	63.54	5.80	7.67	44.47	70.0	2	17.6	4
2468.128	34.23	1.86	63.56	5.95	7.36	43.83	69.0	2	16.1	4
2468.273	34.13	1.83	62.42	5.93	7.55	44.73	71.7	2	17.6	4
2468.333	33.33	1.87	62.36	5.81	7.76	45.08	72.3	2	17.6	4
2468.437	32.92	1.91	62.97	5.84	7.71	45.05	71.5	2	17.6	4
2468.582	35.17	1.78	62.72	5.75	7.56	43.46	69.3	2	17.1	4
2468.642	34.16	1.89	64.45	5.91	7.62	45.06	69.9	2	18.1	4
2468.746	34.51	1.87	64.54	5.85	7.43	43.46	67.3	2	17.1	4
2468.891	34.18	1.86	63.48	5.86	7.86	46.07	72.6	2	17.6	4
2468.951	34.38	1.88	64.48	5.96	7.50	44.73	69.4	2	17.6	4
2469.055	34.27	1.87	64.16	5.79	7.89	45.70	71.2	2	17.6	4
2469.200	34.84	1.81	63.17	5.77	7.73	44.56	70.5	2	16.1	4
2469.260	34.73	1.81	63.01	5.78	7.62	44.08	70.0	2	18.1	4
2469.364	34.83	1.87	65.25	6.01	7.67	46.10	70.7	2	17.1	4
2469.509	34.05	1.91	64.87	5.77	7.96	45.91	70.8	2	16.1	4
2469.569	34.47	1.87	64.41	5.80	7.95	46.07	71.5	2	18.1	4
2469.673	34.16	1.90	65.07	6.01	7.36	44.24	68.0	2	16.6	4
2469.818	33.69	1.89	63.62	5.89	7.63	44.91	70.6	2	18.1	4
2469.878	34.17	1.90	65.07	5.93	7.53	44.61	68.5	2	17.1	4
2469.982	35.51	1.78	63.26	5.80	7.71	44.70	70.7	2	16.1	4
2470.127	34.56	1.87	64.78	5.77	8.00	46.16	71.3	2	16.1	4
2470.187	35.29	1.79	63.11	5.98	7.53	45.02	71.3	2	16.6	4
2470.291	34.10	1.91	65.08	5.97	7.41	44.26	68.0	2	16.6	4
2470.436	35.37	1.83	64.62	5.94	7.49	44.50	68.9	2	15.6	4
2470.496	35.96	1.70	61.03	5.75	7.38	42.43	69.5	2	15.6	4
2470.600	33.94	1.84	62.53	5.76	7.55	43.52	69.6	2	18.1	4
2470.745	35.24	1.81	63.87	5.78	7.64	44.20	69.2	2	16.1	4
2470.805	35.07	1.81	63.64	5.72	7.75	44.34	69.7	2	16.1	4
2470.909	35.11	1.84	64.64	5.82	7.83	45.56	70.5	2	17.1	4
2471.054	34.51	1.86	64.15	5.80	7.90	45.79	71.4	2	16.1	4
2471.114	34.30	1.82	62.58	5.89	7.46	43.94	70.2	2	18.1	4
2471.218	34.39	1.83	63.07	6.02	7.62	45.88	72.7	2	18.6	4
2471.363	34.99	1.77	61.80	5.93	7.42	43.95	71.1	2	17.1	4
2471.423	34.70	1.82	63.18	5.82	7.67	44.64	70.7	2	16.1	4
2471.527	33.23	1.85	61.42	5.69	7.70	43.83	71.4	2	18.1	4
2471.672	34.85	1.81	62.94	5.72	7.85	44.94	71.4	2	17.1	4
2471.732	33.47	1.88	62.97	5.72	7.69	44.01	69.9	2	17.1	4
2471.836	34.11	1.87	63.80	5.79	7.84	45.40	71.2	2	18.1	4
2471.981	35.17	1.75	61.67	5.69	7.56	43.02	69.8	2	16.1	4
2472.041	35.75	1.69	60.44	5.71	7.45	42.56	70.4	2	16.1	4
2472.145	34.77	1.83	63.71	5.72	7.84	44.91	70.5	2	17.6	4
2472.290	34.35	1.88	64.41	5.75	7.91	45.44	70.5	2	16.1	4
2472.350	35.27	1.79	63.09	5.80	7.66	44.42	70.4	2	16.1	4
2472.454	35.22	1.80	63.55	5.67	7.92	44.94	70.7	2	16.6	4
2472.599	31.81	1.93	61.54	5.65	7.55	42.68	69.4	2	17.1	4
2472.659	33.57	1.89	63.39	5.68	7.78	44.24	69.8	2	15.1	4
2472.763	34.74	1.78	61.89	5.64	7.76	43.77	70.7	2	16.6	4
2472.908	35.48	1.77	62.81	5.70	7.84	44.73	71.2	2	18.1	4
2472.968	32.89	1.86	61.11	5.64	7.87	44.38	72.6	2	18.1	4
2473.072	32.19	1.90	61.30	5.74	7.66	43.95	71.7	2	17.1	4
2473.217	35.31	1.76	62.06	5.60	7.70	43.15	69.5	2	16.1	4
2473.277	35.56	1.74	61.92	5.59	7.77	43.42	70.1	2	14.6	4
2473.381	34.63	1.83	63.29	5.73	7.73	44.31	70.0	2	18.1	4
2473.526	33.79	1.88	63.63	5.72	7.74	44.28	69.6	2	16.6	4
2473.586	34.05	1.89	64.25	5.73	7.90	45.29	70.5	2	16.6	4
2473.690	33.82	1.90	64.26	5.90	7.64	45.09	70.2	2	17.1	4
2473.835	33.99	1.90	64.48	5.95	7.70	45.81	71.1	2	17.1	4
2473.895	34.93	1.82	63.58	5.86	7.71	45.14	71.0	2	17.1	4
2473.999	34.81	1.86	64.75	5.80	7.84	45.49	70.3	2	15.6	4
2474.144	34.01	1.82	61.95	5.64	7.74	43.68	70.5	2	18.1	4
2474.204	33.29	1.89	62.95	5.68	7.93	45.04	71.6	2	18.1	4
2474.308	33.58	1.89	63.49	5.81	7.76	45.10	71.0	2	17.1	4
2474.453	33.44	1.91	63.81	5.74	7.78	44.67	70.0	2	17.6	4
2474.513	34.12	1.87	63.96	5.95	7.64	45.45	71.1	2	18.6	4
2474.617	33.60	1.92	64.46	5.82	7.88	45.84	71.1	2	17.1	4
2474.762	34.56	1.80	62.10	5.92	7.60	45.00	72.5	2	17.6	4
2474.822	34.77	1.86	64.58	6.00	7.37	44.24	68.5	2	16.6	4
2474.926	35.46	1.78	63.06	5.82	7.56	43.98	69.7	2	17.1	4
2475.071	33.18	1.92	63.59	5.75	7.87	45.25	71.2	2	16.6	4
2475.131	34.33	1.87	64.22	5.84	7.76	45.32	70.6	2	16.6	4
2475.235	33.87	1.88	63.74	5.92	7.82	46.28	72.6	2	16.6	4
2475.380	35.39	1.76	62.28	5.81	7.53	43.76	70.3	2	17.1	4
2475.440	35.30	1.80	63.71	5.87	7.77	45.63	71.6	2	17.1	4
2475.544	34.05	1.88	63.90	5.87	7.86	46.15	72.2	2	17.6	4
2475.689	34.43	1.90	65.50	5.90	7.89	46.54	71.0	2	17.1	4
2475.749	34.49	1.89	65.14	6.01	7.57	45.48	69.8	2	18.1	4
2475.853	34.69	1.86	64.58	5.83	7.84	45.72	70.8	2	16.1	4
2475.998	34.41	1.88	64.80	6.04	7.63	46.07	71.1	2	17.6	4
2476.058	33.58	1.91	64.22	5.99	7.46	44.65	69.5	2	17.6	4
2476.162	34.96	1.81	63.27	5.91	7.58	44.81	70.8	2	17.6	4
2476.307	34.01	1.91	64.95	5.80	7.92	45.95	70.8	2	18.6	4
2476.367	33.60	1.92	64.58	5.96	7.67	45.68	70.7	2	18.6	4
2476.471	34.87	1.82	63.38	5.95	7.46	44.43	70.1	2	18.1	4
2476.616	33.99	1.88	64.02	6.03	7.44	44.86	70.1	2	18.1	4
2476.676	34.00	1.88	64.03	5.82	7.81	45.43	70.9	2	15.6	4
2476.780	35.45	1.73	61.21	5.76	7.58	43.70	71.4	2	16.1	4
2476.925	34.53	1.87	64.42	5.90	7.52	44.39	68.9	2	19.1	4
2476.985	33.36	1.90	63.54	5.81	7.79	45.26	71.2	2	17.1	4
2477.089	33.68	1.88	63.19	5.79	7.78	45.04	71.3	2	18.1	4
2477.234	34.05	1.90	64.67	6.04	7.37	44.52	68.8	2	17.1	4
2477.294	34.26	1.91	65.36	5.97	7.46	44.55	68.2	2	16.1	4
2477.398	35.38	1.80	63.75	5.80	7.76	44.95	70.5	2	17.6	4
2477.543	34.71	1.85	64.12	5.67	7.89	44.73	69.8	2	16.1	4
2477.603	34.71	1.82	63.18	5.80	7.51	43.59	69.0	2	18.1	4
2477.707	34.06	1.87	63.80	5.77	7.85	45.27	71.0	2	16.1	4
2477.852	33.64	1.89	63.45	5.84	7.67	44.77	70.6	2	17.1	4
2477.912	34.37	1.89	64.96	5.74	8.05	46.22	71.1	2	15.1	4
2478.016	35.30	1.81	63.97	5.95	7.39	43.95	68.7	2	18.1	4
2478.161	35.24	1.79	63.26	5.89	7.70	45.32	71.6	2	17.6	4
2478.221	35.16	1.85	65.03	5.99	7.46	44.70	68.7	2	17.6	4
2478.325	35.69	1.77	63.00	5.84	7.50	43.74	69.4	2	16.6	4
2478.470	33.85	1.90	64.19	5.93	7.67	45.52	70.9	2	17.6	4
2478.530	34.09	1.89	64.28	6.05	7.36	44.55	69.3	2	16.6	4
2478.634	34.91	1.84	64.21	5.96	7.52	44.80	69.8	2	18.1	4
2478.779	34.45	1.84	63.52	6.05	7.31	44.20	69.6	2	18.6	4
2478.839	33.83	1.87	63.40	5.83	7.71	44.96	70.9	2	16.1	4
2478.943	33.20	1.89	62.69	5.87	7.46	43.83	69.9	2	17.1	4
2479.088	34.57	1.85	64.00	5.90	7.72	45.56	71.2	2	17.6	4
2479.148	34.80	1.84	63.93	6.03	7.63	45.98	71.9	2	18.6	4
2479.252	32.30	1.94	62.60	5.87	7.61	44.68	71.4	2	17.6	4
2479.397	34.73	1.83	63.53	5.76	7.68	44.28	69.7	2	16.1	4
2479.457	35.15	1.75	61.65	5.88	7.40	43.55	70.6	2	17.6	4
2479.561	34.03	1.86	63.45	5.97	7.47	44.54	70.2	2	18.6	4
2479.706	33.97	1.90	64.56	5.94	7.57	44.91	69.6	2	15.6	4
2479.766	34.89	1.79	62.46	5.88	7.46	43.86	70.2	2	17.6	4
2479.870	32.57	1.90	61.99	5.76	7.65	44.08	71.1	2	17.1	4
2480.015	34.48	1.85	63.90	5.85	7.39	43.24	67.7	2	18.1	4
2480.075	33.89	1.91	64.65	5.81	7.80	45.31	70.1	2	18.1	4
2480.179	33.74	1.89	63.75	5.93	7.69	45.57	71.5	2	17.1	4
2480.324	33.46	1.92	64.17	5.85	7.87	46.03	71.7	2	16.6	4
2480.384	34.69	1.82	63.16	6.01	7.50	45.07	71.4	2	17.1	4
2480.488	34.15	1.89	64.39	5.92	7.90	46.74	72.6	2	16.6	4
2480.633	34.54	1.88	65.00	5.89	7.71	45.40	69.8	2	15.6	4
2480.693	35.46	1.75	62.17	5.85	7.37	43.07	69.3	2	15.6	4
2480.797	34.01	1.80	61.07	5.69	7.63	43.38	71.0	2	18.6	4
2480.942	33.23	1.87	62.09	5.86	7.63	44.73	72.0	2	17.1	4
2481.002	34.58	1.79	61.97	5.76	7.67	44.20	71.3	2	16.1	4
2481.106	34.52	1.85	63.77	5.87	7.78	45.69	71.6	2	19.1	4
2481.251	34.00	1.88	63.77	5.76	7.74	44.60	69.9	2	16.1	4
2481.311	34.98	1.81	63.32	5.78	7.56	43.71	69.0	2	16.1	4
2481.415	33.83	1.89	63.95	5.73	7.82	44.77	70.0	2	18.1	4
2481.560	34.82	1.85	64.53	5.91	7.65	45.25	70.1	2	17.6	4
2481.620	33.70	1.89	63.73	5.87	7.43	43.57	68.4	2	16.6	4
2481.724	35.54	1.73	61.53	5.89	7.39	43.53	70.7	2	16.1	4
2481.869	34.44	1.87	64.43	5.91	7.94	46.98	72.9	2	16.6	4
2481.929	33.81	1.87	63.26	5.93	7.54	44.70	70.7	2	17.6	4
2482.033	35.12	1.82	63.90	5.97	7.20	43.02	67.3	2	15.6	4
2482.178	33.96	1.86	63.09	5.73	7.73	44.28	70.2	2	18.1	4
2482.238	34.31	1.87	64.18	5.92	7.52	44.52	69.4	2	16.1	4
2482.342	35.31	1.82	64.10	6.02	7.43	44.73	69.8	2	18.6	4
2482.487	34.81	1.82	63.27	5.99	7.55	45.22	71.5	2	16.6	4
2482.547	34.84	1.86	64.88	6.07	7.38	44.82	69.1	2	18.1	4
2482.651	33.60	1.89	63.67	6.00	7.00	42.01	66.0	2	17.1	4
2482.796	35.10	1.83	64.20	5.96	7.44	44.34	69.1	2	18.1	4
2482.856	34.10	1.88	64.25	5.86	7.50	43.96	68.4	2	16.1	4
2482.960	33.76	1.85	62.60	5.76	7.43	42.82	68.4	2	18.6	4
2483.105	34.25	1.81	61.92	5.75	7.62	43.75	70.7	2	16.1	4
2483.165	34.25	1.82	62.24	5.67	7.80	44.22	71.0	2	18.1	4
2483.269	33.77	1.90	64.24	5.83	7.90	46.06	71.7	2	18.1	4
2483.414	33.11	1.89	62.73	5.88	7.37	43.38	69.2	2	17.6	4
2483.474	33.65	1.94	65.12	5.80	7.78	45.11	69.3	2	15.6	4
2483.578	35.53	1.75	62.21	5.86	7.57	44.39	71.4	2	16.6	4
2483.723	34.27	1.91	65.40	5.92	7.19	42.61	65.2	2	15.6	4
2483.783	34.88	1.86	64.83	5.84	7.27	42.44	65.5	2	17.1	4
2483.887	34.21	1.91	65.19	5.77	7.89	45.51	69.8	2	16.1	4
2484.032	35.24	1.82	64.15	5.85	7.53	44.05	68.7	2	17.6	4
2484.092	33.28	1.91	63.54	5.79	7.35	42.55	67.0	2	17.6	4
2484.196	34.95	1.83	63.80	5.69	7.77	44.20	69.3	2	16.1	4
2484.341	33.99	1.89	64.10	5.71	7.85	44.78	69.9	2	15.1	4
2484.401	35.07	1.73	60.74	5.75	7.40	42.56	70.1	2	17.1	4
2484.505	34.65	1.83	63.38	6.03	7.50	45.19	71.3	2	18.1	4
2484.650	35.03	1.73	60.56	5.85	7.37	43.08	71.1	2	16.6	4
2484.710	34.58	1.84	63.70	5.83	7.86	45.79	71.9	2	16.6	4
2484.814	33.70	1.91	64.35	5.92	7.33	43.38	67.4	2	16.6	4
2484.959	34.43	1.82	62.70	5.79	7.76	44.99	71.8	2	17.6	4
2485.019	34.51	1.86	64.06	6.04	7.35	44.40	69.3	2	18.1	4
2485.123	33.66	1.92	64.77	5.81	8.04	46.72	72.1	2	15.6	4
2485.268	33.61	1.89	63.61	5.90	7.31	43.15	67.8	2	17.1	4
2485.328	34.68	1.83	63.57	5.72	7.73	44.19	69.5	2	16.1	4
2485.432	35.40	1.81	64.16	5.82	7.49	43.59	67.9	2	15.1	4
2485.577	34.16	1.83	62.61	5.80	7.38	42.82	68.4	2	17.6	4
2485.637	33.42	1.91	63.67	5.82	7.74	45.10	70.8	2	18.1	4
2485.741	34.71	1.87	64.93	5.82	7.78	45.26	69.7	2	16.1	4
2485.886	34.36	1.85	63.54	5.84	7.89	46.03	72.5	2	16.6	4
2485.946	34.66	1.86	64.56	6.10	7.54	45.97	71.2	2	18.6	4
2486.050	33.25	1.92	63.74	5.88	7.55	44.36	69.6	2	17.1	4
2486.195	35.48	1.78	63.00	5.94	7.40	43.90	69.7	2	18.1	4
2486.255	33.93	1.88	63.84	5.84	7.64	44.63	69.9	2	17.1	4
2486.359	34.62	1.84	63.75	5.87	7.55	44.32	69.5	2	18.6	4
2486.504	34.98	1.79	62.62	5.78	7.52	43.47	69.4	2	17.1	4
2486.564	34.59	1.86	64.26	5.87	7.45	43.74	68.1	2	18.6	4
2486.668	34.42	1.84	63.30	5.79	7.74	44.77	70.7	2	16.6	4
2486.813	34.29	1.85	63.52	5.88	7.72	45.38	71.4	2	17.6	4
2486.873	33.27	1.90	63.31	5.92	7.36	43.56	68.8	2	17.6	4
2486.977	35.10	1.79	62.87	5.81	7.51	43.59	69.3	2	16.6	4
2487.122	34.16	1.88	64.28	5.85	7.82	45.70	71.1	2	17.6	4
2487.182	33.71	1.89	63.83	5.91	7.49	44.28	69.4	2	17.1	4
2487.286	35.30	1.78	62.84	5.81	7.63	44.32	70.5	2	16.1	4
2487.431	34.26	1.88	64.52	5.84	7.99	46.68	72.3	2	17.6	4
2487.491	33.87	1.88	63.56	5.99	7.58	45.43	71.5	2	18.6	4
2487.595	34.24	1.89	64.57	5.97	7.40	44.20	68.5	2	16.6	4
2487.740	34.63	1.84	63.85	5.93	7.54	44.70	70.0	2	18.1	4
2487.800	34.42	1.87	64.37	5.87	7.88	46.28	71.9	2	17.1	4
2487.904	33.86	1.87	63.39	6.07	7.28	44.20	69.7	2	17.6	4
2488.049	33.47	1.89	63.25	5.89	7.45	43.83	69.3	2	18.1	4
2488.109	33.57	1.91	64.01	6.00	7.74	46.43	72.5	2	17.1	4
2488.213	34.82	1.84	64.02	5.76	7.81	44.96	70.2	2	15.6	4
2488.358	33.04	1.89	62.54	5.81	7.58	44.01	70.4	2	18.1	4
2488.418	34.27	1.85	63.43	5.91	7.61	44.96	70.9	2	17.1	4
2488.522	35.50	1.75	62.22	5.91	7.39	43.70	70.2	2	16.1	4
2488.667	34.74	1.87	65.08	5.82	7.81	45.45	69.8	2	17.1	4
2488.727	34.44	1.89	64.95	6.01	7.53	45.31	69.8	2	18.1	4
2488.831	35.08	1.79	62.83	5.93	7.54	44.69	71.1	2	17.6	4
2488.976	34.56	1.88	65.09	5.96	7.55	44.99	69.1	2	16.6	4
2489.036	35.28	1.78	62.82	5.76	7.65	44.10	70.2	2	16.6	4
2489.140	34.95	1.85	64.73	5.77	7.79	44.91	69.4	2	16.6	4
2489.285	34.62	1.83	63.39	5.88	7.73	45.46	71.7	2	17.1	4
2489.345	34.96	1.86	65.09	6.00	7.42	44.50	68.4	2	17.1	4
2489.449	35.74	1.76	63.02	5.76	7.57	43.63	69.2	2	16.6	4
2489.594	34.23	1.87	63.91	5.92	7.50	44.39	69.5	2	17.1	4
2489.654	34.71	1.87	64.78	5.84	7.88	46.08	71.1	2	16.1	4
2489.758	34.95	1.85	64.61	5.89	7.85	46.20	71.5	2	16.1	4
2489.903	34.27	1.89	64.68	5.93	7.81	46.32	71.6	2	17.1	4
2489.963	34.45	1.86	64.24	6.10	7.44	45.38	70.6	2	19.1	4
2490.067	34.56	1.82	62.94	5.89	7.57	44.59	70.8	2	17.1	4
2490.212	34.94	1.78	62.31	5.91	7.58	44.80	71.9	2	16.6	4
2490.272	33.70	1.86	62.74	5.89	7.46	43.96	70.1	2	18.6	4
2490.376	33.59	1.85	62.13	5.84	7.50	43.78	70.5	2	17.6	4
2490.521	34.78	1.81	62.98	5.95	7.38	43.85	69.6	2	16.6	4
2490.581	35.58	1.72	61.17	5.86	7.39	43.31	70.8	2	16.6	4
2490.685	34.58	1.81	62.62	5.93	7.52	44.58	71.2	2	17.1	4
2490.830	34.85	1.88	65.38	5.80	7.85	45.47	69.6	2	15.6	4
2490.890	35.22	1.77	62.47	5.88	7.58	44.62	71.4	2	17.6	4
2490.994	35.31	1.77	62.52	5.97	7.39	44.10	70.5	2	17.6	4
2491.139	34.02	1.87	63.78	6.03	7.32	44.16	69.2	2	18.1	4
2491.199	34.02	1.88	63.81	5.79	7.70	44.57	69.8	2	15.6	4
2491.303	35.42	1.79	63.42	5.74	7.69	44.17	69.6	2	15.6	4
2491.448	34.28	1.85	63.36	5.78	7.94	45.90	72.4	2	16.6	4
2491.508	35.25	1.74	61.40	5.95	7.52	44.70	72.8	2	17.6	4
2491.612	32.21	1.91	61.58	5.72	7.85	44.87	72.9	2	18.6	4
2491.757	34.57	1.86	64.22	5.84	7.75	45.23	70.4	2	16.6	4
2491.817	34.62	1.85	64.20	5.76	7.88	45.40	70.7	2	18.1	4
2491.921	34.76	1.84	64.10	5.78	7.74	44.70	69.7	2	16.1	4
2492.066	34.07	1.87	63.56	5.85	7.93	46.38	73.0	2	17.6	4
2492.126	33.71	1.91	64.22	5.93	7.59	45.02	70.1	2	18.1	4
2492.230	34.96	1.79	62.65	5.86	7.55	44.25	70.6	2	17.6	4
2492.375	33.38	1.90	63.39	5.87	7.48	43.88	69.2	2	18.1	4
2492.435	33.57	1.89	63.49	5.94	7.69	45.64	71.9	2	17.1	4
2492.539	34.87	1.77	61.69	5.82	7.49	43.56	70.6	2	16.6	4
2492.684	33.90	1.88	63.75	5.92	7.46	44.18	69.3	2	16.6	4
2492.744	34.99	1.77	62.05	5.82	7.49	43.59	70.3	2	16.6	4
2492.848	33.46	1.87	62.73	5.90	7.58	44.76	71.3	2	17.6	4
2492.993	34.38	1.85	63.73	5.73	7.68	44.03	69.1	2	15.6	4
2493.053	35.39	1.75	61.79	5.80	7.43	43.05	69.7	2	16.1	4
2493.157	35.02	1.77	61.92	5.69	7.48	42.57	68.7	2	18.1	4
2493.302	34.53	1.84	63.42	5.78	7.77	44.94	70.9	2	16.6	4
2493.362	34.29	1.85	63.59	5.75	7.78	44.75	70.4	2	16.6	4
2493.466	34.73	1.88	65.15	5.83	7.92	46.16	70.9	2	16.1	4
2493.611	33.60	1.92	64.55	5.90	7.72	45.50	70.5	2	17.1	4
2493.671	34.49	1.86	64.22	5.91	7.85	46.37	72.2	2	17.1	4
2493.775	33.53	1.92	64.31	5.87	7.90	46.38	72.1	2	17.6	4
2493.920	34.05	1.88	64.01	5.88	7.74	45.48	71.1	2	16.6	4
2493.980	34.45	1.84	63.23	5.99	7.54	45.17	71.4	2	18.1	4
2494.084	33.73	1.87	63.19	5.87	7.67	45.01	71.2	2	17.6	4
2494.229	34.56	1.83	63.17	5.83	7.60	44.35	70.2	2	17.1	4
2494.289	35.07	1.81	63.45	5.94	7.52	44.67	70.4	2	18.1	4
2494.393	33.69	1.90	63.92	5.98	7.72	46.18	72.2	2	18.6	4
2494.538	35.45	1.77	62.64	5.68	7.71	43.78	69.9	2	14.6	4
2494.598	36.01	1.64	58.95	5.70	7.25	41.33	70.1	2	15.1	4
2494.702	34.47	1.77	60.93	5.59	7.49	41.89	68.8	2	17.1	4
2494.847	31.87	1.93	61.38	5.60	7.67	42.97	70.0	2	17.6	4
