2104.758	23.38	2.46	57.47	2.44	4.12	10.06	17.5	1	45.6	3
2104.818	14.50	3.58	51.96	2.61	4.26	11.14	21.4	1	55.0	3
2104.922	8.42	4.40	37.06	2.86	4.61	13.18	35.6	1	40.0	3
2105.067	12.24	3.84	47.01	3.87	6.65	25.75	54.8	1	25.0	3
2105.127	13.91	3.25	45.28	3.84	6.71	25.80	57.0	1	20.0	3
2105.231	28.90	1.76	50.82	3.66	6.50	23.80	46.8	1	10.0	3
2105.376	35.41	1.09	38.43	3.40	6.14	20.88	54.3	1	12.5	3
2105.436	35.73	1.30	46.51	3.91	7.01	27.36	58.8	1	14.0	3
2105.540	30.25	1.73	52.38	4.22	7.69	32.48	62.0	1	18.0	3
2105.685	27.01	1.93	52.18	4.28	7.85	33.62	64.4	1	18.0	3
2105.745	26.64	1.96	52.19	4.28	7.87	33.66	64.5	1	18.0	3
2105.849	26.24	1.98	52.08	4.28	7.86	33.61	64.5	1	18.0	3
2105.994	26.69	2.00	53.25	4.28	7.96	34.09	64.0	1	17.7	3
2106.054	26.87	1.98	53.32	4.29	7.98	34.26	64.3	1	17.6	3
2106.158	27.21	1.98	53.83	4.32	8.10	34.97	65.0	1	17.3	3
2106.303	28.01	1.98	55.46	4.35	8.23	35.83	64.6	1	17.0	3
2106.363	28.42	1.98	56.30	4.39	8.29	36.36	64.6	1	17.0	3
2106.467	29.20	1.97	57.51	4.45	8.41	37.41	65.1	1	16.7	3
2106.612	30.62	1.97	60.46	4.52	8.56	38.67	64.0	1	16.4	3
2106.672	31.05	1.98	61.37	4.58	8.63	39.47	64.3	1	16.2	3
2106.776	31.76	1.97	62.71	4.62	8.70	40.19	64.1	1	16.1	3
2106.921	32.73	1.95	63.84	4.65	8.85	41.15	64.5	1	15.8	3
2106.981	33.04	1.95	64.58	4.65	8.87	41.26	63.9	1	15.6	3
2107.085	33.43	1.93	64.69	4.69	8.87	41.59	64.3	1	15.5	3
2107.230	33.59	1.93	64.75	4.67	8.93	41.72	64.4	1	15.6	3
2107.290	33.38	1.93	64.51	4.67	8.93	41.67	64.6	1	15.8	3
2107.394	33.24	1.93	64.22	4.63	8.90	41.26	64.2	1	15.6	3
2107.539	33.29	1.94	64.48	4.62	8.97	41.41	64.2	1	15.5	3
2107.599	33.32	1.94	64.78	4.59	9.01	41.39	63.9	1	15.5	3
2107.703	33.38	1.94	64.64	4.55	9.06	41.22	63.8	1	15.3	3
2107.848	33.61	1.93	64.73	4.52	9.09	41.06	63.4	1	15.3	3
2107.908	33.57	1.93	64.83	4.53	9.05	41.00	63.2	1	15.3	3
2108.012	33.61	1.94	65.15	4.56	9.05	41.28	63.4	1	15.3	3
2108.157	33.71	1.92	64.63	4.59	9.02	41.36	64.0	1	15.3	3
2108.217	33.79	1.91	64.47	4.57	9.02	41.25	64.0	1	15.2	3
2108.321	34.16	1.89	64.69	4.58	9.00	41.21	63.7	1	15.0	3
2108.466	34.14	1.90	64.71	4.57	9.01	41.21	63.7	1	15.2	3
2108.526	34.13	1.89	64.66	4.60	9.01	41.47	64.1	1	15.2	3
2108.630	34.11	1.90	64.81	4.58	8.99	41.20	63.6	1	15.2	3
2108.775	34.00	1.90	64.66	4.62	9.00	41.59	64.3	1	15.0	3
2108.835	34.20	1.90	64.88	4.61	8.99	41.51	64.0	1	14.9	3
2108.939	34.34	1.87	64.39	4.60	8.96	41.19	64.0	1	15.0	3
2109.084	34.46	1.86	63.92	4.58	8.95	40.94	64.1	1	14.9	3
2109.144	34.41	1.85	63.70	4.58	8.95	41.01	64.4	1	14.9	3
2109.248	34.51	1.85	63.99	4.55	8.95	40.71	63.6	1	14.9	3
2109.393	34.61	1.85	63.89	4.59	8.96	41.08	64.3	1	14.9	3
2109.453	34.59	1.85	63.94	4.58	8.96	41.03	64.2	1	14.9	3
2109.557	34.65	1.84	63.88	4.58	8.91	40.80	63.9	1	14.7	3
2109.702	34.68	1.82	63.09	4.57	8.90	40.67	64.5	1	14.7	3
2109.762	34.77	1.81	63.10	4.56	8.88	40.50	64.2	1	14.7	3
2109.866	34.80	1.81	63.12	4.56	8.85	40.37	64.0	1	14.7	3
2110.011	34.78	1.82	63.41	4.55	8.92	40.64	64.1	1	15.0	3
2110.071	34.65	1.84	63.84	4.58	8.91	40.80	63.9	1	15.0	3
2110.175	34.23	1.88	64.40	4.63	8.95	41.42	64.3	1	15.3	3
2110.320	33.74	1.93	64.99	4.64	8.98	41.63	64.1	1	15.5	3
2110.380	33.42	1.93	64.54	4.66	8.99	41.89	64.9	1	15.5	3
2110.484	33.43	1.93	64.68	4.65	9.00	41.85	64.7	1	15.5	3
2110.629	33.28	1.93	64.39	4.65	9.00	41.88	65.0	1	15.5	3
2110.689	33.18	1.94	64.22	4.63	8.98	41.58	64.8	1	15.5	3
2110.793	32.99	1.94	64.10	4.60	8.98	41.35	64.5	1	15.6	3
2110.938	32.94	1.95	64.35	4.62	8.98	41.51	64.5	1	15.8	3
2110.998	32.79	1.97	64.55	4.61	8.96	41.29	64.0	1	15.6	3
2111.102	33.16	1.95	64.59	4.64	8.96	41.61	64.4	1	15.5	3
2111.247	33.72	1.92	64.79	4.66	8.97	41.76	64.5	1	15.3	3
2111.307	33.64	1.93	64.77	4.64	8.98	41.67	64.3	1	15.5	3
2111.411	33.62	1.92	64.67	4.65	8.98	41.74	64.5	1	15.5	3
2111.556	33.45	1.94	64.83	4.67	8.97	41.85	64.5	1	15.6	3
2111.616	33.36	1.94	64.82	4.66	8.94	41.67	64.3	1	15.6	3
2111.720	33.31	1.93	64.33	4.67	8.94	41.74	64.9	1	15.5	3
2111.865	33.67	1.94	65.16	4.67	8.96	41.80	64.1	1	15.3	3
2111.925	33.87	1.92	65.17	4.66	8.96	41.70	64.0	1	15.2	3
2112.029	33.96	1.90	64.60	4.66	8.96	41.74	64.6	1	15.3	3
2112.174	33.99	1.90	64.49	4.67	8.98	41.96	65.1	1	15.3	3
2112.234	33.94	1.90	64.63	4.66	8.97	41.79	64.7	1	15.3	3
2112.338	33.89	1.91	64.81	4.70	8.97	42.18	65.1	1	15.5	3
2112.483	33.50	1.94	65.03	4.70	8.98	42.20	64.9	1	15.6	3
2112.543	33.38	1.95	65.07	4.68	8.97	42.01	64.6	1	15.6	3
2112.647	33.27	1.96	65.17	4.65	8.94	41.52	63.7	1	15.8	3
2112.792	33.13	1.95	64.67	4.67	8.92	41.64	64.4	1	15.8	3
2112.852	32.89	1.95	64.18	4.68	8.90	41.69	65.0	1	15.8	3
2112.956	33.04	1.95	64.30	4.69	8.90	41.79	65.0	1	15.6	3
2113.101	33.33	1.95	65.00	4.69	8.93	41.84	64.4	1	15.5	3
2113.161	33.53	1.94	64.97	4.68	8.91	41.71	64.2	1	15.5	3
2113.265	33.51	1.93	64.68	4.70	8.91	41.86	64.7	1	15.6	3
2113.410	33.41	1.93	64.36	4.71	8.90	41.95	65.2	1	15.5	3
2113.470	33.44	1.93	64.60	4.70	8.91	41.87	64.8	1	15.5	3
2113.574	33.77	1.91	64.59	4.67	8.92	41.62	64.4	1	15.3	3
2113.719	33.96	1.91	64.80	4.69	8.92	41.83	64.6	1	15.3	3
2113.779	34.07	1.90	64.77	4.69	8.92	41.84	64.6	1	15.3	3
2113.883	34.02	1.90	64.77	4.67	8.94	41.74	64.4	1	15.3	3
2114.028	34.03	1.91	64.97	4.69	8.94	41.91	64.5	1	15.3	3
2114.088	34.05	1.90	64.80	4.68	8.96	41.94	64.7	1	15.3	3
2114.192	33.87	1.91	64.71	4.69	8.94	41.95	64.8	1	15.5	3
2114.337	33.73	1.93	65.00	4.68	8.95	41.90	64.5	1	15.5	3
2114.397	33.59	1.93	64.89	4.69	8.95	41.99	64.7	1	15.6	3
2114.501	33.51	1.92	64.49	4.68	8.96	41.89	65.0	1	15.3	3
2114.646	33.92	1.90	64.42	4.72	8.95	42.27	65.6	1	15.3	3
2114.706	33.98	1.90	64.53	4.70	8.96	42.07	65.2	1	15.3	3
2114.810	34.01	1.91	64.82	4.68	8.96	41.98	64.8	1	15.3	3
2114.955	33.85	1.91	64.74	4.69	8.94	41.97	64.8	1	15.5	3
2115.015	33.71	1.92	64.60	4.70	8.95	42.05	65.1	1	15.5	3
2115.119	33.50	1.93	64.64	4.68	8.97	42.01	65.0	1	15.6	3
2115.264	33.43	1.94	64.85	4.68	8.94	41.79	64.4	1	15.6	3
2115.324	33.34	1.94	64.71	4.67	8.93	41.75	64.5	1	15.6	3
2115.428	33.64	1.93	64.83	4.70	8.92	41.94	64.7	1	15.3	3
2115.573	33.95	1.92	65.11	4.71	8.92	41.97	64.5	1	15.5	3
2115.633	33.79	1.92	64.90	4.71	8.92	41.97	64.7	1	15.6	3
2115.737	33.55	1.94	65.01	4.68	8.93	41.82	64.3	1	15.5	3
2115.882	33.94	1.93	65.44	4.70	8.94	42.02	64.2	1	15.3	3
2115.942	34.13	1.90	64.93	4.68	8.92	41.74	64.3	1	15.2	3
2116.046	34.06	1.90	64.63	4.67	8.94	41.71	64.5	1	15.2	3
2116.191	34.16	1.89	64.64	4.65	8.97	41.70	64.5	1	15.2	3
2116.251	34.20	1.89	64.51	4.66	8.95	41.73	64.7	1	15.3	3
2116.355	34.00	1.89	64.25	4.65	8.97	41.74	65.0	1	15.3	3
2116.500	33.82	1.92	64.82	4.63	9.03	41.76	64.4	1	15.3	3
2116.560	33.75	1.93	65.12	4.62	9.01	41.61	63.9	1	15.5	3
2116.664	33.55	1.94	65.00	4.64	9.00	41.77	64.3	1	15.5	3
2116.809	33.63	1.92	64.59	4.59	9.01	41.40	64.1	1	15.3	3
2116.869	33.66	1.93	64.86	4.58	9.05	41.40	63.8	1	15.2	3
2116.973	33.36	1.92	64.20	4.52	9.10	41.15	64.1	1	15.3	3
2117.118	32.71	1.95	63.70	4.44	9.13	40.58	63.7	1	15.3	3
2117.178	32.72	1.96	64.03	4.42	9.16	40.44	63.2	1	15.3	3
2117.282	32.60	1.96	63.74	4.37	9.19	40.17	63.0	1	15.3	3
2117.427	32.18	1.96	63.20	4.33	9.18	39.77	62.9	1	15.3	3
2117.487	32.21	1.97	63.39	4.33	9.19	39.82	62.8	1	15.3	3
2117.591	32.45	1.96	63.72	4.33	9.22	39.92	62.6	1	15.2	3
2117.736	33.27	1.94	64.69	4.36	9.27	40.47	62.6	1	14.9	3
2117.796	33.47	1.93	64.69	4.36	9.30	40.58	62.7	1	14.9	3
2117.900	33.77	1.91	64.54	4.35	9.29	40.39	62.6	1	14.7	3
2118.045	33.62	1.94	65.18	4.35	9.34	40.62	62.3	1	15.0	3
2118.105	33.23	1.95	64.84	4.32	9.33	40.33	62.2	1	15.2	3
2118.209	32.96	1.94	63.86	4.33	9.30	40.27	63.1	1	15.2	3
2118.354	32.74	1.96	64.28	4.33	9.30	40.26	62.6	1	15.3	3
2118.414	32.58	1.96	63.87	4.34	9.27	40.17	62.9	1	15.2	3
2118.518	33.08	1.95	64.37	4.36	9.25	40.36	62.7	1	15.0	3
2118.663	33.58	1.94	64.97	4.38	9.29	40.67	62.6	1	14.9	3
2118.723	33.75	1.93	65.02	4.38	9.32	40.80	62.7	1	14.7	3
2118.827	33.70	1.92	64.55	4.35	9.32	40.57	62.9	1	14.9	3
2118.972	33.21	1.95	64.70	4.34	9.32	40.51	62.6	1	15.2	3
2119.032	32.98	1.96	64.66	4.33	9.29	40.27	62.3	1	15.2	3
2119.136	32.93	1.95	64.34	4.31	9.30	40.15	62.4	1	15.0	3
2119.281	33.18	1.94	64.33	4.33	9.32	40.34	62.7	1	15.0	3
2119.341	33.20	1.94	64.53	4.33	9.32	40.33	62.5	1	14.9	3
2119.445	33.58	1.93	64.77	4.32	9.33	40.29	62.2	1	14.7	3
2119.590	33.92	1.92	65.08	4.34	9.35	40.59	62.4	1	14.7	3
2119.650	34.01	1.90	64.76	4.33	9.32	40.36	62.3	1	14.6	3
2119.754	34.02	1.90	64.60	4.32	9.34	40.35	62.5	1	14.6	3
2119.899	34.09	1.89	64.41	4.31	9.32	40.21	62.4	1	14.7	3
2119.959	33.92	1.90	64.41	4.30	9.32	40.09	62.2	1	14.7	3
2120.063	33.77	1.93	65.01	4.29	9.36	40.14	61.7	1	14.9	3
2120.208	33.38	1.93	64.45	4.30	9.35	40.19	62.3	1	14.9	3
2120.268	33.24	1.94	64.54	4.28	9.35	40.05	62.0	1	15.0	3
2120.372	33.04	1.95	64.27	4.26	9.36	39.89	62.1	1	14.9	3
2120.517	33.63	1.93	64.88	4.26	9.40	39.98	61.6	1	14.7	3
2120.577	33.80	1.93	65.15	4.26	9.39	40.05	61.5	1	14.7	3
2120.681	34.09	1.91	65.03	4.26	9.36	39.88	61.3	1	14.6	3
2120.826	33.90	1.92	65.19	4.29	9.37	40.21	61.7	1	14.7	3
2120.886	33.82	1.92	64.84	4.28	9.38	40.15	61.9	1	14.7	3
2120.990	33.76	1.92	64.74	4.28	9.39	40.23	62.1	1	14.7	3
2121.135	33.88	1.90	64.54	4.27	9.37	40.03	62.0	1	14.6	3
2121.195	33.88	1.90	64.44	4.29	9.36	40.12	62.3	1	14.7	3
2121.299	33.78	1.92	64.83	4.26	9.42	40.12	61.9	1	14.9	3
2121.444	33.31	1.95	64.83	4.25	9.46	40.21	62.0	1	14.9	3
2121.504	33.19	1.95	64.74	4.25	9.47	40.22	62.1	1	15.0	3
2121.608	32.93	1.95	64.28	4.21	9.41	39.63	61.7	1	14.9	3
2121.753	33.01	1.95	64.46	4.20	9.41	39.50	61.3	1	15.0	3
2121.813	32.63	1.96	63.92	4.20	9.40	39.42	61.7	1	15.2	3
2121.917	32.46	1.96	63.66	4.17	9.40	39.21	61.6	1	15.0	3
2122.062	32.46	1.96	63.56	4.19	9.43	39.51	62.2	1	15.0	3
2122.122	32.37	1.95	63.25	4.15	9.44	39.19	62.0	1	15.0	3
2122.226	32.27	1.96	63.34	4.12	9.44	38.87	61.4	1	15.0	3
2122.371	32.90	1.96	64.42	4.15	9.51	39.47	61.3	1	14.7	3
2122.431	33.21	1.94	64.45	4.17	9.52	39.73	61.6	1	14.6	3
2122.535	33.59	1.93	64.71	4.18	9.53	39.86	61.6	1	14.6	3
2122.680	33.87	1.91	64.57	4.18	9.51	39.72	61.5	1	14.4	3
2122.740	33.92	1.90	64.54	4.18	9.51	39.74	61.6	1	14.4	3
2122.844	33.98	1.90	64.54	4.17	9.53	39.71	61.5	1	14.6	3
2122.989	33.62	1.93	64.87	4.21	9.53	40.17	61.9	1	14.7	3
2123.049	33.46	1.94	64.87	4.23	9.49	40.12	61.9	1	14.9	3
2123.153	33.11	1.95	64.57	4.21	9.43	39.69	61.5	1	15.0	3
2123.298	33.22	1.95	64.63	4.23	9.44	39.88	61.7	1	14.9	3
2123.358	33.15	1.94	64.21	4.24	9.44	40.02	62.3	1	14.9	3
2123.462	32.87	1.95	64.02	4.23	9.38	39.68	62.0	1	14.9	3
2123.607	32.57	1.96	63.93	4.17	9.42	39.30	61.5	1	14.9	3
2123.667	32.61	1.96	63.96	4.16	9.45	39.34	61.5	1	14.7	3
2123.771	33.11	1.95	64.64	4.14	9.51	39.43	61.0	1	14.6	3
2123.916	33.76	1.92	64.69	4.14	9.55	39.58	61.2	1	14.4	3
2123.976	33.61	1.91	64.25	4.13	9.54	39.39	61.3	1	14.6	3
2124.080	33.57	1.92	64.47	4.15	9.53	39.56	61.4	1	14.6	3
2124.225	33.34	1.93	64.32	4.13	9.51	39.30	61.1	1	14.6	3
2124.285	33.50	1.94	64.91	4.14	9.54	39.54	60.9	1	14.6	3
2124.389	33.66	1.91	64.32	4.19	9.50	39.78	61.8	1	14.6	3
2124.534	34.08	1.90	64.68	4.20	9.46	39.73	61.4	1	14.4	3
2124.594	34.17	1.88	64.32	4.19	9.44	39.57	61.5	1	14.3	3
2124.698	34.30	1.88	64.65	4.20	9.41	39.52	61.1	1	14.4	3
2124.843	33.93	1.90	64.51	4.20	9.44	39.61	61.4	1	14.6	3
2124.903	33.85	1.90	64.44	4.20	9.46	39.75	61.7	1	14.6	3
2125.007	33.83	1.91	64.60	4.20	9.46	39.72	61.5	1	14.6	3
2125.152	33.79	1.92	64.94	4.21	9.46	39.80	61.3	1	14.7	3
2125.212	33.67	1.92	64.58	4.21	9.45	39.78	61.6	1	14.6	3
2125.316	33.68	1.91	64.41	4.20	9.46	39.73	61.7	1	14.7	3
2125.461	33.70	1.92	64.81	4.21	9.49	39.98	61.7	1	14.6	3
2125.521	33.94	1.91	64.89	4.21	9.46	39.83	61.4	1	14.4	3
2125.625	33.86	1.90	64.43	4.22	9.44	39.87	61.9	1	14.6	3
2125.770	33.74	1.92	64.67	4.23	9.44	39.90	61.7	1	14.6	3
2125.830	33.73	1.91	64.48	4.20	9.45	39.75	61.6	1	14.6	3
2125.934	33.83	1.91	64.63	4.19	9.43	39.53	61.2	1	14.6	3
2126.079	33.82	1.91	64.52	4.23	9.44	39.93	61.9	1	14.6	3
2126.139	33.75	1.90	64.15	4.22	9.42	39.75	62.0	1	14.6	3
2126.243	33.82	1.90	64.43	4.21	9.41	39.66	61.6	1	14.6	3
2126.388	33.67	1.92	64.52	4.23	9.44	39.96	61.9	1	14.7	3
2126.448	33.54	1.92	64.44	4.23	9.42	39.86	61.9	1	14.7	3
2126.552	33.57	1.92	64.51	4.23	9.41	39.77	61.7	1	14.7	3
2126.697	33.72	1.91	64.56	4.17	9.49	39.58	61.3	1	14.6	3
2126.757	33.69	1.91	64.30	4.18	9.48	39.65	61.7	1	14.6	3
2126.861	33.56	1.90	63.87	4.20	9.42	39.56	61.9	1	14.7	3
2127.006	33.33	1.92	64.12	4.20	9.42	39.56	61.7	1	14.9	3
2127.066	32.97	1.94	63.81	4.22	9.40	39.64	62.1	1	15.0	3
2127.170	32.96	1.94	63.95	4.24	9.38	39.80	62.2	1	14.9	3
2127.315	33.44	1.94	64.76	4.22	9.42	39.76	61.4	1	14.6	3
2127.375	33.81	1.92	64.95	4.22	9.39	39.64	61.0	1	14.4	3
2127.479	33.95	1.89	64.33	4.24	9.39	39.86	62.0	1	14.6	3
2127.624	34.12	1.88	64.25	4.23	9.36	39.60	61.6	1	14.4	3
2127.684	34.04	1.88	64.09	4.24	9.37	39.69	61.9	1	14.4	3
2127.788	34.03	1.90	64.59	4.24	9.41	39.92	61.8	1	14.7	3
2127.933	33.45	1.93	64.48	4.26	9.43	40.21	62.4	1	14.7	3
2127.993	33.49	1.93	64.67	4.25	9.44	40.10	62.0	1	14.7	3
2128.097	33.50	1.93	64.60	4.24	9.43	39.96	61.9	1	14.7	3
2128.242	33.66	1.92	64.70	4.25	9.42	40.02	61.9	1	14.6	3
2128.302	33.78	1.91	64.57	4.26	9.44	40.20	62.3	1	14.6	3
2128.406	34.09	1.90	64.76	4.23	9.38	39.65	61.2	1	14.4	3
2128.551	33.97	1.89	64.29	4.22	9.43	39.83	62.0	1	14.4	3
2128.611	33.90	1.89	64.21	4.23	9.41	39.76	61.9	1	14.6	3
2128.715	34.05	1.87	63.82	4.22	9.37	39.57	62.0	1	14.6	3
2128.860	33.88	1.91	64.66	4.25	9.40	39.95	61.8	1	14.9	3
2128.920	33.62	1.92	64.42	4.24	9.40	39.84	61.8	1	14.7	3
2129.024	33.61	1.90	63.95	4.24	9.42	39.99	62.5	1	14.7	3
2129.169	33.17	1.93	64.17	4.22	9.38	39.54	61.6	1	15.0	3
2129.229	32.93	1.93	63.68	4.20	9.37	39.32	61.7	1	14.9	3
2129.333	32.79	1.94	63.78	4.20	9.36	39.29	61.6	1	15.2	3
2129.478	32.55	1.95	63.48	4.20	9.36	39.29	61.9	1	15.0	3
2129.538	32.55	1.95	63.44	4.18	9.36	39.12	61.7	1	15.0	3
2129.642	32.63	1.95	63.54	4.18	9.37	39.18	61.7	1	15.0	3
2129.787	32.43	1.95	63.34	4.21	9.34	39.34	62.1	1	15.0	3
2129.847	32.34	1.95	63.16	4.18	9.35	39.03	61.8	1	15.2	3
2129.951	32.31	1.96	63.19	4.18	9.36	39.17	62.0	1	15.0	3
2130.096	33.14	1.93	64.09	4.23	9.42	39.80	62.1	1	14.7	3
2130.156	33.50	1.92	64.32	4.21	9.41	39.59	61.6	1	14.6	3
2130.260	33.86	1.89	64.11	4.23	9.39	39.74	62.0	1	14.6	3
2130.405	33.65	1.91	64.42	4.24	9.42	39.98	62.1	1	14.9	3
2130.465	33.46	1.92	64.18	4.24	9.40	39.85	62.1	1	14.7	3
2130.569	33.76	1.91	64.51	4.24	9.38	39.80	61.7	1	14.6	3
2130.714	33.71	1.91	64.36	4.25	9.40	39.94	62.1	1	14.7	3
2130.774	33.68	1.90	64.11	4.24	9.40	39.87	62.2	1	14.7	3
2130.878	33.63	1.92	64.67	4.25	9.39	39.89	61.7	1	14.9	3
2131.023	33.37	1.92	64.21	4.26	9.38	40.00	62.3	1	14.7	3
2131.083	33.59	1.92	64.49	4.28	9.36	40.01	62.0	1	14.6	3
2131.187	33.67	1.91	64.28	4.23	9.39	39.70	61.8	1	14.7	3
2131.332	33.38	1.92	64.23	4.24	9.40	39.86	62.1	1	14.9	3
2131.392	33.27	1.94	64.39	4.23	9.40	39.72	61.7	1	14.9	3
2131.496	33.28	1.92	64.02	4.24	9.36	39.69	62.0	1	14.9	3
2131.641	33.43	1.93	64.44	4.23	9.38	39.68	61.6	1	14.6	3
2131.701	33.47	1.91	64.03	4.22	9.42	39.74	62.1	1	14.6	3
2131.805	33.51	1.92	64.24	4.21	9.41	39.61	61.7	1	14.7	3
2131.950	33.35	1.92	63.97	4.21	9.39	39.52	61.8	1	14.7	3
2132.010	33.62	1.92	64.50	4.21	9.40	39.61	61.4	1	14.6	3
2132.114	33.66	1.90	64.09	4.24	9.39	39.84	62.2	1	14.7	3
2132.259	33.40	1.92	64.27	4.21	9.43	39.71	61.8	1	14.9	3
2132.319	33.32	1.92	64.12	4.24	9.40	39.85	62.2	1	14.9	3
2132.423	33.59	1.93	64.69	4.21	9.41	39.61	61.2	1	14.6	3
2132.568	34.05	1.89	64.41	4.24	9.39	39.80	61.8	1	14.6	3
2132.628	34.09	1.88	64.23	4.24	9.37	39.70	61.8	1	14.4	3
2132.732	34.21	1.87	63.98	4.23	9.36	39.55	61.8	1	14.4	3
2132.877	34.14	1.89	64.49	4.27	9.40	40.18	62.3	1	14.6	3
2132.937	33.90	1.90	64.54	4.28	9.41	40.27	62.4	1	14.7	3
2133.041	33.64	1.92	64.54	4.25	9.40	39.98	61.9	1	14.7	3
2133.186	33.47	1.91	64.09	4.19	9.48	39.68	61.9	1	14.4	3
2133.246	33.71	1.91	64.25	4.17	9.52	39.69	61.8	1	14.4	3
2133.350	34.07	1.89	64.25	4.17	9.52	39.68	61.8	1	14.3	3
2133.495	34.07	1.89	64.34	4.17	9.53	39.73	61.7	1	14.4	3
2133.555	34.10	1.88	64.24	4.19	9.51	39.80	61.9	1	14.4	3
2133.659	34.09	1.89	64.44	4.17	9.49	39.61	61.5	1	14.4	3
2133.804	33.87	1.91	64.74	4.20	9.50	39.90	61.6	1	14.6	3
2133.864	33.81	1.93	65.24	4.19	9.49	39.72	60.9	1	14.7	3
2133.968	33.02	1.92	63.50	4.18	9.45	39.51	62.2	1	14.7	3
2134.113	33.08	1.93	63.92	4.18	9.42	39.37	61.6	1	14.9	3
2134.173	32.97	1.93	63.78	4.17	9.43	39.34	61.7	1	14.9	3
2134.277	32.88	1.94	63.70	4.16	9.45	39.33	61.7	1	14.9	3
2134.422	32.72	1.95	63.74	4.14	9.47	39.23	61.5	1	14.9	3
2134.482	32.56	1.96	63.71	4.13	9.42	38.86	61.0	1	15.0	3
2134.586	32.56	1.95	63.46	4.14	9.44	39.04	61.5	1	14.9	3
2134.731	32.81	1.95	64.07	4.19	9.43	39.51	61.7	1	14.7	3
2134.791	33.01	1.93	63.80	4.19	9.44	39.54	62.0	1	14.7	3
2134.895	33.35	1.93	64.26	4.18	9.44	39.48	61.4	1	14.6	3
2135.040	33.56	1.92	64.31	4.17	9.48	39.53	61.5	1	14.6	3
2135.100	33.54	1.91	63.96	4.17	9.51	39.61	61.9	1	14.6	3
2135.204	33.19	1.93	63.94	4.15	9.47	39.34	61.5	1	14.7	3
2135.349	32.84	1.93	63.29	4.17	9.46	39.42	62.3	1	14.7	3
2135.409	32.87	1.93	63.34	4.17	9.46	39.44	62.3	1	14.7	3
2135.513	33.19	1.92	63.67	4.17	9.49	39.56	62.1	1	14.6	3
2135.658	33.78	1.90	64.17	4.16	9.50	39.54	61.6	1	14.4	3
2135.718	33.88	1.88	63.75	4.18	9.47	39.53	62.0	1	14.3	3
2135.822	34.02	1.88	63.86	4.17	9.47	39.51	61.9	1	14.4	3
2135.967	33.95	1.89	64.22	4.15	9.47	39.30	61.2	1	14.4	3
2136.027	33.87	1.90	64.20	4.15	9.47	39.27	61.2	1	14.6	3
2136.131	33.73	1.89	63.70	4.16	9.46	39.31	61.7	1	14.6	3
2136.276	33.61	1.92	64.47	4.17	9.49	39.57	61.4	1	14.7	3
2136.336	33.36	1.92	63.95	4.16	9.47	39.40	61.6	1	14.6	3
2136.440	33.52	1.91	64.11	4.19	9.47	39.65	61.8	1	14.6	3
2136.585	33.68	1.91	64.23	4.19	9.46	39.65	61.7	1	14.6	3
2136.645	33.41	1.90	63.57	4.18	9.46	39.51	62.1	1	14.7	3
2136.749	33.55	1.91	63.99	4.18	9.46	39.58	61.9	1	14.4	3
2136.894	33.91	1.88	63.69	4.20	9.39	39.48	62.0	1	14.4	3
2136.954	33.99	1.88	63.89	4.18	9.42	39.40	61.7	1	14.4	3
2137.058	33.96	1.89	64.20	4.18	9.43	39.44	61.4	1	14.6	3
2137.203	33.93	1.88	63.73	4.21	9.42	39.64	62.2	1	14.6	3
2137.263	33.94	1.89	64.11	4.22	9.42	39.77	62.0	1	14.7	3
2137.367	33.47	1.92	64.15	4.20	9.40	39.43	61.5	1	14.9	3
2137.512	33.31	1.92	64.05	4.25	9.40	39.92	62.3	1	14.7	3
2137.572	33.26	1.91	63.66	4.22	9.43	39.82	62.6	1	14.7	3
2137.676	32.97	1.93	63.71	4.19	9.44	39.51	62.0	1	14.7	3
2137.821	33.56	1.91	63.98	4.16	9.49	39.49	61.7	1	14.6	3
2137.881	33.66	1.90	63.89	4.19	9.48	39.68	62.1	1	14.6	3
2137.985	33.91	1.89	64.10	4.19	9.43	39.52	61.7	1	14.4	3
2138.130	34.11	1.89	64.42	4.23	9.44	39.92	62.0	1	14.6	3
2138.190	33.81	1.90	64.23	4.22	9.43	39.80	62.0	1	14.7	3
2138.294	33.51	1.91	64.03	4.20	9.42	39.59	61.8	1	14.6	3
2138.439	33.65	1.91	64.16	4.20	9.44	39.62	61.8	1	14.6	3
2138.499	33.72	1.91	64.40	4.20	9.43	39.65	61.6	1	14.4	3
2138.603	33.93	1.90	64.33	4.18	9.45	39.47	61.4	1	14.4	3
2138.748	34.03	1.89	64.46	4.17	9.47	39.53	61.3	1	14.4	3
2138.808	33.94	1.89	64.16	4.19	9.46	39.64	61.8	1	14.4	3
2138.912	33.89	1.89	64.01	4.20	9.46	39.71	62.0	1	14.6	3
2139.057	33.35	1.92	63.97	4.17	9.50	39.62	61.9	1	14.6	3
2139.117	33.42	1.91	63.90	4.16	9.48	39.43	61.7	1	14.6	3
2139.221	33.67	1.92	64.49	4.17	9.50	39.59	61.4	1	14.6	3
2139.366	33.90	1.90	64.25	4.18	9.49	39.64	61.7	1	14.4	3
2139.426	33.95	1.89	64.05	4.17	9.50	39.59	61.8	1	14.4	3
2139.530	33.90	1.90	64.33	4.17	9.48	39.55	61.5	1	14.4	3
2139.675	34.05	1.89	64.44	4.18	9.47	39.57	61.4	1	14.3	3
2139.735	34.09	1.89	64.31	4.18	9.44	39.44	61.3	1	14.4	3
2139.839	34.05	1.89	64.28	4.21	9.46	39.83	62.0	1	14.4	3
2139.984	33.95	1.90	64.59	4.19	9.50	39.81	61.6	1	14.6	3
2140.044	33.88	1.91	64.55	4.19	9.49	39.77	61.6	1	14.6	3
2140.148	33.89	1.90	64.27	4.22	9.47	39.92	62.1	1	14.4	3
2140.293	33.68	1.92	64.56	4.18	9.46	39.52	61.2	1	14.7	3
2140.353	33.42	1.93	64.45	4.17	9.45	39.42	61.2	1	14.7	3
2140.457	33.53	1.92	64.37	4.18	9.48	39.60	61.5	1	14.6	3
2140.602	33.63	1.91	64.28	4.19	9.48	39.68	61.7	1	14.7	3
2140.662	33.44	1.92	64.16	4.18	9.46	39.59	61.7	1	14.7	3
2140.766	33.45	1.92	64.38	4.17	9.49	39.54	61.4	1	14.7	3
2140.911	33.33	1.93	64.21	4.19	9.49	39.72	61.9	1	14.7	3
2140.971	33.36	1.93	64.32	4.19	9.47	39.71	61.7	1	14.7	3
2141.075	33.24	1.94	64.45	4.19	9.44	39.60	61.4	1	14.9	3
2141.220	33.26	1.94	64.47	4.20	9.46	39.74	61.6	1	14.7	3
2141.280	33.29	1.93	64.22	4.20	9.46	39.67	61.8	1	14.7	3
2141.384	32.99	1.93	63.56	4.17	9.44	39.34	61.9	1	14.7	3
2141.529	33.63	1.91	64.33	4.22	9.45	39.86	62.0	1	14.4	3
2141.589	33.88	1.90	64.34	4.20	9.44	39.61	61.6	1	14.3	3
2141.693	34.28	1.88	64.31	4.18	9.43	39.41	61.3	1	14.1	3
2141.838	34.50	1.85	63.93	4.16	9.42	39.16	61.3	1	14.1	3
2141.898	34.58	1.85	63.87	4.16	9.39	39.04	61.1	1	14.1	3
2142.002	34.39	1.85	63.75	4.15	9.41	39.08	61.3	1	14.3	3
2142.147	34.31	1.87	64.23	4.16	9.44	39.29	61.2	1	14.4	3
2142.207	34.20	1.88	64.31	4.16	9.44	39.31	61.1	1	14.4	3
2142.311	33.94	1.89	64.02	4.18	9.47	39.61	61.9	1	14.3	3
2142.456	34.09	1.87	63.88	4.18	9.46	39.52	61.9	1	14.3	3
2142.516	34.22	1.87	63.89	4.17	9.44	39.33	61.6	1	14.3	3
2142.620	34.23	1.86	63.80	4.16	9.45	39.36	61.7	1	14.3	3
2142.765	33.85	1.90	64.23	4.18	9.48	39.60	61.7	1	14.6	3
2142.825	33.67	1.92	64.64	4.19	9.47	39.63	61.3	1	14.7	3
2142.929	33.13	1.93	64.10	4.18	9.46	39.59	61.8	1	14.7	3
2143.074	33.18	1.94	64.46	4.19	9.49	39.72	61.6	1	14.7	3
2143.134	33.11	1.94	64.14	4.16	9.50	39.52	61.6	1	14.9	3
2143.238	32.78	1.94	63.69	4.16	9.50	39.53	62.1	1	14.7	3
2143.383	33.24	1.94	64.49	4.16	9.52	39.62	61.4	1	14.6	3
2143.443	33.59	1.92	64.63	4.19	9.54	39.91	61.8	1	14.4	3
2143.547	33.92	1.91	64.81	4.17	9.52	39.70	61.3	1	14.4	3
2143.692	33.68	1.92	64.75	4.15	9.53	39.56	61.1	1	14.6	3
2143.752	33.55	1.92	64.38	4.15	9.52	39.54	61.4	1	14.6	3
2143.856	33.55	1.92	64.46	4.14	9.52	39.39	61.1	1	14.6	3
2144.001	33.50	1.92	64.25	4.15	9.54	39.63	61.7	1	14.6	3
2144.061	33.46	1.92	64.34	4.16	9.53	39.59	61.5	1	14.6	3
2144.165	33.35	1.92	64.03	4.16	9.52	39.59	61.8	1	14.6	3
2144.310	33.74	1.91	64.57	4.14	9.54	39.47	61.1	1	14.3	3
2144.370	34.04	1.89	64.42	4.14	9.56	39.59	61.5	1	14.3	3
2144.474	34.09	1.88	64.15	4.13	9.52	39.34	61.3	1	14.3	3
2144.619	33.75	1.90	64.23	4.13	9.52	39.35	61.3	1	14.6	3
2144.679	33.63	1.90	63.98	4.14	9.55	39.50	61.7	1	14.4	3
2144.783	33.68	1.90	64.10	4.12	9.53	39.31	61.3	1	14.4	3
2144.928	33.72	1.91	64.55	4.13	9.54	39.37	61.0	1	14.4	3
2144.988	33.83	1.91	64.47	4.12	9.55	39.37	61.1	1	14.3	3
2145.092	33.88	1.90	64.26	4.13	9.52	39.27	61.1	1	14.4	3
2145.237	33.86	1.91	64.68	4.15	9.54	39.59	61.2	1	14.4	3
2145.297	33.73	1.90	64.24	4.15	9.55	39.63	61.7	1	14.4	3
2145.401	33.77	1.89	63.93	4.12	9.58	39.49	61.8	1	14.3	3
2145.546	33.62	1.91	64.23	4.11	9.57	39.32	61.2	1	14.6	3
2145.606	33.45	1.91	64.05	4.10	9.55	39.14	61.1	1	14.6	3
2145.710	33.52	1.91	64.13	4.10	9.57	39.28	61.2	1	14.3	3
2145.855	34.02	1.89	64.21	4.12	9.53	39.21	61.1	1	14.1	3
2145.915	34.09	1.87	63.90	4.12	9.54	39.24	61.4	1	14.1	3
2146.019	34.02	1.87	63.69	4.11	9.54	39.21	61.6	1	14.3	3
2146.164	34.01	1.90	64.71	4.15	9.57	39.69	61.3	1	14.4	3
2146.224	33.82	1.91	64.54	4.13	9.56	39.53	61.2	1	14.6	3
2146.328	33.68	1.91	64.19	4.14	9.56	39.59	61.7	1	14.4	3
2146.473	33.64	1.91	64.36	4.16	9.54	39.68	61.6	1	14.4	3
2146.533	33.82	1.89	64.01	4.15	9.54	39.59	61.9	1	14.3	3
2146.637	33.72	1.90	63.91	4.12	9.56	39.32	61.5	1	14.4	3
2146.782	33.98	1.89	64.14	4.08	9.57	39.10	61.0	1	14.3	3
2146.842	33.94	1.88	63.92	4.09	9.58	39.19	61.3	1	14.1	3
2146.946	34.00	1.87	63.53	4.10	9.56	39.25	61.8	1	14.3	3
2147.091	33.66	1.89	63.72	4.12	9.55	39.30	61.7	1	14.6	3
2147.151	33.61	1.88	63.33	4.11	9.55	39.27	62.0	1	14.4	3
2147.255	33.70	1.89	63.64	4.13	9.57	39.53	62.1	1	14.4	3
2147.400	33.87	1.88	63.82	4.12	9.58	39.47	61.8	1	14.3	3
2147.460	33.84	1.89	63.83	4.12	9.59	39.51	61.9	1	14.4	3
2147.564	33.64	1.90	63.82	4.12	9.59	39.45	61.8	1	14.4	3
2147.709	33.55	1.90	63.85	4.12	9.59	39.50	61.9	1	14.4	3
2147.769	33.54	1.91	63.96	4.10	9.60	39.40	61.6	1	14.6	3
2147.873	33.32	1.91	63.67	4.09	9.58	39.16	61.5	1	14.6	3
2148.018	33.54	1.91	63.97	4.14	9.58	39.63	61.9	1	14.4	3
2148.078	33.64	1.90	63.85	4.13	9.57	39.56	62.0	1	14.4	3
2148.182	33.80	1.89	64.04	4.17	9.50	39.64	61.9	1	14.4	3
2148.327	33.93	1.89	63.97	4.15	9.49	39.34	61.5	1	14.4	3
2148.387	33.88	1.89	64.10	4.15	9.50	39.42	61.5	1	14.3	3
2148.491	34.05	1.88	63.93	4.18	9.45	39.48	61.8	1	14.4	3
2148.636	34.02	1.87	63.68	4.20	9.45	39.65	62.3	1	14.4	3
2148.696	34.10	1.87	63.67	4.19	9.43	39.51	62.0	1	14.3	3
2148.800	34.19	1.85	63.40	4.20	9.42	39.51	62.3	1	14.4	3
2148.945	34.20	1.86	63.67	4.22	9.38	39.60	62.2	1	14.4	3
2149.005	34.30	1.86	63.89	4.24	9.37	39.76	62.2	1	14.4	3
2149.109	34.16	1.87	64.00	4.26	9.39	40.01	62.5	1	14.6	3
2149.254	34.90	1.75	60.97	4.51	8.63	38.90	63.8	1	14.4	3
2149.314	35.12	1.70	59.79	4.60	8.41	38.63	64.6	1	14.6	3
2149.418	35.33	1.69	59.55	4.63	8.35	38.64	64.9	1	14.6	3
2149.563	35.17	1.73	60.82	4.65	8.51	39.55	65.0	1	14.9	3
2149.623	35.02	1.77	61.82	4.64	8.62	40.01	64.7	1	14.9	3
2149.727	34.64	1.83	63.35	4.66	8.77	40.87	64.5	1	15.2	3
2149.872	33.33	1.89	62.88	4.53	8.99	40.69	64.7	1	15.5	3
2149.932	31.77	1.92	60.94	4.25	9.08	38.58	63.3	1	15.3	3
2150.036	30.41	1.94	58.93	4.02	9.15	36.78	62.4	1	15.5	3
2150.181	30.10	1.96	58.85	3.94	9.22	36.38	61.8	1	15.3	3
2150.241	30.12	1.96	59.00	3.90	9.25	36.08	61.1	1	15.3	3
2150.345	29.86	1.96	58.40	3.89	9.22	35.89	61.5	1	15.5	3
2150.490	29.94	1.96	58.71	3.85	9.23	35.56	60.6	1	15.2	3
2150.550	30.32	1.95	59.14	3.86	9.29	35.82	60.6	1	15.0	3
2150.654	31.16	1.94	60.60	3.92	9.39	36.84	60.8	1	14.9	3
2150.799	32.14	1.94	62.46	3.99	9.54	38.05	60.9	1	14.6	3
2150.859	32.63	1.93	63.13	4.01	9.58	38.43	60.9	1	14.4	3
2150.963	33.27	1.92	63.74	4.04	9.63	38.89	61.0	1	14.1	3
2151.108	34.11	1.87	63.89	4.01	9.64	38.66	60.5	1	14.0	3
2151.168	34.12	1.86	63.58	4.02	9.65	38.77	61.0	1	14.1	3
2151.272	34.06	1.87	63.81	4.01	9.67	38.78	60.8	1	14.1	3
2151.417	33.72	1.90	64.07	4.02	9.67	38.93	60.8	1	14.3	3
2151.477	33.67	1.90	64.14	4.00	9.68	38.73	60.4	1	14.3	3
2151.581	33.59	1.90	63.85	4.02	9.72	39.04	61.1	1	14.3	3
2151.726	33.98	1.89	64.18	4.02	9.68	38.86	60.5	1	14.0	3
2151.786	34.07	1.88	64.20	3.99	9.68	38.68	60.2	1	14.0	3
2151.890	34.12	1.88	64.11	4.01	9.66	38.71	60.4	1	14.1	3
2152.035	34.01	1.89	64.31	4.00	9.71	38.81	60.3	1	14.1	3
2152.095	33.93	1.89	64.05	4.00	9.71	38.87	60.7	1	14.1	3
2152.199	33.88	1.88	63.85	4.00	9.71	38.85	60.8	1	14.1	3
2152.344	34.15	1.88	64.11	3.99	9.71	38.79	60.5	1	14.0	3
2152.404	34.13	1.87	63.97	3.99	9.69	38.64	60.4	1	14.0	3
2152.508	34.21	1.87	64.08	4.01	9.69	38.81	60.6	1	14.0	3
2152.653	34.22	1.88	64.17	3.99	9.69	38.69	60.3	1	14.0	3
2152.713	34.17	1.88	64.14	3.97	9.69	38.51	60.0	1	14.0	3
2152.817	34.02	1.88	64.11	3.97	9.69	38.44	60.0	1	14.0	3
2152.962	34.15	1.88	64.05	4.01	9.69	38.86	60.7	1	14.0	3
2153.022	34.10	1.88	63.99	3.98	9.69	38.57	60.3	1	14.0	3
2153.126	34.09	1.87	63.68	3.98	9.73	38.74	60.8	1	14.0	3
2153.271	33.84	1.89	63.94	3.98	9.74	38.74	60.6	1	14.3	3
2153.331	33.65	1.90	64.05	3.97	9.74	38.69	60.4	1	14.3	3
2153.435	33.55	1.90	63.83	3.97	9.73	38.67	60.6	1	14.3	3
2153.580	33.51	1.92	64.29	3.99	9.73	38.86	60.5	1	14.3	3
2153.640	33.44	1.92	64.15	3.99	9.73	38.78	60.5	1	14.4	3
2153.744	33.27	1.93	64.15	3.98	9.70	38.64	60.2	1	14.3	3
2153.889	33.58	1.91	64.09	3.99	9.73	38.82	60.6	1	14.1	3
2153.949	33.60	1.91	64.01	3.99	9.74	38.89	60.8	1	14.1	3
2154.053	33.92	1.90	64.52	3.99	9.75	38.85	60.2	1	14.0	3
2154.198	34.09	1.89	64.51	4.03	9.73	39.18	60.7	1	14.1	3
2154.258	33.93	1.89	64.19	4.03	9.72	39.17	61.0	1	14.0	3
2154.362	34.16	1.88	64.36	3.99	9.69	38.66	60.1	1	13.8	3
2154.507	34.22	1.88	64.33	3.95	9.69	38.32	59.6	1	14.0	3
2154.567	34.17	1.88	64.17	3.97	9.68	38.46	59.9	1	14.0	3
2154.671	34.26	1.86	63.75	3.98	9.69	38.63	60.6	1	13.8	3
2154.816	34.40	1.86	64.01	3.98	9.71	38.59	60.3	1	13.7	3
2154.876	34.43	1.85	63.65	3.97	9.68	38.40	60.3	1	13.7	3
2154.980	34.34	1.86	64.00	3.98	9.68	38.55	60.2	1	13.8	3
2155.125	34.11	1.88	64.11	3.99	9.71	38.76	60.4	1	14.0	3
2155.185	34.17	1.88	64.10	3.99	9.73	38.78	60.5	1	14.0	3
2155.289	34.21	1.87	64.12	4.00	9.70	38.78	60.5	1	14.0	3
2155.434	33.88	1.89	64.11	4.00	9.72	38.84	60.6	1	14.1	3
2155.494	33.80	1.89	63.71	3.99	9.71	38.75	60.8	1	14.0	3
2155.598	33.83	1.90	64.24	3.98	9.70	38.67	60.2	1	14.3	3
2155.743	33.33	1.93	64.26	3.99	9.71	38.68	60.2	1	14.4	3
2155.803	33.25	1.95	64.70	3.97	9.71	38.55	59.6	1	14.4	3
2155.907	33.04	1.95	64.29	3.97	9.66	38.39	59.7	1	14.4	3
2156.052	33.33	1.93	64.28	3.98	9.70	38.66	60.2	1	14.3	3
2156.112	33.52	1.92	64.24	3.99	9.69	38.66	60.2	1	14.1	3
2156.216	33.65	1.91	64.33	3.99	9.70	38.65	60.1	1	14.3	3
2156.361	33.44	1.92	64.23	3.99	9.72	38.77	60.4	1	14.4	3
2156.421	33.13	1.92	63.75	3.97	9.69	38.49	60.4	1	14.3	3
2156.525	33.36	1.92	63.97	3.99	9.71	38.73	60.5	1	14.3	3
2156.670	33.72	1.90	64.06	3.99	9.69	38.67	60.4	1	14.1	3
2156.730	33.82	1.90	64.31	3.99	9.70	38.72	60.2	1	14.1	3
2156.834	33.97	1.90	64.40	4.00	9.70	38.82	60.3	1	14.0	3
2156.979	34.08	1.88	64.11	4.00	9.73	38.90	60.7	1	14.0	3
2157.039	34.00	1.88	63.93	3.99	9.70	38.73	60.6	1	14.0	3
2157.143	33.97	1.88	63.73	3.99	9.68	38.63	60.6	1	14.0	3
2157.288	34.13	1.87	63.92	3.96	9.69	38.37	60.0	1	13.8	3
2157.348	34.22	1.87	63.83	3.96	9.68	38.35	60.1	1	14.0	3
2157.452	34.14	1.87	63.93	3.97	9.71	38.49	60.2	1	14.0	3
2157.597	34.13	1.89	64.43	3.96	9.71	38.42	59.6	1	14.0	3
2157.657	33.99	1.90	64.42	3.96	9.71	38.50	59.8	1	14.1	3
2157.761	33.88	1.89	64.03	3.96	9.74	38.59	60.3	1	14.0	3
2157.906	34.02	1.88	64.06	4.00	9.73	38.92	60.8	1	14.0	3
2157.966	34.02	1.88	63.90	3.99	9.69	38.66	60.5	1	14.1	3
2158.070	34.30	1.85	63.62	4.07	9.50	38.62	60.7	1	14.1	3
2158.215	34.89	1.79	62.62	4.20	9.27	38.91	62.1	1	14.1	3
2158.275	34.75	1.81	63.06	4.22	9.25	38.99	61.8	1	14.3	3
2158.379	34.51	1.85	63.74	4.25	9.31	39.58	62.1	1	14.6	3
2158.524	33.68	1.90	64.07	4.22	9.41	39.72	62.0	1	14.9	3
2158.584	33.33	1.92	63.91	4.21	9.40	39.59	61.9	1	14.9	3
2158.688	33.19	1.93	64.10	4.22	9.44	39.84	62.2	1	14.7	3
2158.833	32.77	1.93	63.41	4.14	9.49	39.26	61.9	1	14.9	3
2158.893	32.27	1.94	62.63	4.07	9.51	38.73	61.8	1	14.7	3
2158.997	32.01	1.95	62.41	4.00	9.53	38.12	61.1	1	14.9	3
2159.142	32.21	1.96	63.13	3.96	9.61	38.08	60.3	1	14.6	3
2159.202	32.66	1.95	63.79	3.98	9.63	38.38	60.2	1	14.4	3
2159.306	33.24	1.93	64.15	4.00	9.66	38.64	60.2	1	14.1	3
2159.451	33.66	1.91	64.23	3.99	9.68	38.64	60.2	1	14.3	3
2159.511	33.54	1.91	64.13	4.00	9.66	38.70	60.3	1	14.4	3
2159.615	33.30	1.92	64.08	4.01	9.71	38.88	60.7	1	14.3	3
2159.760	33.52	1.92	64.43	3.98	9.75	38.78	60.2	1	14.3	3
2159.820	33.34	1.92	64.10	3.97	9.75	38.66	60.3	1	14.4	3
2159.924	33.25	1.93	64.03	3.94	9.70	38.25	59.7	1	14.3	3
2160.069	32.97	1.94	63.82	3.90	9.73	37.98	59.5	1	14.3	3
2160.129	33.11	1.94	64.09	3.94	9.73	38.37	59.9	1	14.1	3
2160.233	33.48	1.92	64.27	3.95	9.77	38.59	60.0	1	14.1	3
2160.378	33.44	1.91	63.99	3.98	9.81	38.99	60.9	1	14.1	3
2160.438	33.52	1.92	64.20	3.96	9.80	38.79	60.4	1	14.1	3
2160.542	33.76	1.91	64.35	3.94	9.77	38.48	59.8	1	14.0	3
2160.687	33.87	1.89	64.04	3.92	9.80	38.42	60.0	1	14.1	3
2160.747	33.76	1.90	64.10	3.92	9.80	38.42	59.9	1	14.1	3
2160.851	33.60	1.90	64.00	3.92	9.80	38.43	60.0	1	14.1	3
2160.996	33.83	1.89	63.96	3.94	9.82	38.68	60.5	1	13.8	3
2161.056	33.83	1.89	63.83	3.93	9.83	38.68	60.6	1	13.8	3
2161.160	33.99	1.88	63.74	3.93	9.81	38.54	60.5	1	13.7	3
2161.305	33.94	1.89	64.03	3.93	9.85	38.67	60.4	1	14.0	3
2161.365	33.85	1.89	64.05	3.92	9.84	38.57	60.2	1	14.0	3
2161.469	33.62	1.91	64.13	3.93	9.84	38.72	60.4	1	14.1	3
2161.614	33.43	1.91	63.96	3.92	9.83	38.53	60.2	1	14.0	3
2161.674	33.66	1.91	64.12	3.91	9.82	38.37	59.8	1	13.8	3
2161.778	33.78	1.90	64.16	3.91	9.80	38.28	59.7	1	14.0	3
2161.923	33.47	1.92	64.16	3.89	9.78	38.08	59.4	1	14.1	3
2161.983	33.46	1.92	64.35	3.89	9.82	38.22	59.4	1	14.1	3
2162.087	33.32	1.92	64.11	3.89	9.84	38.24	59.6	1	14.1	3
2162.232	33.39	1.91	63.93	3.87	9.86	38.16	59.7	1	13.8	3
2162.292	33.63	1.90	63.92	3.88	9.86	38.22	59.8	1	13.8	3
2162.396	33.87	1.90	64.32	3.87	9.86	38.19	59.4	1	13.7	3
2162.541	33.92	1.89	64.16	3.88	9.86	38.26	59.6	1	13.8	3
2162.601	33.82	1.90	64.37	3.87	9.84	38.11	59.2	1	14.0	3
2162.705	33.75	1.91	64.42	3.88	9.84	38.23	59.3	1	14.0	3
2162.850	33.38	1.91	63.92	3.86	9.84	37.97	59.4	1	14.1	3
2162.910	33.33	1.92	63.91	3.86	9.83	37.99	59.4	1	14.0	3
2163.014	33.71	1.91	64.30	3.88	9.84	38.16	59.3	1	13.8	3
2163.159	33.87	1.90	64.42	3.89	9.85	38.34	59.5	1	14.0	3
2163.219	33.69	1.92	64.63	3.88	9.86	38.29	59.2	1	14.1	3
2163.323	33.55	1.91	64.05	3.87	9.87	38.21	59.7	1	14.0	3
2163.468	33.56	1.91	64.09	3.88	9.89	38.41	59.9	1	14.0	3
2163.528	33.52	1.90	63.65	3.90	9.89	38.52	60.5	1	14.0	3
2163.632	33.32	1.92	63.98	3.87	9.87	38.20	59.7	1	14.3	3
2163.777	33.00	1.93	63.63	3.88	9.84	38.19	60.0	1	14.1	3
2163.837	33.04	1.92	63.55	3.87	9.85	38.14	60.0	1	14.1	3
2163.941	33.35	1.92	63.96	3.88	9.86	38.32	59.9	1	14.0	3
2164.086	33.72	1.91	64.37	3.91	9.86	38.55	59.9	1	14.0	3
2164.146	33.67	1.91	64.18	3.90	9.84	38.34	59.7	1	14.0	3
2164.250	33.42	1.91	63.81	3.89	9.82	38.18	59.8	1	14.1	3
2164.395	33.72	1.90	64.12	3.88	9.84	38.19	59.6	1	13.8	3
2164.455	33.65	1.91	64.17	3.89	9.85	38.34	59.8	1	13.8	3
2164.559	33.72	1.90	63.97	3.87	9.87	38.20	59.7	1	14.0	3
2164.704	33.86	1.89	64.03	3.88	9.85	38.25	59.7	1	13.8	3
2164.764	33.97	1.89	64.04	3.91	9.85	38.47	60.1	1	13.7	3
2164.868	33.90	1.88	63.65	3.89	9.84	38.27	60.1	1	13.8	3
2165.013	34.10	1.87	63.80	3.86	9.84	38.01	59.6	1	13.7	3
2165.073	34.20	1.86	63.61	3.86	9.84	37.97	59.7	1	13.5	3
2165.177	34.40	1.85	63.65	3.85	9.81	37.71	59.2	1	13.5	3
2165.322	34.57	1.84	63.76	3.85	9.82	37.78	59.3	1	13.4	3
2165.382	34.58	1.84	63.50	3.83	9.81	37.58	59.2	1	13.5	3
2165.486	34.59	1.83	63.44	3.85	9.80	37.75	59.5	1	13.5	3
2165.631	34.66	1.83	63.43	3.83	9.83	37.65	59.4	1	13.4	3
2165.691	34.72	1.82	63.08	3.84	9.80	37.61	59.6	1	13.4	3
2165.795	34.55	1.83	63.16	3.85	9.79	37.65	59.6	1	13.5	3
2165.940	34.24	1.87	63.98	3.86	9.82	37.88	59.2	1	14.0	3
2166.000	34.00	1.88	63.96	3.86	9.84	37.94	59.3	1	14.0	3
2166.104	33.76	1.89	63.87	3.89	9.86	38.36	60.1	1	14.0	3
2166.249	33.77	1.90	64.09	3.89	9.88	38.37	59.9	1	14.0	3
2166.309	33.61	1.91	64.02	3.89	9.85	38.29	59.8	1	14.1	3
2166.413	33.54	1.91	64.17	3.88	9.83	38.17	59.5	1	14.0	3
2166.558	33.85	1.89	64.13	3.89	9.86	38.32	59.7	1	13.8	3
2166.618	33.83	1.89	63.94	3.88	9.86	38.24	59.8	1	13.8	3
2166.722	33.78	1.88	63.65	3.87	9.82	38.02	59.7	1	14.0	3
2166.867	33.76	1.90	64.29	3.87	9.85	38.11	59.3	1	14.1	3
2166.927	33.57	1.91	64.17	3.87	9.82	38.04	59.3	1	14.0	3
2167.031	33.74	1.90	64.15	3.88	9.84	38.20	59.5	1	14.0	3
2167.176	33.82	1.90	64.32	3.88	9.84	38.17	59.3	1	14.0	3
2167.236	33.90	1.90	64.34	3.88	9.83	38.15	59.3	1	13.8	3
2167.340	33.87	1.90	64.22	3.87	9.83	38.09	59.3	1	14.0	3
2167.485	33.67	1.91	64.35	3.88	9.85	38.22	59.4	1	14.1	3
2167.545	33.53	1.91	63.95	3.89	9.83	38.18	59.7	1	14.1	3
2167.649	33.80	1.91	64.49	3.93	9.81	38.56	59.8	1	13.8	3
2167.794	33.87	1.89	63.94	3.92	9.77	38.34	60.0	1	14.0	3
2167.854	33.77	1.89	63.79	3.92	9.81	38.47	60.3	1	14.0	3
2167.958	33.84	1.89	63.89	3.91	9.83	38.42	60.1	1	13.8	3
2168.103	34.01	1.88	63.93	3.88	9.83	38.14	59.7	1	13.8	3
2168.163	33.87	1.88	63.73	3.88	9.84	38.14	59.8	1	14.0	3
2168.267	34.03	1.88	64.05	3.88	9.80	38.02	59.4	1	13.7	3
2168.412	34.11	1.87	63.76	3.88	9.78	37.94	59.5	1	13.8	3
2168.472	33.96	1.88	63.74	3.87	9.80	37.95	59.5	1	14.0	3
2168.576	33.82	1.88	63.61	3.91	9.81	38.31	60.2	1	14.0	3
2168.721	33.61	1.91	64.11	3.88	9.83	38.15	59.5	1	14.1	3
2168.781	33.36	1.91	63.64	3.88	9.80	38.01	59.7	1	14.1	3
2168.885	33.68	1.90	63.83	3.90	9.82	38.29	60.0	1	13.8	3
2169.030	34.04	1.87	63.74	3.90	9.83	38.29	60.1	1	13.8	3
2169.090	33.89	1.88	63.63	3.90	9.81	38.26	60.1	1	13.8	3
2169.194	33.93	1.87	63.58	3.88	9.83	38.18	60.1	1	13.8	3
2169.339	34.03	1.89	64.22	3.91	9.81	38.37	59.7	1	13.8	3
2169.399	33.79	1.89	64.01	3.92	9.83	38.56	60.2	1	14.0	3
2169.503	33.85	1.89	63.83	3.90	9.81	38.26	59.9	1	13.8	3
2169.648	33.85	1.89	63.96	3.89	9.84	38.26	59.8	1	14.1	3
2169.708	33.66	1.91	64.17	3.89	9.81	38.19	59.5	1	14.1	3
2169.812	33.24	1.92	63.72	3.91	9.83	38.40	60.3	1	14.1	3
2169.957	33.41	1.92	64.06	3.94	9.80	38.58	60.2	1	14.1	3
2170.017	33.28	1.92	63.84	3.91	9.81	38.37	60.1	1	14.0	3
2170.121	33.81	1.90	64.39	3.92	9.84	38.58	59.9	1	13.8	3
2170.266	33.78	1.91	64.46	3.94	9.84	38.74	60.1	1	14.0	3
2170.326	33.65	1.90	64.09	3.88	9.84	38.23	59.6	1	14.1	3
2170.430	33.49	1.91	64.07	3.91	9.83	38.45	60.0	1	14.1	3
2170.575	33.43	1.92	64.07	3.88	9.81	38.12	59.5	1	14.1	3
2170.635	33.40	1.92	63.97	3.88	9.81	38.03	59.5	1	14.1	3
2170.739	33.31	1.92	64.05	3.89	9.83	38.23	59.7	1	14.3	3
2170.884	32.98	1.92	63.35	3.89	9.80	38.10	60.1	1	14.3	3
2170.944	32.95	1.92	63.21	3.86	9.80	37.80	59.8	1	14.3	3
2171.048	33.11	1.91	63.22	3.87	9.79	37.89	59.9	1	14.1	3
2171.193	33.60	1.91	64.23	3.88	9.84	38.22	59.5	1	13.8	3
2171.253	33.83	1.90	64.32	3.91	9.84	38.44	59.8	1	13.8	3
2171.357	34.07	1.88	64.04	3.89	9.81	38.21	59.7	1	13.7	3
2171.502	34.24	1.87	64.07	3.89	9.79	38.09	59.5	1	13.7	3
2171.562	34.30	1.86	63.86	3.91	9.81	38.35	60.1	1	13.7	3
2171.666	34.18	1.87	63.87	3.91	9.80	38.31	60.0	1	13.8	3
2171.811	34.22	1.86	63.82	3.91	9.79	38.27	60.0	1	13.7	3
2171.871	34.30	1.85	63.36	3.90	9.80	38.21	60.3	1	13.5	3
2171.975	34.19	1.86	63.64	3.91	9.81	38.32	60.2	1	13.8	3
2172.120	33.85	1.89	64.13	3.89	9.84	38.27	59.7	1	14.1	3
2172.180	33.65	1.90	64.05	3.87	9.83	38.08	59.4	1	14.1	3
2172.284	33.59	1.90	63.98	3.88	9.84	38.17	59.7	1	14.0	3
2172.429	33.78	1.90	64.18	3.89	9.82	38.24	59.6	1	13.8	3
2172.489	33.91	1.89	63.93	3.91	9.81	38.31	59.9	1	13.8	3
2172.593	33.85	1.87	63.35	3.88	9.81	38.08	60.1	1	13.8	3
2172.738	34.16	1.87	63.75	3.88	9.82	38.14	59.8	1	13.5	3
2172.798	34.16	1.85	63.06	3.88	9.78	38.00	60.3	1	13.7	3
2172.902	34.07	1.87	63.58	3.90	9.81	38.28	60.2	1	13.8	3
2173.047	34.01	1.88	63.93	3.90	9.85	38.41	60.1	1	13.8	3
2173.107	33.97	1.87	63.68	3.88	9.84	38.23	60.0	1	13.7	3
2173.211	34.29	1.86	63.64	3.89	9.81	38.12	59.9	1	13.5	3
2173.356	34.48	1.85	63.67	3.89	9.78	38.09	59.8	1	13.5	3
2173.416	34.36	1.84	63.33	3.90	9.78	38.13	60.2	1	13.5	3
2173.520	34.25	1.87	63.88	3.90	9.82	38.24	59.9	1	13.8	3
2173.665	33.95	1.89	64.10	3.93	9.85	38.69	60.4	1	14.0	3
2173.725	33.86	1.89	64.13	3.92	9.83	38.52	60.1	1	14.0	3
2173.829	33.77	1.88	63.64	3.92	9.81	38.49	60.5	1	13.8	3
2173.974	33.62	1.91	64.34	3.91	9.83	38.42	59.7	1	14.1	3
2174.034	33.29	1.92	63.98	3.90	9.82	38.31	59.9	1	14.3	3
2174.138	33.28	1.92	63.80	3.92	9.81	38.42	60.2	1	14.1	3
2174.283	33.07	1.92	63.54	3.93	9.81	38.56	60.7	1	14.3	3
2174.343	32.97	1.92	63.36	3.92	9.80	38.44	60.7	1	14.3	3
2174.447	32.90	1.93	63.50	3.90	9.79	38.20	60.2	1	14.3	3
2174.592	33.27	1.91	63.59	3.91	9.82	38.42	60.4	1	14.0	3
2174.652	33.59	1.90	63.77	3.91	9.84	38.51	60.4	1	13.8	3
2174.756	33.78	1.88	63.46	3.92	9.82	38.51	60.7	1	13.8	3
2174.901	34.10	1.87	63.82	3.92	9.81	38.42	60.2	1	13.7	3
2174.961	34.17	1.87	63.88	3.91	9.80	38.33	60.0	1	13.7	3
2175.065	34.14	1.85	63.30	3.91	9.82	38.38	60.6	1	13.8	3
2175.210	33.86	1.89	63.94	3.90	9.84	38.37	60.0	1	14.0	3
2175.270	33.67	1.90	63.87	3.92	9.83	38.51	60.3	1	14.1	3
2175.374	33.59	1.89	63.46	3.89	9.84	38.31	60.4	1	14.0	3
2175.519	33.22	1.92	63.69	3.89	9.82	38.23	60.0	1	14.3	3
2175.579	32.99	1.92	63.46	3.89	9.82	38.22	60.2	1	14.3	3
2175.683	33.15	1.92	63.67	3.89	9.85	38.31	60.2	1	14.1	3
2175.828	33.00	1.92	63.23	3.89	9.82	38.22	60.4	1	14.3	3
2175.888	32.69	1.93	63.09	3.90	9.79	38.16	60.5	1	14.3	3
2175.992	32.68	1.93	62.92	3.89	9.79	38.05	60.5	1	14.3	3
2176.137	33.29	1.91	63.63	3.92	9.81	38.47	60.5	1	14.0	3
2176.197	33.46	1.90	63.59	3.91	9.83	38.49	60.5	1	13.8	3
2176.301	33.97	1.89	64.12	3.90	9.83	38.38	59.9	1	13.5	3
2176.446	34.31	1.86	63.83	3.89	9.80	38.18	59.8	1	13.7	3
2176.506	34.25	1.86	63.55	3.91	9.81	38.31	60.3	1	13.7	3
2176.610	34.34	1.84	63.34	3.92	9.77	38.28	60.4	1	13.7	3
2176.755	34.26	1.87	64.02	3.92	9.81	38.42	60.0	1	13.8	3
2176.815	33.99	1.87	63.69	3.91	9.82	38.41	60.3	1	14.0	3
2176.919	33.94	1.89	64.04	3.93	9.81	38.51	60.1	1	13.8	3
2177.064	34.08	1.88	64.15	3.92	9.78	38.29	59.7	1	13.8	3
2177.124	33.98	1.88	63.88	3.92	9.80	38.40	60.1	1	14.0	3
2177.228	33.98	1.88	63.89	3.92	9.81	38.43	60.1	1	13.8	3
2177.373	33.98	1.88	63.92	3.94	9.81	38.64	60.5	1	13.7	3
2177.433	34.13	1.88	64.05	3.91	9.81	38.36	59.9	1	13.7	3
2177.537	34.25	1.87	64.14	3.91	9.81	38.34	59.8	1	13.8	3
2177.682	34.18	1.88	64.42	3.93	9.77	38.42	59.6	1	13.8	3
2177.742	34.08	1.88	64.23	3.96	9.77	38.69	60.2	1	14.0	3
2177.846	33.95	1.88	63.88	3.96	9.74	38.53	60.3	1	13.8	3
2177.991	33.99	1.89	64.36	3.95	9.80	38.69	60.1	1	14.1	3
2178.051	33.80	1.90	64.36	3.94	9.79	38.58	59.9	1	14.3	3
2178.155	33.41	1.91	63.92	3.94	9.77	38.47	60.2	1	14.1	3
2178.300	33.05	1.90	62.73	3.88	9.73	37.75	60.2	1	14.1	3
2178.360	32.96	1.90	62.74	3.87	9.72	37.64	60.0	1	14.3	3
2178.464	33.09	1.90	62.82	3.90	9.77	38.11	60.7	1	14.1	3
2178.609	33.74	1.88	63.48	3.91	9.82	38.43	60.5	1	13.7	3
2178.669	33.98	1.86	63.35	3.92	9.78	38.34	60.5	1	13.7	3
2178.773	34.19	1.86	63.48	3.90	9.77	38.10	60.0	1	13.5	3
2178.918	34.40	1.84	63.43	3.91	9.79	38.27	60.3	1	13.7	3
2178.978	34.37	1.85	63.41	3.92	9.79	38.44	60.6	1	13.7	3
2179.082	34.39	1.85	63.75	3.93	9.77	38.39	60.2	1	13.5	3
2179.227	34.49	1.82	62.63	3.89	9.76	37.97	60.6	1	13.5	3
2179.287	34.53	1.81	62.52	3.89	9.74	37.90	60.6	1	13.4	3
2179.391	34.77	1.80	62.42	3.88	9.67	37.57	60.2	1	13.4	3
2179.536	34.84	1.79	62.39	3.85	9.66	37.23	59.7	1	13.4	3
2179.596	34.78	1.79	62.32	3.88	9.67	37.51	60.2	1	13.2	3
2179.700	34.80	1.78	62.02	3.88	9.64	37.37	60.3	1	13.4	3
2179.845	34.46	1.83	62.91	3.90	9.74	37.94	60.3	1	13.7	3
2179.905	34.40	1.83	63.09	3.91	9.76	38.12	60.4	1	13.7	3
2180.009	34.16	1.87	63.92	3.95	9.75	38.46	60.2	1	14.0	3
2180.154	33.91	1.88	63.70	3.97	9.78	38.80	60.9	1	13.7	3
2180.214	34.04	1.87	63.53	3.93	9.78	38.48	60.6	1	13.7	3
2180.318	34.25	1.85	63.50	3.93	9.75	38.29	60.3	1	13.7	3
2180.463	34.48	1.86	63.99	3.91	9.79	38.28	59.8	1	13.7	3
2180.523	34.39	1.85	63.67	3.91	9.82	38.41	60.3	1	13.7	3
2180.627	34.42	1.86	64.03	3.92	9.80	38.41	60.0	1	13.7	3
2180.772	34.16	1.87	63.81	3.90	9.79	38.16	59.8	1	13.8	3
2180.832	34.03	1.87	63.75	3.90	9.82	38.29	60.1	1	13.8	3
2180.936	33.95	1.89	64.17	3.92	9.81	38.44	59.9	1	14.0	3
2181.081	33.71	1.89	63.75	3.93	9.80	38.55	60.5	1	14.0	3
2181.141	33.77	1.90	64.15	3.94	9.81	38.67	60.3	1	14.1	3
2181.245	33.60	1.91	64.13	3.92	9.81	38.45	60.0	1	14.0	3
2181.390	33.85	1.88	63.55	3.91	9.79	38.26	60.2	1	13.8	3
2181.450	33.80	1.89	63.86	3.93	9.80	38.46	60.2	1	14.0	3
2181.554	33.80	1.89	63.93	3.92	9.80	38.43	60.1	1	14.0	3
2181.699	33.80	1.88	63.52	3.93	9.81	38.59	60.8	1	13.8	3
2181.759	33.86	1.89	63.88	3.93	9.80	38.51	60.3	1	13.7	3
2181.863	34.03	1.87	63.71	3.93	9.76	38.33	60.2	1	13.8	3
2182.008	33.90	1.88	63.62	3.92	9.78	38.38	60.3	1	13.8	3
2182.068	33.89	1.88	63.73	3.92	9.75	38.25	60.0	1	13.8	3
2182.172	34.11	1.86	63.57	3.92	9.75	38.22	60.1	1	13.7	3
2182.317	34.17	1.86	63.47	3.94	9.77	38.44	60.6	1	13.8	3
2182.377	34.06	1.87	63.60	3.94	9.78	38.54	60.6	1	13.8	3
2182.481	33.91	1.88	63.82	3.95	9.79	38.66	60.6	1	14.0	3
2182.626	33.88	1.88	63.85	3.95	9.83	38.81	60.8	1	14.0	3
2182.686	33.80	1.90	64.26	3.95	9.83	38.85	60.4	1	14.1	3
2182.790	33.57	1.90	63.65	3.94	9.80	38.64	60.7	1	14.1	3
2182.935	33.83	1.89	64.08	3.92	9.79	38.36	59.9	1	13.8	3
2182.995	33.96	1.89	64.21	3.93	9.80	38.53	60.0	1	13.8	3
2183.099	34.05	1.87	63.71	3.93	9.81	38.60	60.6	1	13.8	3
2183.244	34.28	1.86	63.85	3.91	9.79	38.28	59.9	1	13.5	3
2183.304	34.31	1.85	63.32	3.91	9.77	38.21	60.4	1	13.7	3
2183.408	34.29	1.86	63.69	3.92	9.76	38.28	60.1	1	13.7	3
2183.553	34.14	1.88	64.08	3.93	9.83	38.66	60.3	1	13.8	3
2183.613	34.02	1.88	63.93	3.94	9.81	38.65	60.5	1	13.8	3
2183.717	34.00	1.88	63.88	3.93	9.80	38.57	60.4	1	13.8	3
2183.862	34.16	1.89	64.41	3.92	9.81	38.48	59.7	1	14.0	3
2183.922	33.94	1.89	64.05	3.93	9.82	38.61	60.3	1	14.0	3
2184.026	33.94	1.88	63.94	3.92	9.82	38.48	60.2	1	14.0	3
2184.171	33.70	1.89	63.77	3.91	9.82	38.39	60.2	1	14.0	3
2184.231	33.75	1.89	63.79	3.92	9.82	38.45	60.3	1	14.0	3
2184.335	33.74	1.89	63.76	3.91	9.83	38.49	60.4	1	14.0	3
2184.480	33.78	1.89	64.01	3.93	9.86	38.71	60.5	1	14.0	3
2184.540	33.82	1.89	63.85	3.93	9.85	38.69	60.6	1	14.0	3
2184.644	33.90	1.88	63.67	3.92	9.83	38.56	60.6	1	13.8	3
2184.789	34.10	1.87	63.89	3.93	9.83	38.60	60.4	1	13.5	3
2184.849	34.29	1.86	63.83	3.91	9.80	38.31	60.0	1	13.7	3
2184.953	34.14	1.86	63.53	3.92	9.79	38.42	60.5	1	13.7	3
2185.098	34.23	1.84	63.13	3.90	9.81	38.27	60.6	1	13.7	3
2185.158	34.11	1.86	63.45	3.91	9.79	38.28	60.3	1	13.8	3
2185.262	33.85	1.87	63.42	3.93	9.80	38.51	60.7	1	13.8	3
2185.407	34.03	1.87	63.74	3.92	9.82	38.46	60.3	1	13.7	3
2185.467	34.08	1.88	63.91	3.91	9.81	38.40	60.1	1	13.7	3
2185.571	34.28	1.86	63.73	3.90	9.79	38.14	59.8	1	13.7	3
2185.716	34.45	1.85	63.62	3.91	9.78	38.24	60.1	1	13.4	3
2185.776	34.59	1.83	63.40	3.91	9.75	38.11	60.1	1	13.5	3
2185.880	34.50	1.83	63.30	3.91	9.71	37.94	59.9	1	13.5	3
2186.025	34.80	1.82	63.26	3.87	9.71	37.57	59.4	1	13.4	3
2186.085	34.92	1.80	62.81	3.87	9.68	37.44	59.6	1	13.2	3
2186.189	34.73	1.80	62.49	3.85	9.67	37.23	59.6	1	13.2	3
2186.334	34.80	1.80	62.51	3.89	9.71	37.72	60.3	1	13.5	3
2186.394	34.57	1.81	62.69	3.90	9.74	37.96	60.6	1	13.7	3
2186.498	34.25	1.86	63.63	3.93	9.82	38.57	60.6	1	13.8	3
2186.643	34.01	1.89	64.22	3.90	9.87	38.47	59.9	1	14.0	3
2186.703	33.66	1.89	63.74	3.90	9.84	38.38	60.2	1	14.1	3
2186.807	33.69	1.90	63.96	3.92	9.85	38.57	60.3	1	13.8	3
2186.952	33.76	1.88	63.49	3.92	9.84	38.56	60.7	1	13.8	3
2187.012	33.85	1.89	63.86	3.91	9.84	38.48	60.3	1	13.7	3
2187.116	34.12	1.87	63.75	3.91	9.81	38.36	60.2	1	13.7	3
2187.261	34.13	1.87	63.73	3.93	9.80	38.47	60.4	1	13.8	3
2187.321	33.91	1.87	63.54	3.93	9.80	38.52	60.6	1	14.0	3
2187.425	33.98	1.88	63.85	3.92	9.84	38.53	60.3	1	13.8	3
2187.570	34.34	1.87	64.07	3.94	9.80	38.61	60.3	1	13.5	3
2187.630	34.36	1.85	63.41	3.91	9.78	38.25	60.3	1	13.5	3
2187.734	34.27	1.86	63.58	3.91	9.79	38.27	60.2	1	13.7	3
2187.879	34.22	1.85	63.46	3.89	9.80	38.16	60.1	1	13.7	3
2187.939	34.22	1.86	63.68	3.88	9.79	38.03	59.7	1	13.7	3
2188.043	34.18	1.86	63.61	3.89	9.80	38.14	60.0	1	13.7	3
2188.188	34.16	1.88	64.10	3.90	9.80	38.21	59.6	1	13.7	3
2188.248	34.09	1.87	63.84	3.91	9.81	38.32	60.0	1	13.8	3
2188.352	34.11	1.86	63.49	3.91	9.82	38.41	60.5	1	13.7	3
2188.497	34.03	1.86	63.19	3.90	9.83	38.34	60.7	1	13.7	3
2188.557	34.10	1.86	63.37	3.90	9.82	38.33	60.5	1	13.7	3
2188.661	34.06	1.86	63.26	3.91	9.83	38.48	60.8	1	13.8	3
2188.806	33.89	1.88	63.72	3.91	9.85	38.54	60.5	1	13.8	3
2188.866	33.76	1.89	63.79	3.91	9.84	38.53	60.4	1	14.0	3
2188.970	33.81	1.87	63.37	3.93	9.85	38.73	61.1	1	14.0	3
2189.115	33.77	1.89	63.75	3.89	9.83	38.25	60.0	1	14.1	3
2189.175	33.55	1.90	63.71	3.90	9.82	38.33	60.2	1	14.1	3
2189.279	33.33	1.90	63.46	3.89	9.83	38.28	60.3	1	14.1	3
2189.424	33.19	1.91	63.34	3.89	9.86	38.40	60.6	1	14.1	3
2189.484	33.14	1.92	63.52	3.89	9.84	38.32	60.3	1	14.3	3
2189.588	32.88	1.93	63.30	3.88	9.75	37.89	59.9	1	14.3	3
2189.733	33.09	1.91	63.30	3.94	9.82	38.75	61.2	1	14.1	3
2189.793	33.08	1.90	63.01	3.94	9.81	38.69	61.4	1	14.1	3
2189.897	32.80	1.92	62.91	3.91	9.84	38.47	61.2	1	14.1	3
2190.042	33.34	1.90	63.45	3.91	9.81	38.36	60.5	1	13.8	3
2190.102	33.47	1.89	63.30	3.87	9.83	38.08	60.2	1	13.8	3
2190.206	33.70	1.89	63.65	3.89	9.84	38.25	60.1	1	13.8	3
2190.351	33.82	1.88	63.69	3.92	9.84	38.54	60.5	1	13.8	3
2190.411	33.67	1.89	63.71	3.91	9.86	38.57	60.5	1	14.0	3
2190.515	33.74	1.89	63.71	3.91	9.85	38.52	60.5	1	13.8	3
2190.660	33.87	1.87	63.45	3.90	9.84	38.33	60.4	1	13.8	3
2190.720	33.81	1.88	63.68	3.90	9.84	38.44	60.4	1	13.8	3
2190.824	33.85	1.88	63.62	3.90	9.85	38.36	60.3	1	13.8	3
2190.969	33.72	1.88	63.57	3.90	9.82	38.36	60.3	1	13.8	3
2191.029	33.77	1.89	63.79	3.89	9.85	38.34	60.1	1	13.8	3
2191.133	33.80	1.89	63.98	3.90	9.86	38.40	60.0	1	13.8	3
2191.278	33.69	1.91	64.44	3.89	9.87	38.33	59.5	1	14.1	3
2191.338	33.39	1.91	63.86	3.88	9.85	38.24	59.9	1	14.1	3
2191.442	33.64	1.91	64.18	3.88	9.87	38.24	59.6	1	14.0	3
2191.587	33.65	1.90	63.83	3.88	9.87	38.26	59.9	1	14.0	3
2191.647	33.61	1.90	63.83	3.87	9.86	38.21	59.9	1	14.0	3
2191.751	33.58	1.90	63.68	3.90	9.86	38.44	60.4	1	14.0	3
2191.896	33.37	1.90	63.56	3.89	9.86	38.37	60.4	1	14.1	3
2191.956	33.17	1.91	63.23	3.89	9.86	38.32	60.6	1	14.1	3
2192.060	32.89	1.92	63.18	3.86	9.86	38.05	60.2	1	14.1	3
2192.205	32.96	1.92	63.17	3.89	9.86	38.30	60.6	1	14.1	3
2192.265	33.02	1.92	63.51	3.88	9.83	38.17	60.1	1	14.0	3
2192.369	33.29	1.89	63.07	3.91	9.85	38.55	61.1	1	13.8	3
2192.514	33.35	1.90	63.36	3.89	9.87	38.36	60.5	1	14.1	3
2192.574	33.15	1.91	63.29	3.90	9.86	38.45	60.7	1	14.1	3
2192.678	33.34	1.91	63.81	3.92	9.84	38.55	60.4	1	13.8	3
2192.823	33.50	1.89	63.21	3.91	9.85	38.48	60.9	1	14.0	3
2192.883	33.52	1.89	63.49	3.91	9.86	38.53	60.7	1	14.0	3
2192.987	33.18	1.91	63.36	3.91	9.82	38.45	60.7	1	14.3	3
2193.132	33.28	1.91	63.58	3.89	9.82	38.16	60.0	1	14.0	3
2193.192	33.53	1.90	63.58	3.88	9.84	38.19	60.1	1	13.8	3
2193.296	33.92	1.88	63.91	3.91	9.84	38.52	60.3	1	13.7	3
2193.441	33.92	1.86	62.95	3.89	9.84	38.33	60.9	1	13.7	3
2193.501	34.05	1.85	63.09	3.87	9.82	37.98	60.2	1	13.5	3
2193.605	34.36	1.84	63.20	3.86	9.80	37.77	59.8	1	13.5	3
2193.750	34.13	1.86	63.58	3.88	9.83	38.15	60.0	1	13.8	3
2193.810	34.04	1.87	63.60	3.91	9.84	38.45	60.4	1	13.8	3
2193.914	33.90	1.88	63.75	3.90	9.83	38.36	60.2	1	13.8	3
2194.059	33.84	1.89	63.81	3.90	9.86	38.48	60.3	1	13.8	3
2194.119	33.82	1.87	63.35	3.92	9.85	38.58	60.9	1	13.8	3
2194.223	33.91	1.87	63.32	3.91	9.83	38.48	60.8	1	13.7	3
2194.368	34.34	1.85	63.61	3.87	9.80	37.96	59.7	1	13.5	3
2194.428	34.37	1.85	63.73	3.87	9.81	37.98	59.6	1	13.5	3
2194.532	34.39	1.85	63.70	3.90	9.79	38.20	60.0	1	13.5	3
2194.677	34.26	1.84	63.12	3.89	9.81	38.13	60.4	1	13.7	3
2194.737	34.25	1.85	63.28	3.89	9.82	38.19	60.4	1	13.7	3
2194.841	34.15	1.86	63.51	3.89	9.83	38.23	60.2	1	13.7	3
2194.986	33.76	1.89	63.79	3.89	9.86	38.34	60.1	1	13.8	3
2195.046	33.69	1.90	64.07	3.89	9.86	38.33	59.8	1	14.0	3
2195.150	33.35	1.90	63.48	3.87	9.88	38.25	60.2	1	14.0	3
2195.295	33.50	1.89	63.27	3.89	9.90	38.49	60.8	1	14.0	3
2195.355	33.47	1.90	63.48	3.89	9.89	38.44	60.6	1	14.1	3
2195.459	33.36	1.90	63.28	3.89	9.85	38.34	60.6	1	14.0	3
2195.604	33.68	1.90	63.91	3.89	9.87	38.43	60.1	1	13.8	3
2195.664	33.81	1.89	63.98	3.88	9.87	38.34	59.9	1	13.7	3
2195.768	34.02	1.88	63.87	3.89	9.88	38.46	60.2	1	13.7	3
2195.913	34.26	1.87	64.01	3.88	9.86	38.23	59.7	1	13.5	3
2195.973	34.32	1.85	63.45	3.86	9.82	37.92	59.8	1	13.7	3
2196.077	34.19	1.86	63.45	3.87	9.86	38.18	60.2	1	13.7	3
2196.222	34.03	1.87	63.52	3.90	9.85	38.44	60.5	1	13.8	3
2196.282	34.04	1.86	63.44	3.87	9.85	38.12	60.1	1	13.7	3
2196.386	34.14	1.86	63.52	3.88	9.84	38.16	60.1	1	13.7	3
2196.531	33.98	1.86	63.18	3.94	9.81	38.62	61.1	1	13.8	3
2196.591	33.91	1.88	63.71	3.94	9.81	38.60	60.6	1	13.8	3
2196.695	33.78	1.90	64.11	3.95	9.79	38.64	60.3	1	14.1	3
2196.840	33.33	1.92	64.03	3.97	9.78	38.80	60.6	1	14.1	3
2196.900	33.31	1.92	64.04	3.96	9.76	38.65	60.4	1	14.3	3
2197.004	33.19	1.93	63.92	4.00	9.68	38.74	60.6	1	14.4	3
2197.149	33.91	1.88	63.70	4.22	9.43	39.75	62.4	1	14.4	3
2197.209	34.29	1.84	63.04	4.37	9.09	39.71	63.0	1	14.6	3
2197.313	34.41	1.82	62.72	4.37	9.14	39.95	63.7	1	14.6	3
2197.458	32.65	1.92	62.59	4.12	9.46	38.93	62.2	1	14.7	3
2197.518	32.33	1.92	62.18	4.09	9.48	38.72	62.3	1	14.6	3
2197.622	32.61	1.92	62.72	4.04	9.57	38.68	61.7	1	14.6	3
2197.767	33.17	1.91	63.45	4.08	9.60	39.13	61.7	1	14.3	3
2197.827	33.44	1.90	63.58	4.06	9.60	38.96	61.3	1	14.1	3
2197.931	33.89	1.88	63.70	4.09	9.58	39.20	61.5	1	14.1	3
2198.076	34.60	1.78	61.44	4.28	9.02	38.62	62.9	1	14.3	3
2198.136	35.45	1.62	57.35	4.59	8.15	37.38	65.2	1	14.3	3
2198.240	35.67	1.58	56.47	4.59	8.05	36.94	65.4	1	14.0	3
2198.385	35.62	1.59	56.59	4.54	8.11	36.86	65.1	1	14.0	3
2198.445	35.40	1.67	59.10	4.41	8.56	37.76	63.9	1	13.8	3
2198.549	35.74	1.54	54.98	4.51	7.95	35.88	65.3	1	13.7	3
2198.694	36.20	1.42	51.51	4.64	7.28	33.75	65.5	1	13.7	3
2198.754	36.31	1.40	50.90	4.62	7.30	33.75	66.3	1	13.8	3
2198.858	26.47	2.09	55.32	4.78	6.75	32.26	58.3	1	36.3	3
2199.003	9.98	4.14	41.33	3.40	4.94	16.80	40.6	1	55.0	3
2199.063	7.70	4.43	34.12	2.97	4.98	14.78	43.3	1	40.0	3
2199.167	8.82	4.57	40.29	3.28	6.43	21.05	52.3	1	30.0	3
2199.312	20.75	2.65	55.08	3.62	7.23	26.21	47.6	1	10.0	3
2199.372	28.54	1.85	52.74	3.45	6.87	23.73	45.0	1	10.0	3
2199.476	34.27	1.25	42.94	3.32	6.60	21.95	51.1	1	10.0	3
2199.621	33.09	1.57	51.98	3.98	7.71	30.68	59.0	1	18.0	3
2199.681	30.18	1.75	52.70	4.06	7.78	31.60	60.0	1	13.0	3
2199.785	34.75	1.21	41.96	3.62	6.75	24.43	58.2	1	10.0	3
2199.930	27.45	1.87	51.20	3.80	7.05	26.80	52.3	1	32.5	3
2199.990	18.83	3.16	59.49	3.76	6.93	26.07	43.8	1	47.5	3
2200.094	8.99	4.20	37.78	2.71	5.02	13.62	36.1	1	52.5	3
2200.239	8.72	4.56	39.73	3.26	6.49	21.13	53.2	1	30.0	3
2200.299	11.89	3.83	45.51	3.47	7.09	24.58	54.0	1	25.0	3
2200.403	22.03	2.51	55.23	3.51	7.37	25.86	46.8	1	10.0	3
2200.548	34.10	1.30	44.27	3.23	6.99	22.56	51.0	1	10.0	3
2200.608	35.25	1.26	44.36	3.39	7.22	24.45	55.1	1	14.0	3
2200.712	31.56	1.63	51.52	3.82	7.94	30.31	58.8	1	18.0	3
2200.857	34.31	1.29	44.26	3.42	7.31	24.96	56.4	1	10.0	3
2200.917	35.57	1.17	41.68	3.35	7.13	23.85	57.2	1	10.0	3
2201.021	25.49	2.22	56.61	3.63	7.63	27.70	48.9	1	35.0	3
2201.166	9.21	4.18	38.46	2.47	5.27	13.02	33.9	1	55.0	3
2201.226	7.30	4.44	32.42	2.46	5.14	12.63	39.0	1	40.0	3
2201.330	9.24	4.48	41.43	3.22	6.67	21.48	51.8	1	27.5	3
2201.475	20.51	2.67	54.68	3.56	7.34	26.11	47.7	1	10.0	3
2201.535	28.30	1.87	53.00	3.38	7.07	23.89	45.1	1	10.0	3
2201.639	34.31	1.26	43.23	3.26	6.79	22.09	51.1	1	10.0	3
2201.784	32.65	1.57	51.39	3.85	7.88	30.32	59.0	1	18.0	3
2201.844	28.96	1.75	50.59	3.79	7.89	29.91	59.1	1	13.0	3
2201.948	34.59	1.24	43.03	3.42	7.16	24.52	57.0	1	10.0	3
2202.093	26.86	1.97	52.94	3.60	7.50	26.96	50.9	1	32.5	3
2202.153	18.19	3.24	58.86	3.42	7.20	24.58	41.8	1	47.5	3
2202.257	8.39	4.23	35.49	2.41	5.10	12.30	34.7	1	52.5	3
2202.402	8.75	4.57	39.97	3.12	6.48	20.20	50.5	1	30.0	3
2202.462	11.94	3.82	45.62	3.40	7.06	24.00	52.6	1	25.0	3
2202.566	22.20	2.50	55.44	3.49	7.32	25.55	46.1	1	10.0	3
2202.711	34.24	1.29	44.22	3.26	6.85	22.35	50.5	1	10.0	3
2202.771	35.37	1.25	44.10	3.40	7.12	24.21	54.9	1	14.0	3
2202.875	31.73	1.63	51.65	3.83	7.90	30.23	58.5	1	18.0	3
2203.020	34.24	1.27	43.52	3.47	7.20	24.96	57.4	1	10.0	3
2203.080	35.64	1.13	40.20	3.35	6.98	23.38	58.2	1	10.0	3
2203.184	25.59	2.18	55.85	3.69	7.50	27.63	49.5	1	35.0	3
2203.329	8.69	4.22	36.66	2.51	5.07	12.74	34.8	1	52.5	3
2203.389	7.46	4.45	33.20	2.63	5.29	13.91	41.9	1	40.0	3
2203.492	9.29	4.48	41.58	3.32	6.61	21.92	52.7	1	27.5	3
2203.637	22.40	2.46	55.20	3.58	7.20	25.82	46.8	1	10.0	3
2203.697	28.51	1.84	52.44	3.46	6.91	23.89	45.6	1	10.0	3
2203.801	34.43	1.23	42.24	3.30	6.61	21.83	51.7	1	10.0	3
2203.946	32.89	1.56	51.44	3.96	7.73	30.62	59.5	1	18.0	3
2204.006	29.37	1.75	51.27	3.93	7.81	30.71	59.9	1	13.0	3
2204.110	34.77	1.22	42.28	3.48	7.03	24.47	57.9	1	10.0	3
2204.255	27.32	1.93	52.68	3.69	7.31	26.98	51.2	1	32.5	3
2204.315	18.62	3.19	59.38	3.58	7.05	25.22	42.5	1	47.5	3
2204.419	8.21	4.27	35.03	2.58	4.94	12.72	36.3	1	50.0	3
2204.564	9.09	4.54	41.24	3.37	6.45	21.74	52.7	1	30.0	3
2204.624	12.14	3.75	45.53	3.61	6.90	24.89	54.7	1	25.0	3
2204.728	23.95	2.29	54.74	3.64	7.02	25.56	46.7	1	10.0	3
2204.873	34.27	1.26	43.30	3.33	6.65	22.15	51.2	1	10.0	3
2204.933	35.48	1.21	42.94	3.47	6.82	23.70	55.2	1	14.0	3
2205.037	32.27	1.58	51.03	3.98	7.65	30.46	59.7	1	18.0	3
2205.182	34.76	1.23	42.62	3.63	6.87	24.89	58.4	1	10.0	3
2205.242	35.93	1.09	39.05	3.47	6.62	23.01	58.9	1	10.0	3
2205.346	26.89	1.94	52.16	4.17	6.84	28.55	54.7	1	35.0	3
2205.491	9.92	4.15	41.13	3.66	4.86	17.79	43.3	1	52.5	3
2205.551	8.90	4.40	39.18	3.95	5.13	20.28	51.8	1	40.0	3
2205.655	10.94	4.35	47.57	4.54	6.35	28.84	60.6	1	27.5	3
2205.800	22.87	2.42	55.25	3.88	6.96	27.01	48.9	1	10.0	3
2205.860	29.77	1.70	50.48	3.59	6.54	23.52	46.6	1	10.0	3
2205.964	34.81	1.16	40.44	3.41	6.19	21.08	52.1	1	10.0	3
2206.109	32.74	1.55	50.84	4.10	7.44	30.50	60.0	1	18.0	3
2206.169	31.22	1.67	52.25	4.19	7.60	31.87	61.0	1	10.5	3
2206.273	35.17	1.15	40.28	3.66	6.54	23.96	59.5	1	10.0	3
2206.418	26.26	2.06	54.02	3.95	7.03	27.79	51.5	1	35.0	3
2206.478	17.65	3.29	58.02	3.77	6.63	25.00	43.1	1	50.0	3
2206.582	8.78	4.24	37.23	3.04	4.83	14.69	39.5	1	50.0	3
2206.727	9.96	4.42	43.98	3.84	6.49	24.94	56.7	1	27.5	3
2206.787	12.50	3.67	45.88	3.87	6.67	25.81	56.2	1	25.0	3
2206.891	24.54	2.20	53.90	3.84	6.61	25.36	47.1	1	10.0	3
2207.036	34.57	1.17	40.38	3.48	6.06	21.09	52.2	1	10.0	3
2207.096	35.69	1.13	40.49	3.61	6.29	22.72	56.1	1	14.0	3
2207.200	32.48	1.58	51.29	4.22	7.34	30.98	60.4	1	18.0	3
2207.345	28.04	1.87	52.33	4.37	7.60	33.21	63.5	1	18.0	3
2207.405	27.27	1.91	52.03	4.37	7.61	33.26	63.9	1	18.1	3
2207.509	26.79	1.93	51.78	4.39	7.66	33.66	65.0	1	18.0	3
2207.654	26.58	1.94	51.52	4.40	7.69	33.85	65.7	1	18.0	3
2207.714	26.61	1.94	51.69	4.41	7.73	34.10	66.0	1	18.0	3
2207.818	26.91	1.96	52.66	4.47	7.73	34.52	65.6	1	17.9	3
2207.963	28.61	1.95	55.73	4.75	7.82	37.19	66.7	1	17.6	3
2208.023	29.34	1.94	56.98	4.85	7.88	38.23	67.1	1	17.4	3
2208.127	30.09	1.94	58.28	4.94	7.89	38.97	66.9	1	17.4	3
2208.272	33.00	1.86	61.42	5.45	7.80	42.55	69.3	1	17.1	3
2208.332	34.15	1.77	60.39	5.71	7.43	42.38	70.2	1	17.0	3
2208.436	35.01	1.71	59.76	5.89	7.10	41.79	69.9	1	17.0	3
2208.581	35.58	1.60	56.79	6.11	6.54	39.93	70.3	1	17.0	3
2208.641	35.72	1.57	56.05	6.11	6.53	39.91	71.2	1	17.1	3
2208.745	35.65	1.58	56.26	6.12	6.60	40.37	71.8	1	17.1	3
2208.890	35.81	1.53	54.86	6.20	6.37	39.49	72.0	1	17.0	3
2208.950	35.79	1.51	53.88	6.22	6.30	39.18	72.7	1	17.1	3
2209.054	35.65	1.54	55.04	6.25	6.30	39.39	71.6	1	17.4	3
2209.199	35.56	1.62	57.70	6.31	6.47	40.86	70.8	1	17.7	3
2209.259	35.63	1.64	58.60	6.37	6.44	41.07	70.1	1	17.9	3
2209.363	35.23	1.68	59.03	6.42	6.58	42.20	71.5	1	18.0	3
2209.508	35.61	1.60	56.80	6.55	6.28	41.11	72.4	1	17.7	3
2209.568	35.64	1.60	57.18	6.52	6.32	41.18	72.0	1	17.9	3
2209.672	35.59	1.58	56.39	6.51	6.30	41.01	72.7	1	17.7	3
2209.817	35.43	1.63	57.84	6.48	6.46	41.87	72.4	1	18.1	3
2209.877	35.46	1.64	58.17	6.56	6.38	41.84	71.9	1	18.1	3
2209.981	35.13	1.69	59.50	6.58	6.59	43.37	72.9	1	18.3	3
2210.126	35.10	1.71	60.01	6.70	6.43	43.06	71.8	1	18.3	3
2210.186	35.11	1.71	59.89	6.68	6.43	42.93	71.7	1	18.4	3
2210.290	35.28	1.67	59.05	6.83	6.15	42.04	71.2	1	18.6	3
2210.435	35.05	1.71	60.05	6.76	6.35	42.93	71.5	1	18.3	3
2210.495	35.19	1.71	60.18	6.64	6.67	44.35	73.7	1	18.1	3
2210.599	35.18	1.69	59.28	6.72	6.36	42.75	72.1	1	18.3	3
2210.744	35.12	1.72	60.42	6.63	6.60	43.73	72.4	1	18.4	3
2210.804	35.42	1.67	59.15	6.73	6.48	43.59	73.7	1	18.3	3
2210.908	35.20	1.70	59.98	6.74	6.42	43.26	72.1	1	18.3	3
2211.053	35.21	1.70	59.94	6.67	6.62	44.13	73.6	1	18.3	3
2211.113	35.30	1.66	58.65	6.78	6.30	42.71	72.8	1	18.4	3
2211.217	35.18	1.68	59.12	6.69	6.54	43.77	74.0	1	18.3	3
2211.362	35.43	1.64	58.18	6.68	6.42	42.87	73.7	1	18.1	3
2211.422	35.25	1.69	59.46	6.61	6.56	43.33	72.9	1	18.1	3
2211.526	35.39	1.70	60.03	6.71	6.31	42.34	70.5	1	18.3	3
2211.671	35.06	1.72	60.30	6.70	6.41	42.92	71.2	1	18.3	3
2211.731	35.26	1.69	59.56	6.67	6.48	43.19	72.5	1	18.1	3
2211.835	35.41	1.66	58.94	6.69	6.29	42.11	71.4	1	18.1	3
2211.980	35.39	1.71	60.37	6.68	6.66	44.47	73.7	1	18.4	3
2212.040	35.35	1.70	60.11	6.80	6.15	41.85	69.6	1	18.6	3
2212.144	35.18	1.72	60.58	6.70	6.60	44.24	73.0	1	18.6	3
2212.289	35.11	1.69	59.31	6.84	6.19	42.37	71.4	1	18.6	3
2212.349	34.81	1.73	60.30	6.76	6.53	44.16	73.2	1	18.4	3
2212.453	34.92	1.75	60.95	6.74	6.48	43.64	71.6	1	18.6	3
2212.598	35.14	1.73	60.70	6.87	6.09	41.81	68.9	1	18.6	3
2212.658	35.02	1.74	60.81	6.71	6.62	44.48	73.1	1	18.4	3
2212.762	34.92	1.74	60.75	6.73	6.63	44.62	73.4	1	18.7	3
2212.907	35.10	1.70	59.60	6.78	6.50	44.07	74.0	1	18.4	3
2212.967	34.98	1.73	60.38	6.75	6.49	43.79	72.5	1	18.4	3
2213.071	34.98	1.70	59.56	6.73	6.50	43.78	73.5	1	18.4	3
2213.216	35.01	1.73	60.45	6.70	6.64	44.47	73.6	1	18.4	3
2213.276	35.09	1.74	61.01	6.71	6.58	44.17	72.4	1	18.3	3
2213.380	35.19	1.72	60.39	6.70	6.48	43.39	71.8	1	18.4	3
2213.525	35.05	1.71	59.91	6.71	6.53	43.84	73.2	1	18.4	3
2213.585	35.01	1.73	60.51	6.65	6.74	44.83	74.1	1	18.6	3
2213.689	34.84	1.74	60.62	6.71	6.64	44.52	73.4	1	18.9	3
2213.834	34.63	1.78	61.74	6.78	6.62	44.85	72.6	1	19.0	3
2213.894	34.70	1.75	60.88	6.80	6.50	44.21	72.6	1	18.9	3
2213.998	34.96	1.74	60.84	6.84	6.43	43.97	72.3	1	18.7	3
2214.143	34.71	1.77	61.40	6.82	6.49	44.23	72.0	1	18.9	3
2214.203	34.87	1.77	61.88	6.81	6.67	45.42	73.4	1	19.0	3
2214.307	34.67	1.76	61.18	6.81	6.62	45.10	73.7	1	19.0	3
2214.452	34.83	1.78	61.88	6.89	6.35	43.74	70.7	1	18.9	3
2214.512	34.49	1.80	62.17	6.74	6.71	45.22	72.7	1	18.7	3
2214.616	34.64	1.79	61.83	6.77	6.56	44.36	71.8	1	18.9	3
2214.761	34.31	1.80	61.92	6.81	6.47	44.04	71.1	1	18.9	3
2214.821	34.44	1.80	61.86	6.69	6.91	46.25	74.8	1	18.7	3
2214.925	34.65	1.78	61.56	6.84	6.45	44.15	71.7	1	18.9	3
2215.070	34.39	1.79	61.51	6.89	6.28	43.27	70.3	1	18.9	3
2215.130	34.55	1.78	61.52	6.75	6.77	45.72	74.3	1	18.9	3
2215.234	34.51	1.80	62.14	6.82	6.68	45.59	73.4	1	19.2	3
2215.379	33.85	1.84	62.40	6.86	6.70	46.00	73.7	1	19.5	3
2215.439	33.96	1.82	61.96	6.85	6.84	46.85	75.6	1	19.5	3
2215.543	33.89	1.86	62.99	6.93	6.60	45.70	72.5	1	19.5	3
2215.688	34.26	1.82	62.43	7.02	6.34	44.51	71.3	1	19.5	3
2215.748	33.95	1.84	62.51	7.04	5.97	42.05	67.3	1	19.6	3
2215.852	33.28	1.88	62.51	7.03	6.12	43.03	68.8	1	19.6	3
2215.997	33.22	1.89	62.90	6.82	6.88	46.92	74.6	1	19.5	3
2216.057	33.14	1.90	63.00	6.71	7.06	47.39	75.2	1	19.3	3
2216.161	33.55	1.87	62.89	6.67	7.37	49.16	78.2	1	19.3	3
2216.306	33.83	1.87	63.35	6.69	7.53	50.35	79.5	1	19.5	3
2216.366	33.77	1.87	63.13	6.71	7.56	50.73	80.4	1	19.6	3
2216.470	33.52	1.88	62.97	6.68	7.62	50.87	80.8	1	19.6	3
2216.615	33.81	1.86	62.95	6.72	7.60	51.09	81.2	1	19.5	3
2216.675	33.75	1.88	63.29	6.70	7.63	51.17	80.9	1	19.5	3
2216.779	33.76	1.86	62.71	6.71	7.63	51.19	81.6	1	19.5	3
2216.924	33.45	1.88	62.92	6.64	7.62	50.61	80.4	1	19.5	3
2216.984	33.25	1.88	62.49	6.64	7.60	50.47	80.8	1	19.5	3
2217.088	33.85	1.84	62.19	6.68	7.54	50.38	81.0	1	19.3	3
2217.233	34.31	1.81	62.00	6.91	6.81	47.04	75.9	1	19.5	3
2217.293	34.15	1.85	63.07	6.97	6.49	45.22	71.7	1	19.6	3
2217.397	33.53	1.89	63.34	6.99	6.20	43.32	68.4	1	19.9	3
2217.542	33.07	1.93	63.84	7.03	6.44	45.33	71.0	1	19.6	3
2217.602	33.17	1.92	63.80	6.96	6.73	46.82	73.4	1	19.6	3
2217.706	33.19	1.92	63.62	6.88	6.87	47.30	74.4	1	19.5	3
2217.851	33.59	1.89	63.52	7.02	6.35	44.58	70.2	1	19.5	3
2217.911	33.95	1.87	63.56	7.05	6.29	44.38	69.8	1	19.5	3
2218.015	34.42	1.82	62.77	7.12	6.29	44.79	71.4	1	19.6	3
2218.160	34.58	1.81	62.48	6.97	6.75	47.06	75.3	1	19.5	3
2218.220	34.42	1.82	62.72	6.88	7.04	48.42	77.2	1	19.3	3
2218.324	34.16	1.85	63.17	6.73	7.39	49.72	78.7	1	19.2	3
2218.469	33.80	1.85	62.60	7.02	6.18	43.37	69.3	1	19.3	3
2218.529	34.26	1.82	62.41	7.12	5.91	42.06	67.4	1	19.3	3
2218.633	34.72	1.77	61.48	7.09	6.01	42.65	69.4	1	19.2	3
2218.778	34.38	1.82	62.54	6.88	7.17	49.34	78.9	1	19.6	3
2218.838	33.93	1.86	63.21	6.83	7.35	50.19	79.4	1	19.6	3
2218.942	33.27	1.90	63.13	6.95	6.66	46.26	73.3	1	19.8	3
2219.087	33.54	1.89	63.49	6.98	6.58	45.98	72.4	1	20.1	3
2219.147	33.21	1.90	62.98	6.88	6.97	47.96	76.1	1	19.9	3
2219.251	32.62	1.89	61.50	6.93	6.45	44.68	72.6	1	20.1	3
2219.396	33.82	1.85	62.57	7.05	6.40	45.13	72.1	1	19.8	3
2219.456	33.83	1.86	62.93	6.93	6.94	48.10	76.4	1	19.6	3
2219.560	33.51	1.88	63.06	6.86	7.09	48.66	77.2	1	19.5	3
2219.705	34.02	1.87	63.72	6.97	6.15	42.90	67.3	1	19.3	3
2219.765	34.21	1.86	63.80	6.97	5.95	41.48	65.0	1	19.3	3
2219.869	34.24	1.87	64.08	6.95	5.95	41.33	64.5	1	19.3	3
2220.014	34.05	1.88	63.89	6.80	6.73	45.82	71.7	1	19.2	3
2220.074	34.37	1.83	62.78	6.76	6.96	47.09	75.0	1	19.3	3
2220.178	34.31	1.81	62.13	6.88	6.19	42.59	68.6	1	19.3	3
2220.323	34.29	1.80	61.73	6.86	6.84	46.87	75.9	1	19.3	3
2220.383	34.40	1.81	62.26	6.95	6.44	44.77	71.9	1	19.3	3
2220.487	33.66	1.88	63.15	6.88	6.68	45.97	72.8	1	19.6	3
2220.632	33.63	1.88	63.21	6.82	7.58	51.72	81.8	1	19.8	3
2220.692	33.93	1.85	62.92	6.87	7.49	51.49	81.8	1	19.8	3
2220.796	34.07	1.83	62.51	6.94	7.05	48.88	78.2	1	19.6	3
2220.941	34.04	1.83	62.26	7.04	6.74	47.46	76.2	1	19.8	3
2221.001	33.79	1.83	61.89	7.03	6.74	47.37	76.5	1	19.9	3
2221.105	34.10	1.81	61.71	7.07	6.71	47.44	76.9	1	19.9	3
2221.250	33.68	1.85	62.45	7.25	5.96	43.24	69.2	1	20.2	3
2221.310	33.30	1.86	62.05	7.26	5.73	41.54	67.0	1	20.1	3
2221.414	32.59	1.90	61.95	7.03	6.18	43.46	70.2	1	20.1	3
2221.559	32.64	1.90	62.18	6.98	6.58	45.94	73.9	1	20.2	3
2221.619	32.26	1.92	61.86	7.00	6.27	43.89	71.0	1	20.4	3
2221.723	32.38	1.92	62.15	6.89	7.04	48.51	78.0	1	20.2	3
2221.868	32.00	1.92	61.57	6.89	6.70	46.15	75.0	1	20.4	3
2221.928	32.08	1.92	61.44	6.89	6.65	45.83	74.6	1	20.2	3
2222.032	31.94	1.93	61.75	6.85	6.88	47.14	76.3	1	20.2	3
2222.177	32.58	1.93	62.73	6.96	6.48	45.09	71.9	1	19.9	3
2222.237	32.56	1.90	61.90	6.88	6.94	47.73	77.1	1	20.1	3
2222.341	32.69	1.90	62.22	6.95	6.52	45.32	72.8	1	20.1	3
2222.486	32.77	1.91	62.64	6.99	6.62	46.28	73.9	1	20.2	3
2222.546	32.23	1.93	62.05	6.95	6.41	44.59	71.9	1	20.2	3
2222.650	32.51	1.91	62.09	6.92	6.56	45.35	73.0	1	20.1	3
2222.795	32.51	1.91	62.23	6.92	6.53	45.16	72.6	1	19.9	3
2222.855	32.86	1.90	62.54	6.91	6.70	46.27	74.0	1	19.8	3
2222.959	33.36	1.89	63.10	6.92	6.87	47.57	75.4	1	19.6	3
2223.104	33.54	1.87	62.84	6.86	6.86	47.03	74.8	1	19.6	3
2223.164	33.72	1.86	62.86	6.97	6.55	45.65	72.6	1	19.6	3
2223.268	33.45	1.89	63.31	6.90	6.98	48.19	76.1	1	19.8	3
2223.413	33.51	1.86	62.37	6.96	6.67	46.43	74.4	1	19.6	3
2223.473	33.67	1.85	62.15	6.99	6.47	45.25	72.8	1	19.8	3
2223.577	33.56	1.85	62.09	7.00	6.66	46.62	75.1	1	19.9	3
2223.722	33.08	1.88	62.34	6.93	6.67	46.26	74.2	1	19.9	3
2223.782	32.93	1.87	61.71	6.98	6.44	44.96	72.9	1	20.1	3
2223.886	32.71	1.90	62.19	6.92	6.76	46.78	75.2	1	20.1	3
2224.031	32.83	1.90	62.48	7.00	6.59	46.12	73.8	1	19.9	3
2224.091	32.90	1.90	62.41	6.96	6.57	45.76	73.3	1	19.9	3
2224.195	32.83	1.90	62.24	6.95	6.63	46.10	74.1	1	19.9	3
2224.340	32.97	1.91	62.97	6.95	6.66	46.26	73.5	1	19.9	3
2224.400	32.85	1.92	62.95	6.90	6.82	47.00	74.7	1	19.8	3
2224.504	33.27	1.89	62.83	6.98	6.53	45.55	72.5	1	19.6	3
2224.649	33.57	1.88	63.17	6.91	6.83	47.20	74.7	1	19.6	3
2224.709	33.75	1.87	63.20	6.95	6.63	46.10	72.9	1	19.5	3
2224.813	33.77	1.85	62.35	7.02	6.58	46.17	74.0	1	19.5	3
2224.958	33.23	1.87	62.27	6.92	6.63	45.91	73.7	1	19.8	3
2225.018	32.95	1.88	62.07	6.90	6.58	45.42	73.2	1	19.6	3
2225.122	33.26	1.87	62.13	6.86	6.72	46.14	74.3	1	19.5	3
2225.267	33.08	1.89	62.48	6.80	6.81	46.32	74.1	1	19.8	3
2225.327	33.15	1.91	63.15	6.81	6.80	46.25	73.2	1	19.9	3
2225.431	32.56	1.91	62.23	6.81	6.82	46.44	74.6	1	19.9	3
2225.576	32.66	1.90	62.06	6.82	6.79	46.30	74.6	1	20.1	3
2225.636	32.27	1.92	61.98	6.78	6.78	45.97	74.2	1	20.1	3
2225.740	32.44	1.91	62.06	6.85	6.77	46.38	74.7	1	19.9	3
2225.885	32.46	1.92	62.17	6.77	6.87	46.50	74.8	1	19.9	3
2225.945	32.78	1.91	62.69	6.83	6.93	47.33	75.5	1	19.8	3
2226.049	32.72	1.91	62.39	6.90	6.53	45.04	72.2	1	19.9	3
2226.194	32.66	1.92	62.69	6.93	6.59	45.68	72.9	1	20.1	3
2226.254	32.61	1.92	62.52	6.92	6.59	45.59	72.9	1	20.1	3
2226.358	32.56	1.92	62.53	6.84	6.77	46.30	74.1	1	19.9	3
2226.503	32.22	1.93	62.16	6.80	6.65	45.19	72.7	1	20.2	3
2226.563	32.04	1.93	61.73	6.80	6.72	45.71	74.0	1	20.1	3
2226.667	32.03	1.93	61.70	6.76	6.83	46.17	74.8	1	19.9	3
2226.812	32.76	1.91	62.64	6.81	6.60	44.99	71.8	1	19.6	3
2226.872	33.07	1.90	62.68	6.88	6.54	45.01	71.8	1	19.5	3
2226.976	33.51	1.87	62.76	6.91	6.72	46.48	74.1	1	19.3	3
2227.121	33.48	1.86	62.38	6.81	6.72	45.78	73.4	1	19.3	3
2227.181	33.73	1.87	63.05	6.84	6.85	46.88	74.3	1	19.2	3
2227.285	33.89	1.86	62.97	6.84	6.73	46.01	73.1	1	19.2	3
2227.430	34.03	1.83	62.28	6.89	6.67	45.95	73.8	1	19.3	3
2227.490	33.81	1.85	62.69	6.87	6.63	45.53	72.6	1	19.5	3
2227.594	33.36	1.86	62.18	6.82	6.80	46.40	74.6	1	19.6	3
2227.739	33.57	1.89	63.30	6.88	6.68	46.02	72.7	1	19.3	3
2227.799	33.81	1.87	63.09	6.92	6.61	45.76	72.5	1	19.3	3
2227.903	34.00	1.85	62.90	6.93	6.63	45.92	73.0	1	19.3	3
2228.048	33.60	1.85	62.09	6.86	6.70	45.96	74.0	1	19.3	3
2228.108	33.67	1.85	62.31	6.85	6.70	45.88	73.6	1	19.2	3
2228.212	33.64	1.84	62.06	6.81	6.74	45.94	74.0	1	19.3	3
2228.357	33.40	1.87	62.43	6.87	6.65	45.67	73.2	1	19.6	3
2228.417	33.10	1.87	61.88	6.81	6.66	45.41	73.4	1	19.6	3
2228.521	33.21	1.87	62.14	6.83	6.68	45.63	73.4	1	19.5	3
2228.666	33.34	1.88	62.61	6.76	6.92	46.77	74.7	1	19.3	3
2228.726	33.48	1.87	62.60	6.84	6.69	45.76	73.1	1	19.3	3
2228.830	33.70	1.86	62.59	6.81	6.84	46.63	74.5	1	19.3	3
2228.975	33.37	1.88	62.85	6.84	6.68	45.66	72.6	1	19.6	3
2229.035	33.15	1.89	62.57	6.84	6.69	45.76	73.1	1	19.6	3
2229.139	33.27	1.87	62.28	6.84	6.74	46.09	74.0	1	19.6	3
2229.284	33.05	1.87	61.93	6.76	6.88	46.54	75.1	1	19.3	3
2229.344	32.90	1.88	61.98	6.66	6.94	46.20	74.5	1	19.3	3
2229.448	33.25	1.87	62.04	6.71	6.78	45.53	73.4	1	19.3	3
2229.593	33.83	1.87	63.10	6.75	6.75	45.55	72.2	1	19.0	3
2229.653	33.77	1.88	63.56	6.68	6.90	46.09	72.5	1	19.0	3
2229.757	33.60	1.85	62.08	6.73	6.68	44.98	72.5	1	19.2	3
2229.902	33.90	1.83	62.05	6.73	6.77	45.56	73.4	1	19.0	3
2229.962	33.82	1.83	61.78	6.73	6.72	45.22	73.2	1	19.0	3
2230.066	33.76	1.85	62.33	6.74	6.84	46.15	74.0	1	19.2	3
2230.211	33.81	1.85	62.44	6.70	6.93	46.41	74.3	1	19.0	3
2230.271	33.97	1.83	62.20	6.72	6.80	45.73	73.5	1	19.0	3
2230.375	33.98	1.85	62.71	6.75	6.78	45.73	72.9	1	18.9	3
2230.520	34.05	1.82	61.94	6.73	6.81	45.85	74.0	1	18.9	3
2230.580	34.13	1.84	62.66	6.69	6.83	45.70	72.9	1	18.7	3
2230.684	34.11	1.81	61.60	6.67	6.70	44.71	72.6	1	18.7	3
2230.829	34.32	1.82	62.50	6.58	6.98	45.96	73.5	1	18.4	3
2230.889	34.31	1.81	62.02	6.56	7.03	46.14	74.4	1	18.6	3
2230.993	34.35	1.80	61.99	6.59	6.95	45.81	73.9	1	18.6	3
2231.138	34.38	1.80	62.01	6.61	6.75	44.62	72.0	1	18.6	3
2231.198	34.51	1.80	61.98	6.63	6.75	44.75	72.2	1	18.7	3
2231.302	34.38	1.82	62.71	6.59	6.88	45.36	72.3	1	18.6	3
2231.447	34.50	1.80	62.10	6.63	6.83	45.30	72.9	1	18.4	3
2231.507	34.20	1.81	61.85	6.54	6.94	45.44	73.5	1	18.4	3
2231.611	34.21	1.80	61.73	6.53	6.86	44.82	72.6	1	18.7	3
2231.756	34.36	1.81	62.20	6.56	6.92	45.36	72.9	1	18.4	3
2231.816	34.56	1.79	61.73	6.59	6.72	44.34	71.8	1	18.3	3
2231.920	34.83	1.79	62.39	6.62	6.79	44.95	72.0	1	18.4	3
2232.065	34.43	1.81	62.25	6.54	6.93	45.35	72.8	1	18.4	3
2232.125	34.34	1.81	62.07	6.54	6.90	45.14	72.7	1	18.3	3
2232.229	34.60	1.81	62.53	6.54	6.90	45.14	72.2	1	18.1	3
2232.374	34.51	1.80	62.18	6.51	6.87	44.72	71.9	1	18.4	3
2232.434	34.65	1.79	62.03	6.57	6.71	44.08	71.1	1	18.4	3
2232.538	34.51	1.79	61.64	6.59	6.75	44.45	72.1	1	18.4	3
2232.683	34.76	1.78	61.90	6.59	6.76	44.55	72.0	1	18.4	3
2232.743	34.31	1.81	62.21	6.56	6.82	44.78	72.0	1	18.6	3
2232.847	34.50	1.80	62.00	6.60	6.85	45.22	72.9	1	18.4	3
2232.992	34.54	1.78	61.65	6.59	6.88	45.32	73.5	1	18.6	3
2233.052	34.55	1.79	61.85	6.61	6.76	44.69	72.3	1	18.6	3
2233.156	34.13	1.83	62.46	6.58	6.91	45.44	72.8	1	18.7	3
2233.301	34.00	1.86	63.21	6.56	6.97	45.76	72.4	1	18.7	3
2233.361	34.25	1.83	62.58	6.61	6.89	45.56	72.8	1	18.6	3
2233.465	33.99	1.84	62.53	6.60	6.82	45.03	72.0	1	18.7	3
2233.610	33.99	1.83	62.28	6.60	6.90	45.51	73.1	1	18.7	3
2233.670	33.98	1.84	62.39	6.61	6.81	45.01	72.1	1	18.7	3
2233.774	33.52	1.87	62.60	6.57	6.81	44.79	71.5	1	19.0	3
2233.919	33.65	1.87	63.07	6.58	7.05	46.43	73.6	1	18.9	3
2233.979	33.80	1.86	62.83	6.61	7.04	46.54	74.1	1	19.0	3
2234.083	33.60	1.88	63.02	6.62	7.02	46.43	73.7	1	19.2	3
2234.228	33.47	1.89	63.20	6.61	7.10	46.99	74.4	1	19.0	3
2234.288	33.48	1.89	63.26	6.57	7.06	46.39	73.3	1	18.9	3
2234.392	33.62	1.88	63.09	6.59	7.01	46.22	73.3	1	18.9	3
2234.537	33.77	1.87	63.22	6.65	6.85	45.60	72.1	1	19.2	3
2234.597	33.34	1.89	63.07	6.59	7.06	46.53	73.8	1	19.2	3
2234.701	33.18	1.91	63.30	6.62	6.75	44.67	70.6	1	19.3	3
2234.846	33.01	1.91	63.09	6.54	7.08	46.30	73.4	1	19.3	3
2234.906	33.22	1.90	63.26	6.65	6.85	45.57	72.0	1	19.5	3
2235.010	32.97	1.91	62.82	6.64	6.88	45.74	72.8	1	19.3	3
2235.155	33.16	1.90	62.93	6.64	6.85	45.48	72.3	1	19.3	3
2235.215	32.77	1.91	62.54	6.54	6.96	45.48	72.7	1	19.2	3
2235.319	32.73	1.90	62.22	6.54	7.12	46.55	74.8	1	19.3	3
2235.464	33.18	1.90	63.19	6.60	6.99	46.13	73.0	1	19.0	3
2235.524	33.04	1.90	62.78	6.54	6.91	45.25	72.1	1	19.2	3
2235.628	33.08	1.88	62.14	6.55	6.78	44.38	71.4	1	19.2	3
2235.773	33.41	1.88	62.90	6.56	7.05	46.26	73.6	1	18.9	3
2235.833	33.31	1.89	62.92	6.54	6.86	44.85	71.3	1	18.9	3
2235.937	33.77	1.86	62.75	6.58	6.82	44.93	71.6	1	19.0	3
2236.082	33.73	1.87	63.18	6.57	6.95	45.65	72.2	1	18.7	3
2236.142	33.60	1.89	63.45	6.48	7.12	46.11	72.7	1	18.6	3
2236.246	33.96	1.86	63.01	6.50	7.14	46.37	73.6	1	18.6	3
2236.391	33.82	1.83	61.98	6.48	7.13	46.18	74.5	1	18.6	3
2236.451	33.57	1.86	62.46	6.40	7.30	46.70	74.8	1	18.7	3
2236.555	33.60	1.84	61.66	6.47	7.14	46.24	75.0	1	18.6	3
2236.700	33.61	1.87	63.01	6.32	7.39	46.71	74.1	1	18.3	3
2236.760	33.93	1.85	62.82	6.41	7.19	46.09	73.4	1	18.3	3
2236.864	33.96	1.85	62.96	6.47	6.82	44.14	70.1	1	18.3	3
2237.009	33.98	1.85	62.80	6.50	6.85	44.58	71.0	1	18.6	3
2237.069	33.94	1.83	62.21	6.53	6.84	44.62	71.7	1	18.4	3
2237.173	33.65	1.85	62.41	6.42	7.20	46.23	74.1	1	18.6	3
2237.318	33.63	1.87	62.99	6.46	7.30	47.13	74.8	1	18.7	3
2237.378	33.27	1.89	63.02	6.41	7.28	46.65	74.0	1	18.9	3
2237.482	33.11	1.92	63.64	6.52	7.10	46.33	72.8	1	19.2	3
2237.627	32.38	1.94	62.74	6.42	7.36	47.31	75.4	1	19.2	3
2237.687	32.59	1.94	63.21	6.46	7.25	46.87	74.2	1	19.3	3
2237.791	32.35	1.94	62.86	6.43	6.94	44.62	71.0	1	19.5	3
2237.936	32.35	1.94	62.78	6.53	6.80	44.36	70.7	1	19.3	3
2237.996	31.85	1.95	62.13	6.40	6.76	43.30	69.7	1	19.3	3
2238.100	31.65	1.94	61.50	6.36	7.11	45.26	73.6	1	19.3	3
2238.245	32.10	1.92	61.66	6.45	6.93	44.66	72.4	1	19.3	3
2238.305	32.12	1.94	62.16	6.47	6.91	44.65	71.8	1	19.3	3
2238.409	31.90	1.94	61.84	6.42	7.00	44.89	72.6	1	19.3	3
2238.554	32.02	1.94	62.07	6.45	6.90	44.51	71.7	1	19.5	3
2238.614	31.43	1.95	61.23	6.31	6.92	43.64	71.3	1	19.3	3
2238.718	31.65	1.94	61.52	6.33	7.27	46.04	74.8	1	19.5	3
2238.863	31.41	1.93	60.71	6.27	7.10	44.51	73.3	1	19.3	3
2238.923	31.69	1.94	61.49	6.37	7.02	44.75	72.8	1	19.5	3
