3060.592	37.26	0.22	8.26	0.42	0.39	0.16	2.0	1	23.3	7
3060.652	26.05	1.81	47.08	1.96	3.56	6.99	14.8	1	38.3	7
3060.756	11.59	3.48	40.35	2.04	3.77	7.69	19.1	1	55.0	7
3060.901	7.13	4.15	29.62	2.49	4.74	11.79	39.8	1	40.0	7
3060.961	9.38	4.05	37.99	3.03	5.82	17.63	46.4	1	25.0	7
3061.064	15.00	2.98	44.72	3.37	6.59	22.24	49.7	1	15.0	7
3061.209	32.83	1.38	45.36	3.23	6.43	20.79	45.8	1	10.0	7
3061.269	35.03	1.16	40.77	3.20	6.35	20.34	49.9	1	10.0	7
3061.373	35.84	1.42	50.88	3.77	7.49	28.21	55.4	1	16.5	7
3061.518	29.91	1.85	55.28	4.46	7.43	33.18	60.0	1	18.0	7
3061.578	30.75	1.89	58.11	4.97	7.19	35.75	61.5	1	18.0	7
3061.682	33.33	1.88	62.62	5.83	7.13	41.55	66.4	1	18.3	7
3061.827	35.68	1.65	58.86	6.72	6.02	40.42	68.7	1	18.3	7
3061.887	36.07	1.56	56.34	6.88	5.70	39.21	69.6	1	18.4	7
3061.991	36.54	1.41	51.59	7.18	4.97	35.72	69.2	1	18.3	7
3062.136	33.63	1.51	50.83	7.38	4.99	36.81	72.4	1	31.0	7
3062.196	24.73	2.38	58.87	7.32	4.74	34.75	59.0	1	46.0	7
3062.300	12.74	3.75	47.80	6.84	3.56	24.35	50.9	1	52.5	7
3062.445	13.18	3.76	49.56	7.11	4.57	32.47	65.5	1	32.5	7
3062.505	17.83	2.92	52.02	7.13	4.55	32.44	62.4	1	25.0	7
3062.609	29.60	1.61	47.81	6.64	3.29	21.87	45.7	1	10.0	7
3062.754	30.39	1.45	43.95	6.18	3.92	24.22	55.1	1	25.0	7
3062.814	29.33	1.68	49.25	6.55	4.65	30.43	61.8	1	21.0	7
3062.918	26.63	1.86	49.49	6.91	4.86	33.64	68.0	1	29.0	7
3063.063	19.61	2.14	42.06	6.77	4.19	28.37	67.4	1	25.5	7
3063.123	25.69	2.03	52.09	7.16	4.87	34.88	67.0	1	21.0	7
3063.227	31.99	1.91	61.07	7.71	5.59	43.14	70.6	1	21.1	7
3063.372	35.13	1.76	61.96	8.28	5.33	44.13	71.2	1	21.4	7
3063.432	35.41	1.74	61.74	8.46	5.16	43.64	70.7	1	21.6	7
3063.536	35.81	1.67	59.88	8.61	5.02	43.25	72.2	1	21.4	7
3063.681	36.18	1.63	59.08	8.72	4.91	42.82	72.5	1	21.4	7
3063.741	36.27	1.61	58.56	8.73	4.90	42.76	73.0	1	21.6	7
3063.845	36.31	1.60	58.06	8.79	4.81	42.28	72.8	1	21.6	7
3063.990	36.24	1.58	57.21	8.77	4.67	40.97	71.6	1	21.6	7
3064.050	36.24	1.59	57.51	8.78	4.81	42.22	73.4	1	21.6	7
3064.154	36.18	1.61	58.26	8.79	4.84	42.52	73.0	1	21.6	7
3064.299	35.95	1.64	58.80	8.85	4.83	42.69	72.6	1	21.9	7
3064.359	35.92	1.66	59.76	8.92	4.83	43.09	72.1	1	22.0	7
3064.463	35.87	1.70	61.01	9.00	4.87	43.82	71.8	1	22.2	7
3064.608	35.85	1.73	62.09	9.05	5.00	45.26	72.9	1	22.3	7
3064.668	35.63	1.74	61.97	9.13	4.81	43.98	71.0	1	22.5	7
3064.772	35.66	1.75	62.46	9.14	5.13	46.86	75.0	1	22.8	7
3064.917	35.26	1.84	64.92	9.17	5.31	48.65	74.9	1	23.1	7
3064.977	35.37	1.82	64.52	9.18	5.21	47.85	74.2	1	22.9	7
3065.081	35.32	1.82	64.20	9.31	4.98	46.40	72.3	1	23.1	7
3065.226	35.28	1.84	65.03	9.29	5.05	46.90	72.1	1	23.4	7
3065.286	35.18	1.86	65.52	9.25	5.42	50.07	76.4	1	23.5	7
3065.390	34.99	1.87	65.59	9.50	4.71	44.76	68.3	1	23.5	7
3065.535	35.11	1.87	65.55	9.39	5.29	49.67	75.8	1	23.5	7
3065.595	35.16	1.85	64.97	9.52	4.80	45.74	70.4	1	23.5	7
3065.699	35.22	1.85	65.08	9.44	5.18	48.91	75.1	1	23.4	7
3065.844	35.30	1.81	63.73	9.55	4.87	46.47	72.9	1	23.4	7
3065.904	35.30	1.83	64.44	9.48	5.11	48.47	75.2	1	23.5	7
3066.008	34.93	1.84	64.25	9.51	4.96	47.15	73.4	1	23.7	7
3066.153	35.12	1.86	65.43	9.56	4.84	46.30	70.8	1	23.4	7
3066.213	35.41	1.81	64.23	9.54	4.95	47.22	73.5	1	23.2	7
3066.317	35.21	1.84	64.62	9.46	5.22	49.35	76.4	1	23.5	7
3066.462	34.90	1.86	64.92	9.52	5.04	47.93	73.8	1	23.7	7
3066.522	34.62	1.89	65.37	9.55	4.93	47.05	72.0	1	23.8	7
3066.626	34.79	1.89	65.72	9.55	5.06	48.30	73.5	1	23.8	7
3066.771	34.52	1.90	65.61	9.50	5.17	49.10	74.8	1	23.8	7
3066.831	34.81	1.88	65.56	9.61	4.86	46.69	71.2	1	23.7	7
3066.935	34.60	1.89	65.41	9.59	5.04	48.39	74.0	1	23.8	7
3067.080	34.69	1.89	65.74	9.67	4.79	46.32	70.5	1	24.0	7
3067.140	34.65	1.89	65.54	9.66	4.94	47.76	72.9	1	23.8	7
3067.244	34.79	1.87	64.90	9.61	4.99	47.98	73.9	1	23.8	7
3067.389	34.57	1.89	65.47	9.62	4.96	47.67	72.8	1	24.0	7
3067.449	34.43	1.91	65.61	9.52	5.09	48.42	73.8	1	24.1	7
3067.553	34.22	1.92	65.73	9.57	4.95	47.34	72.0	1	24.3	7
3067.698	34.13	1.92	65.63	9.59	4.96	47.59	72.5	1	24.0	7
3067.758	34.18	1.90	65.11	9.62	4.86	46.73	71.8	1	24.0	7
3067.862	34.20	1.90	65.01	9.57	5.01	47.95	73.8	1	24.0	7
3068.007	34.58	1.90	65.64	9.60	4.99	47.93	73.0	1	23.7	7
3068.067	34.70	1.90	65.86	9.47	5.27	49.94	75.8	1	23.7	7
3068.171	34.78	1.87	64.99	9.55	5.05	48.23	74.2	1	23.8	7
3068.316	34.75	1.90	65.95	9.55	4.79	45.72	69.3	1	23.5	7
3068.376	34.99	1.86	65.17	9.50	4.98	47.27	72.5	1	23.5	7
3068.480	34.89	1.88	65.59	9.40	5.36	50.32	76.7	1	23.7	7
3068.625	34.78	1.87	65.17	9.48	4.97	47.15	72.3	1	23.7	7
3068.685	34.55	1.89	65.31	9.47	5.14	48.66	74.5	1	23.7	7
3068.789	34.53	1.90	65.48	9.43	5.18	48.87	74.6	1	23.8	7
3068.934	33.72	1.93	65.01	9.37	5.31	49.74	76.5	1	24.0	7
3068.994	33.65	1.93	64.86	9.54	4.60	43.90	67.7	1	23.8	7
3069.098	34.65	1.87	64.95	9.60	4.33	41.59	64.0	1	23.7	7
3069.243	34.70	1.87	65.05	9.43	5.37	50.67	77.9	1	24.0	7
3069.303	34.42	1.90	65.28	9.41	5.42	50.93	78.0	1	24.0	7
3069.407	34.10	1.93	65.78	9.57	5.13	49.08	74.6	1	24.1	7
3069.552	33.82	1.93	65.38	9.63	4.95	47.71	73.0	1	24.0	7
3069.612	33.84	1.93	65.44	9.62	4.97	47.80	73.0	1	23.8	7
3069.716	33.98	1.93	65.59	9.58	5.09	48.80	74.4	1	23.8	7
3069.861	34.45	1.93	66.44	9.39	5.44	51.10	76.9	1	23.7	7
3069.921	34.62	1.92	66.44	9.32	5.57	51.90	78.1	1	23.5	7
3070.025	34.78	1.91	66.26	9.26	5.75	53.23	80.3	1	23.5	7
3070.170	34.90	1.89	65.99	9.26	5.85	54.17	82.1	1	23.7	7
3070.230	34.78	1.89	65.86	9.27	5.83	54.03	82.0	1	23.5	7
3070.334	35.18	1.87	65.91	9.29	5.80	53.88	81.7	1	23.4	7
3070.479	35.51	1.82	64.66	9.38	5.50	51.61	79.8	1	23.5	7
3070.539	35.53	1.80	64.08	9.47	4.94	46.73	72.9	1	23.4	7
3070.643	34.79	1.86	64.56	9.61	4.26	40.89	63.3	1	23.7	7
3070.788	34.00	1.92	65.31	9.27	5.39	49.97	76.5	1	24.0	7
3070.848	33.86	1.92	65.15	9.29	5.25	48.79	74.9	1	23.8	7
3070.952	34.22	1.90	65.17	9.33	5.29	49.31	75.7	1	23.7	7
3071.097	33.93	1.93	65.35	9.30	5.17	48.08	73.6	1	23.8	7
3071.157	34.03	1.92	65.48	9.30	5.28	49.15	75.1	1	24.0	7
3071.261	33.61	1.93	65.00	9.20	5.19	47.78	73.5	1	23.8	7
3071.406	33.62	1.93	64.93	9.15	5.23	47.90	73.8	1	23.8	7
3071.466	33.86	1.93	65.27	9.22	5.01	46.16	70.7	1	23.8	7
3071.570	33.49	1.92	64.43	9.18	5.04	46.29	71.8	1	24.0	7
3071.715	33.18	1.94	64.25	9.08	5.11	46.36	72.2	1	23.7	7
3071.775	33.56	1.92	64.46	9.11	5.04	45.92	71.2	1	23.5	7
3071.879	33.98	1.91	64.94	9.10	5.24	47.67	73.4	1	23.4	7
3072.024	34.72	1.90	65.91	9.14	5.25	47.94	72.7	1	23.1	7
3072.084	34.82	1.90	65.99	9.13	5.32	48.57	73.6	1	22.9	7
3072.188	34.82	1.89	65.74	9.15	5.09	46.53	70.8	1	23.1	7
3072.333	34.94	1.88	65.66	9.13	5.14	46.90	71.4	1	22.8	7
3072.393	34.99	1.87	65.43	9.04	5.29	47.79	73.0	1	22.8	7
3072.497	34.90	1.88	65.65	9.03	5.32	48.01	73.1	1	22.9	7
3072.642	34.75	1.90	66.07	8.97	5.37	48.23	73.0	1	22.9	7
3072.702	34.86	1.89	65.84	8.99	5.34	47.99	72.9	1	22.8	7
3072.806	34.69	1.89	65.61	8.97	5.37	48.20	73.5	1	22.9	7
3072.951	34.28	1.93	66.04	8.99	5.20	46.70	70.7	1	23.4	7
3073.011	33.98	1.92	65.25	8.97	5.27	47.23	72.4	1	23.4	7
3073.115	33.79	1.91	64.68	8.94	5.21	46.58	72.0	1	23.4	7
3073.260	33.64	1.92	64.53	8.88	5.24	46.52	72.1	1	23.4	7
3073.320	33.54	1.93	64.68	8.83	5.34	47.14	72.9	1	23.4	7
3073.424	33.53	1.93	64.77	8.76	5.30	46.40	71.6	1	23.2	7
3073.569	33.57	1.92	64.57	8.88	5.29	46.98	72.8	1	22.9	7
3073.629	33.37	1.93	64.32	8.89	5.25	46.69	72.6	1	23.1	7
3073.733	33.60	1.93	64.87	8.85	5.16	45.67	70.4	1	23.2	7
3073.878	33.41	1.93	64.34	8.76	5.25	45.97	71.4	1	23.2	7
3073.938	33.13	1.93	64.08	8.80	5.33	46.84	73.1	1	23.1	7
3074.042	33.30	1.93	64.29	8.70	5.33	46.41	72.2	1	23.1	7
3074.187	33.19	1.93	63.97	8.72	5.27	45.97	71.9	1	23.2	7
3074.247	32.93	1.93	63.67	8.66	5.30	45.85	72.0	1	23.2	7
3074.351	32.97	1.94	63.97	8.65	5.26	45.46	71.1	1	22.9	7
3074.496	33.19	1.93	64.14	8.59	5.43	46.70	72.8	1	22.8	7
3074.556	33.42	1.93	64.43	8.66	5.44	47.12	73.1	1	22.8	7
3074.660	33.43	1.93	64.60	8.64	5.42	46.84	72.5	1	22.6	7
3074.805	33.49	1.93	64.68	8.57	5.48	46.98	72.6	1	22.8	7
3074.865	33.36	1.93	64.49	8.57	5.48	46.97	72.8	1	22.9	7
3074.969	32.96	1.93	63.46	8.51	5.55	47.21	74.4	1	22.8	7
3075.114	32.67	1.93	63.13	8.49	5.39	45.77	72.5	1	22.9	7
3075.174	32.98	1.93	63.75	8.52	5.47	46.66	73.2	1	22.9	7
3075.278	32.66	1.94	63.31	8.48	5.38	45.61	72.0	1	22.9	7
3075.423	32.33	1.94	62.60	8.43	5.30	44.70	71.4	1	23.1	7
3075.483	32.20	1.93	62.19	8.37	5.54	46.40	74.6	1	23.1	7
3075.587	31.87	1.95	62.06	8.25	5.66	46.68	75.2	1	22.9	7
3075.732	31.64	1.95	61.60	8.13	5.74	46.66	75.8	1	23.1	7
3075.792	31.46	1.94	61.08	8.24	5.23	43.09	70.5	1	22.9	7
3075.896	31.72	1.93	61.23	8.23	4.84	39.84	65.1	1	23.2	7
3076.041	31.00	1.95	60.37	8.09	5.18	41.91	69.4	1	23.2	7
3076.101	31.16	1.94	60.55	8.00	5.25	42.05	69.4	1	23.2	7
3076.205	31.11	1.94	60.32	7.98	5.47	43.68	72.4	1	23.1	7
3076.350	30.93	1.94	60.04	7.99	5.32	42.48	70.8	1	23.1	7
3076.410	30.98	1.95	60.34	7.96	5.44	43.27	71.7	1	23.2	7
3076.514	30.67	1.95	59.75	7.95	5.25	41.74	69.9	1	23.2	7
3076.659	30.80	1.95	60.06	7.93	5.36	42.50	70.8	1	22.9	7
3076.719	30.72	1.94	59.63	7.88	5.40	42.57	71.4	1	22.9	7
3076.823	30.66	1.95	59.67	7.82	5.47	42.74	71.6	1	22.9	7
3076.968	30.45	1.94	59.22	7.76	5.45	42.30	71.4	1	23.1	7
3077.028	30.34	1.95	59.11	7.69	5.45	41.88	70.8	1	22.9	7
3077.132	30.15	1.96	58.95	7.67	5.41	41.50	70.4	1	22.9	7
3077.277	30.11	1.95	58.64	7.61	5.50	41.86	71.4	1	22.9	7
3077.337	29.88	1.95	58.26	7.57	5.50	41.65	71.5	1	23.1	7
3077.441	29.61	1.94	57.53	7.55	5.36	40.49	70.4	1	23.1	7
3077.586	29.40	1.93	56.80	7.45	5.41	40.30	71.0	1	22.9	7
3077.646	29.46	1.95	57.34	7.47	5.50	41.09	71.7	1	22.8	7
3077.750	29.32	1.95	57.14	7.32	5.61	41.08	71.9	1	22.8	7
3077.895	29.35	1.94	56.94	7.37	5.55	40.92	71.9	1	22.9	7
3077.955	29.08	1.94	56.54	7.32	5.59	40.88	72.3	1	22.8	7
3078.059	28.93	1.95	56.40	7.32	5.41	39.58	70.2	1	22.8	7
3078.204	28.96	1.95	56.43	7.28	5.49	39.95	70.8	1	22.9	7
3078.264	28.87	1.95	56.29	7.24	5.42	39.21	69.7	1	22.9	7
3078.368	28.64	1.94	55.66	7.17	5.51	39.53	71.0	1	22.9	7
3078.513	28.59	1.95	55.84	7.09	5.46	38.72	69.4	1	22.6	7
3078.573	28.90	1.96	56.59	7.15	5.46	39.06	69.0	1	22.5	7
3078.677	29.17	1.95	56.83	7.13	5.61	40.02	70.4	1	22.5	7
3078.822	29.38	1.96	57.54	7.12	5.72	40.72	70.8	1	22.3	7
3078.882	29.69	1.95	57.94	7.21	5.64	40.69	70.2	1	22.2	7
3078.986	30.05	1.94	58.43	7.21	5.72	41.20	70.5	1	21.9	7
3079.131	31.16	1.93	60.20	7.32	5.89	43.15	71.7	1	21.6	7
3079.191	31.54	1.93	60.92	7.34	5.81	42.63	70.0	1	21.4	7
3079.295	32.24	1.93	62.07	7.44	5.92	44.05	71.0	1	21.3	7
3079.440	33.23	1.92	63.89	7.58	5.88	44.56	69.8	1	21.0	7
3079.500	33.81	1.91	64.64	7.64	5.94	45.37	70.2	1	20.9	7
3079.604	34.27	1.87	64.07	7.73	5.78	44.64	69.7	1	20.9	7
3079.749	34.22	1.89	64.54	7.76	5.78	44.80	69.4	1	21.0	7
3079.809	34.49	1.87	64.56	7.79	5.86	45.66	70.7	1	20.9	7
3079.913	34.57	1.85	63.98	7.77	5.99	46.60	72.8	1	21.0	7
3080.058	34.30	1.89	64.75	7.84	5.79	45.36	70.1	1	21.1	7
3080.118	34.33	1.89	64.94	7.81	5.96	46.57	71.7	1	21.1	7
3080.222	33.96	1.91	64.84	7.80	5.77	44.99	69.4	1	21.3	7
3080.367	33.79	1.94	65.54	7.82	5.84	45.68	69.7	1	21.6	7
3080.427	33.49	1.94	64.81	7.77	5.89	45.79	70.7	1	21.6	7
3080.531	33.29	1.93	64.25	7.74	5.88	45.48	70.8	1	21.4	7
3080.676	33.46	1.93	64.48	7.78	5.86	45.60	70.7	1	21.4	7
3080.736	33.19	1.93	64.04	7.75	5.90	45.67	71.3	1	21.6	7
3080.840	33.29	1.92	63.93	7.77	5.94	46.14	72.2	1	21.4	7
3080.985	33.16	1.94	64.24	7.76	5.86	45.46	70.8	1	21.4	7
3081.045	33.17	1.92	63.56	7.75	5.85	45.31	71.3	1	21.3	7
3081.149	33.12	1.93	63.94	7.80	5.68	44.33	69.3	1	21.6	7
3081.294	32.92	1.93	63.58	7.67	5.88	45.08	70.9	1	21.4	7
3081.354	33.05	1.93	63.65	7.65	5.93	45.42	71.4	1	21.4	7
3081.458	32.90	1.94	63.73	7.62	5.88	44.80	70.3	1	21.4	7
3081.603	32.94	1.94	63.90	7.57	6.13	46.35	72.5	1	21.3	7
3081.663	33.22	1.92	63.93	7.66	5.98	45.75	71.6	1	21.1	7
3081.767	33.51	1.92	64.51	7.65	6.01	45.94	71.2	1	21.1	7
3081.912	33.87	1.91	64.83	7.63	6.01	45.89	70.8	1	21.0	7
3081.972	33.71	1.91	64.22	7.63	5.90	44.99	70.1	1	21.0	7
3082.076	33.47	1.93	64.66	7.64	5.92	45.23	69.9	1	21.3	7
3082.221	33.30	1.92	64.01	7.58	6.00	45.46	71.0	1	21.1	7
3082.281	33.36	1.93	64.22	7.59	6.04	45.84	71.4	1	21.0	7
3082.385	33.83	1.90	64.28	7.57	6.16	46.67	72.6	1	20.9	7
3082.530	33.93	1.90	64.44	7.61	6.08	46.27	71.8	1	20.9	7
3082.590	33.99	1.89	64.17	7.61	6.13	46.65	72.7	1	20.9	7
3082.694	33.93	1.91	64.68	7.59	6.08	46.19	71.4	1	20.9	7
3082.839	33.91	1.90	64.47	7.58	5.99	45.39	70.4	1	20.9	7
3082.899	33.98	1.89	64.19	7.57	6.02	45.55	71.0	1	20.7	7
3083.003	33.85	1.89	64.09	7.54	5.94	44.79	69.9	1	20.9	7
3083.148	33.74	1.89	63.85	7.48	6.13	45.89	71.9	1	20.9	7
3083.208	33.44	1.90	63.67	7.40	6.10	45.13	70.9	1	20.9	7
3083.312	33.23	1.91	63.49	7.40	6.15	45.46	71.6	1	20.9	7
3083.457	33.62	1.91	64.27	7.43	6.10	45.30	70.5	1	20.7	7
3083.517	33.70	1.91	64.51	7.44	6.17	45.93	71.2	1	20.7	7
3083.621	33.74	1.91	64.28	7.47	6.10	45.53	70.8	1	20.7	7
3083.766	33.73	1.90	64.22	7.43	6.13	45.53	70.9	1	20.7	7
3083.826	33.86	1.91	64.52	7.48	6.10	45.59	70.7	1	20.6	7
3083.930	34.08	1.90	64.69	7.45	6.19	46.13	71.3	1	20.4	7
3084.075	34.21	1.87	63.90	7.47	6.07	45.35	71.0	1	20.4	7
3084.135	34.35	1.87	64.17	7.46	6.17	46.06	71.8	1	20.3	7
3084.239	34.68	1.85	64.16	7.45	6.14	45.73	71.3	1	20.1	7
3084.384	34.54	1.87	64.44	7.43	6.11	45.37	70.4	1	20.1	7
3084.444	34.72	1.85	64.17	7.42	6.11	45.33	70.6	1	20.0	7
3084.548	34.92	1.84	64.29	7.37	6.11	45.01	70.0	1	20.0	7
3084.693	34.85	1.85	64.29	7.36	6.16	45.32	70.5	1	20.0	7
3084.753	34.70	1.86	64.61	7.38	6.13	45.25	70.0	1	20.1	7
3084.857	34.62	1.83	63.32	7.40	5.98	44.26	69.9	1	20.0	7
3085.002	34.76	1.87	64.97	7.30	6.22	45.39	69.9	1	19.8	7
3085.062	34.68	1.85	64.23	7.35	6.06	44.54	69.3	1	20.0	7
3085.166	34.71	1.84	63.85	7.40	5.99	44.32	69.4	1	20.1	7
3085.311	34.64	1.85	64.05	7.36	5.99	44.09	68.8	1	20.0	7
3085.371	34.87	1.83	63.79	7.37	5.89	43.43	68.1	1	19.8	7
3085.475	34.46	1.86	64.04	7.28	6.07	44.19	69.0	1	20.0	7
3085.620	34.97	1.81	63.48	7.31	6.03	44.09	69.5	1	19.8	7
3085.680	35.06	1.83	64.22	7.35	6.06	44.53	69.3	1	19.8	7
3085.784	34.56	1.86	64.44	7.31	6.14	44.88	69.6	1	20.1	7
3085.929	34.43	1.89	65.16	7.29	6.10	44.47	68.3	1	20.3	7
3085.989	34.14	1.91	65.05	7.30	6.12	44.64	68.6	1	20.4	7
3086.093	33.87	1.92	64.88	7.25	6.32	45.86	70.7	1	20.3	7
3086.238	34.35	1.88	64.75	7.31	6.06	44.31	68.4	1	20.0	7
3086.298	34.24	1.91	65.35	7.27	6.21	45.14	69.1	1	20.1	7
3086.402	34.39	1.89	65.02	7.32	6.26	45.84	70.5	1	20.1	7
3086.547	34.40	1.89	64.90	7.24	6.30	45.63	70.3	1	20.1	7
3086.607	34.46	1.89	65.09	7.28	6.34	46.13	70.9	1	20.3	7
3086.711	34.34	1.89	64.90	7.31	6.15	44.98	69.3	1	20.1	7
3086.856	34.32	1.89	64.92	7.25	6.19	44.87	69.1	1	20.1	7
3086.916	34.13	1.90	64.89	7.27	6.23	45.32	69.8	1	20.3	7
3087.020	34.37	1.89	64.90	7.32	6.17	45.16	69.6	1	20.0	7
3087.165	34.24	1.89	64.81	7.31	6.18	45.18	69.7	1	20.3	7
3087.225	34.08	1.90	64.77	7.26	6.37	46.21	71.4	1	20.3	7
3087.329	33.95	1.91	64.77	7.24	6.36	46.06	71.1	1	20.1	7
3087.474	34.18	1.88	64.33	7.31	6.00	43.89	68.2	1	20.0	7
3087.534	34.13	1.89	64.41	7.22	6.36	45.94	71.3	1	20.1	7
3087.638	33.77	1.91	64.34	7.16	6.45	46.16	71.7	1	20.1	7
3087.783	33.88	1.90	64.48	7.19	6.29	45.20	70.1	1	20.1	7
3087.843	33.88	1.90	64.50	7.19	6.32	45.45	70.5	1	20.3	7
3087.947	33.69	1.91	64.26	7.22	6.03	43.55	67.8	1	20.1	7
3088.092	34.01	1.93	65.54	7.17	6.34	45.48	69.4	1	20.0	7
3088.152	34.02	1.91	64.88	7.09	6.62	46.94	72.4	1	19.8	7
3088.256	34.50	1.86	64.15	7.33	5.90	43.22	67.4	1	20.0	7
3088.401	34.65	1.89	65.34	7.22	6.24	45.07	69.0	1	19.7	7
3088.461	34.78	1.88	65.32	7.10	6.55	46.50	71.2	1	19.5	7
3088.565	34.46	1.89	65.04	7.13	6.01	42.80	65.8	1	19.7	7
3088.710	34.92	1.88	65.52	7.17	6.35	45.48	69.4	1	19.4	7
3088.770	35.11	1.84	64.42	7.19	6.15	44.22	68.6	1	19.5	7
3088.874	35.21	1.81	63.83	7.08	6.51	46.10	72.2	1	19.4	7
3089.019	34.79	1.87	64.97	6.93	7.09	49.13	75.6	1	19.7	7
3089.079	34.40	1.89	65.09	6.89	7.20	49.66	76.3	1	19.8	7
3089.183	33.79	1.92	64.74	6.80	7.32	49.78	76.9	1	19.7	7
3089.328	34.05	1.91	64.99	6.75	7.31	49.35	75.9	1	19.5	7
3089.388	34.15	1.90	64.80	6.81	7.28	49.58	76.5	1	19.5	7
3089.492	34.52	1.87	64.45	6.92	6.97	48.27	74.9	1	19.5	7
3089.637	34.65	1.89	65.57	7.04	6.54	46.04	70.2	1	19.4	7
3089.697	34.91	1.88	65.56	6.98	6.80	47.44	72.4	1	19.2	7
3089.801	35.06	1.82	63.93	7.11	5.95	42.35	66.2	1	19.4	7
3089.946	34.58	1.87	64.71	7.01	6.46	45.26	69.9	1	19.5	7
3090.006	34.84	1.87	65.09	6.99	6.71	46.88	72.0	1	19.7	7
3090.110	34.27	1.89	64.62	7.04	6.25	43.99	68.1	1	19.5	7
3090.255	34.50	1.90	65.69	6.98	6.58	45.94	69.9	1	19.4	7
3090.315	34.95	1.84	64.15	7.08	6.37	45.06	70.2	1	19.5	7
3090.419	34.55	1.86	64.11	7.00	6.40	44.86	70.0	1	19.4	7
3090.564	34.96	1.83	63.99	7.07	6.12	43.25	67.6	1	19.2	7
3090.624	34.89	1.82	63.59	6.98	6.29	43.94	69.1	1	19.4	7
3090.728	34.33	1.87	64.33	6.95	6.31	43.88	68.2	1	19.5	7
3090.873	34.30	1.90	65.20	7.08	6.11	43.28	66.4	1	19.8	7
3090.933	33.90	1.91	64.85	6.97	6.44	44.85	69.2	1	19.8	7
3091.037	34.36	1.89	64.78	7.01	6.35	44.48	68.7	1	19.5	7
3091.182	34.23	1.91	65.23	6.94	6.65	46.11	70.7	1	19.7	7
3091.242	34.33	1.88	64.53	7.02	6.24	43.81	67.9	1	19.7	7
3091.346	34.05	1.89	64.47	6.97	6.40	44.60	69.2	1	19.5	7
3091.491	34.46	1.89	65.08	6.95	6.46	44.85	68.9	1	19.5	7
3091.551	34.69	1.87	64.79	7.04	6.32	44.47	68.6	1	19.7	7
3091.655	34.53	1.88	65.08	6.98	6.51	45.49	69.9	1	19.4	7
3091.800	34.50	1.88	64.87	7.03	6.29	44.24	68.2	1	19.7	7
3091.860	34.20	1.88	64.37	7.00	6.34	44.40	69.0	1	19.5	7
3091.964	34.06	1.89	64.41	6.96	6.33	44.05	68.4	1	19.7	7
3092.109	33.86	1.92	64.84	6.95	6.51	45.21	69.7	1	19.8	7
3092.169	33.71	1.91	64.45	6.99	6.33	44.25	68.7	1	20.0	7
3092.273	33.53	1.92	64.33	6.93	6.39	44.26	68.8	1	19.8	7
3092.418	33.11	1.92	63.59	6.83	6.39	43.62	68.6	1	20.1	7
3092.478	33.08	1.91	63.30	6.92	6.27	43.37	68.5	1	20.0	7
3092.582	32.92	1.93	63.41	6.84	6.41	43.80	69.1	1	20.1	7
3092.727	32.45	1.94	63.09	6.82	6.48	44.24	70.1	1	20.3	7
3092.787	32.45	1.94	63.05	6.86	6.30	43.21	68.5	1	20.1	7
3092.891	32.34	1.94	62.85	6.80	6.40	43.53	69.3	1	20.1	7
3093.036	32.05	1.93	61.82	6.71	6.27	42.12	68.1	1	20.1	7
3093.096	31.74	1.93	61.27	6.65	6.41	42.62	69.6	1	20.1	7
3093.200	31.51	1.93	60.81	6.61	6.43	42.53	69.9	1	20.3	7
3093.345	31.48	1.94	61.13	6.61	6.35	41.96	68.6	1	20.1	7
3093.405	31.53	1.95	61.50	6.60	6.33	41.82	68.0	1	20.0	7
3093.509	31.90	1.95	62.36	6.54	6.61	43.24	69.3	1	19.8	7
3093.654	32.89	1.93	63.48	6.62	6.70	44.35	69.9	1	19.5	7
3093.714	33.09	1.92	63.55	6.66	6.69	44.54	70.1	1	19.4	7
3093.818	33.85	1.89	63.89	6.69	6.73	44.99	70.4	1	19.1	7
3093.963	33.92	1.90	64.43	6.74	6.64	44.78	69.5	1	19.4	7
3094.023	33.79	1.91	64.44	6.71	6.67	44.75	69.4	1	19.4	7
3094.127	34.11	1.91	65.05	6.75	6.72	45.36	69.7	1	19.5	7
3094.272	33.72	1.90	63.92	6.68	6.66	44.50	69.6	1	19.4	7
3094.332	33.99	1.88	63.80	6.81	6.53	44.44	69.6	1	19.5	7
3094.436	33.87	1.88	63.64	6.80	6.52	44.35	69.7	1	19.4	7
3094.581	34.44	1.89	65.10	6.80	6.65	45.21	69.5	1	19.1	7
3094.641	34.64	1.89	65.46	6.81	6.49	44.21	67.5	1	19.1	7
3094.745	34.77	1.86	64.79	6.86	6.29	43.15	66.6	1	19.1	7
3094.890	34.60	1.89	65.34	6.84	6.46	44.23	67.7	1	19.2	7
3094.950	34.39	1.86	63.89	6.78	6.55	44.39	69.5	1	19.1	7
3095.054	34.35	1.88	64.44	6.76	6.69	45.24	70.2	1	19.2	7
3095.199	34.42	1.90	65.23	6.81	6.48	44.16	67.7	1	19.4	7
3095.259	34.01	1.89	64.19	6.75	6.54	44.13	68.8	1	19.4	7
3095.363	34.18	1.87	63.96	6.75	6.74	45.51	71.2	1	19.4	7
3095.508	33.41	1.90	63.56	6.70	6.71	44.92	70.7	1	19.4	7
3095.568	33.83	1.90	64.15	6.77	6.65	45.02	70.2	1	19.2	7
3095.672	34.19	1.86	63.74	6.81	6.53	44.51	69.8	1	19.4	7
3095.817	33.63	1.91	64.35	6.73	6.66	44.84	69.7	1	19.5	7
3095.877	33.61	1.92	64.45	6.76	6.63	44.82	69.5	1	19.5	7
3095.981	33.60	1.91	64.02	6.75	6.68	45.11	70.5	1	19.2	7
3096.126	34.27	1.88	64.56	6.76	6.67	45.06	69.8	1	19.1	7
3096.186	34.24	1.87	64.03	6.74	6.60	44.46	69.4	1	19.1	7
3096.290	33.88	1.89	63.97	6.71	6.64	44.58	69.7	1	19.4	7
3096.435	33.88	1.90	64.41	6.68	6.58	43.90	68.2	1	19.2	7
3096.495	34.12	1.88	63.98	6.73	6.59	44.37	69.4	1	19.1	7
3096.599	34.16	1.89	64.45	6.77	6.52	44.15	68.5	1	19.2	7
3096.744	34.11	1.89	64.63	6.74	6.64	44.78	69.3	1	19.2	7
3096.804	33.91	1.90	64.44	6.71	6.49	43.56	67.6	1	19.4	7
3096.908	33.71	1.90	64.06	6.66	6.66	44.34	69.2	1	19.4	7
3097.053	33.59	1.91	64.27	6.70	6.65	44.56	69.3	1	19.4	7
3097.113	33.41	1.92	64.20	6.65	6.72	44.67	69.6	1	19.4	7
3097.217	33.17	1.92	63.70	6.58	6.77	44.54	69.9	1	19.4	7
3097.362	33.77	1.92	64.83	6.58	6.80	44.72	69.0	1	19.1	7
3097.422	33.80	1.91	64.44	6.62	6.68	44.18	68.6	1	19.2	7
3097.526	33.93	1.89	64.25	6.65	6.51	43.29	67.4	1	19.1	7
3097.671	34.27	1.91	65.47	6.63	6.75	44.73	68.3	1	18.8	7
3097.731	34.52	1.87	64.46	6.62	6.72	44.52	69.1	1	18.9	7
3097.835	34.22	1.87	63.88	6.60	6.69	44.13	69.1	1	18.8	7
3097.980	34.38	1.87	64.25	6.66	6.65	44.30	68.9	1	19.1	7
3098.040	34.19	1.88	64.39	6.62	6.69	44.26	68.7	1	19.1	7
3098.144	33.95	1.92	65.03	6.60	6.77	44.70	68.7	1	19.2	7
3098.289	33.76	1.91	64.54	6.64	6.69	44.40	68.8	1	19.1	7
3098.349	33.92	1.89	64.24	6.63	6.60	43.75	68.1	1	19.1	7
3098.453	33.99	1.92	65.16	6.59	6.82	44.96	69.0	1	18.9	7
3098.598	34.33	1.89	64.80	6.57	6.78	44.58	68.8	1	18.9	7
3098.658	34.15	1.88	64.12	6.60	6.58	43.39	67.7	1	18.8	7
3098.762	34.44	1.88	64.70	6.64	6.61	43.92	67.9	1	18.9	7
3098.907	34.25	1.87	64.01	6.62	6.55	43.34	67.7	1	18.9	7
3098.967	34.41	1.88	64.74	6.59	6.81	44.84	69.3	1	18.8	7
3099.071	34.57	1.89	65.28	6.59	6.77	44.66	68.4	1	18.5	7
3099.216	34.89	1.86	64.94	6.53	6.71	43.78	67.4	1	18.5	7
3099.276	35.05	1.85	64.89	6.61	6.54	43.25	66.6	1	18.6	7
3099.380	34.58	1.89	65.32	6.56	6.78	44.44	68.0	1	18.8	7
3099.525	34.45	1.90	65.56	6.52	7.05	45.92	70.0	1	18.9	7
3099.585	34.25	1.90	65.23	6.51	6.94	45.18	69.3	1	18.8	7
3099.689	34.34	1.88	64.48	6.51	6.72	43.73	67.8	1	18.9	7
3099.834	34.45	1.87	64.29	6.57	6.68	43.91	68.3	1	18.8	7
3099.894	34.14	1.88	64.07	6.50	6.78	44.07	68.8	1	18.8	7
3099.998	34.07	1.86	63.41	6.56	6.66	43.67	68.9	1	18.9	7
3100.143	34.17	1.89	64.57	6.53	6.79	44.33	68.7	1	18.6	7
3100.203	34.34	1.90	65.22	6.49	6.83	44.37	68.0	1	18.5	7
3100.307	34.38	1.85	63.52	6.48	6.74	43.71	68.8	1	18.6	7
3100.452	34.72	1.85	64.18	6.49	6.75	43.76	68.2	1	18.3	7
3100.512	34.70	1.85	64.26	6.42	6.77	43.44	67.6	1	18.2	7
3100.616	34.90	1.82	63.44	6.44	6.73	43.37	68.4	1	18.3	7
3100.761	34.61	1.85	64.07	6.45	6.83	44.06	68.8	1	18.3	7
3100.821	34.78	1.86	64.62	6.47	6.78	43.85	67.9	1	18.2	7
3100.925	34.85	1.83	63.82	6.44	6.74	43.36	67.9	1	18.2	7
3101.070	34.58	1.84	63.65	6.46	6.79	43.88	68.9	1	18.5	7
3101.130	34.59	1.84	63.73	6.45	6.69	43.14	67.7	1	18.3	7
3101.234	34.86	1.84	64.32	6.43	6.84	44.00	68.4	1	18.0	7
3101.379	35.09	1.84	64.42	6.45	6.77	43.69	67.8	1	18.3	7
3101.439	34.87	1.84	64.03	6.45	6.77	43.66	68.2	1	18.2	7
3101.543	34.92	1.80	63.00	6.42	6.68	42.92	68.1	1	18.0	7
3101.688	35.02	1.83	64.24	6.41	6.75	43.26	67.3	1	18.3	7
3101.748	34.70	1.85	64.26	6.33	6.87	43.51	67.7	1	18.2	7
3101.852	34.92	1.81	63.07	6.44	6.68	43.04	68.2	1	18.2	7
3101.997	34.74	1.85	64.20	6.37	6.91	44.03	68.6	1	18.5	7
3102.057	34.44	1.85	63.74	6.31	6.91	43.60	68.4	1	18.5	7
3102.161	34.21	1.89	64.64	6.35	6.94	44.08	68.2	1	18.8	7
3102.306	33.99	1.91	65.02	6.37	7.09	45.16	69.5	1	18.8	7
3102.366	33.95	1.90	64.64	6.39	6.78	43.32	67.0	1	18.6	7
3102.470	34.07	1.89	64.30	6.43	6.84	44.00	68.4	1	18.8	7
3102.615	33.94	1.90	64.39	6.41	6.90	44.22	68.7	1	18.6	7
3102.675	34.20	1.87	64.12	6.47	6.63	42.87	66.9	1	18.6	7
3102.779	34.10	1.88	64.17	6.38	6.90	44.06	68.7	1	18.5	7
3102.924	33.97	1.87	63.63	6.43	6.76	43.43	68.2	1	18.6	7
3102.984	34.10	1.89	64.37	6.43	6.79	43.61	67.8	1	18.8	7
3103.088	33.71	1.90	64.05	6.35	6.80	43.14	67.3	1	18.8	7
3103.233	33.94	1.89	64.09	6.38	6.69	42.70	66.6	1	18.8	7
3103.293	33.86	1.89	64.10	6.35	6.84	43.45	67.8	1	18.8	7
3103.397	34.09	1.86	63.55	6.37	6.89	43.91	69.1	1	18.6	7
3103.542	33.64	1.89	63.54	6.29	6.84	43.04	67.7	1	18.9	7
3103.602	33.75	1.89	63.70	6.38	6.75	43.09	67.6	1	18.9	7
3103.706	33.23	1.92	63.72	6.33	6.82	43.17	67.7	1	19.1	7
3103.851	33.08	1.93	63.73	6.31	6.92	43.67	68.5	1	18.9	7
3103.911	32.98	1.92	63.32	6.27	6.88	43.17	68.2	1	18.8	7
3104.015	33.23	1.90	63.22	6.30	6.88	43.33	68.5	1	18.9	7
3104.160	33.19	1.90	63.03	6.32	6.84	43.25	68.6	1	18.9	7
3104.220	33.27	1.91	63.62	6.38	6.77	43.17	67.9	1	18.9	7
3104.324	33.33	1.90	63.32	6.31	6.92	43.66	69.0	1	18.9	7
3104.469	32.84	1.93	63.32	6.22	7.00	43.57	68.8	1	19.1	7
3104.529	32.43	1.93	62.60	6.25	6.79	42.42	67.8	1	18.9	7
3104.633	32.95	1.93	63.60	6.28	6.96	43.68	68.7	1	18.9	7
3104.778	33.33	1.91	63.62	6.30	6.86	43.21	67.9	1	18.9	7
3104.838	33.20	1.92	63.69	6.32	6.83	43.15	67.7	1	19.1	7
3104.942	33.10	1.91	63.11	6.32	6.97	44.03	69.8	1	18.9	7
3105.087	32.76	1.91	62.63	6.25	6.87	42.97	68.6	1	19.1	7
3105.147	32.68	1.92	62.73	6.23	6.98	43.51	69.4	1	19.1	7
3105.251	31.98	1.93	61.75	6.17	6.79	41.89	67.8	1	19.1	7
3105.396	32.00	1.93	61.77	6.18	6.82	42.13	68.2	1	19.1	7
3105.456	32.17	1.91	61.54	6.22	6.70	41.69	67.7	1	18.9	7
3105.560	32.53	1.91	62.11	6.24	6.74	42.05	67.7	1	18.9	7
3105.705	32.39	1.92	62.26	6.14	6.85	42.10	67.6	1	19.1	7
3105.765	32.16	1.93	62.07	6.18	6.75	41.71	67.2	1	19.2	7
3105.869	31.75	1.94	61.45	6.11	6.89	42.07	68.5	1	19.2	7
3106.014	31.99	1.94	61.99	6.14	6.75	41.46	66.9	1	18.9	7
3106.074	31.95	1.94	61.82	6.08	6.81	41.42	67.0	1	18.8	7
3106.178	32.25	1.94	62.47	6.11	6.82	41.68	66.7	1	18.8	7
3106.323	33.09	1.91	63.22	6.19	6.92	42.84	67.8	1	18.5	7
3106.383	33.25	1.91	63.36	6.16	7.20	44.31	69.9	1	18.5	7
3106.487	33.53	1.88	63.10	6.26	6.78	42.44	67.3	1	18.5	7
3106.632	33.23	1.89	62.78	6.17	6.97	42.97	68.4	1	18.6	7
3106.692	33.28	1.90	63.34	6.16	7.02	43.22	68.2	1	18.8	7
3106.796	33.34	1.88	62.62	6.24	6.78	42.31	67.6	1	18.6	7
3106.941	33.09	1.90	62.97	6.21	6.80	42.23	67.1	1	18.9	7
3107.001	33.08	1.90	62.76	6.23	6.77	42.19	67.2	1	18.8	7
3107.105	33.18	1.91	63.37	6.19	7.02	43.43	68.5	1	18.8	7
3107.250	33.13	1.90	62.98	6.14	6.97	42.83	68.0	1	18.8	7
3107.310	33.16	1.91	63.48	6.19	7.01	43.41	68.4	1	18.8	7
3107.414	32.93	1.91	63.01	6.21	6.92	42.98	68.2	1	18.8	7
3107.559	32.14	1.92	61.65	6.07	6.86	41.66	67.6	1	19.1	7
3107.619	32.24	1.93	62.31	6.09	7.00	42.63	68.4	1	18.9	7
3107.723	32.62	1.90	62.03	6.21	6.72	41.77	67.3	1	18.8	7
3107.868	33.12	1.92	63.66	6.15	7.03	43.22	67.9	1	18.5	7
3107.928	33.63	1.89	63.67	6.21	7.00	43.46	68.3	1	18.3	7
3108.032	33.81	1.86	62.82	6.27	6.76	42.38	67.5	1	18.5	7
3108.177	33.61	1.86	62.38	6.21	6.75	41.86	67.1	1	18.3	7
3108.237	33.72	1.85	62.53	6.22	6.76	42.05	67.2	1	18.5	7
3108.341	33.68	1.87	62.83	6.24	6.76	42.22	67.2	1	18.5	7
3108.486	33.33	1.90	63.24	6.25	6.79	42.47	67.2	1	18.6	7
3108.546	33.57	1.90	63.65	6.31	6.77	42.68	67.1	1	18.8	7
3108.650	33.68	1.90	63.83	6.28	6.93	43.52	68.2	1	18.5	7
3108.795	33.59	1.90	63.68	6.30	6.74	42.47	66.7	1	18.8	7
3108.855	33.57	1.90	63.62	6.28	6.93	43.56	68.5	1	18.8	7
3108.959	33.11	1.90	62.89	6.22	6.82	42.48	67.5	1	18.8	7
3109.104	33.38	1.91	63.71	6.24	7.05	43.97	69.0	1	18.8	7
3109.164	32.86	1.90	62.54	6.16	6.94	42.74	68.3	1	18.9	7
3109.268	32.88	1.91	62.93	6.19	6.74	41.78	66.4	1	18.8	7
3109.413	33.11	1.90	62.98	6.17	6.91	42.66	67.7	1	18.6	7
3109.473	33.13	1.90	63.02	6.17	6.79	41.90	66.5	1	18.6	7
3109.577	33.02	1.91	63.06	6.15	6.84	42.05	66.7	1	18.5	7
3109.722	33.25	1.90	63.07	6.18	6.87	42.47	67.3	1	18.8	7
3109.782	33.14	1.89	62.57	6.21	6.76	41.99	67.1	1	18.6	7
3109.886	33.30	1.88	62.76	6.22	6.76	42.09	67.1	1	18.6	7
3110.031	33.76	1.88	63.34	6.31	6.71	42.38	66.9	1	18.5	7
3110.091	33.80	1.87	63.24	6.29	6.75	42.49	67.2	1	18.3	7
3110.195	33.97	1.88	63.84	6.31	6.73	42.50	66.6	1	18.6	7
3110.340	33.93	1.89	63.98	6.29	6.80	42.78	66.9	1	18.3	7
3110.400	33.96	1.89	64.22	6.23	6.99	43.56	67.8	1	18.2	7
3110.504	34.13	1.87	63.81	6.19	7.08	43.85	68.7	1	18.3	7
3110.649	33.71	1.90	64.02	6.20	7.02	43.52	68.0	1	18.5	7
3110.709	33.54	1.91	63.93	6.18	7.07	43.68	68.3	1	18.5	7
3110.813	33.39	1.92	63.99	6.19	7.10	43.91	68.6	1	18.6	7
3110.958	33.32	1.92	63.85	6.14	7.10	43.57	68.2	1	18.3	7
3111.018	33.62	1.91	64.15	6.17	7.15	44.10	68.8	1	18.3	7
3111.122	33.89	1.92	65.02	6.16	7.20	44.37	68.2	1	18.2	7
3111.267	34.50	1.89	65.20	6.15	7.23	44.45	68.2	1	18.0	7
3111.327	34.55	1.88	64.92	6.17	7.17	44.25	68.2	1	18.0	7
3111.431	34.59	1.88	65.05	6.22	7.13	44.36	68.2	1	18.0	7
3111.576	34.68	1.85	64.20	6.22	6.87	42.74	66.6	1	18.0	7
3111.636	34.96	1.80	63.04	6.26	6.75	42.27	67.0	1	17.9	7
3111.740	34.65	1.82	63.23	6.26	6.79	42.52	67.3	1	18.0	7
3111.885	34.31	1.86	63.85	6.20	6.95	43.11	67.5	1	18.3	7
3111.945	34.31	1.85	63.31	6.26	6.87	42.97	67.9	1	18.2	7
3112.049	34.29	1.86	63.65	6.23	6.81	42.41	66.6	1	18.2	7
3112.194	33.92	1.89	64.06	6.22	6.89	42.84	66.9	1	18.5	7
3112.254	33.77	1.89	63.66	6.26	6.85	42.87	67.3	1	18.6	7
3112.358	33.29	1.90	63.36	6.15	6.97	42.88	67.7	1	18.5	7
3112.503	33.14	1.90	62.92	6.14	6.99	42.92	68.2	1	18.5	7
3112.563	33.44	1.90	63.61	6.19	7.04	43.57	68.5	1	18.5	7
3112.667	33.13	1.92	63.52	6.14	6.92	42.45	66.8	1	18.6	7
3112.812	33.16	1.92	63.64	6.06	6.96	42.20	66.3	1	18.3	7
3112.872	33.51	1.91	63.94	6.13	7.00	42.92	67.1	1	18.2	7
3112.976	33.63	1.90	63.81	6.12	7.02	43.02	67.4	1	18.3	7
3113.121	33.37	1.89	63.09	6.17	6.97	43.00	68.1	1	18.5	7
3113.181	33.42	1.90	63.66	6.19	6.96	43.09	67.7	1	18.3	7
3113.285	33.47	1.87	62.70	6.12	7.04	43.04	68.6	1	18.3	7
3113.430	33.83	1.89	63.92	6.16	7.18	44.23	69.2	1	18.6	7
3113.490	33.13	1.91	63.26	6.10	6.91	42.18	66.7	1	18.6	7
3113.594	33.27	1.91	63.65	6.05	7.26	43.94	69.0	1	18.5	7
3113.739	33.65	1.91	64.43	6.18	7.13	44.02	68.3	1	18.3	7
3113.799	33.94	1.89	64.14	6.19	7.04	43.55	67.9	1	18.2	7
3113.903	33.75	1.91	64.36	6.16	7.10	43.73	67.9	1	18.3	7
3114.048	34.02	1.89	64.23	6.21	6.93	43.04	67.0	1	18.2	7
3114.108	33.99	1.87	63.65	6.19	7.02	43.48	68.3	1	18.3	7
3114.212	33.93	1.88	63.92	6.21	6.97	43.29	67.7	1	18.5	7
3114.357	33.76	1.91	64.59	6.21	7.12	44.21	68.4	1	18.3	7
3114.417	33.81	1.88	63.66	6.21	6.95	43.19	67.8	1	18.2	7
3114.521	33.77	1.88	63.45	6.15	7.10	43.66	68.8	1	18.3	7
3114.666	33.52	1.89	63.41	6.13	7.10	43.54	68.7	1	18.5	7
3114.726	33.82	1.90	64.15	6.20	7.06	43.80	68.3	1	18.3	7
3114.830	33.72	1.90	64.01	6.16	6.95	42.80	66.9	1	18.3	7
3114.975	33.52	1.90	63.61	6.10	7.05	43.03	67.6	1	18.2	7
3115.035	33.68	1.87	63.04	6.11	7.17	43.77	69.4	1	18.3	7
3115.139	33.44	1.91	63.70	6.14	6.91	42.44	66.6	1	18.5	7
3115.284	33.48	1.91	64.02	6.10	7.14	43.57	68.1	1	18.3	7
3115.344	33.55	1.89	63.50	6.13	7.09	43.47	68.5	1	18.3	7
3115.448	32.98	1.91	62.97	6.02	7.16	43.07	68.4	1	18.5	7
3115.593	33.18	1.91	63.31	6.03	7.06	42.60	67.3	1	18.3	7
3115.653	33.48	1.89	63.31	6.16	6.91	42.55	67.2	1	18.3	7
3115.757	33.57	1.90	63.71	6.04	7.22	43.60	68.4	1	18.2	7
3115.902	34.00	1.90	64.75	6.10	7.20	43.88	67.8	1	18.0	7
3115.962	34.36	1.87	64.40	6.15	7.14	43.91	68.2	1	17.9	7
3116.066	34.34	1.87	64.08	6.19	6.94	42.95	67.0	1	18.0	7
3116.211	33.94	1.87	63.43	6.20	6.93	43.00	67.8	1	18.0	7
3116.271	34.08	1.87	63.87	6.16	7.13	43.94	68.8	1	18.0	7
3116.375	34.32	1.85	63.47	6.18	6.90	42.62	67.1	1	17.9	7
3116.520	34.05	1.88	63.91	6.12	7.02	42.94	67.2	1	18.2	7
3116.580	34.00	1.88	63.82	6.15	7.05	43.37	68.0	1	18.2	7
3116.684	34.11	1.88	64.00	6.11	7.13	43.56	68.1	1	18.0	7
3116.829	34.28	1.87	64.13	6.10	7.12	43.44	67.7	1	17.9	7
3116.889	34.52	1.86	64.23	6.13	7.14	43.76	68.1	1	17.9	7
3116.993	34.57	1.85	63.97	6.09	6.97	42.51	66.4	1	17.9	7
3117.138	34.63	1.87	64.63	6.10	7.08	43.20	66.8	1	17.6	7
3117.198	34.69	1.83	63.65	6.10	6.98	42.55	66.9	1	17.6	7
3117.302	34.72	1.82	63.31	6.10	7.04	42.93	67.8	1	17.7	7
3117.447	34.53	1.86	64.34	6.09	7.08	43.11	67.0	1	17.7	7
3117.507	34.71	1.85	64.31	6.03	7.29	43.95	68.3	1	17.6	7
3117.611	34.55	1.86	64.40	6.03	7.17	43.28	67.2	1	17.9	7
3117.756	34.63	1.86	64.37	6.05	7.18	43.47	67.5	1	17.6	7
3117.816	34.95	1.83	63.92	6.07	7.09	43.01	67.3	1	17.6	7
3117.920	34.83	1.82	63.34	6.09	7.05	42.94	67.8	1	17.6	7
3118.065	35.15	1.80	63.33	6.09	7.05	42.94	67.8	1	17.6	7
3118.125	34.92	1.81	63.22	6.11	6.87	41.98	66.4	1	17.7	7
3118.229	34.97	1.80	62.94	6.15	6.81	41.87	66.5	1	17.6	7
3118.374	35.18	1.78	62.60	6.08	6.81	41.42	66.2	1	17.3	7
3118.434	34.91	1.76	61.47	5.98	7.19	42.97	69.9	1	17.4	7
3118.538	34.90	1.81	63.01	5.97	7.00	41.80	66.3	1	17.1	7
3118.683	35.30	1.74	61.39	6.09	6.27	38.22	62.3	1	17.1	7
3118.743	35.17	1.76	62.00	6.03	6.39	38.55	62.2	1	17.0	7
3118.847	35.20	1.78	62.65	5.82	7.16	41.67	66.5	1	16.8	7
3118.992	35.27	1.77	62.34	5.80	7.15	41.50	66.6	1	16.8	7
3119.052	35.44	1.74	61.55	5.78	7.18	41.54	67.5	1	16.7	7
3119.156	35.43	1.73	61.30	5.75	7.27	41.81	68.2	1	17.0	7
3119.301	35.32	1.73	61.11	5.82	7.21	41.95	68.6	1	17.0	7
3119.361	35.29	1.77	62.55	5.78	7.18	41.47	66.3	1	17.1	7
3119.465	34.45	1.72	59.42	5.67	6.93	39.28	66.1	1	17.0	7
3119.610	32.61	1.65	53.83	5.38	6.60	35.46	65.9	1	17.0	7
3119.670	31.41	1.61	50.67	5.17	6.50	33.61	66.3	1	17.1	7
3119.774	25.37	1.85	46.89	4.86	6.06	29.46	62.8	1	32.1	7
3119.919	8.53	3.44	29.37	2.89	3.89	11.23	38.2	1	55.0	7
3119.979	6.78	3.61	24.47	2.86	3.68	10.54	43.1	1	40.0	7
3120.083	8.08	3.71	29.97	3.38	4.75	16.06	53.6	1	30.0	7
3120.228	20.01	2.32	46.50	3.59	6.00	21.56	46.4	1	10.0	7
3120.288	28.31	1.62	45.76	3.46	5.64	19.54	42.7	1	10.0	7
3120.392	34.40	1.10	37.68	3.41	5.40	18.42	48.9	1	10.0	7
3120.537	31.02	1.40	43.39	3.65	6.59	24.04	55.4	1	18.0	7
3120.597	27.30	1.55	42.25	3.57	6.57	23.43	55.5	1	15.5	7
3120.701	34.01	1.15	39.10	3.38	6.29	21.26	54.4	1	10.0	7
3120.846	36.74	0.98	35.91	3.24	6.17	20.01	55.7	1	12.5	7
3120.906	30.20	1.47	44.32	3.41	6.60	22.52	50.8	1	27.5	7
3121.010	13.74	2.89	39.71	2.89	4.97	14.35	36.1	1	55.0	7
3121.155	7.12	3.42	24.37	2.97	3.76	11.15	45.7	1	40.0	7
3121.215	7.47	3.48	26.02	3.22	4.17	13.43	51.6	1	35.0	7
3121.319	12.49	2.98	37.28	3.49	5.79	20.18	54.1	1	22.5	7
3121.464	30.23	1.47	44.49	3.44	5.77	19.88	44.7	1	10.0	7
3121.524	33.68	1.18	39.71	3.40	5.61	19.05	48.0	1	10.0	7
3121.628	35.70	1.26	45.06	3.71	6.55	24.27	53.9	1	14.0	7
3121.773	29.69	1.67	49.51	3.76	7.34	27.59	55.7	1	14.0	7
3121.833	32.31	1.68	54.19	3.99	7.85	31.36	57.9	1	14.0	7
3121.937	34.51	1.70	58.64	4.19	8.28	34.72	59.2	1	14.1	7
3122.082	35.37	1.77	62.58	4.34	8.50	36.91	59.0	1	14.4	7
3122.142	35.40	1.79	63.38	4.39	8.59	37.67	59.4	1	14.6	7
3122.246	35.14	1.85	65.02	4.42	8.76	38.68	59.5	1	14.9	7
3122.391	33.65	1.92	64.54	4.24	8.91	37.78	58.5	1	14.9	7
3122.451	33.42	1.92	64.32	4.19	8.96	37.57	58.4	1	15.0	7
3122.555	32.98	1.92	63.45	4.15	8.94	37.13	58.5	1	14.9	7
3122.700	33.03	1.92	63.50	4.17	8.98	37.49	59.0	1	14.9	7
3122.760	32.68	1.92	62.82	4.11	8.91	36.62	58.3	1	15.0	7
3122.864	32.17	1.89	60.92	4.06	8.75	35.55	58.4	1	14.9	7
3123.009	32.13	1.93	61.92	4.07	8.82	35.93	58.0	1	15.3	7
3123.069	31.65	1.92	60.71	4.08	8.76	35.74	58.9	1	15.3	7
3123.173	32.59	1.93	62.83	4.24	8.78	37.25	59.3	1	15.0	7
3123.318	33.91	1.94	65.66	4.29	8.92	38.30	58.3	1	14.7	7
3123.378	34.22	1.92	65.83	4.29	8.92	38.30	58.2	1	14.6	7
3123.482	34.44	1.91	65.85	4.31	8.97	38.67	58.7	1	14.7	7
3123.627	34.23	1.92	65.56	4.33	8.95	38.74	59.1	1	14.9	7
3123.687	34.42	1.91	65.89	4.33	8.95	38.78	58.9	1	14.7	7
3123.791	34.77	1.89	65.61	4.37	8.91	38.96	59.4	1	14.6	7
3123.936	34.92	1.88	65.81	4.33	8.92	38.64	58.7	1	14.6	7
3123.996	34.92	1.88	65.52	4.34	8.91	38.68	59.0	1	14.7	7
3124.100	34.84	1.89	65.89	4.39	8.90	39.10	59.3	1	14.9	7
3124.245	34.17	1.90	64.89	4.40	8.82	38.86	59.9	1	14.9	7
3124.305	33.17	1.83	60.81	4.27	8.52	36.41	59.9	1	15.0	7
3124.409	32.07	1.73	55.57	4.17	8.03	33.53	60.3	1	15.0	7
3124.554	31.79	1.71	54.30	4.18	7.83	32.76	60.3	1	14.9	7
3124.614	32.48	1.73	56.09	4.23	7.92	33.51	59.7	1	14.9	7
3124.718	34.14	1.77	60.44	4.36	8.24	35.98	59.5	1	14.6	7
3124.863	35.21	1.80	63.27	4.41	8.53	37.61	59.4	1	14.3	7
3124.923	35.27	1.80	63.44	4.37	8.54	37.34	58.9	1	14.1	7
3125.027	35.44	1.77	62.82	4.36	8.55	37.31	59.4	1	14.3	7
3125.172	35.29	1.82	64.36	4.41	8.71	38.45	59.7	1	14.6	7
3125.232	35.10	1.85	64.95	4.43	8.77	38.85	59.8	1	14.7	7
3125.336	34.79	1.88	65.52	4.43	8.84	39.14	59.7	1	15.0	7
3125.481	34.10	1.91	65.14	4.41	8.83	38.99	59.9	1	15.0	7
3125.541	34.20	1.91	65.44	4.43	8.83	39.17	59.9	1	15.0	7
3125.645	34.30	1.92	65.83	4.45	8.84	39.35	59.8	1	15.0	7
3125.790	34.78	1.91	66.53	4.42	8.90	39.35	59.1	1	14.9	7
3125.850	34.95	1.90	66.42	4.44	8.87	39.37	59.3	1	14.7	7
3125.954	34.80	1.91	66.39	4.45	8.89	39.56	59.6	1	15.0	7
3126.099	34.65	1.92	66.49	4.44	8.93	39.66	59.7	1	14.7	7
3126.159	34.73	1.90	65.98	4.45	8.91	39.63	60.1	1	14.9	7
3126.263	34.62	1.91	66.19	4.45	8.90	39.58	59.8	1	15.0	7
3126.408	34.25	1.92	65.83	4.36	9.00	39.26	59.6	1	14.7	7
3126.468	34.28	1.91	65.62	4.31	9.04	38.95	59.4	1	14.7	7
3126.572	33.49	1.92	64.43	4.19	9.05	37.93	58.9	1	14.9	7
3126.717	33.63	1.93	64.77	4.17	9.13	38.07	58.8	1	14.6	7
3126.777	33.86	1.92	65.14	4.18	9.14	38.21	58.7	1	14.6	7
3126.881	34.51	1.91	66.06	4.19	9.20	38.56	58.4	1	14.3	7
3127.026	34.95	1.87	65.51	4.17	9.16	38.17	58.3	1	14.3	7
3127.086	34.95	1.88	65.65	4.17	9.21	38.38	58.5	1	14.3	7
3127.190	34.74	1.89	65.73	4.18	9.24	38.58	58.7	1	14.4	7
3127.335	35.05	1.88	65.73	4.18	9.21	38.47	58.5	1	14.1	7
3127.395	35.06	1.88	65.79	4.17	9.22	38.43	58.4	1	14.3	7
3127.499	34.97	1.89	66.03	4.18	9.25	38.63	58.5	1	14.4	7
3127.644	34.55	1.92	66.23	4.16	9.28	38.65	58.4	1	14.6	7
3127.704	34.46	1.92	66.28	4.15	9.27	38.48	58.1	1	14.6	7
3127.808	34.27	1.91	65.62	4.15	9.23	38.34	58.4	1	14.4	7
3127.953	34.64	1.91	66.33	4.19	9.26	38.78	58.5	1	14.4	7
3128.013	34.75	1.91	66.32	4.16	9.26	38.57	58.2	1	14.3	7
3128.117	34.97	1.89	66.14	4.18	9.22	38.53	58.3	1	14.3	7
3128.262	34.73	1.91	66.30	4.19	9.26	38.80	58.5	1	14.6	7
3128.322	34.39	1.92	65.93	4.19	9.21	38.56	58.5	1	14.6	7
3128.426	34.56	1.91	66.08	4.18	9.23	38.61	58.4	1	14.4	7
3128.571	34.60	1.91	66.05	4.18	9.22	38.59	58.4	1	14.6	7
3128.631	34.40	1.91	65.81	4.19	9.21	38.61	58.7	1	14.6	7
3128.735	34.42	1.91	65.80	4.22	9.20	38.77	58.9	1	14.4	7
3128.880	35.02	1.87	65.56	4.20	9.20	38.62	58.9	1	14.1	7
3128.940	34.98	1.88	65.79	4.21	9.14	38.48	58.5	1	14.3	7
3129.044	34.94	1.88	65.73	4.18	9.16	38.32	58.3	1	14.3	7
3129.189	35.02	1.86	65.27	4.16	9.16	38.16	58.5	1	14.3	7
3129.249	34.89	1.86	64.99	4.16	9.14	37.98	58.4	1	14.3	7
3129.353	34.42	1.84	63.21	4.10	9.01	36.96	58.5	1	14.1	7
3129.498	34.47	1.86	63.98	4.16	9.08	37.74	59.0	1	14.4	7
3129.558	34.53	1.88	64.92	4.19	9.11	38.22	58.9	1	14.4	7
3129.662	34.44	1.90	65.28	4.18	9.16	38.31	58.7	1	14.7	7
3129.807	33.71	1.92	64.65	4.17	9.07	37.83	58.5	1	14.6	7
3129.867	34.02	1.91	64.89	4.20	9.08	38.18	58.8	1	14.6	7
3129.971	34.55	1.90	65.57	4.21	9.16	38.58	58.8	1	14.3	7
3130.116	34.97	1.89	66.12	4.15	9.22	38.30	57.9	1	14.3	7
3130.176	34.87	1.90	66.24	4.17	9.23	38.46	58.1	1	14.4	7
3130.280	34.77	1.89	65.82	4.16	9.25	38.47	58.5	1	14.3	7
3130.425	34.66	1.89	65.52	4.19	9.24	38.72	59.1	1	14.4	7
3130.485	34.58	1.90	65.83	4.18	9.24	38.62	58.7	1	14.4	7
3130.589	34.20	1.94	66.20	4.15	9.22	38.30	57.9	1	14.6	7
3130.734	33.72	1.94	65.49	4.11	9.19	37.78	57.7	1	14.6	7
3130.794	33.78	1.94	65.41	4.12	9.19	37.85	57.9	1	14.6	7
3130.898	33.89	1.93	65.41	4.15	9.17	38.06	58.2	1	14.6	7
3131.043	33.71	1.93	65.21	4.16	9.20	38.30	58.7	1	14.6	7
3131.103	34.06	1.92	65.51	4.16	9.23	38.44	58.7	1	14.4	7
3131.207	34.57	1.91	66.11	4.17	9.26	38.60	58.4	1	14.1	7
3131.352	34.84	1.89	65.88	4.18	9.28	38.77	58.8	1	14.3	7
3131.412	34.88	1.89	66.00	4.19	9.29	38.90	58.9	1	14.3	7
3131.516	34.79	1.91	66.41	4.16	9.30	38.67	58.2	1	14.4	7
3131.661	34.75	1.92	66.80	4.15	9.31	38.59	57.8	1	14.3	7
3131.721	34.83	1.91	66.47	4.15	9.32	38.67	58.2	1	14.1	7
3131.825	34.86	1.90	66.30	4.14	9.32	38.60	58.2	1	14.1	7
3131.970	34.84	1.92	66.79	4.14	9.36	38.75	58.0	1	14.4	7
3132.030	34.56	1.92	66.42	4.13	9.33	38.49	57.9	1	14.4	7
3132.134	34.39	1.91	65.80	4.10	9.34	38.27	58.2	1	14.4	7
3132.279	34.57	1.91	65.89	4.09	9.36	38.29	58.1	1	14.3	7
3132.339	34.71	1.90	65.92	4.10	9.34	38.26	58.0	1	14.1	7
3132.443	34.84	1.89	65.79	4.11	9.32	38.31	58.2	1	14.3	7
3132.588	34.77	1.91	66.25	4.11	9.32	38.29	57.8	1	14.3	7
3132.648	34.86	1.89	65.91	4.13	9.31	38.48	58.4	1	14.1	7
3132.752	34.91	1.89	65.93	4.16	9.29	38.68	58.7	1	14.3	7
3132.897	34.61	1.91	66.09	4.17	9.27	38.66	58.5	1	14.6	7
3132.957	34.19	1.91	65.40	4.14	9.26	38.32	58.6	1	14.4	7
3133.061	34.37	1.92	66.00	4.14	9.28	38.46	58.3	1	14.4	7
3133.206	34.94	1.91	66.69	4.18	9.28	38.77	58.1	1	14.1	7
3133.266	35.02	1.89	66.24	4.17	9.27	38.65	58.3	1	14.1	7
3133.370	35.06	1.88	65.96	4.20	9.27	38.93	59.0	1	14.3	7
3133.515	35.13	1.88	65.98	4.18	9.21	38.49	58.3	1	14.1	7
3133.575	35.16	1.87	65.84	4.18	9.21	38.48	58.5	1	14.1	7
3133.679	35.19	1.87	65.88	4.17	9.23	38.46	58.4	1	14.1	7
3133.824	34.92	1.89	65.92	4.20	9.26	38.87	59.0	1	14.4	7
3133.884	34.67	1.90	66.04	4.20	9.24	38.77	58.7	1	14.6	7
3133.988	34.17	1.92	65.53	4.17	9.21	38.39	58.6	1	14.6	7
3134.133	34.74	1.89	65.83	4.20	9.30	39.07	59.3	1	14.3	7
3134.193	34.87	1.89	65.93	4.17	9.29	38.76	58.8	1	14.3	7
3134.297	34.90	1.89	66.04	4.18	9.27	38.80	58.8	1	14.3	7
3134.442	34.78	1.90	65.92	4.17	9.28	38.69	58.7	1	14.3	7
3134.502	34.78	1.90	66.08	4.19	9.28	38.88	58.8	1	14.3	7
3134.606	34.90	1.89	66.13	4.16	9.29	38.62	58.4	1	14.1	7
3134.751	35.30	1.86	65.73	4.16	9.20	38.29	58.2	1	14.1	7
3134.811	35.17	1.87	65.64	4.17	9.20	38.33	58.4	1	14.3	7
3134.915	35.17	1.86	65.56	4.18	9.22	38.52	58.8	1	14.1	7
3135.060	35.36	1.86	65.88	4.18	9.28	38.77	58.9	1	14.1	7
3135.120	35.19	1.86	65.51	4.18	9.27	38.72	59.1	1	14.1	7
3135.224	35.34	1.85	65.46	4.16	9.24	38.48	58.8	1	14.0	7
3135.369	35.27	1.85	65.42	4.16	9.24	38.46	58.8	1	14.1	7
3135.429	35.42	1.85	65.53	4.14	9.22	38.22	58.3	1	14.1	7
3135.533	35.48	1.83	64.97	4.13	9.18	37.96	58.4	1	14.0	7
3135.678	35.20	1.87	65.77	4.18	9.22	38.56	58.6	1	14.4	7
3135.738	34.94	1.88	65.73	4.21	9.22	38.77	59.0	1	14.4	7
3135.842	34.50	1.92	66.14	4.22	9.23	38.93	58.9	1	14.6	7
3135.987	33.95	1.92	65.27	4.17	9.21	38.36	58.8	1	14.6	7
3136.047	33.98	1.93	65.54	4.17	9.23	38.49	58.7	1	14.6	7
3136.151	33.84	1.93	65.29	4.19	9.19	38.56	59.1	1	14.6	7
3136.296	33.71	1.93	65.01	4.16	9.18	38.17	58.7	1	14.6	7
3136.356	34.05	1.93	65.72	4.15	9.21	38.23	58.2	1	14.4	7
3136.460	34.61	1.91	66.09	4.16	9.24	38.44	58.2	1	14.1	7
3136.605	34.83	1.89	65.94	4.19	9.24	38.71	58.7	1	14.4	7
3136.665	34.67	1.91	66.07	4.20	9.23	38.78	58.7	1	14.6	7
3136.769	34.02	1.93	65.57	4.17	9.21	38.35	58.5	1	14.6	7
3136.914	34.37	1.92	65.99	4.16	9.25	38.51	58.4	1	14.4	7
3136.974	34.41	1.92	66.11	4.17	9.27	38.67	58.5	1	14.4	7
3137.078	34.46	1.91	65.95	4.18	9.27	38.74	58.7	1	14.4	7
3137.223	34.57	1.92	66.24	4.20	9.29	38.99	58.9	1	14.3	7
3137.283	34.79	1.91	66.31	4.22	9.27	39.12	59.0	1	14.3	7
3137.387	34.83	1.90	66.30	4.21	9.26	38.96	58.8	1	14.4	7
3137.532	34.51	1.92	66.26	4.20	9.24	38.83	58.6	1	14.4	7
3137.592	34.69	1.91	66.14	4.19	9.25	38.77	58.6	1	14.3	7
3137.696	34.93	1.90	66.42	4.18	9.26	38.74	58.3	1	14.3	7
3137.841	35.03	1.89	66.32	4.19	9.22	38.62	58.2	1	14.3	7
3137.901	35.01	1.90	66.43	4.20	9.25	38.87	58.5	1	14.3	7
3138.005	34.95	1.89	66.02	4.21	9.26	39.01	59.1	1	14.1	7
3138.150	35.06	1.89	66.09	4.19	9.26	38.82	58.7	1	14.3	7
3138.210	34.94	1.88	65.66	4.22	9.25	39.04	59.5	1	14.4	7
3138.314	34.70	1.90	65.97	4.22	9.23	38.90	59.0	1	14.4	7
3138.459	34.28	1.91	65.36	4.18	9.23	38.62	59.1	1	14.6	7
3138.519	34.33	1.91	65.64	4.17	9.22	38.49	58.6	1	14.4	7
3138.623	34.50	1.91	65.78	4.16	9.30	38.70	58.8	1	14.3	7
3138.768	34.72	1.90	65.90	4.16	9.29	38.65	58.6	1	14.3	7
3138.828	34.76	1.90	66.10	4.16	9.29	38.67	58.5	1	14.1	7
3138.932	35.01	1.88	65.64	4.17	9.28	38.72	59.0	1	14.1	7
3139.077	35.15	1.87	65.62	4.16	9.26	38.49	58.7	1	14.1	7
3139.137	35.07	1.87	65.51	4.16	9.23	38.40	58.6	1	14.1	7
3139.241	34.94	1.86	65.13	4.18	9.24	38.58	59.2	1	14.3	7
3139.386	35.06	1.86	65.21	4.18	9.23	38.61	59.2	1	14.1	7
3139.446	35.14	1.85	64.86	4.17	9.20	38.36	59.1	1	14.0	7
3139.550	35.16	1.86	65.45	4.20	9.21	38.70	59.1	1	14.3	7
3139.695	34.84	1.89	65.93	4.19	9.27	38.81	58.9	1	14.4	7
3139.755	34.54	1.91	65.88	4.17	9.27	38.70	58.7	1	14.6	7
3139.859	34.27	1.93	66.09	4.15	9.25	38.36	58.0	1	14.4	7
3140.004	34.50	1.91	65.77	4.13	9.28	38.37	58.3	1	14.4	7
3140.064	34.53	1.90	65.66	4.15	9.29	38.58	58.8	1	14.3	7
3140.168	34.93	1.88	65.63	4.14	9.26	38.34	58.4	1	14.1	7
3140.313	34.85	1.90	66.14	4.18	9.27	38.76	58.6	1	14.4	7
3140.373	34.69	1.91	66.11	4.17	9.27	38.72	58.6	1	14.6	7
3140.477	34.17	1.92	65.55	4.15	9.27	38.47	58.7	1	14.4	7
3140.622	34.36	1.91	65.79	4.18	9.28	38.77	58.9	1	14.4	7
3140.682	34.50	1.91	66.04	4.16	9.29	38.63	58.5	1	14.3	7
3140.786	34.66	1.91	66.08	4.16	9.28	38.60	58.4	1	14.3	7
3140.931	34.93	1.89	65.99	4.16	9.32	38.74	58.7	1	14.3	7
3140.991	34.91	1.90	66.22	4.15	9.32	38.68	58.4	1	14.3	7
3141.095	34.76	1.90	65.90	4.14	9.29	38.50	58.4	1	14.1	7
3141.240	34.87	1.88	65.48	4.19	9.28	38.92	59.4	1	14.3	7
3141.300	34.81	1.88	65.43	4.19	9.28	38.88	59.4	1	14.3	7
3141.404	34.85	1.89	65.84	4.19	9.26	38.83	59.0	1	14.3	7
3141.549	34.46	1.92	66.08	4.19	9.25	38.80	58.7	1	14.6	7
3141.609	34.26	1.92	65.71	4.18	9.23	38.61	58.8	1	14.6	7
3141.713	34.40	1.91	65.76	4.18	9.21	38.52	58.6	1	14.3	7
3141.858	34.66	1.90	65.85	4.20	9.27	38.90	59.1	1	14.3	7
3141.918	34.73	1.89	65.55	4.19	9.27	38.88	59.3	1	14.4	7
3142.022	34.53	1.90	65.74	4.18	9.28	38.79	59.0	1	14.4	7
3142.167	34.19	1.91	65.36	4.18	9.27	38.76	59.3	1	14.4	7
3142.227	34.24	1.92	65.84	4.16	9.29	38.66	58.7	1	14.4	7
3142.331	34.44	1.91	65.64	4.15	9.33	38.69	58.9	1	14.4	7
3142.476	34.02	1.93	65.59	4.12	9.26	38.19	58.2	1	14.4	7
3142.536	34.13	1.92	65.61	4.14	9.28	38.38	58.5	1	14.4	7
3142.640	34.03	1.93	65.57	4.13	9.31	38.48	58.7	1	14.4	7
3142.785	34.12	1.93	65.86	4.12	9.33	38.47	58.4	1	14.4	7
3142.845	34.05	1.93	65.58	4.11	9.32	38.31	58.4	1	14.4	7
3142.949	34.09	1.94	65.97	4.10	9.33	38.29	58.0	1	14.4	7
3143.094	34.58	1.92	66.27	4.14	9.33	38.64	58.3	1	14.3	7
3143.154	34.61	1.92	66.38	4.15	9.29	38.54	58.1	1	14.3	7
3143.258	34.48	1.92	66.16	4.13	9.32	38.52	58.2	1	14.4	7
3143.403	34.26	1.92	65.64	4.11	9.34	38.40	58.5	1	14.3	7
3143.463	34.39	1.91	65.57	4.10	9.35	38.38	58.5	1	14.3	7
3143.567	34.17	1.92	65.44	4.11	9.34	38.38	58.7	1	14.4	7
3143.712	33.93	1.93	65.47	4.09	9.33	38.18	58.3	1	14.4	7
3143.772	34.10	1.93	65.70	4.11	9.34	38.38	58.4	1	14.3	7
3143.876	34.52	1.91	65.80	4.12	9.34	38.49	58.5	1	14.1	7
3144.021	34.97	1.89	66.06	4.15	9.30	38.55	58.4	1	14.0	7
3144.081	35.10	1.88	65.83	4.13	9.25	38.17	58.0	1	14.1	7
3144.185	35.01	1.87	65.48	4.14	9.25	38.30	58.5	1	14.0	7
3144.330	35.12	1.86	65.35	4.15	9.26	38.39	58.7	1	14.0	7
3144.390	35.22	1.85	65.33	4.13	9.23	38.17	58.4	1	14.0	7
3144.494	35.13	1.86	65.38	4.13	9.24	38.17	58.4	1	14.1	7
3144.639	34.52	1.91	66.03	4.15	9.32	38.72	58.6	1	14.6	7
3144.699	34.08	1.93	65.66	4.13	9.31	38.49	58.6	1	14.6	7
3144.803	34.12	1.94	66.19	4.12	9.33	38.49	58.1	1	14.4	7
3144.948	34.50	1.92	66.29	4.12	9.31	38.40	57.9	1	14.3	7
3145.008	34.55	1.91	65.94	4.15	9.32	38.71	58.7	1	14.1	7
3145.112	34.67	1.90	65.76	4.16	9.31	38.73	58.9	1	14.3	7
3145.257	34.47	1.91	65.93	4.13	9.33	38.56	58.5	1	14.4	7
3145.317	34.32	1.93	66.08	4.10	9.33	38.28	57.9	1	14.4	7
3145.421	33.93	1.94	65.82	4.08	9.28	37.89	57.6	1	14.4	7
3145.566	34.04	1.93	65.58	4.12	9.29	38.30	58.4	1	14.6	7
3145.626	33.83	1.93	65.14	4.11	9.26	38.08	58.5	1	14.4	7
3145.730	34.18	1.93	65.89	4.14	9.32	38.54	58.5	1	14.3	7
3145.875	34.82	1.90	66.19	4.11	9.35	38.47	58.1	1	14.1	7
3145.935	34.90	1.89	65.81	4.12	9.34	38.48	58.5	1	14.0	7
3146.039	34.76	1.89	65.71	4.12	9.33	38.40	58.4	1	14.1	7
3146.184	34.86	1.89	65.90	4.12	9.34	38.48	58.4	1	14.1	7
3146.244	34.82	1.89	65.95	4.13	9.32	38.51	58.4	1	14.1	7
3146.348	34.67	1.91	66.37	4.13	9.31	38.50	58.0	1	14.4	7
3146.493	34.17	1.93	66.01	4.18	9.28	38.77	58.7	1	14.4	7
3146.553	34.23	1.93	66.17	4.18	9.27	38.77	58.6	1	14.4	7
3146.657	34.31	1.92	65.97	4.18	9.24	38.65	58.6	1	14.4	7
3146.802	34.37	1.92	66.06	4.21	9.26	38.93	58.9	1	14.4	7
3146.862	34.44	1.92	66.07	4.19	9.25	38.74	58.6	1	14.4	7
3146.966	34.41	1.91	65.72	4.21	9.25	38.95	59.3	1	14.6	7
3147.111	34.09	1.92	65.38	4.18	9.25	38.66	59.1	1	14.4	7
3147.171	34.17	1.92	65.52	4.17	9.28	38.71	59.1	1	14.4	7
3147.275	34.28	1.92	65.74	4.18	9.30	38.83	59.1	1	14.4	7
3147.420	34.45	1.90	65.56	4.18	9.28	38.83	59.2	1	14.3	7
3147.480	34.29	1.90	65.05	4.18	9.24	38.60	59.3	1	14.4	7
3147.584	34.62	1.89	65.36	4.20	9.21	38.63	59.1	1	14.3	7
3147.729	34.95	1.88	65.71	4.20	9.20	38.59	58.7	1	14.1	7
3147.789	34.83	1.87	65.10	4.18	9.22	38.55	59.2	1	14.3	7
3147.893	34.57	1.90	65.67	4.15	9.28	38.48	58.6	1	14.4	7
3148.038	33.98	1.91	65.03	4.15	9.31	38.58	59.3	1	14.4	7
3148.098	34.19	1.92	65.68	4.13	9.31	38.42	58.5	1	14.3	7
3148.202	34.63	1.90	65.92	4.13	9.34	38.54	58.5	1	14.1	7
3148.347	34.69	1.90	65.92	4.13	9.34	38.53	58.4	1	14.4	7
3148.407	34.33	1.91	65.49	4.13	9.32	38.51	58.8	1	14.4	7
3148.511	34.47	1.90	65.40	4.14	9.31	38.59	59.0	1	14.1	7
3148.656	34.52	1.91	66.06	4.13	9.31	38.49	58.3	1	14.4	7
3148.716	34.28	1.92	65.86	4.16	9.31	38.68	58.7	1	14.6	7
3148.820	33.98	1.93	65.46	4.15	9.27	38.47	58.8	1	14.4	7
3148.965	34.35	1.92	66.03	4.15	9.30	38.58	58.4	1	14.3	7
3149.025	34.56	1.90	65.76	4.14	9.30	38.52	58.6	1	14.1	7
3149.129	34.52	1.89	65.21	4.12	9.33	38.46	59.0	1	14.1	7
3149.274	34.54	1.90	65.47	4.14	9.32	38.55	58.9	1	14.4	7
3149.334	34.43	1.91	65.92	4.13	9.32	38.49	58.4	1	14.6	7
3149.438	34.04	1.93	65.78	4.12	9.26	38.18	58.0	1	14.4	7
3149.583	34.35	1.92	65.93	4.15	9.27	38.49	58.4	1	14.3	7
3149.643	34.52	1.91	66.09	4.14	9.29	38.46	58.2	1	14.3	7
3149.747	34.68	1.91	66.26	4.15	9.26	38.48	58.1	1	14.3	7
3149.892	34.60	1.92	66.34	4.15	9.31	38.59	58.2	1	14.6	7
3149.952	34.13	1.93	65.84	4.13	9.31	38.46	58.4	1	14.6	7
3150.056	34.11	1.93	65.95	4.14	9.29	38.41	58.2	1	14.4	7
3150.201	34.40	1.94	66.58	4.14	9.31	38.52	57.8	1	14.3	7
3150.261	34.64	1.91	66.20	4.13	9.31	38.50	58.2	1	14.1	7
3150.365	34.71	1.90	66.02	4.14	9.31	38.49	58.3	1	14.3	7
3150.510	34.79	1.91	66.57	4.17	9.33	38.85	58.4	1	14.3	7
3150.570	34.58	1.92	66.40	4.15	9.33	38.76	58.4	1	14.4	7
3150.674	34.40	1.92	66.19	4.16	9.31	38.76	58.6	1	14.3	7
3150.819	34.77	1.90	65.92	4.13	9.30	38.45	58.3	1	14.3	7
3150.879	34.62	1.90	65.61	4.14	9.29	38.43	58.6	1	14.3	7
3150.983	34.63	1.89	65.47	4.15	9.30	38.56	58.9	1	14.3	7
3151.128	34.54	1.91	66.13	4.17	9.32	38.87	58.8	1	14.4	7
3151.188	34.38	1.92	65.84	4.15	9.31	38.66	58.7	1	14.4	7
3151.292	34.46	1.92	66.04	4.15	9.33	38.71	58.6	1	14.1	7
3151.437	34.91	1.89	66.06	4.15	9.38	38.91	58.9	1	14.1	7
3151.497	34.86	1.89	65.94	4.13	9.38	38.74	58.8	1	14.1	7
3151.601	34.89	1.88	65.69	4.14	9.37	38.76	59.0	1	14.1	7
3151.746	34.45	1.90	65.62	4.11	9.38	38.57	58.8	1	14.4	7
3151.806	34.29	1.92	65.83	4.12	9.36	38.52	58.5	1	14.3	7
3151.910	34.75	1.90	65.94	4.16	9.35	38.91	59.0	1	14.1	7
3152.055	34.48	1.91	65.97	4.12	9.36	38.60	58.5	1	14.4	7
3152.115	34.50	1.92	66.27	4.13	9.36	38.65	58.3	1	14.3	7
3152.219	34.69	1.91	66.11	4.14	9.37	38.78	58.7	1	14.3	7
3152.364	34.44	1.91	65.86	4.16	9.36	38.99	59.2	1	14.3	7
3152.424	34.57	1.91	66.10	4.16	9.36	38.89	58.8	1	14.3	7
3152.528	34.74	1.90	65.91	4.16	9.34	38.88	59.0	1	14.1	7
3152.673	34.66	1.91	66.14	4.18	9.32	38.97	58.9	1	14.4	7
3152.733	34.44	1.91	65.82	4.18	9.33	38.98	59.2	1	14.4	7
3152.837	34.52	1.91	66.07	4.17	9.31	38.86	58.8	1	14.1	7
3152.982	34.68	1.90	65.79	4.15	9.34	38.76	58.9	1	14.3	7
3153.042	34.67	1.90	66.03	4.16	9.33	38.76	58.7	1	14.4	7
3153.146	34.41	1.92	66.20	4.16	9.31	38.70	58.5	1	14.4	7
3153.291	34.35	1.92	65.95	4.18	9.32	38.91	59.0	1	14.3	7
3153.351	34.65	1.91	66.21	4.15	9.32	38.69	58.4	1	14.1	7
3153.455	34.79	1.90	66.00	4.15	9.32	38.71	58.7	1	14.3	7
3153.600	34.87	1.91	66.45	4.18	9.36	39.12	58.9	1	14.4	7
3153.660	34.54	1.91	65.87	4.19	9.34	39.14	59.4	1	14.4	7
3153.764	34.75	1.92	66.80	4.19	9.33	39.09	58.5	1	14.1	7
3153.909	35.08	1.89	66.31	4.18	9.29	38.90	58.7	1	14.1	7
3153.969	35.06	1.89	66.17	4.20	9.29	39.02	59.0	1	14.3	7
3154.073	34.84	1.91	66.60	4.19	9.32	39.03	58.6	1	14.3	7
3154.218	34.68	1.91	66.31	4.19	9.34	39.09	58.9	1	14.3	7
3154.278	34.84	1.90	66.30	4.21	9.32	39.20	59.1	1	14.3	7
3154.382	34.56	1.91	66.09	4.19	9.32	39.08	59.1	1	14.4	7
3154.527	34.48	1.92	66.32	4.21	9.31	39.18	59.1	1	14.4	7
3154.587	34.34	1.93	66.16	4.20	9.30	39.03	59.0	1	14.4	7
3154.691	34.42	1.93	66.36	4.19	9.29	38.93	58.7	1	14.3	7
3154.836	34.96	1.90	66.33	4.18	9.32	38.93	58.7	1	14.1	7
3154.896	35.03	1.90	66.44	4.19	9.32	39.10	58.9	1	14.3	7
3155.000	34.68	1.91	66.13	4.21	9.32	39.23	59.3	1	14.3	7
3155.145	34.63	1.91	66.21	4.19	9.37	39.32	59.4	1	14.3	7
3155.205	34.70	1.91	66.20	4.20	9.37	39.34	59.4	1	14.3	7
3155.309	34.85	1.90	66.22	4.17	9.33	38.92	58.8	1	14.3	7
3155.454	34.65	1.91	66.05	4.21	9.32	39.19	59.3	1	14.4	7
3155.514	34.56	1.91	66.16	4.19	9.31	39.03	59.0	1	14.4	7
3155.618	34.10	1.93	65.67	4.19	9.26	38.78	59.0	1	14.6	7
3155.763	34.46	1.91	65.83	4.19	9.28	38.92	59.1	1	14.3	7
3155.823	34.62	1.92	66.32	4.20	9.30	39.09	58.9	1	14.3	7
3155.927	34.90	1.90	66.26	4.19	9.30	38.94	58.8	1	14.1	7
3156.072	35.18	1.89	66.35	4.18	9.33	39.03	58.8	1	14.1	7
3156.132	35.09	1.89	66.21	4.17	9.34	38.91	58.8	1	14.0	7
3156.236	35.26	1.87	65.89	4.17	9.29	38.73	58.8	1	14.1	7
3156.381	35.46	1.86	66.05	4.16	9.25	38.48	58.3	1	14.0	7
3156.441	35.39	1.85	65.51	4.16	9.24	38.45	58.7	1	13.9	7
3156.545	35.43	1.85	65.73	4.15	9.23	38.29	58.2	1	14.1	7
3156.690	34.93	1.90	66.39	4.17	9.30	38.82	58.5	1	14.4	7
3156.750	34.60	1.91	65.99	4.19	9.27	38.84	58.9	1	14.3	7
3156.854	34.69	1.90	66.01	4.18	9.29	38.83	58.8	1	14.3	7
3156.999	34.79	1.90	66.06	4.19	9.31	39.02	59.1	1	14.3	7
3157.059	34.70	1.91	66.21	4.18	9.33	39.02	58.9	1	14.3	7
3157.163	34.80	1.90	66.04	4.19	9.33	39.11	59.2	1	14.1	7
3157.308	34.61	1.91	66.16	4.20	9.31	39.06	59.0	1	14.4	7
3157.368	34.42	1.91	65.90	4.19	9.32	39.08	59.3	1	14.4	7
3157.472	34.68	1.91	66.08	4.21	9.29	39.14	59.2	1	14.3	7
3157.617	35.13	1.89	66.27	4.23	9.29	39.27	59.2	1	14.3	7
3157.677	35.07	1.90	66.53	4.21	9.30	39.17	58.9	1	14.4	7
3157.781	34.51	1.92	66.40	4.23	9.25	39.10	58.9	1	14.6	7
3157.926	34.26	1.93	65.97	4.21	9.31	39.18	59.4	1	14.6	7
3157.986	34.33	1.92	65.92	4.23	9.29	39.26	59.6	1	14.4	7
3158.090	34.69	1.90	66.03	4.23	9.27	39.25	59.4	1	14.3	7
3158.235	34.95	1.90	66.38	4.23	9.26	39.18	59.0	1	14.1	7
3158.295	34.91	1.89	65.82	4.23	9.24	39.06	59.3	1	14.3	7
3158.399	34.77	1.91	66.25	4.22	9.28	39.15	59.1	1	14.4	7
3158.544	34.23	1.93	66.16	4.19	9.30	38.98	58.9	1	14.4	7
3158.604	34.45	1.93	66.36	4.22	9.29	39.19	59.0	1	14.3	7
3158.708	34.92	1.90	66.24	4.21	9.28	39.06	59.0	1	14.3	7
3158.853	35.03	1.89	66.16	4.23	9.29	39.25	59.3	1	14.0	7
3158.913	35.10	1.87	65.78	4.20	9.27	38.93	59.2	1	14.0	7
3159.017	35.20	1.88	66.10	4.23	9.26	39.15	59.2	1	14.1	7
3159.162	34.98	1.90	66.33	4.21	9.29	39.14	59.0	1	14.3	7
3159.222	34.95	1.89	66.22	4.25	9.31	39.54	59.7	1	14.3	7
3159.326	34.69	1.92	66.47	4.22	9.31	39.25	59.1	1	14.4	7
3159.471	32.53	1.77	57.58	3.95	8.65	34.21	59.4	1	14.4	7
3159.531	30.80	1.65	50.93	3.75	8.10	30.40	59.7	1	14.3	7
3159.635	21.30	2.05	43.77	3.29	6.90	22.68	51.8	1	34.3	7
3159.780	7.01	3.49	24.44	2.12	3.85	8.17	33.4	1	55.0	7
3159.840	5.65	3.82	21.58	2.17	3.87	8.41	39.0	1	40.0	7
3159.943	6.86	3.94	27.00	2.60	5.09	13.26	49.1	1	30.0	7
3160.088	16.50	2.40	39.64	2.95	5.99	17.66	44.6	1	10.0	7
3160.148	25.10	1.69	42.38	2.95	6.02	17.75	41.9	1	10.0	7
3160.252	25.00	0.97	24.16	2.40	4.70	11.26	46.6	1	10.0	7
3160.397	19.69	0.95	18.62	2.29	4.25	9.74	52.3	1	18.0	7
3160.457	18.70	1.12	20.96	2.47	4.59	11.35	54.1	1	15.5	7
3160.561	30.14	1.03	30.96	2.94	5.72	16.83	54.3	1	12.5	7
3160.706	14.03	2.05	28.79	2.41	4.63	11.17	38.8	1	47.5	7
3160.766	8.37	2.30	19.21	1.85	3.25	6.01	31.3	1	55.0	7
3160.869	4.84	2.48	12.00	1.64	2.65	4.35	36.3	1	40.0	7
3161.013	8.69	2.48	21.52	2.41	4.48	10.78	50.1	1	25.0	7
3161.073	11.91	2.25	26.77	2.67	5.10	13.59	50.8	1	15.0	7
3161.177	27.41	1.43	39.27	2.97	5.91	17.55	44.7	1	10.0	7
3161.322	34.55	1.15	39.79	3.25	6.62	21.51	54.1	1	14.0	7
3161.382	33.55	1.37	46.07	3.53	7.29	25.73	55.8	1	16.5	7
3161.486	27.94	1.69	47.16	3.54	7.43	26.27	55.7	1	14.0	7
3161.631	34.02	1.79	60.83	4.06	8.71	35.32	58.1	1	14.1	7
3161.691	34.63	1.82	62.99	4.14	8.88	36.78	58.4	1	14.3	7
3161.795	34.76	1.87	65.12	4.21	9.09	38.25	58.7	1	14.4	7
3161.940	34.08	1.92	65.38	4.21	9.17	38.61	59.1	1	14.7	7
3162.000	34.11	1.92	65.45	4.21	9.16	38.52	58.9	1	14.6	7
3162.104	34.05	1.92	65.31	4.21	9.13	38.42	58.8	1	14.6	7
3162.249	33.35	1.89	63.14	4.15	9.03	37.44	59.3	1	14.6	7
3162.309	33.22	1.88	62.32	4.11	8.98	36.92	59.2	1	14.7	7
3162.413	32.86	1.87	61.55	4.06	8.88	36.04	58.6	1	14.6	7
3162.558	33.99	1.89	64.19	4.18	9.12	38.17	59.5	1	14.3	7
3162.618	34.55	1.88	64.98	4.19	9.19	38.53	59.3	1	14.1	7
3162.722	35.12	1.86	65.22	4.18	9.20	38.45	59.0	1	14.0	7
3162.867	35.40	1.83	64.84	4.15	9.18	38.13	58.8	1	14.0	7
3162.927	35.43	1.84	65.02	4.15	9.17	38.06	58.5	1	14.0	7
3163.031	35.46	1.83	64.92	4.16	9.16	38.13	58.7	1	14.0	7
3163.176	35.42	1.83	64.78	4.15	9.17	38.03	58.7	1	13.9	7
3163.236	35.49	1.83	64.83	4.15	9.16	37.99	58.6	1	14.0	7
3163.340	35.22	1.85	65.05	4.20	9.20	38.62	59.4	1	14.1	7
3163.485	35.12	1.87	65.60	4.21	9.22	38.86	59.2	1	14.1	7
3163.545	34.95	1.87	65.51	4.19	9.25	38.80	59.2	1	14.3	7
3163.649	34.89	1.89	65.86	4.21	9.24	38.88	59.0	1	14.4	7
3163.794	34.31	1.92	65.92	4.18	9.21	38.49	58.4	1	14.4	7
3163.854	34.27	1.92	65.66	4.18	9.22	38.57	58.7	1	14.6	7
3163.958	34.15	1.91	65.35	4.18	9.21	38.46	58.8	1	14.4	7
3164.103	34.44	1.91	65.91	4.21	9.27	39.01	59.2	1	14.3	7
3164.163	34.57	1.89	65.17	4.17	9.25	38.57	59.2	1	14.1	7
3164.267	34.59	1.88	65.09	4.16	9.21	38.37	58.9	1	14.3	7
3164.412	34.28	1.90	65.10	4.13	9.19	37.94	58.3	1	14.3	7
3164.472	34.36	1.89	64.86	4.14	9.17	37.94	58.5	1	14.3	7
3164.576	34.05	1.88	64.14	4.12	9.13	37.59	58.6	1	14.3	7
3164.721	34.34	1.84	63.33	4.10	9.10	37.32	58.9	1	14.1	7
3164.781	33.82	1.81	61.18	4.01	8.91	35.76	58.5	1	14.3	7
3164.885	33.38	1.80	59.98	3.98	8.81	35.01	58.4	1	14.1	7
3165.030	33.79	1.86	62.99	4.06	9.06	36.79	58.4	1	14.4	7
3165.090	33.44	1.88	62.71	4.06	9.04	36.70	58.5	1	14.6	7
3165.194	33.59	1.88	63.18	4.07	9.06	36.88	58.4	1	14.3	7
3165.339	33.73	1.85	62.50	4.08	9.05	36.91	59.0	1	14.4	7
3165.399	33.42	1.85	61.91	4.06	8.96	36.36	58.7	1	14.3	7
3165.503	33.28	1.84	61.16	4.04	8.92	36.03	58.9	1	14.4	7
3165.648	33.67	1.83	61.62	4.05	8.92	36.10	58.6	1	14.1	7
3165.708	34.03	1.82	61.77	4.04	8.96	36.17	58.6	1	14.0	7
3165.812	34.41	1.79	61.62	4.05	8.95	36.21	58.8	1	13.9	7
3165.957	35.28	1.79	63.24	4.12	9.02	37.16	58.8	1	13.6	7
3166.017	35.47	1.78	63.13	4.08	9.01	36.79	58.3	1	13.6	7
3166.121	35.71	1.74	61.99	4.05	8.99	36.43	58.8	1	13.6	7
3166.266	35.68	1.78	63.37	4.10	9.11	37.36	59.0	1	13.9	7
3166.326	35.46	1.80	63.83	4.11	9.14	37.60	58.9	1	14.0	7
3166.430	35.31	1.86	65.53	4.17	9.24	38.53	58.8	1	14.1	7
3166.575	34.80	1.89	65.70	4.16	9.27	38.59	58.7	1	14.3	7
3166.635	34.47	1.90	65.67	4.14	9.23	38.23	58.2	1	14.4	7
3166.739	34.66	1.90	65.92	4.15	9.25	38.35	58.2	1	14.1	7
3166.884	35.14	1.88	66.16	4.18	9.28	38.78	58.6	1	14.0	7
3166.944	35.26	1.87	65.82	4.17	9.26	38.57	58.6	1	14.1	7
3167.048	35.18	1.87	65.91	4.18	9.26	38.72	58.7	1	14.1	7
3167.193	35.18	1.89	66.60	4.21	9.31	39.20	58.9	1	14.3	7
3167.253	34.85	1.90	66.29	4.20	9.29	39.01	58.8	1	14.4	7
3167.357	34.78	1.91	66.34	4.20	9.28	38.93	58.7	1	14.3	7
3167.502	34.59	1.92	66.26	4.18	9.30	38.92	58.7	1	14.6	7
3167.562	34.31	1.92	66.05	4.16	9.25	38.52	58.3	1	14.4	7
3167.666	34.23	1.92	65.84	4.17	9.28	38.64	58.7	1	14.4	7
3167.811	34.42	1.93	66.42	4.14	9.29	38.49	57.9	1	14.3	7
3167.871	34.71	1.91	66.32	4.16	9.31	38.78	58.5	1	14.1	7
3167.975	34.66	1.90	65.97	4.18	9.31	38.97	59.1	1	14.3	7
3168.120	34.77	1.89	65.82	4.17	9.29	38.77	58.9	1	14.1	7
3168.180	34.84	1.87	65.32	4.17	9.28	38.71	59.3	1	14.1	7
3168.284	34.72	1.89	65.75	4.15	9.30	38.61	58.7	1	14.4	7
3168.429	34.26	1.93	66.20	4.17	9.29	38.75	58.5	1	14.6	7
3168.489	34.08	1.92	65.57	4.16	9.28	38.56	58.8	1	14.4	7
3168.593	34.11	1.93	65.93	4.18	9.28	38.80	58.8	1	14.4	7
3168.738	34.51	1.92	66.09	4.23	9.30	39.34	59.5	1	14.3	7
3168.798	34.67	1.91	66.26	4.21	9.29	39.12	59.0	1	14.3	7
3168.902	34.89	1.90	66.32	4.23	9.30	39.29	59.3	1	14.3	7
3169.047	35.30	1.88	66.54	4.22	9.28	39.19	58.9	1	14.0	7
3169.107	35.32	1.87	66.00	4.21	9.25	38.94	59.0	1	14.1	7
3169.211	35.23	1.86	65.56	4.18	9.23	38.61	58.9	1	14.0	7
3169.356	35.21	1.88	66.13	4.19	9.25	38.78	58.6	1	14.3	7
3169.416	34.80	1.89	65.80	4.20	9.27	38.95	59.2	1	14.4	7
3169.520	34.76	1.91	66.45	4.21	9.27	39.03	58.7	1	14.1	7
3169.665	35.15	1.88	66.22	4.20	9.22	38.67	58.4	1	14.1	7
3169.725	35.16	1.88	66.10	4.22	9.22	38.94	58.9	1	14.1	7
3169.829	35.12	1.87	65.83	4.20	9.22	38.74	58.8	1	14.1	7
3169.974	35.25	1.87	66.01	4.19	9.22	38.63	58.5	1	14.1	7
3170.034	35.30	1.87	65.99	4.20	9.23	38.77	58.7	1	14.1	7
3170.138	35.20	1.86	65.32	4.22	9.21	38.85	59.5	1	14.1	7
3170.283	35.29	1.86	65.58	4.18	9.19	38.46	58.6	1	14.1	7
3170.343	34.93	1.87	65.24	4.21	9.22	38.82	59.5	1	14.3	7
3170.447	34.99	1.87	65.39	4.22	9.23	38.93	59.5	1	14.1	7
3170.592	35.09	1.86	65.35	4.22	9.21	38.87	59.5	1	14.1	7
3170.652	34.96	1.87	65.25	4.21	9.22	38.85	59.5	1	14.1	7
3170.756	34.98	1.89	66.08	4.21	9.25	38.92	58.9	1	14.3	7
3170.901	34.67	1.92	66.49	4.20	9.28	38.97	58.6	1	14.4	7
3170.961	34.28	1.92	65.82	4.20	9.26	38.95	59.2	1	14.6	7
3171.065	34.36	1.93	66.25	4.21	9.24	38.94	58.8	1	14.3	7
3171.210	35.02	1.89	66.24	4.20	9.26	38.91	58.7	1	14.1	7
3171.270	35.17	1.88	66.29	4.21	9.25	38.97	58.8	1	14.1	7
3171.374	35.13	1.87	65.57	4.21	9.27	39.05	59.5	1	14.3	7
3171.519	34.46	1.91	65.97	4.21	9.27	39.02	59.1	1	14.6	7
3171.579	34.24	1.93	66.13	4.21	9.24	38.88	58.8	1	14.6	7
3171.683	33.98	1.93	65.71	4.18	9.21	38.47	58.5	1	14.6	7
3171.828	34.49	1.92	66.23	4.22	9.26	39.12	59.1	1	14.3	7
3171.888	34.57	1.90	65.77	4.21	9.29	39.05	59.4	1	14.3	7
3171.992	34.59	1.91	65.92	4.22	9.28	39.10	59.3	1	14.4	7
3172.137	34.20	1.92	65.59	4.15	9.28	38.51	58.7	1	14.4	7
3172.197	34.19	1.92	65.57	4.15	9.28	38.53	58.8	1	14.4	7
3172.301	34.19	1.92	65.81	4.16	9.30	38.72	58.8	1	14.4	7
3172.446	33.97	1.91	64.96	4.17	9.28	38.69	59.6	1	14.4	7
3172.506	33.85	1.92	65.07	4.16	9.26	38.48	59.1	1	14.6	7
3172.610	33.48	1.94	64.86	4.14	9.20	38.05	58.7	1	14.6	7
3172.755	33.67	1.93	65.12	4.16	9.23	38.39	58.9	1	14.4	7
3172.815	33.98	1.94	65.77	4.17	9.25	38.55	58.6	1	14.3	7
3172.919	34.63	1.90	65.78	4.18	9.32	38.91	59.2	1	14.1	7
3173.064	35.06	1.89	66.28	4.17	9.31	38.80	58.5	1	14.0	7
3173.124	35.09	1.88	65.84	4.17	9.31	38.84	59.0	1	14.1	7
3173.228	35.10	1.87	65.76	4.18	9.31	38.87	59.1	1	14.1	7
3173.373	35.17	1.90	66.71	4.22	9.35	39.48	59.2	1	14.3	7
3173.433	35.02	1.90	66.56	4.21	9.34	39.34	59.1	1	14.3	7
3173.537	34.65	1.93	66.99	4.20	9.34	39.20	58.5	1	14.4	7
3173.682	34.78	1.93	67.01	4.17	9.32	38.86	58.0	1	14.1	7
3173.742	34.90	1.91	66.72	4.18	9.31	38.89	58.3	1	14.1	7
3173.846	34.87	1.91	66.57	4.18	9.33	39.03	58.6	1	14.3	7
3173.991	34.72	1.93	66.85	4.20	9.37	39.40	58.9	1	14.4	7
3174.051	34.22	1.95	66.70	4.16	9.32	38.74	58.1	1	14.6	7
3174.155	34.14	1.94	66.19	4.14	9.32	38.58	58.3	1	14.6	7
3174.300	34.06	1.94	66.00	4.13	9.34	38.56	58.4	1	14.4	7
3174.360	34.37	1.94	66.65	4.13	9.34	38.59	57.9	1	14.3	7
3174.464	34.71	1.92	66.62	4.19	9.35	39.20	58.8	1	14.3	7
3174.609	34.44	1.92	66.15	4.18	9.38	39.20	59.3	1	14.4	7
3174.669	34.41	1.92	65.99	4.17	9.38	39.08	59.2	1	14.3	7
3174.773	34.54	1.92	66.18	4.17	9.39	39.19	59.2	1	14.3	7
3174.918	34.79	1.91	66.28	4.15	9.39	38.97	58.8	1	14.1	7
3174.978	34.85	1.90	66.26	4.15	9.38	38.95	58.8	1	14.1	7
3175.082	34.94	1.90	66.26	4.16	9.41	39.19	59.2	1	14.1	7
3175.227	35.13	1.90	66.79	4.15	9.40	39.00	58.4	1	14.0	7
3175.287	35.16	1.88	66.16	4.14	9.37	38.79	58.6	1	14.0	7
3175.391	35.09	1.89	66.48	4.16	9.37	38.94	58.6	1	14.1	7
3175.536	34.63	1.92	66.57	4.15	9.37	38.92	58.5	1	14.4	7
3175.596	34.64	1.93	66.72	4.15	9.40	39.03	58.5	1	14.3	7
3175.700	34.82	1.92	66.72	4.16	9.37	38.95	58.4	1	14.3	7
3175.845	34.63	1.93	66.69	4.15	9.40	39.05	58.6	1	14.3	7
3175.905	34.59	1.94	66.96	4.14	9.42	38.98	58.2	1	14.4	7
3176.009	34.44	1.94	66.73	4.14	9.39	38.86	58.2	1	14.3	7
3176.154	34.19	1.95	66.71	4.15	9.38	38.87	58.3	1	14.4	7
3176.214	34.10	1.94	66.32	4.15	9.37	38.82	58.5	1	14.4	7
3176.318	34.57	1.92	66.45	4.16	9.38	39.02	58.7	1	14.3	7
3176.463	34.68	1.92	66.68	4.17	9.38	39.09	58.6	1	14.1	7
3176.523	34.83	1.91	66.50	4.16	9.39	39.06	58.7	1	14.1	7
3176.627	34.88	1.90	66.41	4.14	9.39	38.87	58.5	1	14.3	7
3176.772	34.67	1.92	66.53	4.13	9.38	38.71	58.2	1	14.3	7
3176.832	34.62	1.93	66.75	4.15	9.40	39.03	58.5	1	14.3	7
3176.936	34.36	1.94	66.77	4.15	9.37	38.92	58.3	1	14.4	7
3177.081	34.57	1.94	67.10	4.15	9.39	38.99	58.1	1	14.1	7
3177.141	34.60	1.92	66.51	4.16	9.39	39.08	58.8	1	14.1	7
3177.245	34.67	1.92	66.55	4.16	9.40	39.09	58.7	1	14.3	7
3177.390	34.81	1.93	67.11	4.17	9.41	39.27	58.5	1	14.3	7
3177.450	34.71	1.92	66.60	4.18	9.40	39.29	59.0	1	14.4	7
3177.554	34.55	1.93	66.83	4.15	9.39	39.02	58.4	1	14.3	7
3177.699	34.72	1.91	66.45	4.17	9.40	39.22	59.0	1	14.3	7
3177.759	34.78	1.91	66.45	4.20	9.39	39.42	59.3	1	14.1	7
3177.863	34.94	1.91	66.70	4.19	9.40	39.32	59.0	1	14.1	7
3178.008	35.16	1.90	66.81	4.18	9.36	39.11	58.5	1	14.0	7
3178.068	35.12	1.89	66.37	4.15	9.36	38.90	58.6	1	14.1	7
3178.172	34.98	1.91	66.80	4.16	9.37	38.99	58.4	1	14.3	7
3178.317	34.51	1.94	67.10	4.16	9.36	39.00	58.1	1	14.4	7
3178.377	34.16	1.95	66.45	4.17	9.35	38.94	58.6	1	14.6	7
3178.481	34.10	1.94	66.14	4.15	9.34	38.78	58.6	1	14.3	7
3178.626	34.85	1.91	66.71	4.18	9.37	39.13	58.7	1	14.0	7
3178.686	34.99	1.89	66.17	4.18	9.36	39.13	59.1	1	14.0	7
3178.790	35.02	1.88	65.95	4.15	9.37	38.90	59.0	1	14.0	7
3178.935	35.32	1.88	66.29	4.14	9.33	38.61	58.2	1	14.0	7
3178.995	35.41	1.87	66.23	4.13	9.33	38.54	58.2	1	13.9	7
3179.099	35.39	1.87	66.16	4.14	9.33	38.57	58.3	1	14.0	7
3179.244	35.54	1.88	66.82	4.14	9.33	38.62	57.8	1	14.0	7
3179.304	35.35	1.89	66.87	4.15	9.34	38.73	57.9	1	14.1	7
3179.408	35.08	1.90	66.66	4.16	9.36	38.99	58.5	1	14.1	7
3179.553	35.31	1.89	66.58	4.16	9.38	38.97	58.5	1	14.0	7
3179.613	35.23	1.88	66.32	4.16	9.36	38.96	58.7	1	14.0	7
3179.717	35.03	1.89	66.06	4.15	9.34	38.74	58.6	1	14.1	7
3179.862	34.88	1.90	66.42	4.19	9.36	39.17	59.0	1	14.3	7
3179.922	34.67	1.92	66.56	4.17	9.34	38.98	58.6	1	14.4	7
3180.026	34.55	1.92	66.22	4.18	9.35	39.12	59.1	1	14.3	7
3180.171	34.80	1.90	66.28	4.17	9.35	39.02	58.9	1	14.1	7
3180.231	34.78	1.90	66.20	4.16	9.38	39.05	59.0	1	14.1	7
3180.335	34.76	1.90	66.11	4.14	9.38	38.87	58.8	1	14.3	7
3180.480	34.49	1.92	66.16	4.17	9.35	38.98	58.9	1	14.3	7
3180.540	34.54	1.91	66.15	4.18	9.34	38.99	58.9	1	14.3	7
3180.644	34.23	1.92	65.67	4.15	9.35	38.80	59.1	1	14.4	7
3180.789	34.71	1.91	66.35	4.19	9.35	39.17	59.0	1	14.0	7
3180.849	34.98	1.89	66.20	4.18	9.34	39.01	58.9	1	14.0	7
3180.953	34.98	1.90	66.61	4.19	9.36	39.19	58.8	1	14.3	7
3181.098	34.71	1.93	66.93	4.18	9.35	39.09	58.4	1	14.4	7
3181.158	34.53	1.93	66.77	4.17	9.32	38.88	58.2	1	14.4	7
3181.262	34.36	1.94	66.65	4.20	9.33	39.16	58.8	1	14.4	7
3181.407	34.97	1.92	67.04	4.19	9.34	39.13	58.4	1	14.1	7
3181.467	35.11	1.90	66.56	4.18	9.33	39.00	58.6	1	14.0	7
3181.571	34.99	1.89	66.02	4.17	9.30	38.77	58.7	1	14.1	7
3181.716	35.04	1.89	66.38	4.22	9.34	39.39	59.3	1	14.3	7
3181.776	34.95	1.91	66.68	4.21	9.36	39.44	59.2	1	14.3	7
3181.880	34.63	1.92	66.54	4.22	9.30	39.22	58.9	1	14.4	7
3182.025	34.57	1.93	66.64	4.21	9.33	39.26	58.9	1	14.3	7
3182.085	34.62	1.92	66.50	4.23	9.28	39.25	59.0	1	14.3	7
3182.189	34.55	1.91	65.96	4.19	9.34	39.13	59.3	1	14.4	7
3182.334	34.67	1.92	66.50	4.20	9.38	39.40	59.3	1	14.1	7
3182.394	34.85	1.90	66.32	4.21	9.37	39.43	59.5	1	14.1	7
3182.498	34.65	1.92	66.41	4.20	9.37	39.36	59.3	1	14.4	7
3182.643	34.45	1.93	66.34	4.18	9.34	39.05	58.9	1	14.3	7
3182.703	34.65	1.93	66.75	4.19	9.36	39.23	58.8	1	14.3	7
3182.807	34.85	1.92	66.79	4.18	9.35	39.14	58.6	1	14.1	7
3182.952	34.58	1.93	66.67	4.19	9.35	39.17	58.8	1	14.4	7
3183.012	34.33	1.92	66.08	4.18	9.34	39.03	59.1	1	14.4	7
3183.116	34.37	1.92	66.14	4.17	9.36	39.07	59.1	1	14.3	7
3183.261	35.05	1.91	66.85	4.19	9.35	39.17	58.6	1	14.0	7
3183.321	35.19	1.90	66.94	4.19	9.31	38.99	58.2	1	14.1	7
3183.425	35.14	1.88	66.22	4.18	9.31	38.98	58.9	1	14.0	7
3183.570	35.18	1.87	65.65	4.17	9.25	38.53	58.7	1	14.0	7
3183.630	35.13	1.87	65.72	4.17	9.25	38.56	58.7	1	14.1	7
3183.734	34.80	1.90	66.00	4.19	9.29	38.88	58.9	1	14.4	7
3183.879	34.47	1.92	66.09	4.20	9.32	39.14	59.2	1	14.6	7
3183.939	34.07	1.92	65.53	4.17	9.28	38.64	59.0	1	14.4	7
3184.043	34.14	1.93	65.76	4.18	9.30	38.87	59.1	1	14.4	7
3184.188	34.71	1.91	66.29	4.20	9.32	39.14	59.0	1	14.1	7
3184.248	35.03	1.89	66.35	4.22	9.31	39.27	59.2	1	14.1	7
3184.352	35.05	1.89	66.23	4.21	9.28	39.04	58.9	1	14.1	7
