2694.772	39.21	0.08	3.24	0.05	0.16	0.01	0.3	1	0.0	6
2694.875	27.04	1.83	49.54	2.43	5.04	12.25	24.7	1	35.0	6
2695.020	8.66	4.18	36.20	2.20	4.60	10.10	27.9	1	52.5	6
2695.080	7.22	4.45	32.14	2.44	5.06	12.33	38.4	1	40.0	6
2695.183	9.12	4.52	41.23	3.23	6.64	21.42	51.9	1	27.5	6
2695.328	22.47	2.54	57.06	3.55	7.47	26.53	46.5	1	10.0	6
2695.388	29.64	1.81	53.77	3.41	7.23	24.68	45.9	1	10.0	6
2695.492	34.92	1.29	45.04	3.32	7.06	23.43	52.0	1	10.0	6
2695.637	32.41	1.69	54.85	3.93	8.21	32.26	58.8	1	18.0	6
2695.697	29.65	1.82	54.02	3.91	8.20	32.06	59.3	1	13.0	6
2695.801	35.15	1.28	45.08	3.50	7.44	26.05	57.8	1	10.0	6
2695.946	27.25	2.02	55.00	3.68	7.72	28.40	51.6	1	32.5	6
2696.006	18.40	3.27	60.24	3.48	7.34	25.55	42.4	1	47.5	6
2696.110	8.01	4.32	34.58	2.46	5.07	12.45	36.0	1	50.0	6
2696.255	8.53	4.61	39.28	3.24	6.55	21.24	54.1	1	30.0	6
2696.315	11.89	3.85	45.78	3.50	7.12	24.92	54.4	1	25.0	6
2696.419	24.01	2.37	56.93	3.60	7.37	26.53	46.6	1	10.0	6
2696.564	34.73	1.31	45.32	3.35	7.02	23.50	51.9	1	10.0	6
2696.624	35.91	1.27	45.59	3.49	7.25	25.29	55.5	1	14.0	6
2696.728	31.82	1.70	54.01	4.00	8.03	32.09	59.4	1	18.0	6
2696.873	35.23	1.28	45.13	3.61	7.24	26.16	58.0	1	10.0	6
2696.933	36.45	1.14	41.37	3.48	7.01	24.39	59.0	1	10.0	6
2697.037	26.19	2.20	57.61	3.82	7.60	29.00	50.3	1	35.0	6
2697.182	8.97	4.24	38.05	2.94	5.10	15.01	39.5	1	52.5	6
2697.242	7.66	4.49	34.44	3.11	5.32	16.53	48.0	1	40.0	6
2697.345	9.68	4.48	43.39	3.77	6.63	24.96	57.5	1	27.5	6
2697.490	23.13	2.43	56.25	3.89	7.07	27.48	48.9	1	10.0	6
2697.550	30.02	1.71	51.39	3.67	6.66	24.42	47.5	1	10.0	6
2697.654	35.06	1.18	41.37	3.49	6.37	22.20	53.7	1	10.0	6
2697.799	33.23	1.61	53.63	4.18	7.77	32.52	60.6	1	18.0	6
2697.859	31.65	1.73	54.75	4.27	7.93	33.86	61.8	1	10.5	6
2697.963	35.80	1.19	42.68	3.71	6.85	25.43	59.6	1	10.0	6
2698.108	26.39	2.14	56.59	3.92	7.35	28.85	51.0	1	35.0	6
2698.168	17.63	3.36	59.17	3.69	6.84	25.22	42.6	1	50.0	6
2698.272	8.43	4.29	36.14	2.90	4.96	14.40	39.8	1	50.0	6
2698.417	9.76	4.48	43.74	3.73	6.63	24.74	56.6	1	27.5	6
2698.477	12.31	3.77	46.36	3.80	6.88	26.14	56.4	1	25.0	6
2698.581	24.57	2.28	56.10	3.81	7.03	26.78	47.7	1	10.0	6
2698.726	34.90	1.24	43.28	3.47	6.56	22.75	52.6	1	10.0	6
2698.786	36.12	1.20	43.44	3.61	6.81	24.54	56.5	1	14.0	6
2698.890	32.33	1.66	53.63	4.13	7.85	32.46	60.5	1	18.0	6
2699.035	35.38	1.26	44.54	3.68	7.08	26.06	58.5	1	10.0	6
2699.095	36.48	1.11	40.45	3.55	6.79	24.07	59.5	1	10.0	6
2699.199	24.65	2.42	59.64	3.91	7.53	29.45	49.4	1	37.5	6
2699.344	8.81	4.23	37.29	2.75	5.09	14.00	37.5	1	52.5	6
2699.404	7.59	4.48	34.01	2.96	5.28	15.60	45.9	1	40.0	6
2699.507	9.62	4.48	43.15	3.66	6.65	24.33	56.4	1	27.5	6
2699.652	23.13	2.44	56.42	3.82	7.17	27.38	48.5	1	10.0	6
2699.712	30.10	1.73	52.19	3.63	6.80	24.65	47.2	1	10.0	6
2699.816	35.15	1.20	42.15	3.48	6.52	22.66	53.8	1	10.0	6
2699.961	33.25	1.62	53.92	4.21	7.79	32.78	60.8	1	18.0	6
2700.021	31.50	1.74	54.73	4.23	7.95	33.66	61.5	1	10.5	6
2700.125	35.50	1.22	43.44	3.68	6.96	25.64	59.0	1	10.0	6
2700.270	26.33	2.15	56.63	3.91	7.40	28.95	51.1	1	35.0	6
2700.330	17.41	3.35	58.29	3.68	6.87	25.26	43.3	1	50.0	6
2700.434	8.37	4.27	35.73	2.77	4.96	13.75	38.5	1	50.0	6
2700.579	9.78	4.46	43.58	3.69	6.60	24.36	55.9	1	27.5	6
2700.639	12.75	3.61	46.11	3.83	6.84	26.19	56.8	1	25.0	6
2700.743	24.60	2.27	55.80	3.83	6.97	26.68	47.8	1	10.0	6
2700.888	35.16	1.19	41.95	3.48	6.42	22.35	53.3	1	10.0	6
2700.948	36.10	1.23	44.38	3.74	6.85	25.63	57.7	1	14.0	6
2701.052	32.57	1.65	53.75	4.21	7.76	32.68	60.8	1	18.0	6
2701.197	27.53	1.93	53.23	4.28	7.93	33.99	63.9	1	18.0	6
2701.257	27.14	1.97	53.36	4.30	7.96	34.27	64.2	1	17.9	6
2701.361	26.29	2.00	52.68	4.28	7.97	34.12	64.8	1	17.9	6
2701.506	26.31	2.01	52.97	4.29	8.06	34.60	65.3	1	17.7	6
2701.566	26.43	2.01	53.13	4.30	8.08	34.74	65.4	1	17.7	6
2701.670	27.10	2.01	54.48	4.33	8.18	35.46	65.1	1	17.4	6
2701.815	28.15	2.02	56.97	4.40	8.28	36.40	63.9	1	17.1	6
2701.875	28.73	2.02	58.17	4.47	8.34	37.33	64.2	1	17.0	6
2701.979	29.48	2.01	59.32	4.54	8.47	38.45	64.8	1	16.8	6
2702.124	30.45	2.01	61.30	4.61	8.65	39.84	65.0	1	16.5	6
2702.184	30.96	2.01	62.14	4.63	8.70	40.30	64.8	1	16.4	6
2702.288	31.88	2.01	63.96	4.70	8.81	41.44	64.8	1	16.1	6
2702.433	32.96	2.00	66.02	4.75	8.93	42.46	64.3	1	15.8	6
2702.493	33.32	2.00	66.58	4.77	8.99	42.85	64.4	1	15.6	6
2702.597	33.83	2.00	67.79	4.76	9.10	43.32	63.9	1	15.5	6
2702.742	34.44	1.98	68.11	4.75	9.24	43.84	64.4	1	15.3	6
2702.802	34.68	1.97	68.24	4.73	9.26	43.83	64.2	1	15.2	6
2702.906	34.95	1.96	68.54	4.70	9.27	43.62	63.6	1	15.0	6
2703.051	35.23	1.95	68.66	4.68	9.36	43.76	63.7	1	15.0	6
2703.111	35.18	1.95	68.43	4.65	9.34	43.40	63.4	1	15.0	6
2703.215	34.73	1.96	68.16	4.62	9.40	43.37	63.6	1	15.2	6
2703.360	34.32	1.98	67.99	4.55	9.45	43.03	63.3	1	15.0	6
2703.420	34.56	1.97	67.97	4.57	9.47	43.30	63.7	1	14.9	6
2703.524	34.91	1.96	68.47	4.56	9.44	43.02	62.8	1	14.9	6
2703.669	35.21	1.94	68.32	4.57	9.46	43.19	63.2	1	14.9	6
2703.729	35.16	1.95	68.64	4.56	9.46	43.14	62.9	1	14.9	6
2703.833	34.82	1.97	68.50	4.56	9.46	43.18	63.0	1	15.0	6
2703.978	34.94	1.96	68.35	4.54	9.49	43.07	63.0	1	14.7	6
2704.038	34.97	1.93	67.59	4.54	9.45	42.94	63.5	1	14.7	6
2704.142	35.14	1.93	67.89	4.56	9.47	43.17	63.6	1	14.9	6
2704.287	34.68	1.96	67.96	4.58	9.43	43.15	63.5	1	15.2	6
2704.347	34.80	1.96	68.19	4.59	9.41	43.24	63.4	1	15.0	6
2704.451	35.07	1.95	68.27	4.58	9.40	43.10	63.1	1	15.0	6
2704.596	34.99	1.97	68.81	4.61	9.41	43.37	63.0	1	15.2	6
2704.656	34.82	1.97	68.64	4.65	9.40	43.68	63.6	1	15.0	6
2704.760	35.03	1.95	68.44	4.68	9.36	43.85	64.1	1	15.2	6
2704.905	34.90	1.96	68.42	4.71	9.34	43.96	64.2	1	15.2	6
2704.965	34.88	1.96	68.50	4.72	9.32	43.96	64.2	1	15.3	6
2705.069	34.78	1.97	68.35	4.72	9.33	44.07	64.5	1	15.2	6
2705.214	34.40	1.97	67.71	4.65	9.37	43.59	64.4	1	15.2	6
2705.274	34.57	1.97	68.15	4.65	9.37	43.58	63.9	1	15.2	6
2705.378	35.04	1.94	68.02	4.67	9.34	43.59	64.1	1	14.9	6
2705.523	34.99	1.96	68.43	4.66	9.35	43.60	63.7	1	15.2	6
2705.583	34.72	1.97	68.35	4.64	9.33	43.33	63.4	1	15.3	6
2705.687	34.49	1.97	67.88	4.64	9.36	43.40	63.9	1	15.2	6
2705.832	34.76	1.97	68.48	4.62	9.40	43.39	63.4	1	15.0	6
2705.892	34.90	1.96	68.57	4.59	9.43	43.31	63.2	1	14.9	6
2705.996	35.04	1.96	68.62	4.58	9.46	43.31	63.1	1	14.9	6
2706.141	35.12	1.95	68.36	4.54	9.47	42.99	62.9	1	14.9	6
2706.201	34.99	1.96	68.50	4.52	9.51	42.99	62.8	1	14.9	6
2706.305	34.70	1.97	68.33	4.50	9.52	42.81	62.7	1	15.0	6
2706.450	34.35	1.97	67.76	4.48	9.54	42.73	63.1	1	15.0	6
2706.510	34.41	1.98	68.20	4.48	9.55	42.81	62.8	1	14.9	6
2706.614	34.89	1.96	68.28	4.50	9.57	43.06	63.1	1	14.6	6
2706.759	35.24	1.95	68.59	4.53	9.52	43.08	62.8	1	14.9	6
2706.819	35.13	1.96	68.98	4.52	9.53	43.06	62.4	1	15.0	6
2706.923	34.68	1.98	68.62	4.51	9.53	42.95	62.6	1	14.9	6
2707.068	35.02	1.96	68.64	4.50	9.53	42.89	62.5	1	14.9	6
2707.128	34.95	1.96	68.37	4.50	9.55	42.96	62.8	1	14.9	6
2707.232	35.07	1.94	67.95	4.48	9.54	42.74	62.9	1	14.7	6
2707.377	34.87	1.96	68.36	4.52	9.56	43.18	63.2	1	15.0	6
2707.437	34.68	1.97	68.21	4.51	9.54	43.05	63.1	1	15.0	6
2707.541	34.74	1.96	67.94	4.50	9.56	43.06	63.4	1	14.9	6
2707.686	34.85	1.96	68.31	4.50	9.54	42.91	62.8	1	14.7	6
2707.746	34.99	1.95	68.37	4.50	9.54	42.98	62.9	1	14.7	6
2707.850	35.35	1.93	68.25	4.52	9.52	42.99	63.0	1	14.6	6
2707.995	35.41	1.92	67.92	4.51	9.50	42.84	63.1	1	14.6	6
2708.055	35.40	1.91	67.50	4.53	9.45	42.85	63.5	1	14.6	6
2708.159	35.32	1.91	67.44	4.55	9.42	42.84	63.5	1	14.9	6
2708.304	34.67	1.96	67.88	4.55	9.50	43.23	63.7	1	15.2	6
2708.364	34.36	1.96	67.50	4.54	9.46	42.97	63.7	1	15.0	6
2708.468	34.69	1.97	68.28	4.56	9.52	43.44	63.6	1	14.9	6
2708.613	35.06	1.94	67.91	4.56	9.46	43.16	63.6	1	14.7	6
2708.673	35.03	1.94	67.84	4.57	9.47	43.27	63.8	1	14.9	6
2708.777	35.11	1.93	67.87	4.55	9.44	42.99	63.3	1	14.7	6
2708.922	35.44	1.91	67.69	4.59	9.37	43.05	63.6	1	14.7	6
2708.982	35.36	1.92	67.73	4.57	9.42	43.01	63.5	1	14.7	6
2709.086	35.39	1.92	67.80	4.64	9.34	43.30	63.9	1	14.9	6
2709.231	36.08	1.79	64.70	4.84	8.71	42.18	65.2	1	14.7	6
2709.291	36.22	1.74	63.02	4.91	8.46	41.58	66.0	1	14.9	6
2709.395	36.00	1.80	64.79	4.79	8.79	42.16	65.1	1	14.7	6
2709.540	34.16	1.95	66.57	4.24	9.74	41.33	62.1	1	14.4	6
2709.600	34.10	1.96	66.82	4.16	9.92	41.23	61.7	1	14.3	6
2709.704	34.40	1.96	67.44	4.09	10.06	41.11	61.0	1	14.0	6
2709.849	35.20	1.93	68.06	4.08	10.13	41.32	60.7	1	13.7	6
2709.910	35.31	1.91	67.34	4.06	10.09	40.93	60.8	1	13.8	6
2710.014	35.56	1.87	66.38	4.17	9.78	40.77	61.4	1	13.8	6
2710.159	35.46	1.89	66.97	4.06	10.02	40.72	60.8	1	13.5	6
2710.220	35.45	1.88	66.79	4.04	10.01	40.43	60.5	1	13.5	6
2710.324	35.61	1.88	66.84	4.00	10.06	40.24	60.2	1	13.5	6
2710.469	35.43	1.88	66.63	4.00	10.13	40.50	60.8	1	13.7	6
2710.530	35.40	1.89	67.01	4.00	10.13	40.46	60.4	1	13.8	6
2710.634	35.12	1.93	67.93	4.01	10.15	40.73	60.0	1	14.0	6
2710.779	34.45	1.97	67.87	4.01	10.15	40.69	59.9	1	14.3	6
2710.840	34.32	1.97	67.54	4.01	10.14	40.66	60.2	1	14.1	6
2710.944	34.27	1.97	67.68	4.01	10.18	40.75	60.2	1	14.1	6
2711.089	34.37	1.97	67.77	4.06	10.17	41.23	60.8	1	14.1	6
2711.150	34.31	1.97	67.47	4.06	10.15	41.17	61.0	1	14.1	6
2711.254	34.40	1.97	67.75	4.02	10.14	40.77	60.2	1	14.1	6
2711.399	34.59	1.98	68.53	4.02	10.16	40.85	59.6	1	14.0	6
2711.460	34.70	1.97	68.37	4.04	10.20	41.18	60.2	1	14.0	6
2711.564	34.77	1.96	68.31	4.00	10.22	40.91	59.9	1	14.0	6
2711.709	34.47	1.97	67.90	3.99	10.21	40.68	59.9	1	14.1	6
2711.770	34.62	1.98	68.42	4.00	10.23	40.90	59.8	1	14.0	6
2711.874	34.87	1.97	68.73	3.98	10.25	40.82	59.4	1	13.7	6
2712.019	34.91	1.96	68.47	3.99	10.26	40.96	59.8	1	13.8	6
2712.080	34.89	1.96	68.55	4.00	10.24	40.98	59.8	1	13.8	6
2712.184	34.94	1.96	68.63	4.03	10.19	41.11	59.9	1	14.0	6
2712.329	34.81	1.97	68.41	4.06	10.16	41.19	60.2	1	14.0	6
2712.390	34.93	1.97	68.74	4.06	10.19	41.41	60.2	1	14.0	6
2712.494	35.04	1.96	68.54	4.06	10.14	41.11	60.0	1	14.0	6
2712.639	35.33	1.95	68.91	4.09	10.13	41.39	60.1	1	14.0	6
2712.700	35.35	1.94	68.47	4.11	10.10	41.47	60.6	1	14.0	6
2712.804	35.49	1.93	68.62	4.11	10.03	41.29	60.2	1	14.0	6
2712.949	35.19	1.95	68.51	4.11	10.02	41.24	60.2	1	14.0	6
2713.010	35.09	1.94	68.00	4.11	10.02	41.22	60.6	1	14.1	6
2713.114	35.09	1.92	67.41	4.11	9.99	41.09	61.0	1	14.0	6
2713.259	35.47	1.88	66.70	4.30	9.63	41.40	62.1	1	14.1	6
2713.319	35.98	1.77	63.72	4.46	9.04	40.33	63.3	1	14.1	6
2713.423	35.96	1.82	65.31	4.50	9.14	41.11	63.0	1	14.4	6
2713.568	35.57	1.91	67.78	4.54	9.41	42.68	63.0	1	14.7	6
2713.628	35.38	1.93	68.17	4.56	9.43	43.02	63.1	1	14.9	6
2713.732	34.95	1.95	68.21	4.55	9.50	43.22	63.4	1	14.9	6
2713.877	34.64	1.97	68.15	4.50	9.56	43.02	63.1	1	14.9	6
2713.937	34.52	1.97	68.13	4.49	9.58	43.00	63.1	1	14.9	6
2714.041	34.76	1.96	68.25	4.49	9.61	43.13	63.2	1	14.9	6
2714.186	34.62	1.98	68.67	4.47	9.58	42.85	62.4	1	15.0	6
2714.246	34.35	1.98	68.16	4.48	9.57	42.86	62.9	1	14.9	6
2714.350	34.77	1.97	68.56	4.50	9.59	43.12	62.9	1	14.7	6
2714.495	35.12	1.96	69.02	4.50	9.60	43.16	62.5	1	14.7	6
2714.555	34.97	1.96	68.66	4.49	9.59	43.03	62.7	1	14.9	6
2714.659	34.92	1.96	68.47	4.52	9.59	43.31	63.2	1	14.9	6
2714.804	34.83	1.97	68.61	4.50	9.55	43.03	62.7	1	15.0	6
2714.864	34.67	1.97	68.36	4.49	9.53	42.81	62.6	1	15.0	6
2714.968	34.93	1.96	68.42	4.50	9.52	42.89	62.7	1	14.7	6
2715.113	35.31	1.95	68.75	4.52	9.55	43.15	62.8	1	14.7	6
2715.173	35.20	1.94	68.31	4.51	9.55	43.11	63.1	1	14.7	6
2715.277	35.12	1.95	68.55	4.52	9.52	43.02	62.8	1	14.9	6
2715.422	34.78	1.97	68.41	4.54	9.54	43.27	63.3	1	14.9	6
2715.482	34.98	1.95	68.30	4.54	9.52	43.24	63.3	1	14.7	6
2715.586	34.95	1.95	68.26	4.56	9.53	43.48	63.7	1	15.0	6
2715.731	34.74	1.95	67.88	4.56	9.57	43.64	64.3	1	14.9	6
2715.791	34.93	1.97	68.75	4.54	9.58	43.47	63.2	1	14.7	6
2715.895	35.06	1.96	68.66	4.52	9.60	43.38	63.2	1	14.7	6
2716.040	34.94	1.96	68.56	4.54	9.60	43.61	63.6	1	14.9	6
2716.100	34.71	1.97	68.38	4.52	9.56	43.26	63.3	1	15.0	6
2716.204	34.85	1.96	68.42	4.55	9.58	43.53	63.6	1	14.9	6
2716.349	34.90	1.96	68.39	4.53	9.62	43.52	63.6	1	14.9	6
2716.409	34.86	1.96	68.42	4.51	9.61	43.34	63.3	1	15.0	6
2716.513	34.36	1.97	67.65	4.49	9.56	42.92	63.4	1	14.9	6
2716.658	34.76	1.98	68.66	4.49	9.61	43.16	62.9	1	14.7	6
2716.718	35.04	1.95	68.30	4.48	9.60	43.02	63.0	1	14.6	6
2716.822	35.24	1.93	68.01	4.50	9.53	42.89	63.1	1	14.6	6
2716.967	34.96	1.96	68.45	4.51	9.59	43.27	63.2	1	14.9	6
2717.027	34.90	1.96	68.53	4.50	9.57	43.06	62.8	1	14.9	6
2717.131	34.73	1.96	68.01	4.52	9.55	43.22	63.5	1	14.7	6
2717.276	34.61	1.98	68.36	4.49	9.57	42.99	62.9	1	15.0	6
2717.336	34.40	1.98	67.98	4.46	9.56	42.63	62.7	1	14.9	6
2717.440	34.56	1.96	67.67	4.48	9.57	42.90	63.4	1	14.9	6
2717.585	34.22	1.97	67.48	4.48	9.55	42.83	63.5	1	15.0	6
2717.645	34.25	1.98	67.78	4.49	9.53	42.77	63.1	1	15.0	6
2717.749	33.98	1.98	67.29	4.49	9.49	42.59	63.3	1	15.0	6
2717.894	34.58	1.97	68.05	4.54	9.52	43.20	63.5	1	14.7	6
2717.954	34.96	1.95	68.25	4.56	9.51	43.32	63.5	1	14.6	6
2718.058	35.18	1.93	67.89	4.55	9.48	43.17	63.6	1	14.7	6
2718.203	35.08	1.95	68.49	4.53	9.53	43.23	63.1	1	14.9	6
2718.263	34.89	1.95	68.19	4.55	9.52	43.38	63.6	1	15.0	6
2718.367	34.60	1.97	68.33	4.55	9.51	43.24	63.3	1	15.0	6
2718.512	34.46	1.99	68.42	4.52	9.50	42.97	62.8	1	15.0	6
2718.572	34.40	1.99	68.58	4.52	9.52	42.98	62.7	1	15.0	6
2718.676	34.29	1.98	67.93	4.51	9.53	42.97	63.3	1	14.9	6
2718.821	34.96	1.96	68.49	4.55	9.55	43.42	63.4	1	14.7	6
2718.881	35.05	1.95	68.35	4.54	9.55	43.41	63.5	1	14.7	6
2718.985	35.11	1.94	68.27	4.55	9.53	43.41	63.6	1	14.7	6
2719.130	35.25	1.94	68.22	4.59	9.48	43.58	63.9	1	14.7	6
2719.190	35.36	1.93	68.24	4.59	9.50	43.61	63.9	1	14.7	6
2719.294	35.42	1.92	68.13	4.59	9.44	43.29	63.5	1	14.7	6
2719.439	35.42	1.92	67.91	4.63	9.46	43.76	64.4	1	14.9	6
2719.499	35.33	1.92	67.99	4.62	9.45	43.65	64.2	1	14.9	6
2719.603	35.60	1.84	65.37	4.78	8.93	42.66	65.3	1	14.7	6
2719.748	36.01	1.76	63.40	4.87	8.61	41.97	66.2	1	14.7	6
2719.808	36.09	1.76	63.43	4.84	8.59	41.62	65.6	1	14.6	6
2719.912	36.00	1.76	63.44	4.82	8.65	41.74	65.8	1	14.9	6
2720.057	35.80	1.85	66.15	4.85	8.89	43.14	65.2	1	15.2	6
2720.117	35.56	1.88	66.99	4.88	8.98	43.77	65.3	1	15.2	6
2720.221	34.89	1.94	67.53	4.83	9.13	44.09	65.3	1	15.5	6
2720.366	34.28	1.97	67.65	4.77	9.21	43.97	65.0	1	15.5	6
2720.426	34.06	1.98	67.57	4.75	9.22	43.81	64.8	1	15.6	6
2720.530	33.92	1.98	67.11	4.74	9.20	43.62	65.0	1	15.5	6
2720.675	34.27	1.97	67.65	4.75	9.23	43.83	64.8	1	15.3	6
2720.735	34.57	1.97	68.00	4.76	9.25	44.04	64.8	1	15.2	6
2720.839	35.11	1.95	68.34	4.76	9.26	44.08	64.5	1	15.0	6
2720.984	35.03	1.96	68.54	4.73	9.33	44.19	64.5	1	15.3	6
2721.044	34.67	1.96	67.98	4.72	9.33	44.03	64.8	1	15.3	6
2721.148	34.62	1.97	68.25	4.77	9.31	44.41	65.1	1	15.3	6
2721.293	34.84	1.96	68.17	4.73	9.29	43.98	64.5	1	15.2	6
2721.353	34.91	1.96	68.53	4.74	9.31	44.15	64.4	1	15.2	6
2721.457	35.15	1.95	68.36	4.73	9.32	44.11	64.5	1	15.0	6
2721.602	35.20	1.94	68.32	4.76	9.31	44.32	64.9	1	15.2	6
2721.662	35.06	1.94	68.15	4.75	9.32	44.31	65.0	1	15.2	6
2721.766	35.08	1.94	68.16	4.74	9.28	44.03	64.6	1	15.2	6
2721.911	35.36	1.92	67.82	4.76	9.20	43.82	64.6	1	15.0	6
2721.971	35.59	1.91	68.14	4.77	9.18	43.78	64.3	1	15.0	6
2722.075	35.55	1.89	67.28	4.79	9.11	43.66	64.9	1	14.9	6
2722.220	35.51	1.89	67.16	4.81	9.16	44.00	65.5	1	14.9	6
2722.280	35.54	1.88	66.92	4.80	9.11	43.68	65.3	1	14.9	6
2722.384	35.44	1.89	67.05	4.80	9.13	43.79	65.3	1	15.2	6
2722.529	35.20	1.93	67.96	4.90	9.13	44.76	65.9	1	15.5	6
2722.589	35.70	1.84	65.74	5.08	8.62	43.83	66.7	1	15.3	6
2722.693	34.32	1.89	64.73	4.81	8.89	42.76	66.1	1	15.5	6
2722.838	32.04	1.96	62.93	4.34	9.26	40.16	63.8	1	15.5	6
2722.898	32.23	1.97	63.49	4.36	9.29	40.49	63.8	1	15.3	6
2723.002	32.96	1.97	65.10	4.42	9.37	41.46	63.7	1	15.0	6
2723.147	33.63	1.98	66.74	4.34	9.60	41.69	62.5	1	14.7	6
2723.207	33.89	1.98	67.13	4.37	9.64	42.08	62.7	1	14.6	6
2723.311	34.59	1.96	67.81	4.34	9.72	42.17	62.2	1	14.4	6
2723.456	35.23	1.93	68.02	4.34	9.73	42.23	62.1	1	14.3	6
2723.516	35.23	1.92	67.71	4.32	9.75	42.12	62.2	1	14.1	6
2723.620	35.34	1.92	67.67	4.33	9.75	42.18	62.3	1	14.3	6
2723.765	35.30	1.94	68.61	4.33	9.77	42.29	61.6	1	14.6	6
2723.825	35.05	1.95	68.47	4.32	9.82	42.44	62.0	1	14.6	6
2723.929	34.98	1.97	68.88	4.37	9.75	42.59	61.8	1	14.6	6
2724.074	35.76	1.81	64.68	4.63	8.98	41.53	64.2	1	14.4	6
2724.134	36.16	1.69	61.22	4.81	8.37	40.23	65.7	1	14.6	6
2724.238	36.41	1.64	59.85	4.89	8.08	39.53	66.0	1	14.4	6
2724.383	36.25	1.75	63.31	4.83	8.54	41.28	65.2	1	14.7	6
2724.443	34.52	1.85	63.98	4.48	9.12	40.85	63.9	1	14.9	6
2724.547	32.27	1.95	62.97	4.10	9.49	38.96	61.9	1	14.9	6
2724.692	31.40	1.99	62.53	3.94	9.66	38.03	60.8	1	14.9	6
2724.752	31.31	1.99	62.34	3.91	9.70	37.95	60.9	1	14.9	6
2724.856	31.24	1.99	62.31	3.92	9.71	38.08	61.1	1	14.9	6
2725.001	32.25	1.99	64.24	3.96	9.80	38.76	60.3	1	14.6	6
2725.061	32.79	1.99	65.30	3.99	9.90	39.52	60.5	1	14.4	6
2725.165	33.91	1.98	67.24	4.10	9.93	40.68	60.5	1	14.1	6
2725.310	34.72	1.95	67.87	4.14	10.03	41.58	61.3	1	14.0	6
2725.371	34.90	1.94	67.75	4.11	10.04	41.22	60.8	1	14.0	6
2725.475	34.99	1.94	67.75	4.11	10.04	41.27	60.9	1	14.0	6
2725.620	35.11	1.94	67.96	4.11	10.05	41.28	60.7	1	14.0	6
2725.681	35.19	1.94	68.20	4.10	10.07	41.30	60.6	1	13.8	6
2725.785	35.27	1.93	68.11	4.09	10.07	41.24	60.5	1	13.8	6
2725.930	35.41	1.92	67.96	4.10	10.05	41.21	60.6	1	13.8	6
2725.991	35.37	1.93	68.22	4.09	10.03	41.04	60.2	1	13.8	6
2726.095	35.13	1.93	67.90	4.10	10.08	41.32	60.9	1	14.0	6
2726.240	35.27	1.93	68.19	4.08	10.09	41.18	60.4	1	14.0	6
2726.301	35.15	1.94	68.28	4.09	10.11	41.31	60.5	1	14.1	6
2726.405	34.73	1.95	67.84	4.08	10.13	41.38	61.0	1	14.1	6
2726.550	35.09	1.94	67.99	4.15	10.10	41.92	61.7	1	13.8	6
2726.611	35.05	1.94	67.99	4.12	10.12	41.69	61.3	1	14.0	6
2726.715	35.13	1.94	68.07	4.09	10.13	41.39	60.8	1	14.0	6
2726.860	35.02	1.95	68.31	4.09	10.17	41.57	60.9	1	14.0	6
2726.921	34.93	1.95	68.27	4.08	10.17	41.53	60.8	1	14.1	6
2727.025	34.32	1.97	67.69	4.07	10.15	41.29	61.0	1	14.3	6
2727.170	34.19	1.98	67.60	4.05	10.15	41.10	60.8	1	14.1	6
2727.231	34.35	1.97	67.77	4.07	10.18	41.47	61.2	1	14.1	6
2727.335	34.63	1.97	68.28	4.04	10.19	41.16	60.3	1	13.8	6
2727.480	34.90	1.96	68.48	4.06	10.19	41.39	60.4	1	14.0	6
2727.541	34.89	1.96	68.44	4.06	10.20	41.44	60.5	1	14.1	6
2727.645	34.55	1.96	67.73	4.07	10.19	41.49	61.2	1	14.0	6
2727.790	34.62	1.97	68.25	4.05	10.18	41.27	60.5	1	14.1	6
2727.851	34.40	1.97	67.79	4.04	10.15	41.06	60.6	1	14.3	6
2727.955	34.34	1.97	67.80	4.04	10.15	41.02	60.5	1	14.1	6
2728.100	34.99	1.96	68.62	4.05	10.17	41.22	60.1	1	13.7	6
2728.161	35.19	1.95	68.45	4.05	10.16	41.17	60.1	1	13.7	6
2728.265	35.40	1.93	68.28	4.06	10.14	41.16	60.3	1	13.7	6
2728.410	35.34	1.93	68.35	4.06	10.16	41.26	60.4	1	14.0	6
2728.471	35.02	1.94	67.92	4.07	10.17	41.44	61.0	1	14.1	6
2728.575	34.75	1.95	67.70	4.06	10.19	41.33	61.1	1	14.0	6
2728.720	35.16	1.94	68.06	4.06	10.20	41.39	60.8	1	13.7	6
2728.781	35.27	1.91	67.53	4.06	10.17	41.28	61.1	1	13.7	6
2728.885	35.17	1.93	67.81	4.05	10.21	41.33	60.9	1	14.0	6
2729.030	34.84	1.95	67.81	4.02	10.22	41.11	60.6	1	14.1	6
2729.091	34.71	1.95	67.82	4.02	10.20	41.04	60.5	1	14.0	6
2729.195	34.88	1.96	68.21	4.05	10.20	41.26	60.5	1	13.8	6
2729.340	35.11	1.94	68.13	4.03	10.19	41.03	60.2	1	13.8	6
2729.401	35.01	1.94	67.95	4.03	10.19	41.11	60.5	1	13.8	6
2729.505	35.16	1.92	67.56	4.03	10.19	41.08	60.8	1	13.8	6
2729.650	34.97	1.95	68.20	4.04	10.20	41.19	60.4	1	14.0	6
2729.711	34.96	1.95	68.17	4.05	10.20	41.31	60.6	1	14.1	6
2729.815	34.62	1.97	68.07	4.06	10.19	41.37	60.8	1	14.1	6
2729.960	34.47	1.97	68.03	4.03	10.20	41.13	60.5	1	14.1	6
2730.021	34.46	1.97	67.91	4.05	10.19	41.31	60.8	1	14.1	6
2730.125	34.73	1.96	68.20	4.05	10.17	41.24	60.5	1	14.0	6
2730.270	34.99	1.94	67.98	4.06	10.20	41.39	60.9	1	14.0	6
2730.331	34.94	1.94	67.80	4.04	10.20	41.22	60.8	1	14.0	6
2730.435	35.14	1.94	68.20	4.05	10.21	41.38	60.7	1	13.7	6
2730.580	35.31	1.93	68.11	4.06	10.16	41.21	60.5	1	13.7	6
2730.641	35.42	1.93	68.47	4.04	10.17	41.08	60.0	1	13.5	6
2730.745	35.44	1.92	68.10	4.01	10.17	40.80	59.9	1	13.7	6
2730.890	35.22	1.93	67.91	4.04	10.20	41.24	60.7	1	13.7	6
2730.951	35.13	1.94	68.04	4.06	10.18	41.31	60.7	1	13.8	6
2731.055	34.94	1.94	67.89	4.04	10.20	41.25	60.8	1	13.8	6
2731.200	35.20	1.93	67.82	4.01	10.19	40.85	60.2	1	13.7	6
2731.261	35.35	1.92	67.82	4.01	10.17	40.76	60.1	1	13.7	6
2731.365	35.43	1.90	67.43	4.01	10.15	40.73	60.4	1	13.5	6
2731.510	35.29	1.93	68.07	4.06	10.22	41.44	60.9	1	13.8	6
2731.571	35.15	1.93	67.94	4.05	10.20	41.37	60.9	1	13.8	6
2731.675	35.11	1.94	68.03	4.05	10.20	41.27	60.7	1	13.8	6
2731.820	35.08	1.95	68.39	4.06	10.21	41.46	60.6	1	14.0	6
2731.881	34.96	1.96	68.37	4.06	10.21	41.45	60.6	1	14.0	6
2731.985	35.00	1.95	68.41	4.07	10.19	41.50	60.7	1	13.8	6
2732.130	35.28	1.94	68.41	4.09	10.19	41.66	60.9	1	13.8	6
2732.191	35.23	1.94	68.31	4.10	10.18	41.69	61.0	1	14.0	6
2732.295	35.10	1.95	68.43	4.08	10.17	41.51	60.7	1	14.0	6
2732.440	35.05	1.95	68.27	4.08	10.17	41.53	60.8	1	13.8	6
2732.501	35.12	1.95	68.40	4.08	10.17	41.47	60.6	1	13.8	6
2732.605	35.21	1.95	68.49	4.06	10.14	41.20	60.2	1	13.7	6
2732.750	35.29	1.92	67.82	4.10	10.15	41.59	61.3	1	13.8	6
2732.811	35.31	1.92	67.83	4.09	10.14	41.46	61.1	1	13.7	6
2732.915	35.52	1.91	67.89	4.06	10.11	41.07	60.5	1	13.7	6
2733.060	35.41	1.91	67.57	4.07	10.12	41.19	61.0	1	13.7	6
2733.121	35.19	1.92	67.62	4.08	10.12	41.29	61.1	1	13.8	6
2733.225	35.07	1.94	68.15	4.10	10.14	41.60	61.0	1	14.1	6
2733.370	34.48	1.97	67.94	4.11	10.11	41.49	61.1	1	14.1	6
2733.431	34.52	1.96	67.71	4.11	10.13	41.62	61.5	1	14.1	6
2733.535	34.51	1.97	67.93	4.12	10.16	41.80	61.5	1	14.1	6
2733.680	34.95	1.95	68.28	4.08	10.16	41.46	60.7	1	14.0	6
2733.741	34.88	1.95	67.93	4.06	10.17	41.27	60.8	1	14.0	6
2733.845	34.92	1.96	68.38	4.07	10.17	41.44	60.6	1	13.8	6
2733.990	35.16	1.94	68.13	4.06	10.14	41.16	60.4	1	13.8	6
2734.051	35.16	1.93	68.02	4.08	10.14	41.35	60.8	1	13.7	6
2734.155	35.38	1.91	67.60	4.05	10.12	41.01	60.7	1	13.7	6
2734.300	35.27	1.94	68.32	4.09	10.14	41.54	60.8	1	14.0	6
2734.361	35.00	1.95	68.31	4.10	10.16	41.68	61.0	1	14.1	6
2734.465	34.94	1.95	68.04	4.07	10.16	41.39	60.8	1	14.0	6
2734.610	35.07	1.95	68.32	4.08	10.18	41.50	60.7	1	13.8	6
2734.671	35.13	1.93	67.93	4.09	10.18	41.60	61.2	1	13.8	6
2734.775	35.01	1.95	68.28	4.08	10.17	41.52	60.8	1	14.1	6
2734.920	34.46	1.97	68.02	4.08	10.13	41.33	60.8	1	14.1	6
2734.981	34.60	1.97	68.07	4.09	10.13	41.45	60.9	1	14.0	6
2735.085	34.91	1.95	68.12	4.09	10.15	41.56	61.0	1	14.0	6
2735.230	35.23	1.94	68.28	4.11	10.15	41.70	61.1	1	14.0	6
2735.291	35.00	1.96	68.52	4.10	10.15	41.57	60.7	1	14.1	6
2735.395	34.46	1.97	67.88	4.09	10.13	41.45	61.1	1	14.1	6
2735.540	34.70	1.96	68.11	4.09	10.16	41.54	61.0	1	14.0	6
2735.601	34.87	1.96	68.26	4.10	10.16	41.69	61.1	1	14.0	6
2735.705	34.94	1.95	68.19	4.10	10.16	41.63	61.1	1	14.0	6
2735.850	35.22	1.94	68.38	4.08	10.10	41.24	60.3	1	13.8	6
2735.911	35.21	1.94	68.15	4.10	10.10	41.37	60.7	1	13.8	6
2736.015	35.12	1.94	67.97	4.10	10.10	41.39	60.9	1	14.0	6
2736.160	34.88	1.96	68.54	4.11	10.14	41.64	60.7	1	14.3	6
2736.221	34.54	1.95	67.48	4.11	10.11	41.51	61.5	1	14.1	6
2736.325	34.57	1.96	67.86	4.11	10.14	41.64	61.4	1	14.1	6
2736.470	34.96	1.95	68.05	4.08	10.16	41.50	61.0	1	14.0	6
2736.531	35.05	1.94	68.10	4.10	10.14	41.56	61.0	1	13.8	6
2736.635	35.13	1.94	67.99	4.10	10.11	41.49	61.0	1	14.0	6
2736.780	34.97	1.95	68.31	4.08	10.16	41.45	60.7	1	14.1	6
2736.841	34.84	1.96	68.22	4.11	10.17	41.76	61.2	1	14.1	6
2736.945	34.72	1.97	68.40	4.12	10.14	41.75	61.0	1	14.3	6
2737.090	34.57	1.97	68.01	4.13	10.11	41.76	61.4	1	14.3	6
2737.151	34.56	1.97	67.98	4.15	10.09	41.83	61.5	1	14.3	6
2737.255	34.28	1.97	67.67	4.14	10.05	41.57	61.4	1	14.4	6
2737.400	34.77	1.96	68.04	4.23	9.98	42.17	62.0	1	14.1	6
2737.460	35.44	1.86	66.05	4.34	9.57	41.54	62.9	1	14.0	6
2737.564	36.09	1.75	63.12	4.51	9.03	40.74	64.5	1	14.0	6
2737.709	36.00	1.76	63.46	4.52	9.10	41.15	64.8	1	14.3	6
2737.769	35.88	1.78	63.98	4.56	9.11	41.60	65.0	1	14.4	6
2737.873	35.71	1.83	65.35	4.59	9.21	42.30	64.7	1	14.6	6
2738.018	35.31	1.92	67.73	4.61	9.43	43.49	64.2	1	14.9	6
2738.078	35.07	1.94	67.90	4.62	9.49	43.85	64.6	1	15.0	6
2738.182	34.59	1.96	67.95	4.61	9.45	43.52	64.0	1	15.2	6
2738.327	34.26	1.98	67.90	4.64	9.46	43.85	64.6	1	15.2	6
2738.387	34.08	1.98	67.57	4.60	9.46	43.53	64.4	1	15.2	6
2738.491	34.40	1.98	68.07	4.60	9.49	43.70	64.2	1	14.9	6
2738.636	34.97	1.96	68.51	4.58	9.56	43.76	63.9	1	14.7	6
2738.696	35.01	1.96	68.55	4.55	9.58	43.62	63.6	1	14.6	6
2738.800	35.36	1.93	68.14	4.51	9.54	43.05	63.2	1	14.4	6
2738.945	35.35	1.92	67.86	4.51	9.58	43.23	63.7	1	14.6	6
2739.005	35.38	1.92	67.81	4.50	9.56	43.00	63.4	1	14.6	6
2739.109	35.32	1.92	67.81	4.52	9.55	43.15	63.6	1	14.6	6
2739.254	35.22	1.94	68.27	4.52	9.60	43.40	63.6	1	14.6	6
2739.314	35.30	1.94	68.39	4.49	9.60	43.10	63.0	1	14.4	6
2739.418	35.44	1.93	68.40	4.49	9.59	43.04	62.9	1	14.6	6
2739.563	34.96	1.97	68.80	4.50	9.66	43.44	63.1	1	14.7	6
2739.623	34.63	1.98	68.45	4.48	9.67	43.34	63.3	1	14.9	6
2739.727	34.64	1.97	68.41	4.46	9.66	43.12	63.0	1	14.6	6
2739.872	35.17	1.94	68.20	4.45	9.67	43.05	63.1	1	14.6	6
2739.932	35.18	1.95	68.57	4.45	9.68	43.05	62.8	1	14.7	6
2740.036	34.75	1.97	68.61	4.46	9.68	43.14	62.9	1	14.9	6
2740.181	34.58	1.97	68.29	4.46	9.70	43.25	63.3	1	14.7	6
2740.241	34.82	1.97	68.58	4.45	9.71	43.24	63.1	1	14.6	6
2740.345	34.83	1.96	68.20	4.44	9.71	43.13	63.2	1	14.6	6
2740.490	35.20	1.94	68.42	4.46	9.67	43.14	63.1	1	14.6	6
2740.550	35.17	1.95	68.74	4.47	9.70	43.33	63.0	1	14.6	6
2740.654	34.96	1.96	68.46	4.46	9.71	43.26	63.2	1	14.6	6
2740.799	35.64	1.86	66.21	4.60	9.23	42.45	64.1	1	14.6	6
2740.859	36.14	1.74	62.80	4.77	8.64	41.22	65.6	1	14.4	6
2740.963	36.42	1.66	60.35	4.90	8.24	40.38	66.9	1	14.6	6
2741.108	36.59	1.63	59.51	4.93	8.05	39.68	66.7	1	14.6	6
2741.168	36.48	1.65	60.15	4.97	8.17	40.62	67.5	1	14.7	6
2741.272	36.01	1.78	64.06	4.89	8.68	42.43	66.2	1	15.0	6
2741.417	35.40	1.91	67.46	4.90	9.07	44.49	65.9	1	15.3	6
2741.477	35.19	1.94	68.14	4.89	9.13	44.66	65.5	1	15.5	6
2741.581	34.67	1.97	68.25	4.89	9.18	44.90	65.8	1	15.6	6
2741.726	34.77	1.97	68.52	4.89	9.19	44.90	65.5	1	15.3	6
2741.786	34.96	1.96	68.52	4.87	9.20	44.80	65.4	1	15.2	6
2741.890	35.14	1.94	68.20	4.89	9.20	44.96	65.9	1	15.3	6
2742.035	34.88	1.97	68.67	4.92	9.21	45.30	66.0	1	15.6	6
2742.095	34.46	1.98	68.22	4.88	9.19	44.82	65.7	1	15.6	6
2742.199	34.58	1.97	68.22	4.88	9.20	44.94	65.9	1	15.5	6
2742.344	34.78	1.98	68.69	4.92	9.21	45.35	66.0	1	15.3	6
2742.404	34.98	1.96	68.63	4.93	9.20	45.31	66.0	1	15.3	6
2742.508	35.16	1.95	68.47	4.89	9.17	44.89	65.6	1	15.2	6
2742.653	35.09	1.97	68.96	4.92	9.21	45.27	65.6	1	15.3	6
2742.713	34.88	1.97	68.61	4.90	9.21	45.14	65.8	1	15.5	6
2742.817	35.24	1.94	68.23	4.97	9.07	45.05	66.0	1	15.3	6
2742.962	34.50	1.89	65.28	4.91	8.86	43.52	66.7	1	15.5	6
2743.022	33.34	1.94	64.78	4.65	9.09	42.25	65.2	1	15.3	6
2743.126	33.62	1.96	65.96	4.63	9.25	42.85	65.0	1	15.2	6
2743.271	34.54	1.90	65.51	4.76	9.09	43.26	66.0	1	15.2	6
2743.331	34.80	1.90	66.23	4.79	9.00	43.15	65.2	1	15.2	6
2743.435	35.76	1.78	63.55	5.08	8.37	42.49	66.9	1	15.2	6
2743.580	36.24	1.67	60.55	5.22	7.92	41.33	68.3	1	15.0	6
2743.640	36.65	1.52	55.59	5.38	7.23	38.87	69.9	1	15.2	6
2743.744	36.83	1.44	52.97	5.53	6.73	37.21	70.2	1	15.0	6
2743.889	24.20	2.59	62.64	5.65	6.59	37.24	59.5	1	42.5	6
2743.949	15.97	3.60	57.54	5.13	5.69	29.16	50.7	1	55.0	6
2744.053	8.87	4.36	38.66	4.12	4.82	19.87	51.4	1	42.5	6
2744.198	12.47	3.75	46.74	4.61	6.29	29.00	62.0	1	25.0	6
2744.258	14.84	3.00	44.53	4.56	6.20	28.25	63.5	1	20.0	6
2744.362	29.05	1.70	49.26	4.25	5.72	24.31	49.3	1	10.0	6
2744.507	36.30	0.95	34.39	3.78	5.19	19.65	57.1	1	12.5	6
2744.567	36.56	1.16	42.56	4.18	6.21	25.97	61.0	1	14.0	6
2744.671	33.24	1.67	55.44	4.95	7.25	35.89	64.7	1	18.0	6
2744.816	33.02	1.92	63.37	5.72	7.47	42.71	67.4	1	18.1	6
2744.876	33.74	1.93	65.11	6.02	7.47	44.94	69.0	1	18.1	6
2744.980	34.58	1.90	65.72	6.43	7.35	47.24	71.9	1	18.4	6
2745.125	35.53	1.83	64.87	6.92	6.47	44.77	69.0	1	18.4	6
2745.185	35.99	1.75	62.85	7.06	6.22	43.91	69.9	1	18.6	6
2745.289	35.84	1.79	64.12	6.93	6.84	47.41	73.9	1	18.4	6
2745.434	36.13	1.73	62.63	7.10	6.56	46.61	74.4	1	18.4	6
2745.494	36.14	1.74	62.73	7.08	6.67	47.24	75.3	1	18.4	6
2745.598	36.05	1.75	63.01	7.10	6.51	46.20	73.3	1	18.4	6
2745.743	36.07	1.72	62.15	7.15	6.58	47.07	75.7	1	18.6	6
2745.803	36.04	1.75	63.09	7.11	6.54	46.50	73.7	1	18.4	6
2745.907	36.07	1.74	62.61	7.13	6.49	46.26	73.9	1	18.6	6
2746.052	36.03	1.72	61.88	7.18	6.42	46.09	74.5	1	18.6	6
2746.112	36.11	1.74	62.72	7.19	6.48	46.62	74.3	1	18.7	6
2746.216	36.07	1.76	63.48	7.19	6.60	47.44	74.7	1	19.0	6
2746.361	36.09	1.76	63.47	7.29	6.54	47.71	75.2	1	18.7	6
2746.421	35.94	1.75	62.72	7.24	6.51	47.10	75.1	1	18.9	6
2746.525	35.87	1.76	63.24	7.25	6.54	47.45	75.0	1	19.0	6
2746.670	35.84	1.80	64.34	7.34	6.51	47.76	74.2	1	19.2	6
2746.730	35.73	1.82	65.16	7.38	6.60	48.70	74.7	1	19.3	6
2746.834	35.56	1.84	65.43	7.45	6.57	48.96	74.8	1	19.5	6
2746.979	35.42	1.85	65.56	7.44	6.66	49.61	75.7	1	19.8	6
2747.039	35.21	1.87	65.86	7.45	6.78	50.50	76.7	1	19.8	6
2747.143	35.17	1.88	66.18	7.46	6.73	50.19	75.8	1	19.8	6
2747.288	35.04	1.90	66.44	7.47	6.70	50.04	75.3	1	19.8	6
2747.348	34.98	1.90	66.55	7.50	6.55	49.17	73.9	1	19.9	6
2747.452	34.87	1.92	67.06	7.54	6.55	49.38	73.6	1	20.1	6
2747.597	34.48	1.96	67.50	7.49	6.85	51.25	75.9	1	20.2	6
2747.657	34.31	1.95	66.86	7.51	6.76	50.72	75.9	1	20.4	6
2747.761	34.27	1.97	67.69	7.45	6.92	51.53	76.1	1	20.1	6
2747.906	34.80	1.93	67.25	7.55	6.69	50.46	75.0	1	20.1	6
2747.966	34.79	1.92	66.82	7.58	6.58	49.84	74.6	1	20.2	6
2748.070	34.37	1.95	66.86	7.64	6.56	50.13	75.0	1	20.4	6
2748.215	34.29	1.96	67.14	7.57	6.78	51.31	76.4	1	20.2	6
2748.275	34.51	1.95	67.44	7.54	6.69	50.43	74.8	1	20.1	6
2748.379	34.71	1.92	66.71	7.61	6.60	50.24	75.3	1	20.2	6
2748.524	34.17	1.96	66.81	7.63	6.55	49.97	74.8	1	20.4	6
2748.584	34.06	1.96	66.81	7.53	6.78	51.02	76.4	1	20.4	6
2748.688	33.89	1.99	67.34	7.53	6.68	50.30	74.7	1	20.5	6
2748.833	33.93	1.96	66.64	7.57	6.61	50.03	75.1	1	20.4	6
2748.893	34.03	1.98	67.34	7.56	6.65	50.30	74.7	1	20.2	6
2748.997	34.41	1.95	67.05	7.54	6.67	50.28	75.0	1	20.1	6
2749.142	34.34	1.96	67.26	7.54	6.72	50.66	75.3	1	20.2	6
2749.202	34.07	1.98	67.39	7.49	6.77	50.65	75.2	1	20.4	6
2749.306	34.03	1.97	67.04	7.56	6.59	49.80	74.3	1	20.2	6
2749.451	34.16	1.96	67.03	7.48	6.69	50.06	74.7	1	20.4	6
2749.511	33.85	1.97	66.66	7.46	6.76	50.39	75.6	1	20.5	6
2749.615	33.57	1.98	66.52	7.44	6.73	50.06	75.3	1	20.4	6
2749.760	33.80	1.99	67.14	7.47	6.73	50.30	74.9	1	20.2	6
2749.820	33.96	1.99	67.51	7.44	6.76	50.30	74.5	1	20.1	6
2749.924	34.21	1.98	67.63	7.42	6.76	50.18	74.2	1	19.9	6
2750.069	34.54	1.95	67.34	7.40	6.70	49.60	73.7	1	19.9	6
2750.129	34.51	1.94	66.85	7.42	6.86	50.88	76.1	1	19.8	6
2750.233	34.67	1.91	66.23	7.37	6.94	51.14	77.2	1	19.9	6
2750.378	34.65	1.91	66.25	7.41	6.75	50.02	75.5	1	19.9	6
2750.438	34.55	1.94	67.00	7.44	6.69	49.79	74.3	1	20.1	6
2750.542	33.98	1.96	66.62	7.39	6.86	50.69	76.1	1	20.2	6
2750.687	33.91	1.96	66.39	7.46	6.66	49.70	74.9	1	20.4	6
2750.747	33.66	1.97	66.38	7.42	6.81	50.50	76.1	1	20.4	6
2750.851	33.78	1.96	66.08	7.42	6.76	50.17	75.9	1	20.2	6
2750.996	34.15	1.96	67.04	7.45	6.76	50.37	75.1	1	19.9	6
2751.056	34.43	1.93	66.43	7.42	6.77	50.26	75.7	1	20.1	6
2751.160	34.39	1.95	67.05	7.46	6.76	50.42	75.2	1	20.2	6
2751.305	33.88	1.97	66.70	7.42	6.72	49.86	74.8	1	20.2	6
2751.365	33.94	1.95	66.31	7.50	6.65	49.89	75.2	1	20.2	6
2751.469	33.85	1.96	66.29	7.42	6.64	49.30	74.4	1	20.2	6
2751.614	33.90	1.96	66.51	7.46	6.66	49.64	74.6	1	20.4	6
2751.674	33.42	1.97	66.00	7.33	6.82	50.04	75.8	1	20.5	6
2751.778	32.82	2.00	65.64	7.31	6.69	48.89	74.5	1	20.7	6
2751.923	32.86	1.99	65.56	7.30	6.76	49.35	75.3	1	20.7	6
2751.983	32.49	2.00	64.96	7.27	6.85	49.78	76.6	1	20.8	6
2752.087	32.31	2.00	64.72	7.22	6.73	48.61	75.1	1	20.7	6
2752.232	31.90	2.02	64.40	7.12	6.65	47.38	73.6	1	20.8	6
2752.292	31.88	2.02	64.36	7.09	6.87	48.67	75.6	1	20.8	6
2752.396	31.96	2.01	64.21	7.24	6.28	45.43	70.7	1	20.7	6
2752.541	31.92	2.02	64.34	7.10	6.77	48.07	74.7	1	20.5	6
2752.601	32.14	2.01	64.45	7.14	6.67	47.60	73.9	1	20.5	6
2752.705	32.09	2.01	64.41	7.00	7.07	49.55	76.9	1	20.5	6
2752.850	31.29	2.01	63.02	6.76	7.55	51.03	81.0	1	20.5	6
2752.910	31.12	2.01	62.59	6.77	7.61	51.52	82.3	1	20.7	6
2753.014	31.31	2.01	62.92	6.78	7.63	51.75	82.2	1	20.5	6
2753.159	32.07	2.02	64.70	6.99	6.89	48.19	74.5	1	20.2	6
2753.219	32.12	2.01	64.43	7.01	6.69	46.90	72.8	1	20.1	6
2753.323	32.22	2.01	64.81	7.07	6.81	48.10	74.2	1	19.9	6
2753.468	33.37	1.99	66.41	7.10	6.66	47.29	71.2	1	19.6	6
2753.528	33.76	1.97	66.36	7.05	6.96	49.08	74.0	1	19.5	6
2753.632	34.32	1.92	65.84	7.16	6.65	47.65	72.4	1	19.5	6
2753.777	34.52	1.93	66.76	7.12	6.99	49.77	74.6	1	19.2	6
2753.837	34.40	1.94	66.67	7.08	7.11	50.30	75.4	1	19.2	6
2753.941	34.84	1.88	65.55	7.13	7.07	50.46	77.0	1	19.3	6
2754.086	34.24	1.94	66.44	7.10	7.14	50.71	76.3	1	19.6	6
2754.146	34.34	1.93	66.27	7.24	6.50	47.06	71.0	1	19.6	6
2754.250	34.40	1.93	66.47	7.15	7.19	51.40	77.3	1	19.5	6
2754.395	34.92	1.89	66.09	7.13	7.09	50.57	76.5	1	19.2	6
2754.455	34.66	1.93	66.74	7.02	7.41	52.00	77.9	1	19.3	6
2754.559	34.72	1.90	65.92	7.25	6.39	46.28	70.2	1	19.3	6
2754.704	34.35	1.93	66.19	7.09	7.15	50.69	76.6	1	19.6	6
2754.764	34.22	1.95	66.81	7.12	6.87	48.92	73.2	1	19.8	6
2754.868	33.58	1.98	66.40	6.97	7.37	51.41	77.4	1	19.9	6
2755.013	33.85	1.96	66.25	7.30	6.30	45.98	69.4	1	19.9	6
2755.073	34.09	1.94	66.11	7.22	6.86	49.55	74.9	1	19.9	6
2755.177	33.08	1.98	65.37	7.06	7.24	51.08	78.1	1	19.9	6
2755.322	33.37	1.99	66.33	7.12	6.62	47.13	71.1	1	19.8	6
2755.382	33.56	1.98	66.48	7.17	6.62	47.45	71.4	1	19.6	6
2755.486	34.02	1.97	67.14	7.16	6.69	47.89	71.3	1	19.5	6
2755.631	34.73	1.94	67.52	7.14	6.82	48.68	72.1	1	19.3	6
2755.691	34.75	1.93	67.11	7.13	6.79	48.43	72.2	1	19.2	6
2755.795	34.70	1.94	67.43	7.11	6.75	47.98	71.2	1	19.3	6
2755.940	34.20	1.96	67.12	7.07	7.07	50.00	74.5	1	19.5	6
2756.000	34.30	1.96	67.31	7.00	7.56	52.89	78.6	1	19.5	6
2756.104	34.45	1.93	66.53	7.01	7.35	51.48	77.4	1	19.5	6
2756.249	34.15	1.91	65.29	7.13	6.19	44.15	67.6	1	19.5	6
2756.309	33.82	1.94	65.56	7.16	6.21	44.47	67.8	1	19.3	6
2756.413	33.79	1.95	65.72	6.98	7.20	50.29	76.5	1	19.5	6
2756.558	33.54	1.98	66.31	7.00	6.88	48.21	72.7	1	19.8	6
2756.618	33.03	1.98	65.41	6.95	7.07	49.19	75.2	1	19.9	6
2756.722	33.71	1.96	65.92	7.14	6.70	47.83	72.6	1	19.8	6
2756.867	32.86	1.99	65.35	6.92	7.24	50.07	76.6	1	19.9	6
2756.927	32.98	1.99	65.47	7.00	6.89	48.25	73.7	1	19.9	6
2757.031	32.59	1.99	64.74	6.89	6.92	47.69	73.7	1	19.8	6
2757.176	32.98	1.96	64.69	6.90	6.98	48.22	74.5	1	19.8	6
2757.236	32.84	1.97	64.58	6.88	6.97	47.94	74.2	1	19.8	6
2757.340	32.80	1.98	64.92	6.89	6.91	47.66	73.4	1	19.8	6
2757.485	32.84	1.98	64.87	6.88	7.16	49.28	76.0	1	19.8	6
2757.545	32.62	1.98	64.56	6.82	7.03	47.94	74.3	1	19.8	6
2757.649	33.14	1.96	65.13	6.87	6.99	48.04	73.8	1	19.6	6
2757.794	32.88	1.98	65.03	6.85	7.08	48.48	74.6	1	19.8	6
2757.854	32.51	1.99	64.66	6.80	6.90	46.89	72.5	1	19.9	6
2757.958	32.37	1.99	64.56	6.83	6.96	47.51	73.6	1	19.9	6
2758.103	32.85	1.99	65.45	6.84	7.02	48.01	73.4	1	19.6	6
2758.163	32.90	2.00	65.78	6.79	7.20	48.87	74.3	1	19.5	6
2758.267	33.18	2.00	66.28	6.75	7.27	49.11	74.1	1	19.2	6
2758.412	34.01	1.95	66.16	6.86	7.21	49.43	74.7	1	19.3	6
2758.472	33.80	1.94	65.72	6.84	7.09	48.46	73.7	1	19.3	6
2758.576	33.74	1.96	66.08	6.82	7.22	49.21	74.5	1	19.3	6
2758.721	33.84	1.96	66.20	6.87	7.01	48.15	72.7	1	19.3	6
2758.781	33.99	1.95	66.13	6.85	7.07	48.46	73.3	1	19.2	6
2758.885	33.99	1.95	66.24	6.81	7.18	48.87	73.8	1	19.2	6
2759.030	34.01	1.96	66.64	6.88	7.01	48.24	72.4	1	19.5	6
2759.090	33.55	1.98	66.36	6.79	7.24	49.19	74.1	1	19.6	6
2759.194	33.05	1.96	64.81	6.79	6.96	47.25	72.9	1	19.5	6
2759.339	33.08	1.97	65.29	6.78	7.03	47.63	73.0	1	19.5	6
2759.399	33.17	1.97	65.44	6.80	6.94	47.22	72.2	1	19.3	6
2759.503	33.60	1.97	66.23	6.78	7.17	48.61	73.4	1	19.2	6
2759.648	34.38	1.92	65.92	6.86	7.16	49.12	74.5	1	19.0	6
2759.708	34.14	1.92	65.61	6.85	7.12	48.76	74.3	1	19.0	6
2759.812	34.46	1.92	66.01	6.79	7.26	49.31	74.7	1	18.9	6
2759.957	34.77	1.92	66.90	6.79	7.09	48.12	71.9	1	18.6	6
2760.017	34.98	1.89	66.13	6.84	7.07	48.32	73.1	1	18.7	6
2760.121	34.91	1.91	66.67	6.78	7.27	49.29	73.9	1	18.7	6
2760.266	34.39	1.95	67.08	6.79	7.31	49.59	73.9	1	19.0	6
2760.326	34.23	1.95	66.72	6.80	7.08	48.11	72.1	1	19.0	6
2760.430	34.36	1.94	66.64	6.88	7.06	48.61	72.9	1	18.9	6
2760.575	34.59	1.92	66.33	6.88	7.00	48.13	72.6	1	19.0	6
2760.635	34.32	1.92	65.92	6.83	7.13	48.74	73.9	1	19.0	6
2760.739	34.27	1.92	65.98	6.80	7.13	48.50	73.5	1	19.0	6
2760.884	34.29	1.93	66.09	6.81	7.12	48.43	73.3	1	19.0	6
2760.944	34.23	1.93	65.93	6.80	7.08	48.14	73.0	1	18.9	6
2761.048	34.62	1.94	67.02	6.77	7.22	48.84	72.9	1	18.6	6
2761.193	34.99	1.88	65.91	6.74	7.22	48.66	73.8	1	18.7	6
2761.253	34.73	1.91	66.30	6.71	7.29	48.90	73.8	1	18.7	6
2761.357	34.62	1.88	65.19	6.73	7.15	48.11	73.8	1	18.7	6
2761.502	34.13	1.93	65.78	6.71	7.10	47.64	72.4	1	19.0	6
2761.562	33.96	1.95	66.34	6.69	7.25	48.54	73.2	1	19.2	6
2761.666	33.73	1.94	65.60	6.76	7.12	48.14	73.4	1	19.2	6
2761.811	33.94	1.97	66.82	6.66	7.33	48.84	73.1	1	18.9	6
2761.871	34.16	1.93	65.93	6.67	7.23	48.20	73.1	1	18.7	6
2761.975	34.25	1.94	66.33	6.73	7.16	48.18	72.6	1	18.9	6
2762.120	34.10	1.94	66.01	6.75	7.22	48.74	73.8	1	18.9	6
2762.180	34.25	1.95	66.93	6.72	7.30	48.99	73.2	1	18.7	6
2762.284	34.20	1.92	65.79	6.66	7.40	49.25	74.9	1	18.9	6
2762.429	34.20	1.94	66.30	6.70	7.19	48.15	72.6	1	18.9	6
2762.489	34.26	1.93	66.28	6.77	7.10	48.08	72.5	1	19.0	6
2762.593	34.17	1.93	66.04	6.71	7.25	48.64	73.7	1	18.7	6
2762.738	34.10	1.94	66.30	6.68	7.30	48.70	73.5	1	18.9	6
2762.798	33.86	1.95	65.97	6.64	7.34	48.76	73.9	1	19.0	6
2762.902	34.10	1.95	66.37	6.65	7.30	48.55	73.2	1	18.9	6
2763.047	34.05	1.96	66.62	6.67	7.39	49.27	74.0	1	18.9	6
2763.107	33.58	1.97	66.04	6.57	7.38	48.52	73.5	1	19.0	6
2763.211	33.77	1.96	66.15	6.64	7.29	48.37	73.1	1	18.9	6
2763.356	34.22	1.94	66.50	6.66	7.26	48.33	72.7	1	18.7	6
2763.416	34.17	1.93	65.96	6.63	7.29	48.34	73.3	1	18.7	6
2763.520	34.12	1.95	66.43	6.57	7.48	49.14	74.0	1	18.6	6
2763.665	34.16	1.94	66.36	6.64	7.35	48.82	73.6	1	18.9	6
2763.725	33.85	1.96	66.21	6.59	7.38	48.62	73.4	1	19.0	6
2763.829	33.21	1.97	65.41	6.52	7.37	48.03	73.4	1	19.0	6
2763.974	33.85	1.95	66.03	6.63	7.24	47.97	72.7	1	18.9	6
2764.034	33.87	1.95	66.15	6.60	7.30	48.18	72.8	1	18.7	6
2764.138	34.09	1.97	67.19	6.57	7.43	48.79	72.6	1	18.4	6
2764.283	34.30	1.91	65.48	6.55	7.38	48.35	73.8	1	18.4	6
2764.343	33.98	1.92	65.12	6.47	7.46	48.30	74.2	1	18.6	6
2764.447	34.13	1.90	64.79	6.52	7.42	48.40	74.7	1	18.4	6
2764.592	34.74	1.90	66.12	6.50	7.45	48.45	73.3	1	18.1	6
2764.652	34.82	1.92	66.72	6.49	7.53	48.87	73.2	1	18.0	6
2764.756	34.98	1.89	65.95	6.42	7.45	47.83	72.5	1	17.9	6
2764.901	34.79	1.87	64.97	6.37	7.41	47.23	72.7	1	18.0	6
2764.961	34.80	1.89	65.71	6.40	7.39	47.29	72.0	1	18.0	6
2765.065	34.88	1.89	65.93	6.44	7.36	47.42	71.9	1	18.1	6
2765.210	34.74	1.88	65.48	6.41	7.47	47.91	73.2	1	17.9	6
2765.270	35.01	1.88	65.78	6.45	7.36	47.47	72.2	1	18.0	6
2765.374	34.73	1.90	66.01	6.35	7.51	47.73	72.3	1	18.0	6
2765.519	34.65	1.90	65.81	6.40	7.47	47.81	72.6	1	18.0	6
2765.579	34.53	1.89	65.15	6.37	7.47	47.62	73.1	1	18.0	6
2765.683	34.57	1.91	66.01	6.40	7.41	47.40	71.8	1	18.3	6
2765.828	34.64	1.91	66.20	6.43	7.37	47.34	71.5	1	18.0	6
2765.888	34.31	1.93	66.29	6.37	7.47	47.60	71.8	1	17.9	6
2765.992	34.71	1.89	65.53	6.40	7.46	47.70	72.8	1	18.0	6
2766.137	34.60	1.90	65.73	6.34	7.49	47.51	72.3	1	17.9	6
2766.197	34.68	1.91	66.07	6.33	7.44	47.13	71.3	1	18.0	6
2766.301	34.57	1.91	66.04	6.43	7.38	47.42	71.8	1	18.1	6
2766.446	34.37	1.93	66.31	6.42	7.55	48.43	73.0	1	18.3	6
2766.506	34.27	1.93	66.07	6.42	7.38	47.31	71.6	1	18.3	6
2766.610	34.76	1.91	66.40	6.46	7.40	47.78	72.0	1	18.0	6
2766.755	34.21	1.93	66.12	6.36	7.58	48.22	72.9	1	18.3	6
2766.815	34.25	1.92	65.87	6.40	7.44	47.61	72.3	1	18.1	6
2766.919	34.61	1.91	66.26	6.37	7.47	47.53	71.7	1	18.0	6
2767.064	34.01	1.93	65.69	6.40	7.34	46.98	71.5	1	18.3	6
2767.124	34.31	1.93	66.35	6.47	7.39	47.77	72.0	1	18.1	6
2767.228	34.27	1.91	65.39	6.34	7.58	48.03	73.5	1	18.1	6
2767.373	34.36	1.93	66.19	6.47	7.34	47.48	71.7	1	18.3	6
2767.433	34.43	1.92	66.25	6.46	7.43	47.99	72.4	1	18.4	6
2767.537	33.86	1.95	66.11	6.36	7.47	47.51	71.9	1	18.3	6
2767.682	34.09	1.95	66.44	6.36	7.56	48.11	72.4	1	18.3	6
2767.742	34.01	1.93	65.66	6.38	7.46	47.57	72.4	1	18.3	6
2767.846	33.87	1.96	66.32	6.32	7.51	47.46	71.6	1	18.4	6
2767.991	33.99	1.95	66.28	6.39	7.49	47.85	72.2	1	18.3	6
2768.051	33.77	1.97	66.55	6.33	7.50	47.47	71.3	1	18.1	6
2768.155	33.94	1.96	66.42	6.34	7.58	48.08	72.4	1	18.3	6
2768.300	34.17	1.93	66.06	6.38	7.44	47.48	71.9	1	18.1	6
2768.360	34.21	1.94	66.36	6.37	7.56	48.18	72.6	1	18.1	6
2768.464	33.94	1.94	65.94	6.31	7.46	47.11	71.4	1	18.1	6
2768.609	34.56	1.93	66.84	6.38	7.40	47.22	70.7	1	17.7	6
2768.669	34.75	1.91	66.25	6.37	7.44	47.38	71.5	1	17.7	6
2768.773	34.57	1.92	66.42	6.31	7.57	47.79	72.0	1	17.9	6
2768.918	34.39	1.94	66.65	6.33	7.50	47.49	71.3	1	18.1	6
2768.978	34.42	1.94	66.61	6.37	7.56	48.16	72.3	1	18.0	6
2769.082	34.53	1.93	66.72	6.36	7.53	47.89	71.8	1	18.1	6
2769.227	34.06	1.94	66.18	6.32	7.48	47.29	71.5	1	18.1	6
2769.287	34.08	1.95	66.51	6.33	7.40	46.84	70.4	1	18.1	6
2769.391	34.31	1.93	66.16	6.36	7.41	47.19	71.3	1	18.1	6
2769.536	34.45	1.92	66.14	6.38	7.40	47.17	71.3	1	18.1	6
2769.596	34.06	1.94	66.01	6.29	7.36	46.32	70.2	1	18.1	6
2769.700	34.17	1.95	66.71	6.36	7.43	47.25	70.8	1	18.3	6
2769.845	33.88	1.97	66.84	6.39	7.42	47.43	71.0	1	18.4	6
2769.905	33.51	1.97	66.15	6.31	7.43	46.88	70.9	1	18.4	6
2770.009	33.58	1.97	66.13	6.36	7.48	47.55	71.9	1	18.4	6
2770.154	33.71	1.98	66.58	6.35	7.55	47.93	72.0	1	18.3	6
2770.214	33.63	1.95	65.64	6.27	7.63	47.81	72.8	1	18.3	6
2770.318	33.62	1.96	65.82	6.34	7.42	47.02	71.4	1	18.4	6
2770.463	33.39	1.96	65.53	6.33	7.37	46.69	71.3	1	18.4	6
2770.523	33.44	1.96	65.49	6.32	7.47	47.24	72.1	1	18.4	6
2770.627	33.34	1.95	65.05	6.26	7.59	47.52	73.0	1	18.3	6
2770.772	33.37	1.97	65.81	6.24	7.69	48.02	73.0	1	18.3	6
2770.832	33.86	1.96	66.21	6.33	7.59	48.11	72.7	1	18.1	6
2770.936	34.15	1.94	66.18	6.31	7.55	47.65	72.0	1	18.0	6
2771.081	34.61	1.92	66.49	6.23	7.81	48.65	73.2	1	17.9	6
2771.141	34.79	1.91	66.58	6.29	7.65	48.11	72.3	1	18.0	6
2771.245	34.61	1.92	66.56	6.30	7.62	48.00	72.1	1	18.0	6
2771.390	34.54	1.92	66.26	6.31	7.61	48.01	72.5	1	17.9	6
2771.450	34.44	1.91	65.64	6.26	7.54	47.23	72.0	1	17.7	6
2771.554	34.44	1.91	65.85	6.23	7.65	47.66	72.4	1	18.0	6
2771.699	34.49	1.93	66.61	6.21	7.72	47.93	72.0	1	17.7	6
2771.759	34.66	1.90	65.97	6.26	7.55	47.22	71.6	1	17.9	6
2771.863	34.44	1.94	66.75	6.26	7.63	47.71	71.5	1	18.0	6
2772.008	33.78	1.94	65.64	6.18	7.77	48.02	73.2	1	18.0	6
2772.068	33.83	1.94	65.68	6.24	7.63	47.55	72.4	1	18.1	6
2772.172	33.71	1.95	65.81	6.24	7.61	47.50	72.2	1	18.3	6
2772.317	33.94	1.96	66.37	6.24	7.64	47.69	71.9	1	18.1	6
2772.377	33.92	1.97	66.97	6.25	7.72	48.25	72.0	1	18.1	6
2772.481	33.34	1.98	65.99	6.21	7.50	46.59	70.6	1	18.3	6
