3060.592	37.26	0.22	8.26	0.42	0.39	0.16	2.0	1	23.3	7
3060.652	26.05	1.81	47.08	1.96	3.56	6.99	14.8	1	38.3	7
3060.756	11.59	3.48	40.35	2.04	3.77	7.69	19.1	1	55.0	7
3060.901	7.13	4.15	29.62	2.49	4.74	11.79	39.8	1	40.0	7
3060.961	9.38	4.05	37.99	3.03	5.82	17.63	46.4	1	25.0	7
3061.064	15.00	2.98	44.72	3.37	6.59	22.24	49.7	1	15.0	7
3061.209	33.04	1.41	46.50	3.23	6.43	21.23	45.7	1	10.2	7
3061.269	35.68	1.21	43.02	3.20	6.35	21.45	49.8	1	10.0	7
3061.373	36.10	1.46	52.66	3.77	7.49	29.32	55.7	1	16.4	7
3061.518	30.20	1.90	57.38	4.46	7.43	34.57	60.3	1	18.0	7
3061.578	31.11	1.94	60.30	4.97	7.19	37.20	61.7	1	17.9	7
3061.682	33.46	1.89	63.29	5.83	7.13	41.95	66.3	1	18.2	7
3061.827	36.24	1.71	62.05	6.72	6.02	43.04	69.4	1	18.4	7
3061.887	36.96	1.65	60.95	6.88	5.70	42.28	69.4	1	18.7	7
3061.991	37.78	1.53	57.79	7.18	4.97	40.18	69.5	1	18.6	7
3062.136	35.09	1.67	58.44	7.38	4.99	42.35	72.5	1	30.9	7
3062.196	25.24	2.49	62.97	7.32	4.74	37.22	59.1	1	46.0	7
3062.300	13.41	4.27	57.21	6.84	3.56	29.17	51.0	1	52.5	7
3062.445	14.01	4.34	60.75	7.11	4.57	40.03	65.9	1	32.5	7
3062.505	18.68	3.26	60.94	7.13	4.55	38.07	62.5	1	25.1	7
3062.609	31.75	1.90	60.39	6.64	3.29	27.63	45.8	1	9.9	7
3062.754	33.06	1.78	58.75	6.18	3.92	32.42	55.2	1	25.0	7
3062.814	30.98	1.94	60.00	6.55	4.65	36.84	61.4	1	20.9	7
3062.918	28.31	2.16	61.19	6.91	4.86	41.51	67.8	1	29.0	7
3063.063	21.39	2.62	56.02	6.77	4.19	37.93	67.7	1	25.4	7
3063.123	27.24	2.32	63.06	7.16	4.87	42.06	66.7	1	21.0	7
3063.227	32.55	1.98	64.38	7.71	5.59	45.37	70.5	1	20.9	7
3063.372	35.48	1.80	64.03	8.28	5.33	45.66	71.3	1	21.6	7
3063.432	35.94	1.80	64.59	8.46	5.16	45.74	70.8	1	21.5	7
3063.536	36.64	1.77	65.00	8.61	5.02	46.81	72.0	1	21.4	7
3063.681	37.19	1.74	64.56	8.72	4.91	47.21	73.1	1	21.3	7
3063.741	37.32	1.72	64.18	8.73	4.90	46.81	72.9	1	21.6	7
3063.845	37.51	1.73	64.71	8.79	4.81	47.04	72.7	1	21.5	7
3063.990	37.57	1.71	64.33	8.77	4.67	46.19	71.8	1	21.6	7
3064.050	37.33	1.71	63.73	8.78	4.81	46.75	73.3	1	21.6	7
3064.154	37.60	1.76	66.23	8.79	4.84	48.48	73.2	1	21.5	7
3064.299	36.94	1.76	65.17	8.85	4.83	47.59	73.0	1	21.7	7
3064.359	36.91	1.76	65.13	8.92	4.83	47.35	72.7	1	22.1	7
3064.463	36.43	1.78	64.81	9.00	4.87	46.46	71.7	1	22.1	7
3064.608	36.28	1.79	64.77	9.05	5.00	47.34	73.1	1	22.3	7
3064.668	35.93	1.76	63.39	9.13	4.81	44.96	70.9	1	22.5	7
3064.772	35.93	1.78	63.95	9.14	5.13	48.18	75.3	1	22.7	7
3064.917	35.26	1.84	64.92	9.17	5.31	48.65	74.9	1	23.1	7
3064.977	35.29	1.81	63.71	9.18	5.21	47.29	74.2	1	22.8	7
3065.081	35.41	1.84	65.08	9.31	4.98	46.85	72.0	1	23.2	7
3065.226	35.38	1.84	64.95	9.29	5.05	46.94	72.3	1	23.4	7
3065.286	35.18	1.86	65.52	9.25	5.42	50.07	76.4	1	23.5	7
3065.390	35.07	1.87	65.60	9.50	4.71	45.05	68.7	1	23.4	7
3065.535	35.17	1.87	65.77	9.39	5.29	49.66	75.5	1	23.4	7
3065.595	35.16	1.85	64.99	9.52	4.80	45.74	70.4	1	23.5	7
3065.699	35.29	1.85	65.18	9.44	5.18	48.96	75.1	1	23.3	7
3065.844	35.38	1.82	64.45	9.55	4.87	46.96	72.9	1	23.5	7
3065.904	35.38	1.84	65.02	9.48	5.11	49.01	75.4	1	23.4	7
3066.008	34.92	1.83	63.75	9.51	4.96	46.56	73.0	1	23.6	7
3066.153	35.21	1.87	65.98	9.56	4.84	46.93	71.1	1	23.4	7
3066.213	35.32	1.82	64.22	9.54	4.95	47.58	74.1	1	23.1	7
3066.317	35.21	1.84	64.77	9.46	5.22	49.35	76.4	1	23.5	7
3066.462	34.90	1.86	64.96	9.52	5.04	47.93	73.8	1	23.7	7
3066.522	34.62	1.89	65.49	9.55	4.93	47.05	72.0	1	23.8	7
3066.626	34.82	1.89	65.83	9.55	5.06	48.32	73.4	1	23.6	7
3066.771	34.51	1.90	65.67	9.50	5.17	49.27	75.0	1	23.9	7
3066.831	34.88	1.89	65.94	9.61	4.86	47.39	71.9	1	23.7	7
3066.935	34.76	1.89	65.76	9.59	5.04	48.94	74.4	1	23.9	7
3067.080	34.87	1.90	66.24	9.67	4.79	46.77	70.6	1	24.1	7
3067.140	34.73	1.89	65.71	9.66	4.94	47.88	72.9	1	23.8	7
3067.244	34.76	1.88	65.51	9.61	4.99	47.94	73.2	1	23.9	7
3067.389	34.64	1.90	65.81	9.62	4.96	48.01	73.0	1	24.0	7
3067.449	34.59	1.93	66.80	9.52	5.09	49.12	73.5	1	24.0	7
3067.553	34.31	1.94	66.46	9.57	4.95	47.87	72.0	1	24.3	7
3067.698	34.25	1.94	66.42	9.59	4.96	47.96	72.2	1	24.2	7
3067.758	34.34	1.91	65.72	9.62	4.86	47.51	72.3	1	24.0	7
3067.862	34.47	1.92	66.16	9.57	5.01	48.54	73.4	1	24.0	7
3068.007	34.75	1.92	66.85	9.60	4.99	48.80	73.0	1	23.6	7
3068.067	34.72	1.90	66.08	9.47	5.27	50.18	75.9	1	23.7	7
3068.171	34.95	1.89	66.08	9.55	5.05	49.07	74.3	1	23.8	7
3068.316	34.92	1.92	67.04	9.55	4.79	46.30	69.1	1	23.5	7
3068.376	35.20	1.88	66.28	9.50	4.98	48.44	73.1	1	23.4	7
3068.480	34.97	1.90	66.43	9.40	5.36	50.83	76.5	1	23.8	7
3068.625	34.95	1.88	65.77	9.48	4.97	47.59	72.4	1	23.6	7
3068.685	34.64	1.91	66.01	9.47	5.14	49.13	74.4	1	23.6	7
3068.789	34.66	1.92	66.53	9.43	5.18	49.77	74.8	1	23.9	7
3068.934	34.01	1.96	66.64	9.37	5.31	50.38	75.6	1	24.2	7
3068.994	33.72	1.95	65.60	9.54	4.60	44.46	67.8	1	23.8	7
3069.098	34.82	1.89	65.89	9.60	4.33	42.38	64.3	1	23.7	7
3069.243	35.06	1.91	67.10	9.43	5.37	52.39	78.1	1	24.1	7
3069.303	34.71	1.93	67.04	9.41	5.42	52.07	77.7	1	24.0	7
3069.407	34.45	1.97	67.97	9.57	5.13	51.15	75.2	1	24.0	7
3069.552	34.23	1.98	67.64	9.63	4.95	49.73	73.5	1	24.1	7
3069.612	34.09	1.96	66.93	9.62	4.97	49.01	73.2	1	23.8	7
3069.716	34.23	1.97	67.38	9.58	5.09	50.39	74.8	1	23.7	7
3069.861	34.82	1.98	68.88	9.39	5.44	52.63	76.4	1	23.7	7
3069.921	34.97	1.96	68.72	9.32	5.57	53.93	78.5	1	23.3	7
3070.025	34.95	1.95	68.07	9.26	5.75	54.58	80.2	1	23.4	7
3070.170	35.21	1.94	68.17	9.26	5.85	55.87	82.0	1	23.8	7
3070.230	35.00	1.94	67.75	9.27	5.83	55.50	81.9	1	23.5	7
3070.334	35.59	1.91	68.09	9.29	5.80	55.92	82.1	1	23.6	7
3070.479	36.02	1.87	67.33	9.38	5.50	54.22	80.5	1	23.6	7
3070.539	35.85	1.85	66.15	9.47	4.94	48.41	73.2	1	23.4	7
3070.643	35.10	1.90	66.64	9.61	4.26	42.10	63.2	1	23.8	7
3070.788	34.55	1.97	67.90	9.27	5.39	51.96	76.5	1	24.1	7
3070.848	34.25	1.96	67.12	9.29	5.25	50.25	74.9	1	23.7	7
3070.952	34.69	1.95	67.65	9.33	5.29	51.17	75.6	1	23.9	7
3071.097	34.24	1.98	67.76	9.30	5.17	49.64	73.3	1	23.7	7
3071.157	34.58	1.97	68.23	9.30	5.28	51.47	75.4	1	23.9	7
3071.261	34.00	1.97	67.10	9.20	5.19	49.68	74.0	1	23.9	7
3071.406	34.25	2.01	68.93	9.15	5.23	50.49	73.2	1	23.8	7
3071.466	34.32	1.99	68.31	9.22	5.01	47.95	70.2	1	23.8	7
3071.570	33.83	1.99	67.33	9.18	5.04	48.38	71.8	1	24.1	7
3071.715	33.67	2.00	67.35	9.08	5.11	48.43	71.9	1	23.7	7
3071.775	34.06	1.97	67.09	9.11	5.04	47.93	71.4	1	23.5	7
3071.879	34.47	1.96	67.43	9.10	5.24	49.67	73.7	1	23.5	7
3072.024	35.20	1.95	68.65	9.14	5.25	49.74	72.5	1	23.1	7
3072.084	34.99	1.93	67.68	9.13	5.32	49.62	73.3	1	22.8	7
3072.188	35.23	1.94	68.34	9.15	5.09	48.33	70.7	1	22.9	7
3072.333	35.41	1.93	68.25	9.13	5.14	48.55	71.1	1	22.7	7
3072.393	35.44	1.93	68.38	9.04	5.29	50.17	73.4	1	22.8	7
3072.497	35.30	1.92	67.94	9.03	5.32	49.63	73.0	1	22.9	7
3072.642	35.17	1.94	68.31	8.97	5.37	50.02	73.2	1	22.8	7
3072.702	35.23	1.93	68.04	8.99	5.34	49.73	73.1	1	22.7	7
3072.806	35.07	1.94	67.94	8.97	5.37	50.15	73.8	1	22.8	7
3072.951	34.61	1.97	68.18	8.99	5.20	47.99	70.4	1	23.4	7
3073.011	34.36	1.97	67.68	8.97	5.27	48.74	72.0	1	23.3	7
3073.115	34.37	1.98	68.15	8.94	5.21	49.13	72.1	1	23.4	7
3073.260	34.26	2.00	68.39	8.88	5.24	49.42	72.3	1	23.5	7
3073.320	33.98	1.98	67.44	8.83	5.34	49.36	73.2	1	23.5	7
3073.424	34.03	2.00	67.93	8.76	5.30	48.47	71.3	1	23.2	7
3073.569	34.14	1.98	67.74	8.88	5.29	49.55	73.1	1	23.0	7
3073.629	33.90	2.01	68.08	8.89	5.25	49.21	72.3	1	23.0	7
3073.733	33.97	1.98	67.35	8.85	5.16	47.27	70.2	1	23.2	7
3073.878	33.82	1.99	67.26	8.76	5.25	47.93	71.3	1	23.3	7
3073.938	33.72	2.01	67.65	8.80	5.33	49.65	73.4	1	23.0	7
3074.042	33.66	2.01	67.50	8.70	5.33	48.36	71.7	1	23.1	7
3074.187	33.75	2.01	67.72	8.72	5.27	48.64	71.8	1	23.3	7
3074.247	33.51	2.02	67.73	8.66	5.30	48.90	72.2	1	23.3	7
3074.351	33.67	2.02	67.93	8.65	5.26	48.12	70.8	1	22.8	7
3074.496	33.74	2.00	67.60	8.59	5.43	49.29	72.9	1	22.7	7
3074.556	33.94	1.99	67.57	8.66	5.44	49.39	73.1	1	22.8	7
3074.660	33.76	1.99	67.31	8.64	5.42	49.23	73.1	1	22.6	7
3074.805	33.88	1.98	67.24	8.57	5.48	48.88	72.7	1	22.8	7
3074.865	33.80	2.00	67.72	8.57	5.48	49.41	73.0	1	23.0	7
3074.969	33.60	2.02	67.83	8.51	5.55	50.37	74.3	1	22.8	7
3075.114	33.22	2.02	66.98	8.49	5.39	48.48	72.4	1	22.9	7
3075.174	33.61	2.00	67.25	8.52	5.47	49.23	73.2	1	22.9	7
3075.278	33.09	2.01	66.53	8.48	5.38	47.78	71.8	1	22.8	7
3075.423	32.99	2.04	67.14	8.43	5.30	48.37	72.0	1	22.8	7
3075.483	32.83	2.04	66.85	8.37	5.54	50.27	75.2	1	23.2	7
3075.587	32.56	2.05	66.62	8.25	5.66	50.05	75.1	1	22.8	7
3075.732	32.34	2.05	66.28	8.13	5.74	50.30	75.9	1	23.0	7
3075.792	32.15	2.05	65.78	8.24	5.23	46.43	70.6	1	22.8	7
3075.896	32.58	2.04	66.35	8.23	4.84	43.25	65.2	1	23.3	7
3076.041	31.77	2.06	65.59	8.09	5.18	45.41	69.2	1	23.3	7
3076.101	31.95	2.06	65.71	8.00	5.25	45.56	69.3	1	23.1	7
3076.205	32.05	2.06	65.95	7.98	5.47	47.33	71.8	1	23.3	7
3076.350	31.87	2.08	66.22	7.99	5.32	46.64	70.4	1	23.2	7
3076.410	31.70	2.07	65.64	7.96	5.44	46.82	71.3	1	23.0	7
3076.514	31.55	2.08	65.54	7.95	5.25	45.77	69.8	1	23.1	7
3076.659	31.59	2.07	65.36	7.93	5.36	46.14	70.6	1	23.0	7
3076.719	31.50	2.07	65.32	7.88	5.40	46.81	71.7	1	22.8	7
3076.823	31.45	2.07	65.25	7.82	5.47	46.74	71.6	1	22.7	7
3076.968	31.46	2.08	65.28	7.76	5.45	46.74	71.6	1	23.2	7
3077.028	31.33	2.08	65.25	7.69	5.45	46.33	71.0	1	22.9	7
3077.132	31.16	2.10	65.28	7.67	5.41	45.80	70.2	1	22.9	7
3077.277	31.19	2.10	65.63	7.61	5.50	46.92	71.5	1	22.9	7
3077.337	30.87	2.11	65.07	7.57	5.50	46.48	71.4	1	23.2	7
3077.441	30.67	2.12	64.91	7.55	5.36	45.54	70.2	1	23.2	7
3077.586	30.56	2.11	64.44	7.45	5.41	46.07	71.5	1	22.7	7
3077.646	30.70	2.13	65.34	7.47	5.50	46.65	71.4	1	22.9	7
3077.750	30.47	2.14	65.20	7.32	5.61	46.77	71.7	1	22.8	7
3077.895	30.53	2.13	64.91	7.37	5.55	46.63	71.8	1	23.0	7
3077.955	30.32	2.14	65.02	7.32	5.59	47.39	72.9	1	22.9	7
3078.059	30.23	2.15	64.94	7.32	5.41	45.75	70.5	1	22.9	7
3078.204	30.22	2.15	64.87	7.28	5.49	46.34	71.4	1	23.0	7
3078.264	30.07	2.16	64.97	7.24	5.42	45.49	70.0	1	22.8	7
3078.368	29.99	2.16	64.75	7.17	5.51	45.89	70.9	1	22.9	7
3078.513	29.93	2.16	64.68	7.09	5.46	45.01	69.6	1	22.6	7
3078.573	30.05	2.15	64.70	7.15	5.46	44.45	68.7	1	22.6	7
3078.677	30.44	2.16	65.85	7.13	5.61	46.67	70.9	1	22.5	7
3078.822	30.57	2.15	65.64	7.12	5.72	46.37	70.6	1	22.3	7
3078.882	30.95	2.13	65.99	7.21	5.64	46.28	70.1	1	22.3	7
3078.986	31.00	2.10	65.25	7.21	5.72	45.83	70.2	1	22.0	7
3079.131	32.18	2.06	66.34	7.32	5.89	47.98	72.3	1	21.4	7
3079.191	32.38	2.06	66.58	7.34	5.81	46.50	69.9	1	21.4	7
3079.295	32.74	2.02	66.24	7.44	5.92	46.73	70.6	1	21.1	7
3079.440	33.65	1.97	66.43	7.58	5.88	46.71	70.3	1	20.9	7
3079.500	34.07	1.95	66.47	7.64	5.94	46.80	70.4	1	20.9	7
3079.604	34.67	1.92	66.72	7.73	5.78	46.70	70.0	1	21.0	7
3079.749	34.46	1.93	66.60	7.76	5.78	46.40	69.7	1	21.0	7
3079.809	34.96	1.91	66.90	7.79	5.86	47.55	71.1	1	21.0	7
3079.913	35.01	1.91	66.78	7.77	5.99	48.46	72.6	1	20.9	7
3080.058	34.64	1.94	67.23	7.84	5.79	46.94	69.8	1	21.1	7
3080.118	34.71	1.93	67.06	7.81	5.96	48.13	71.8	1	21.1	7
3080.222	34.29	1.95	66.84	7.80	5.77	46.54	69.6	1	21.3	7
3080.367	34.06	1.97	67.06	7.82	5.84	46.44	69.3	1	21.6	7
3080.427	33.78	1.98	66.87	7.77	5.89	47.00	70.3	1	21.7	7
3080.531	33.72	1.98	66.91	7.74	5.88	47.54	71.1	1	21.5	7
3080.676	33.90	1.98	67.24	7.78	5.86	47.76	71.0	1	21.2	7
3080.736	33.64	2.00	67.35	7.75	5.90	48.17	71.5	1	21.5	7
3080.840	33.72	1.98	66.83	7.77	5.94	48.31	72.3	1	21.5	7
3080.985	33.60	2.00	67.08	7.76	5.86	47.82	71.3	1	21.3	7
3081.045	33.91	2.01	68.00	7.75	5.85	48.32	71.1	1	21.2	7
3081.149	33.72	2.00	67.40	7.80	5.68	47.26	70.1	1	21.7	7
3081.294	33.52	2.01	67.25	7.67	5.88	47.46	70.6	1	21.3	7
3081.354	33.64	2.01	67.62	7.65	5.93	48.09	71.1	1	21.4	7
3081.458	33.46	2.02	67.57	7.62	5.88	47.17	69.8	1	21.4	7
3081.603	33.52	2.01	67.45	7.57	6.13	49.14	72.9	1	21.3	7
3081.663	33.92	2.00	67.68	7.66	5.98	48.60	71.8	1	21.3	7
3081.767	33.95	1.99	67.40	7.65	6.01	48.21	71.5	1	21.0	7
3081.912	34.30	1.97	67.61	7.63	6.01	47.85	70.8	1	21.0	7
3081.972	34.20	1.98	67.70	7.63	5.90	47.11	69.6	1	21.0	7
3082.076	33.98	1.99	67.50	7.64	5.92	47.18	69.9	1	21.3	7
3082.221	33.87	2.00	67.59	7.58	6.00	47.92	70.9	1	21.1	7
3082.281	33.96	1.99	67.70	7.59	6.04	48.24	71.3	1	21.1	7
3082.385	34.35	1.97	67.63	7.57	6.16	49.04	72.5	1	20.9	7
3082.530	34.43	1.96	67.46	7.61	6.08	48.41	71.8	1	21.1	7
3082.590	34.58	1.96	67.66	7.61	6.13	49.20	72.7	1	20.9	7
3082.694	34.24	1.97	67.36	7.59	6.08	47.78	70.9	1	21.1	7
3082.839	34.18	1.97	67.29	7.58	5.99	47.53	70.6	1	21.0	7
3082.899	34.47	1.97	67.74	7.57	6.02	47.99	70.8	1	20.7	7
3083.003	34.51	1.97	67.91	7.54	5.94	47.55	70.0	1	20.8	7
3083.148	34.26	1.97	67.48	7.48	6.13	48.33	71.6	1	21.0	7
3083.208	33.97	1.98	67.39	7.40	6.10	48.31	71.7	1	21.2	7
3083.312	33.89	2.00	67.66	7.40	6.15	48.65	71.9	1	21.1	7
3083.457	34.01	1.98	67.19	7.43	6.10	47.28	70.4	1	20.6	7
3083.517	34.20	1.98	67.75	7.44	6.17	48.46	71.5	1	20.7	7
3083.621	34.20	1.98	67.55	7.47	6.10	47.61	70.5	1	20.7	7
3083.766	34.32	1.98	67.89	7.43	6.13	48.05	70.8	1	20.8	7
3083.826	34.45	1.97	68.05	7.48	6.10	47.95	70.5	1	20.7	7
3083.930	34.63	1.97	68.14	7.45	6.19	48.63	71.4	1	20.4	7
3084.075	34.79	1.96	68.07	7.47	6.07	48.17	70.8	1	20.2	7
3084.135	35.06	1.94	68.01	7.46	6.17	48.71	71.6	1	20.5	7
3084.239	35.27	1.92	67.64	7.45	6.14	48.34	71.5	1	20.0	7
3084.384	35.12	1.93	67.86	7.43	6.11	47.44	69.9	1	20.2	7
3084.444	35.32	1.92	67.81	7.42	6.11	48.27	71.2	1	19.9	7
3084.548	35.49	1.91	67.87	7.37	6.11	47.75	70.3	1	20.0	7
3084.693	35.36	1.92	67.76	7.36	6.16	47.77	70.5	1	20.1	7
3084.753	35.32	1.93	68.28	7.38	6.13	47.99	70.3	1	19.9	7
3084.857	35.31	1.92	67.75	7.40	5.98	47.09	69.5	1	20.4	7
3085.002	35.16	1.93	67.88	7.30	6.22	47.65	70.2	1	19.8	7
3085.062	35.25	1.93	68.16	7.35	6.06	47.22	69.3	1	19.9	7
3085.166	35.34	1.93	68.07	7.40	5.99	47.20	69.3	1	20.0	7
3085.311	35.22	1.92	67.76	7.36	5.99	46.61	68.8	1	20.0	7
3085.371	35.52	1.91	67.80	7.37	5.89	46.09	68.0	1	19.8	7
3085.475	34.93	1.94	67.74	7.28	6.07	46.90	69.2	1	19.9	7
3085.620	35.77	1.90	68.05	7.31	6.03	47.19	69.3	1	19.7	7
3085.680	35.64	1.90	67.88	7.35	6.06	47.19	69.5	1	19.8	7
3085.784	35.27	1.94	68.28	7.31	6.14	47.56	69.7	1	20.1	7
3085.929	34.91	1.95	67.99	7.29	6.10	46.76	68.8	1	20.2	7
3085.989	34.72	1.97	68.23	7.30	6.12	47.25	69.3	1	20.3	7
3086.093	34.38	1.97	67.64	7.25	6.32	47.61	70.4	1	20.3	7
3086.238	34.84	1.94	67.56	7.31	6.06	46.47	68.8	1	20.0	7
3086.298	34.60	1.97	68.05	7.27	6.21	47.34	69.6	1	20.1	7
3086.402	34.76	1.96	67.98	7.32	6.26	47.89	70.5	1	20.2	7
3086.547	34.84	1.95	68.08	7.24	6.30	47.45	69.7	1	20.3	7
3086.607	34.94	1.95	68.15	7.28	6.34	48.12	70.6	1	20.3	7
3086.711	34.84	1.96	68.17	7.31	6.15	47.31	69.4	1	20.2	7
3086.856	34.80	1.95	67.86	7.25	6.19	46.54	68.6	1	20.1	7
3086.916	34.61	1.97	68.13	7.27	6.23	47.28	69.4	1	20.2	7
3087.020	34.95	1.95	68.32	7.32	6.17	47.34	69.3	1	20.0	7
3087.165	34.81	1.96	68.23	7.31	6.18	47.54	69.7	1	20.3	7
3087.225	34.46	1.96	67.65	7.26	6.37	48.51	71.7	1	20.2	7
3087.329	34.41	1.98	68.09	7.24	6.36	48.15	70.7	1	20.2	7
3087.474	34.73	1.95	67.76	7.31	6.00	45.97	67.8	1	20.0	7
3087.534	34.58	1.96	67.94	7.22	6.36	48.70	71.7	1	20.2	7
3087.638	34.40	1.98	68.24	7.16	6.45	48.59	71.2	1	20.1	7
3087.783	34.44	1.98	68.23	7.19	6.29	48.04	70.4	1	19.9	7
3087.843	34.54	1.98	68.51	7.19	6.32	48.78	71.2	1	20.2	7
3087.947	34.22	1.97	67.52	7.22	6.03	45.50	67.4	1	20.0	7
3088.092	34.34	1.98	68.07	7.17	6.34	47.23	69.4	1	20.0	7
3088.152	34.47	1.96	67.71	7.09	6.62	48.49	71.6	1	19.9	7
3088.256	34.99	1.94	67.84	7.33	5.90	45.74	67.4	1	20.2	7
3088.401	35.05	1.95	68.27	7.22	6.24	47.00	68.8	1	19.6	7
3088.461	35.19	1.94	68.26	7.10	6.55	48.59	71.2	1	19.7	7
3088.565	35.00	1.95	68.38	7.13	6.01	44.87	65.6	1	19.7	7
3088.710	35.31	1.93	68.31	7.17	6.35	47.61	69.7	1	19.5	7
3088.770	35.78	1.92	68.72	7.19	6.15	46.79	68.1	1	19.5	7
3088.874	35.93	1.90	68.16	7.08	6.51	49.18	72.2	1	19.4	7
3089.019	35.25	1.94	68.34	6.93	7.09	51.47	75.3	1	19.7	7
3089.079	35.02	1.96	68.55	6.89	7.20	52.55	76.7	1	20.1	7
3089.183	34.28	1.99	68.13	6.80	7.32	52.06	76.4	1	19.6	7
3089.328	34.44	1.97	67.92	6.75	7.31	51.69	76.1	1	19.4	7
3089.388	34.64	1.96	68.03	6.81	7.28	51.75	76.1	1	19.4	7
3089.492	35.17	1.93	68.04	6.92	6.97	50.76	74.6	1	19.3	7
3089.637	34.95	1.94	67.85	7.04	6.54	47.72	70.3	1	19.5	7
3089.697	35.41	1.93	68.49	6.98	6.80	49.49	72.3	1	19.3	7
3089.801	35.60	1.91	67.90	7.11	5.95	45.23	66.6	1	19.6	7
3089.946	35.08	1.94	68.00	7.01	6.46	47.45	69.8	1	19.7	7
3090.006	35.29	1.92	67.88	6.99	6.71	49.13	72.4	1	19.6	7
3090.110	34.86	1.96	68.29	7.04	6.25	46.33	67.8	1	19.5	7
3090.255	34.92	1.95	68.04	6.98	6.58	48.07	70.6	1	19.3	7
3090.315	35.62	1.92	68.41	7.08	6.37	47.92	70.0	1	19.5	7
3090.419	35.10	1.94	68.19	7.00	6.40	47.73	70.0	1	19.5	7
3090.564	35.52	1.91	67.96	7.07	6.12	46.00	67.7	1	19.0	7
3090.624	35.64	1.91	68.15	6.98	6.29	47.04	69.0	1	19.3	7
3090.728	34.98	1.96	68.64	6.95	6.31	46.91	68.3	1	19.7	7
3090.873	34.72	1.96	68.18	7.08	6.11	45.13	66.2	1	19.9	7
3090.933	34.28	1.98	67.89	6.97	6.44	47.09	69.4	1	19.8	7
3091.037	34.80	1.96	68.31	7.01	6.35	46.87	68.6	1	19.5	7
3091.182	34.61	1.96	67.81	6.94	6.65	47.73	70.4	1	19.5	7
3091.242	34.82	1.96	68.17	7.02	6.24	46.29	67.9	1	19.8	7
3091.346	34.70	1.97	68.29	6.97	6.40	47.24	69.2	1	19.4	7
3091.491	34.92	1.94	67.86	6.95	6.46	46.68	68.8	1	19.6	7
3091.551	35.23	1.93	67.92	7.04	6.32	46.59	68.6	1	19.7	7
3091.655	34.93	1.94	67.82	6.98	6.51	47.43	69.9	1	19.4	7
3091.800	35.06	1.94	68.06	7.03	6.29	46.13	67.8	1	19.9	7
3091.860	34.86	1.97	68.52	7.00	6.34	47.25	69.0	1	19.5	7
3091.964	34.79	1.97	68.62	6.96	6.33	47.18	68.8	1	19.7	7
3092.109	34.40	1.98	68.13	6.95	6.51	47.29	69.4	1	19.8	7
3092.169	34.36	1.99	68.28	6.99	6.33	47.15	69.1	1	20.0	7
3092.273	34.13	1.99	67.97	6.93	6.39	46.84	68.9	1	19.9	7
3092.418	33.68	2.01	67.65	6.83	6.39	46.25	68.4	1	20.1	7
3092.478	33.79	2.02	68.15	6.92	6.27	46.70	68.5	1	20.0	7
3092.582	33.59	2.02	67.88	6.84	6.41	46.95	69.2	1	20.0	7
3092.727	33.13	2.04	67.72	6.82	6.48	47.24	69.8	1	20.4	7
3092.787	33.28	2.05	68.17	6.86	6.30	46.45	68.1	1	20.1	7
3092.891	33.16	2.06	68.26	6.80	6.40	46.98	68.8	1	20.0	7
3093.036	32.95	2.06	67.87	6.71	6.27	46.26	68.2	1	20.2	7
3093.096	32.63	2.07	67.69	6.65	6.41	47.27	69.8	1	20.1	7
3093.200	32.51	2.09	67.80	6.61	6.43	47.21	69.6	1	20.3	7
3093.345	32.53	2.10	68.32	6.61	6.35	46.93	68.7	1	20.0	7
3093.405	32.48	2.10	68.11	6.60	6.33	46.19	67.8	1	19.9	7
3093.509	32.75	2.09	68.37	6.54	6.61	47.44	69.4	1	19.9	7
3093.654	33.58	2.02	67.82	6.62	6.70	47.62	70.2	1	19.7	7
3093.714	33.82	2.01	68.08	6.66	6.69	47.49	69.8	1	19.4	7
3093.818	34.50	1.99	68.48	6.69	6.73	48.08	70.2	1	19.1	7
3093.963	34.50	1.97	67.87	6.74	6.64	47.13	69.4	1	19.5	7
3094.023	34.41	1.99	68.39	6.71	6.67	47.11	68.9	1	19.5	7
3094.127	34.55	1.97	68.18	6.75	6.72	47.30	69.4	1	19.6	7
3094.272	34.36	1.98	68.12	6.68	6.66	47.24	69.3	1	19.3	7
3094.332	34.63	1.97	68.24	6.81	6.53	47.65	69.8	1	19.6	7
3094.436	34.58	1.97	68.27	6.80	6.52	47.50	69.6	1	19.4	7
3094.581	34.77	1.96	67.98	6.80	6.65	47.62	70.1	1	19.2	7
3094.641	35.16	1.94	68.36	6.81	6.49	46.24	67.6	1	19.3	7
3094.745	35.33	1.93	68.21	6.86	6.29	45.61	66.9	1	19.1	7
3094.890	35.03	1.95	68.31	6.84	6.46	46.30	67.8	1	19.2	7
3094.950	34.98	1.94	67.98	6.78	6.55	47.12	69.3	1	19.2	7
3095.054	34.92	1.96	68.42	6.76	6.69	47.91	70.0	1	19.1	7
3095.199	34.88	1.96	68.31	6.81	6.48	46.28	67.8	1	19.6	7
3095.259	34.59	1.97	68.16	6.75	6.54	46.94	68.9	1	19.4	7
3095.363	34.79	1.96	68.16	6.75	6.74	48.57	71.3	1	19.4	7
3095.508	34.08	2.00	68.20	6.70	6.71	48.28	70.8	1	19.6	7
3095.568	34.45	1.98	68.17	6.77	6.65	47.48	69.6	1	19.0	7
3095.672	34.87	1.96	68.37	6.81	6.53	47.62	69.7	1	19.6	7
3095.817	34.25	1.98	67.79	6.73	6.66	47.54	70.1	1	19.5	7
3095.877	34.13	1.99	67.84	6.76	6.63	47.01	69.3	1	19.6	7
3095.981	34.22	1.99	68.15	6.75	6.68	48.04	70.5	1	19.0	7
3096.126	34.76	1.95	67.81	6.76	6.67	47.74	70.4	1	19.3	7
3096.186	34.88	1.96	68.39	6.74	6.60	47.53	69.5	1	19.1	7
3096.290	34.42	1.97	67.90	6.71	6.64	47.19	69.5	1	19.4	7
3096.435	34.49	1.99	68.53	6.68	6.58	46.95	68.5	1	18.9	7
3096.495	34.75	1.97	68.30	6.73	6.59	47.03	68.9	1	19.4	7
3096.599	34.69	1.96	68.10	6.77	6.52	46.34	68.1	1	19.2	7
3096.744	34.76	1.97	68.31	6.74	6.64	47.45	69.5	1	19.2	7
3096.804	34.44	1.98	68.17	6.71	6.49	45.90	67.3	1	19.6	7
3096.908	34.22	1.99	68.00	6.66	6.66	47.05	69.2	1	19.6	7
3097.053	34.22	2.00	68.28	6.70	6.65	47.25	69.2	1	19.4	7
3097.113	33.93	2.00	67.93	6.65	6.72	47.09	69.3	1	19.4	7
3097.217	33.83	2.02	68.28	6.58	6.77	47.90	70.2	1	19.5	7
3097.362	34.28	1.99	68.26	6.58	6.80	47.28	69.3	1	19.2	7
3097.422	34.45	1.99	68.41	6.62	6.68	46.76	68.3	1	19.1	7
3097.526	34.57	1.98	68.49	6.65	6.51	46.08	67.3	1	19.0	7
3097.671	34.74	1.97	68.44	6.63	6.75	46.82	68.4	1	18.7	7
3097.731	35.02	1.95	68.13	6.62	6.72	46.92	68.9	1	18.7	7
3097.835	34.96	1.96	68.49	6.60	6.69	47.16	68.9	1	18.8	7
3097.980	34.98	1.94	68.02	6.66	6.65	46.73	68.7	1	19.3	7
3098.040	34.82	1.95	68.02	6.62	6.69	46.97	69.0	1	19.2	7
3098.144	34.49	1.98	68.21	6.60	6.77	47.08	69.0	1	19.1	7
3098.289	34.42	1.98	68.32	6.64	6.69	47.25	69.2	1	19.1	7
3098.349	34.66	1.98	68.50	6.63	6.60	46.82	68.4	1	19.2	7
3098.453	34.57	1.99	68.86	6.59	6.82	47.46	68.9	1	18.9	7
3098.598	34.84	1.95	67.89	6.57	6.78	46.46	68.4	1	18.9	7
3098.658	34.72	1.96	68.06	6.60	6.58	45.97	67.5	1	19.0	7
3098.762	34.89	1.94	67.76	6.64	6.61	45.36	66.9	1	19.0	7
3098.907	34.86	1.95	68.10	6.62	6.55	46.36	68.1	1	18.9	7
3098.967	34.86	1.94	67.79	6.59	6.81	47.04	69.4	1	18.8	7
3099.071	35.15	1.95	68.45	6.59	6.77	46.68	68.2	1	18.7	7
3099.216	35.48	1.93	68.65	6.53	6.71	46.09	67.1	1	18.4	7
3099.276	35.50	1.91	67.81	6.61	6.54	45.32	66.8	1	18.4	7
3099.380	34.92	1.94	67.85	6.56	6.78	45.96	67.7	1	18.9	7
3099.525	34.88	1.95	68.03	6.52	7.05	47.80	70.3	1	18.9	7
3099.585	34.67	1.96	67.93	6.51	6.94	47.43	69.8	1	18.8	7
3099.689	34.93	1.96	68.47	6.51	6.72	46.47	67.9	1	18.9	7
3099.834	35.08	1.95	68.38	6.57	6.68	46.54	68.1	1	18.8	7
3099.894	34.72	1.96	68.03	6.50	6.78	46.94	69.0	1	18.8	7
3099.998	34.97	1.96	68.39	6.56	6.66	47.09	68.9	1	18.8	7
3100.143	34.68	1.97	68.33	6.53	6.79	46.83	68.5	1	18.6	7
3100.203	34.93	1.96	68.49	6.49	6.83	46.56	68.0	1	18.4	7
3100.307	35.12	1.94	68.03	6.48	6.74	46.90	68.9	1	18.6	7
3100.452	35.41	1.93	68.39	6.49	6.75	46.75	68.4	1	18.4	7
3100.512	35.24	1.93	68.11	6.42	6.77	46.04	67.6	1	18.2	7
3100.616	35.73	1.91	68.10	6.44	6.73	46.15	67.8	1	18.3	7
3100.761	35.22	1.93	67.88	6.45	6.83	46.72	68.8	1	18.2	7
3100.821	35.28	1.93	68.03	6.47	6.78	46.08	67.7	1	18.1	7
3100.925	35.66	1.92	68.41	6.44	6.74	46.29	67.7	1	18.2	7
3101.070	35.23	1.93	68.01	6.46	6.79	46.85	68.9	1	18.4	7
3101.130	35.24	1.93	67.91	6.45	6.69	46.00	67.7	1	18.3	7
3101.234	35.37	1.92	67.94	6.43	6.84	46.25	68.1	1	17.9	7
3101.379	35.71	1.91	68.19	6.45	6.77	46.05	67.5	1	18.2	7
3101.439	35.49	1.91	67.67	6.45	6.77	45.52	67.3	1	18.3	7
3101.543	35.77	1.90	68.01	6.42	6.68	46.55	68.4	1	18.1	7
3101.688	35.64	1.91	68.05	6.41	6.75	46.00	67.6	1	18.3	7
3101.748	35.46	1.93	68.48	6.33	6.87	46.48	67.9	1	18.1	7
3101.852	35.89	1.90	68.26	6.44	6.68	46.58	68.2	1	18.2	7
3101.997	35.28	1.92	67.69	6.37	6.91	46.38	68.5	1	18.3	7
3102.057	35.03	1.94	67.82	6.31	6.91	46.44	68.5	1	18.6	7
3102.161	34.65	1.96	67.82	6.35	6.94	46.13	68.0	1	18.8	7
3102.306	34.51	1.98	68.27	6.37	7.09	47.32	69.3	1	18.7	7
3102.366	34.50	1.98	68.29	6.39	6.78	45.60	66.8	1	18.5	7
3102.470	34.62	1.96	67.73	6.43	6.84	46.20	68.2	1	18.9	7
3102.615	34.37	1.97	67.71	6.41	6.90	46.38	68.5	1	18.5	7
3102.675	34.89	1.96	68.30	6.47	6.63	46.04	67.4	1	18.4	7
3102.779	34.64	1.96	67.83	6.38	6.90	46.75	68.9	1	18.6	7
3102.924	34.59	1.95	67.59	6.43	6.76	46.30	68.5	1	18.6	7
3102.984	34.68	1.97	68.18	6.43	6.79	45.96	67.4	1	19.0	7
3103.088	34.34	1.98	67.87	6.35	6.80	45.83	67.5	1	18.8	7
3103.233	34.60	1.97	68.02	6.38	6.69	45.47	66.8	1	18.9	7
3103.293	34.54	1.99	68.61	6.35	6.84	46.44	67.7	1	18.7	7
3103.397	34.75	1.95	67.69	6.37	6.89	46.91	69.3	1	18.6	7
3103.542	34.27	1.97	67.66	6.29	6.84	45.89	67.8	1	18.8	7
3103.602	34.44	1.96	67.67	6.38	6.75	45.62	67.4	1	18.8	7
3103.706	33.80	2.00	67.71	6.33	6.82	45.82	67.7	1	19.2	7
3103.851	33.76	2.01	67.84	6.31	6.92	46.31	68.3	1	18.8	7
3103.911	33.77	2.01	67.99	6.27	6.88	46.54	68.5	1	18.8	7
3104.015	34.01	2.00	68.07	6.30	6.88	46.40	68.2	1	19.0	7
3104.160	33.93	2.00	67.98	6.32	6.84	46.69	68.7	1	18.9	7
3104.220	33.90	1.99	67.49	6.38	6.77	45.79	67.8	1	19.0	7
3104.324	34.19	1.99	68.17	6.31	6.92	47.04	69.0	1	18.9	7
3104.469	33.62	2.02	68.01	6.22	7.00	47.05	69.2	1	19.1	7
3104.529	33.23	2.05	68.00	6.25	6.79	46.08	67.8	1	18.9	7
3104.633	33.59	2.02	67.72	6.28	6.96	46.73	69.0	1	18.8	7
3104.778	34.00	1.99	67.76	6.30	6.86	46.25	68.3	1	18.7	7
3104.838	33.77	2.01	67.92	6.32	6.83	45.91	67.6	1	19.2	7
3104.942	33.73	2.01	67.67	6.32	6.97	47.08	69.6	1	18.8	7
3105.087	33.63	2.02	67.97	6.25	6.87	46.64	68.6	1	19.1	7
3105.147	33.39	2.03	67.80	6.23	6.98	47.40	69.9	1	18.9	7
3105.251	32.80	2.05	67.28	6.17	6.79	45.63	67.8	1	19.1	7
3105.396	32.96	2.06	67.75	6.18	6.82	46.46	68.6	1	19.0	7
3105.456	33.21	2.04	67.67	6.22	6.70	46.19	68.3	1	18.7	7
3105.560	33.22	2.02	67.22	6.24	6.74	45.64	67.9	1	18.9	7
3105.705	33.21	2.04	67.67	6.14	6.85	45.84	67.7	1	18.9	7
3105.765	32.87	2.05	67.40	6.18	6.75	45.42	67.4	1	19.3	7
3105.869	32.73	2.07	67.78	6.11	6.89	46.14	68.1	1	19.1	7
3106.014	32.76	2.06	67.51	6.14	6.75	45.11	66.8	1	19.0	7
3106.074	32.81	2.07	67.82	6.08	6.81	45.23	66.7	1	18.8	7
3106.178	32.97	2.05	67.48	6.11	6.82	44.44	65.9	1	18.6	7
3106.323	33.68	2.01	67.68	6.19	6.92	46.12	68.1	1	18.6	7
3106.383	33.95	2.00	67.75	6.16	7.20	47.25	69.7	1	18.6	7
3106.487	34.25	1.97	67.54	6.26	6.78	45.70	67.7	1	18.6	7
3106.632	34.03	1.99	67.69	6.17	6.97	46.71	69.0	1	18.6	7
3106.692	33.96	2.00	67.76	6.16	7.02	46.59	68.8	1	18.7	7
3106.796	34.07	1.98	67.30	6.24	6.78	45.48	67.6	1	18.6	7
3106.941	33.77	1.99	67.32	6.21	6.80	45.12	67.0	1	18.7	7
3107.001	33.79	2.01	67.82	6.23	6.77	45.44	67.0	1	18.9	7
3107.105	33.96	1.99	67.66	6.19	7.02	46.64	68.9	1	18.8	7
3107.250	33.93	2.00	67.91	6.14	6.97	46.02	67.8	1	18.7	7
3107.310	33.95	2.00	68.05	6.19	7.01	46.35	68.1	1	18.9	7
3107.414	33.82	2.02	68.24	6.21	6.92	46.77	68.5	1	19.0	7
3107.559	32.98	2.04	67.31	6.07	6.86	45.62	67.8	1	18.9	7
3107.619	33.00	2.04	67.30	6.09	7.00	45.79	68.0	1	19.0	7
3107.723	33.47	2.02	67.65	6.21	6.72	45.59	67.4	1	18.6	7
3107.868	33.75	2.01	67.88	6.15	7.03	46.24	68.1	1	18.4	7
3107.928	34.11	1.98	67.50	6.21	7.00	46.43	68.8	1	18.3	7
3108.032	34.59	1.94	67.04	6.27	6.76	45.33	67.6	1	18.6	7
3108.177	34.36	1.97	67.80	6.21	6.75	45.47	67.1	1	18.2	7
3108.237	34.47	1.96	67.71	6.22	6.76	45.79	67.6	1	18.6	7
3108.341	34.45	1.97	68.02	6.24	6.76	45.66	67.1	1	18.5	7
3108.486	34.02	1.99	67.70	6.25	6.79	45.39	67.0	1	18.6	7
3108.546	34.18	1.98	67.79	6.31	6.77	45.61	67.3	1	18.8	7
3108.650	34.26	1.97	67.55	6.28	6.93	45.89	67.9	1	18.6	7
3108.795	34.24	1.98	67.62	6.30	6.74	44.77	66.2	1	18.9	7
3108.855	34.19	1.98	67.74	6.28	6.93	46.18	68.2	1	18.8	7
3108.959	33.89	2.01	68.00	6.22	6.82	45.85	67.4	1	18.9	7
3109.104	33.95	1.99	67.59	6.24	7.05	46.50	68.8	1	18.9	7
3109.164	33.68	2.01	67.78	6.16	6.94	46.17	68.1	1	18.9	7
3109.268	33.69	2.02	68.10	6.19	6.74	45.37	66.6	1	18.7	7
3109.413	33.79	2.00	67.61	6.17	6.91	46.03	68.1	1	18.6	7
3109.473	33.82	2.01	67.98	6.17	6.79	45.46	66.9	1	18.7	7
3109.577	33.64	2.00	67.25	6.15	6.84	44.82	66.6	1	18.5	7
3109.722	33.84	1.99	67.33	6.18	6.87	45.65	67.8	1	19.0	7
3109.782	33.91	2.01	68.03	6.21	6.76	45.85	67.4	1	18.6	7
3109.886	34.07	1.99	67.80	6.22	6.76	45.64	67.3	1	18.8	7
3110.031	34.35	1.97	67.58	6.31	6.71	45.29	67.0	1	18.4	7
3110.091	34.44	1.96	67.61	6.29	6.75	45.24	66.9	1	18.6	7
3110.195	34.59	1.97	68.00	6.31	6.73	44.98	66.2	1	18.7	7
3110.340	34.53	1.97	68.09	6.29	6.80	45.65	67.0	1	18.4	7
3110.400	34.55	1.96	67.89	6.23	6.99	46.16	68.0	1	18.3	7
3110.504	34.78	1.95	67.93	6.19	7.08	46.94	69.1	1	18.2	7
3110.649	34.21	1.98	67.69	6.20	7.02	45.93	67.9	1	18.5	7
3110.709	34.08	1.98	67.54	6.18	7.07	46.11	68.3	1	18.6	7
3110.813	34.05	2.00	68.14	6.19	7.10	46.83	68.7	1	18.4	7
3110.958	33.96	1.99	67.72	6.14	7.10	46.02	68.0	1	18.2	7
3111.018	34.20	1.98	67.81	6.17	7.15	46.64	68.8	1	18.5	7
3111.122	34.41	1.99	68.34	6.16	7.20	46.72	68.4	1	18.2	7
3111.267	34.92	1.94	67.63	6.15	7.23	46.22	68.3	1	18.1	7
3111.327	34.88	1.93	67.48	6.17	7.17	46.06	68.3	1	18.0	7
3111.431	34.96	1.93	67.64	6.22	7.13	46.14	68.2	1	17.8	7
3111.576	35.20	1.92	67.70	6.22	6.87	44.95	66.4	1	18.1	7
3111.636	35.82	1.90	67.96	6.26	6.75	45.56	67.0	1	17.8	7
3111.740	35.56	1.92	68.26	6.26	6.79	46.01	67.4	1	18.0	7
3111.885	34.99	1.95	68.33	6.20	6.95	46.41	67.9	1	18.3	7
3111.945	35.04	1.94	67.92	6.26	6.87	45.96	67.7	1	18.1	7
3112.049	34.98	1.95	68.05	6.23	6.81	45.14	66.3	1	18.2	7
3112.194	34.47	1.96	67.53	6.22	6.89	44.93	66.5	1	18.5	7
3112.254	34.41	1.98	68.24	6.26	6.85	45.81	67.1	1	18.6	7
3112.358	33.98	2.00	67.98	6.15	6.97	45.89	67.5	1	18.3	7
3112.503	33.91	2.01	68.12	6.14	6.99	46.33	68.0	1	18.6	7
3112.563	34.08	1.99	67.83	6.19	7.04	46.60	68.7	1	18.4	7
3112.667	33.73	2.01	67.68	6.14	6.92	45.32	67.0	1	18.5	7
3112.812	33.81	2.02	68.28	6.06	6.96	45.41	66.5	1	18.2	7
3112.872	34.10	1.99	67.81	6.13	7.00	45.62	67.3	1	18.2	7
3112.976	34.33	1.98	67.85	6.12	7.02	45.50	67.1	1	18.4	7
3113.121	34.11	1.98	67.54	6.17	6.97	46.21	68.4	1	18.5	7
3113.181	34.11	1.98	67.69	6.19	6.96	46.01	68.0	1	18.3	7
3113.285	34.21	1.98	67.80	6.12	7.04	46.59	68.7	1	18.5	7
3113.430	34.51	1.97	68.09	6.16	7.18	47.41	69.6	1	18.6	7
3113.490	33.75	2.01	67.69	6.10	6.91	44.56	65.8	1	18.6	7
3113.594	33.84	2.00	67.68	6.05	7.26	46.78	69.1	1	18.7	7
3113.739	34.22	1.98	67.69	6.18	7.13	46.22	68.3	1	18.3	7
3113.799	34.60	1.97	68.28	6.19	7.04	46.43	68.0	1	18.3	7
3113.903	34.26	1.98	67.80	6.16	7.10	45.88	67.7	1	18.1	7
3114.048	34.47	1.97	67.90	6.21	6.93	45.35	66.8	1	18.2	7
3114.108	34.60	1.95	67.55	6.19	7.02	46.48	68.8	1	18.4	7
3114.212	34.43	1.96	67.60	6.21	6.97	45.98	68.0	1	18.5	7
3114.357	34.27	1.98	67.86	6.21	7.12	45.99	67.8	1	18.4	7
3114.417	34.44	1.97	67.83	6.21	6.95	46.05	67.9	1	18.2	7
3114.521	34.48	1.96	67.74	6.15	7.10	46.62	68.8	1	18.4	7
3114.666	34.32	1.99	68.30	6.13	7.10	47.13	69.0	1	18.5	7
3114.726	34.45	1.97	67.94	6.20	7.06	46.51	68.5	1	18.2	7
3114.830	34.16	1.97	67.23	6.16	6.95	44.70	66.5	1	18.4	7
3114.975	34.17	1.98	67.79	6.10	7.05	46.00	67.9	1	18.2	7
3115.035	34.38	1.97	67.86	6.11	7.17	47.10	69.4	1	18.4	7
3115.139	34.12	1.99	67.87	6.14	6.91	45.03	66.4	1	18.4	7
3115.284	34.03	1.98	67.54	6.10	7.14	46.16	68.4	1	18.2	7
3115.344	34.32	1.98	68.11	6.13	7.09	46.97	69.0	1	18.3	7
3115.448	33.57	2.01	67.37	6.02	7.16	45.73	67.9	1	18.4	7
3115.593	33.81	2.00	67.71	6.03	7.06	45.59	67.3	1	18.3	7
3115.653	34.16	1.99	67.87	6.16	6.91	45.48	67.0	1	18.2	7
3115.757	34.11	1.98	67.69	6.04	7.22	46.24	68.3	1	18.1	7
3115.902	34.47	1.97	67.92	6.10	7.20	46.24	68.1	1	18.0	7
3115.962	34.95	1.95	68.04	6.15	7.14	46.66	68.6	1	17.8	7
3116.066	34.93	1.94	67.91	6.19	6.94	45.43	66.9	1	18.0	7
3116.211	34.67	1.96	68.05	6.20	6.93	46.24	67.9	1	18.0	7
3116.271	34.72	1.95	67.79	6.16	7.13	47.00	69.3	1	18.0	7
3116.375	34.95	1.94	67.64	6.18	6.90	45.62	67.4	1	17.8	7
3116.520	34.60	1.96	67.70	6.12	7.02	45.46	67.2	1	18.1	7
3116.580	34.49	1.96	67.47	6.15	7.05	45.57	67.5	1	18.2	7
3116.684	34.70	1.95	67.67	6.11	7.13	45.91	67.8	1	18.0	7
3116.829	34.86	1.94	67.68	6.10	7.12	45.43	67.1	1	17.9	7
3116.889	35.30	1.93	68.29	6.13	7.14	46.33	67.8	1	17.9	7
3116.993	35.22	1.93	67.84	6.09	6.97	45.30	66.8	1	17.9	7
3117.138	35.15	1.93	67.86	6.10	7.08	45.04	66.4	1	17.7	7
3117.198	35.23	1.90	66.96	6.10	6.98	45.00	67.2	1	17.6	7
3117.302	35.49	1.91	67.94	6.10	7.04	46.00	67.7	1	17.7	7
3117.447	35.05	1.93	67.62	6.09	7.08	45.43	67.2	1	17.5	7
3117.507	35.25	1.91	67.43	6.03	7.29	45.91	68.1	1	17.7	7
3117.611	35.11	1.93	67.65	6.03	7.17	45.65	67.5	1	18.0	7
3117.756	35.23	1.92	67.71	6.05	7.18	45.82	67.7	1	17.6	7
3117.816	35.72	1.91	68.12	6.07	7.09	45.64	67.0	1	17.7	7
3117.920	35.53	1.90	67.66	6.09	7.05	45.74	67.6	1	17.6	7
3118.065	35.79	1.88	67.29	6.09	7.05	45.76	68.0	1	17.2	7
3118.125	35.66	1.90	67.63	6.11	6.87	44.82	66.3	1	17.6	7
3118.229	35.78	1.90	67.85	6.15	6.81	44.96	66.3	1	17.7	7
3118.374	36.07	1.87	67.40	6.08	6.81	44.56	66.1	1	17.2	7
3118.434	35.85	1.88	67.30	5.98	7.19	47.02	69.9	1	17.5	7
3118.538	35.55	1.89	67.28	5.97	7.00	44.43	66.0	1	17.1	7
3118.683	36.15	1.85	67.05	6.09	6.27	41.79	62.3	1	17.2	7
3118.743	36.08	1.86	67.01	6.03	6.39	42.06	62.8	1	16.9	7
3118.847	36.06	1.87	67.48	5.82	7.16	44.98	66.7	1	16.8	7
3118.992	36.10	1.86	67.24	5.80	7.15	44.36	66.0	1	17.0	7
3119.052	36.26	1.85	66.93	5.78	7.18	44.78	66.9	1	16.6	7
3119.156	36.45	1.84	67.14	5.75	7.27	45.71	68.1	1	16.8	7
3119.301	36.21	1.85	66.93	5.82	7.21	46.01	68.7	1	16.9	7
3119.361	36.04	1.86	67.12	5.78	7.18	44.45	66.2	1	17.3	7
3119.465	35.81	1.88	67.26	5.67	6.93	44.55	66.2	1	17.1	7
3119.610	32.61	1.65	53.83	5.38	6.60	35.46	65.9	1	17.0	7
3119.670	33.98	1.97	66.84	5.17	6.50	44.61	66.7	1	17.2	7
3119.774	28.30	2.37	67.12	4.86	6.06	42.03	62.6	1	32.1	7
3119.919	10.91	6.16	67.25	2.89	3.89	25.67	38.2	1	54.9	7
3119.979	9.16	7.33	67.12	2.86	3.68	28.83	43.0	1	40.0	7
3120.083	10.24	6.58	67.39	3.38	4.75	36.14	53.6	1	30.1	7
3120.228	22.44	2.98	66.98	3.59	6.00	31.62	47.2	1	9.9	7
3120.288	31.61	2.13	67.19	3.46	5.64	29.10	43.3	1	9.9	7
3120.392	40.79	1.65	67.28	3.41	5.40	33.17	49.3	1	10.0	7
3120.537	35.25	1.91	67.17	3.65	6.59	37.40	55.7	1	17.9	7
3120.597	31.30	2.14	67.00	3.57	6.57	36.70	54.8	1	15.6	7
3120.701	40.02	1.68	67.23	3.38	6.29	36.15	53.8	1	10.0	7
3120.846	44.35	1.51	66.88	3.24	6.17	37.00	55.3	1	12.5	7
3120.906	34.17	1.96	66.85	3.41	6.60	33.62	50.3	1	27.4	7
3121.010	16.15	4.16	67.11	2.89	4.97	24.44	36.4	1	55.0	7
3121.155	9.64	6.99	67.40	2.97	3.76	30.94	45.9	1	40.1	7
3121.215	9.95	6.79	67.52	3.22	4.17	34.98	51.8	1	35.1	7
3121.319	14.89	4.51	67.19	3.49	5.79	36.51	54.3	1	22.6	7
3121.464	34.21	1.96	67.14	3.44	5.77	29.90	44.5	1	10.1	7
3121.524	39.67	1.71	67.70	3.40	5.61	32.54	48.1	1	9.9	7
3121.628	40.16	1.66	66.73	3.71	6.55	35.85	53.7	1	14.1	7
3121.773	32.62	2.06	67.34	3.76	7.34	37.08	55.1	1	14.0	7
3121.833	34.60	1.94	67.27	3.99	7.85	39.27	58.4	1	13.9	7
3121.937	35.93	1.85	66.52	4.19	8.28	39.21	58.9	1	14.1	7
3122.082	36.11	1.86	67.23	4.34	8.50	39.75	59.1	1	14.5	7
3122.142	35.95	1.86	66.97	4.39	8.59	40.21	60.0	1	14.6	7
3122.246	35.59	1.89	67.26	4.42	8.76	39.68	59.0	1	14.9	7
3122.391	34.17	1.97	67.41	4.24	8.91	39.39	58.4	1	14.7	7
3122.451	33.86	1.98	67.20	4.19	8.96	39.36	58.6	1	14.9	7
3122.555	33.70	2.00	67.50	4.15	8.94	39.31	58.2	1	14.9	7
3122.700	33.59	2.00	67.03	4.17	8.98	39.76	59.3	1	14.9	7
3122.760	33.40	2.02	67.47	4.11	8.91	39.36	58.3	1	15.0	7
3122.864	33.23	2.03	67.42	4.06	8.75	39.48	58.6	1	14.8	7
3123.009	32.87	2.04	67.15	4.07	8.82	38.98	58.0	1	15.6	7
3123.069	32.61	2.07	67.38	4.08	8.76	39.49	58.6	1	15.3	7
3123.173	33.29	2.02	67.31	4.24	8.78	39.63	58.9	1	15.0	7
3123.318	34.28	1.96	67.32	4.29	8.92	39.26	58.3	1	14.6	7
3123.378	34.60	1.96	67.67	4.29	8.92	39.50	58.4	1	14.5	7
3123.482	34.80	1.94	67.68	4.31	8.97	39.99	59.1	1	14.6	7
3123.627	34.42	1.95	67.23	4.33	8.95	39.76	59.1	1	14.9	7
3123.687	34.68	1.95	67.55	4.33	8.95	39.98	59.2	1	14.6	7
3123.791	35.11	1.93	67.71	4.37	8.91	40.03	59.1	1	14.5	7
3123.936	35.17	1.92	67.50	4.33	8.92	39.61	58.7	1	14.4	7
3123.996	35.25	1.93	67.87	4.34	8.91	39.84	58.7	1	14.7	7
3124.100	35.08	1.93	67.69	4.39	8.90	40.17	59.3	1	14.9	7
3124.245	34.53	1.96	67.55	4.40	8.82	40.27	59.6	1	14.9	7
3124.305	34.25	1.96	67.01	4.27	8.52	39.97	59.7	1	14.9	7
3124.409	34.03	1.97	67.02	4.17	8.03	40.69	60.7	1	15.1	7
3124.554	31.79	1.71	54.30	4.18	7.83	32.76	60.3	1	14.9	7
3124.614	34.14	1.96	66.82	4.23	7.92	39.68	59.4	1	15.0	7
3124.718	35.28	1.90	67.18	4.36	8.24	39.71	59.1	1	14.7	7
3124.863	35.85	1.88	67.44	4.41	8.53	39.93	59.2	1	14.5	7
3124.923	35.91	1.88	67.57	4.37	8.54	39.96	59.1	1	14.1	7
3125.027	36.24	1.87	67.83	4.36	8.55	40.42	59.6	1	14.1	7
3125.172	35.85	1.89	67.91	4.41	8.71	40.59	59.8	1	14.6	7
3125.232	35.48	1.90	67.44	4.43	8.77	40.42	59.9	1	14.7	7
3125.336	35.10	1.92	67.48	4.43	8.84	40.37	59.8	1	15.0	7
3125.481	34.45	1.96	67.40	4.41	8.83	40.18	59.6	1	15.1	7
3125.541	34.61	1.97	68.03	4.43	8.83	40.79	60.0	1	15.1	7
3125.645	34.53	1.95	67.20	4.45	8.84	40.26	59.9	1	14.9	7
3125.790	34.92	1.94	67.65	4.42	8.90	40.01	59.1	1	14.9	7
3125.850	35.11	1.93	67.77	4.44	8.87	40.47	59.7	1	14.7	7
3125.954	34.98	1.94	67.76	4.45	8.89	40.41	59.6	1	15.1	7
3126.099	34.84	1.94	67.76	4.44	8.93	40.22	59.4	1	14.6	7
3126.159	35.08	1.94	68.13	4.45	8.91	40.84	59.9	1	14.7	7
3126.263	35.01	1.94	67.99	4.45	8.90	40.88	60.1	1	15.0	7
3126.408	34.80	1.97	68.42	4.36	9.00	40.79	59.6	1	14.9	7
3126.468	34.69	1.96	68.08	4.31	9.04	40.54	59.5	1	14.5	7
3126.572	33.84	1.99	67.21	4.19	9.05	39.57	58.9	1	15.1	7
3126.717	34.14	2.00	68.27	4.17	9.13	40.24	58.9	1	14.6	7
3126.777	34.23	1.98	67.72	4.18	9.14	39.70	58.6	1	14.5	7
3126.881	34.71	1.95	67.61	4.19	9.20	39.61	58.6	1	14.2	7
3127.026	35.27	1.93	67.90	4.17	9.16	39.64	58.4	1	14.2	7
3127.086	35.21	1.91	67.31	4.17	9.21	39.35	58.5	1	14.3	7
3127.190	35.11	1.94	68.05	4.18	9.24	39.81	58.5	1	14.5	7
3127.335	35.36	1.92	67.91	4.18	9.21	39.68	58.4	1	14.1	7
3127.395	35.39	1.92	68.09	4.17	9.22	39.83	58.5	1	14.4	7
3127.499	35.30	1.94	68.32	4.18	9.25	39.88	58.4	1	14.2	7
3127.644	34.76	1.96	68.22	4.16	9.28	39.87	58.4	1	14.7	7
3127.704	34.83	1.95	68.06	4.15	9.27	39.47	58.0	1	14.6	7
3127.808	34.57	1.96	67.63	4.15	9.23	39.47	58.4	1	14.6	7
3127.953	34.83	1.96	68.15	4.19	9.26	40.08	58.8	1	14.4	7
3128.013	34.96	1.94	67.76	4.16	9.26	39.67	58.5	1	14.4	7
3128.117	35.24	1.93	67.93	4.18	9.22	39.48	58.1	1	14.2	7
3128.262	35.07	1.95	68.30	4.19	9.26	40.14	58.8	1	14.5	7
3128.322	34.74	1.96	68.12	4.19	9.21	39.69	58.3	1	14.6	7
3128.426	34.99	1.96	68.45	4.18	9.23	39.74	58.1	1	14.5	7
3128.571	34.84	1.94	67.66	4.18	9.22	39.33	58.1	1	14.7	7
3128.631	34.73	1.96	68.18	4.19	9.21	40.00	58.7	1	14.6	7
3128.735	34.76	1.95	67.85	4.22	9.20	39.86	58.7	1	14.4	7
3128.880	35.47	1.92	68.02	4.20	9.20	40.37	59.4	1	14.1	7
3128.940	35.30	1.92	67.70	4.21	9.14	39.59	58.5	1	14.4	7
3129.044	35.33	1.93	68.19	4.18	9.16	39.47	57.9	1	14.2	7
3129.189	35.57	1.92	68.23	4.16	9.16	40.10	58.8	1	14.4	7
3129.249	35.53	1.92	68.26	4.16	9.14	39.93	58.5	1	14.3	7
3129.353	35.17	1.93	67.97	4.10	9.01	39.60	58.3	1	14.1	7
3129.498	35.12	1.94	68.25	4.16	9.08	40.08	58.7	1	14.5	7
3129.558	35.09	1.95	68.36	4.19	9.11	40.30	58.9	1	14.3	7
3129.662	34.85	1.95	67.85	4.18	9.16	39.66	58.5	1	14.7	7
3129.807	34.31	1.99	68.35	4.17	9.07	39.71	58.1	1	14.5	7
3129.867	34.64	1.98	68.69	4.20	9.08	40.25	58.6	1	14.6	7
3129.971	34.92	1.95	67.99	4.21	9.16	39.89	58.7	1	14.3	7
3130.116	35.27	1.93	67.93	4.15	9.22	39.55	58.2	1	14.3	7
3130.176	35.15	1.93	67.90	4.17	9.23	39.53	58.2	1	14.5	7
3130.280	35.07	1.94	67.95	4.16	9.25	39.76	58.5	1	14.3	7
3130.425	34.88	1.95	67.94	4.19	9.24	40.31	59.3	1	14.4	7
3130.485	34.85	1.95	67.95	4.18	9.24	40.18	59.1	1	14.3	7
3130.589	34.56	1.98	68.34	4.15	9.22	39.67	58.0	1	14.6	7
3130.734	34.03	1.99	67.59	4.11	9.19	39.11	57.9	1	14.5	7
3130.794	34.13	2.00	68.11	4.12	9.19	40.01	58.7	1	14.6	7
3130.898	34.39	1.99	68.38	4.15	9.17	39.68	58.0	1	14.5	7
3131.043	34.08	2.00	68.06	4.16	9.20	40.24	59.1	1	14.4	7
3131.103	34.51	1.99	68.53	4.16	9.23	40.07	58.5	1	14.4	7
3131.207	34.80	1.96	68.21	4.17	9.26	39.91	58.5	1	14.2	7
3131.352	35.20	1.94	68.20	4.18	9.28	40.11	58.8	1	14.3	7
3131.412	35.34	1.94	68.44	4.19	9.29	40.32	58.9	1	14.1	7
3131.516	35.10	1.94	68.04	4.16	9.30	39.79	58.5	1	14.3	7
3131.661	34.94	1.95	68.05	4.15	9.31	39.63	58.2	1	14.1	7
3131.721	34.94	1.94	67.76	4.15	9.32	39.44	58.2	1	14.2	7
3131.825	35.23	1.94	68.31	4.14	9.32	39.56	57.9	1	14.1	7
3131.970	34.99	1.95	68.23	4.14	9.36	39.31	57.6	1	14.4	7
3132.030	34.76	1.96	68.28	4.13	9.33	40.00	58.6	1	14.4	7
3132.134	34.80	1.95	67.85	4.10	9.34	39.32	57.9	1	14.5	7
3132.279	34.98	1.95	68.17	4.09	9.36	39.46	57.9	1	14.3	7
3132.339	35.08	1.94	67.95	4.10	9.34	39.19	57.7	1	13.9	7
3132.443	35.09	1.94	68.19	4.11	9.32	39.65	58.2	1	14.5	7
3132.588	35.16	1.95	68.57	4.11	9.32	39.38	57.4	1	14.2	7
3132.648	35.21	1.95	68.59	4.13	9.31	39.94	58.2	1	14.3	7
3132.752	35.20	1.94	68.38	4.16	9.29	39.86	58.3	1	14.3	7
3132.897	35.08	1.95	68.41	4.17	9.27	39.92	58.3	1	14.6	7
3132.957	34.68	1.97	68.34	4.14	9.26	40.00	58.5	1	14.3	7
3133.061	34.69	1.96	68.14	4.14	9.28	39.38	57.8	1	14.2	7
3133.206	35.06	1.93	67.71	4.18	9.28	39.04	57.7	1	14.2	7
3133.266	35.29	1.93	68.24	4.17	9.27	40.03	58.7	1	14.0	7
3133.370	35.52	1.93	68.71	4.20	9.27	40.72	59.3	1	14.3	7
3133.515	35.45	1.92	68.14	4.18	9.21	39.91	58.6	1	14.1	7
3133.575	35.50	1.92	68.16	4.18	9.21	39.88	58.5	1	14.0	7
3133.679	35.62	1.92	68.31	4.17	9.23	39.89	58.4	1	14.1	7
3133.824	35.28	1.93	68.26	4.20	9.26	40.11	58.8	1	14.4	7
3133.884	34.98	1.95	68.24	4.20	9.24	40.27	59.0	1	14.5	7
3133.988	34.49	1.98	68.17	4.17	9.21	39.71	58.3	1	14.7	7
3134.133	35.09	1.95	68.41	4.20	9.30	40.90	59.8	1	14.2	7
3134.193	35.26	1.93	68.21	4.17	9.29	40.12	58.8	1	14.2	7
3134.297	35.44	1.94	68.61	4.18	9.27	40.06	58.4	1	14.5	7
3134.442	35.20	1.95	68.48	4.17	9.28	40.13	58.6	1	14.1	7
3134.502	35.01	1.95	68.15	4.19	9.28	40.28	59.1	1	14.2	7
3134.606	35.29	1.94	68.48	4.16	9.29	40.11	58.6	1	14.0	7
3134.751	35.84	1.92	68.93	4.16	9.20	40.27	58.4	1	14.0	7
3134.811	35.70	1.91	68.35	4.17	9.20	39.84	58.3	1	14.3	7
3134.915	35.61	1.92	68.30	4.18	9.22	39.99	58.5	1	14.3	7
3135.060	35.79	1.91	68.29	4.18	9.28	40.40	59.2	1	14.2	7
3135.120	35.69	1.91	68.29	4.18	9.27	40.55	59.4	1	14.2	7
3135.224	35.81	1.91	68.22	4.16	9.24	40.16	58.9	1	13.9	7
3135.369	35.82	1.90	68.15	4.16	9.24	40.13	58.9	1	14.0	7
3135.429	35.91	1.90	68.38	4.14	9.22	39.81	58.2	1	14.1	7
3135.533	36.07	1.89	68.27	4.13	9.18	40.02	58.6	1	13.9	7
3135.678	35.61	1.93	68.63	4.18	9.22	40.16	58.5	1	14.4	7
3135.738	35.50	1.93	68.55	4.21	9.22	40.52	59.1	1	14.4	7
3135.842	34.81	1.95	68.01	4.22	9.23	39.62	58.3	1	14.4	7
3135.987	34.34	1.98	68.12	4.17	9.21	40.08	58.8	1	14.7	7
3136.047	34.33	1.98	68.02	4.17	9.23	39.98	58.8	1	14.7	7
3136.151	34.36	1.99	68.53	4.19	9.19	40.47	59.1	1	14.5	7
3136.296	34.26	2.00	68.43	4.16	9.18	40.13	58.6	1	14.6	7
3136.356	34.37	1.99	68.29	4.15	9.21	39.81	58.3	1	14.4	7
3136.460	34.89	1.95	67.93	4.16	9.24	39.69	58.4	1	14.1	7
3136.605	35.05	1.93	67.74	4.19	9.24	39.78	58.7	1	14.5	7
3136.665	34.98	1.94	67.98	4.20	9.23	39.91	58.7	1	14.5	7
3136.769	34.45	1.98	68.31	4.17	9.21	39.95	58.5	1	14.6	7
3136.914	34.67	1.97	68.27	4.16	9.25	39.64	58.1	1	14.4	7
3136.974	34.83	1.97	68.50	4.17	9.27	40.05	58.5	1	14.5	7
3137.078	34.88	1.96	68.23	4.18	9.27	40.24	59.0	1	14.5	7
3137.223	34.87	1.96	68.34	4.20	9.29	40.15	58.8	1	14.2	7
3137.283	35.01	1.95	68.29	4.22	9.27	39.86	58.4	1	14.3	7
3137.387	35.19	1.95	68.51	4.21	9.26	40.25	58.8	1	14.5	7
3137.532	34.79	1.96	68.16	4.20	9.24	39.93	58.6	1	14.2	7
3137.592	34.88	1.95	68.09	4.19	9.25	39.73	58.4	1	14.3	7
3137.696	35.20	1.94	68.42	4.18	9.26	39.78	58.1	1	14.2	7
3137.841	35.30	1.93	68.18	4.19	9.22	39.82	58.4	1	14.3	7
3137.901	35.26	1.94	68.29	4.20	9.25	40.07	58.7	1	14.2	7
3138.005	35.37	1.93	68.29	4.21	9.26	40.54	59.4	1	14.0	7
3138.150	35.53	1.93	68.74	4.19	9.26	40.17	58.4	1	14.2	7
3138.210	35.43	1.93	68.50	4.22	9.25	40.75	59.5	1	14.3	7
3138.314	35.05	1.94	67.88	4.22	9.23	40.09	59.1	1	14.3	7
3138.459	34.75	1.96	68.22	4.18	9.23	40.43	59.3	1	14.7	7
3138.519	34.74	1.96	68.10	4.17	9.22	39.76	58.4	1	14.5	7
3138.623	34.81	1.96	68.17	4.16	9.30	40.12	58.8	1	14.4	7
3138.768	35.06	1.95	68.36	4.16	9.29	40.40	59.1	1	14.3	7
3138.828	35.17	1.95	68.47	4.16	9.29	40.01	58.4	1	13.9	7
3138.932	35.46	1.93	68.26	4.17	9.28	39.92	58.5	1	14.1	7
3139.077	35.55	1.92	68.27	4.16	9.26	40.33	59.1	1	14.1	7
3139.137	35.56	1.92	68.22	4.16	9.23	39.92	58.5	1	14.1	7
3139.241	35.48	1.93	68.52	4.18	9.24	40.52	59.1	1	14.2	7
3139.386	35.50	1.92	68.33	4.18	9.23	40.41	59.1	1	14.0	7
3139.446	35.50	1.92	68.08	4.17	9.20	40.28	59.2	1	14.0	7
3139.550	35.67	1.92	68.46	4.20	9.21	40.33	58.9	1	14.4	7
3139.695	35.16	1.94	68.11	4.19	9.27	39.99	58.7	1	14.3	7
3139.755	34.86	1.95	67.92	4.17	9.27	39.87	58.7	1	14.5	7
3139.859	34.59	1.97	68.16	4.15	9.25	39.42	57.8	1	14.3	7
3140.004	34.93	1.96	68.60	4.13	9.28	39.68	57.8	1	14.5	7
3140.064	34.89	1.96	68.32	4.15	9.29	40.27	58.9	1	14.1	7
3140.168	35.38	1.93	68.12	4.14	9.26	39.64	58.2	1	14.1	7
3140.313	35.10	1.94	67.96	4.18	9.27	39.84	58.6	1	14.4	7
3140.373	34.96	1.94	67.99	4.17	9.27	40.02	58.9	1	14.7	7
3140.477	34.57	1.98	68.42	4.15	9.27	40.33	58.9	1	14.4	7
3140.622	34.84	1.96	68.31	4.18	9.28	40.17	58.8	1	14.4	7
3140.682	34.94	1.96	68.44	4.16	9.29	40.02	58.5	1	14.2	7
3140.786	34.91	1.95	68.06	4.16	9.28	39.42	57.9	1	14.2	7
3140.931	35.28	1.93	68.22	4.16	9.32	40.23	59.0	1	14.4	7
3140.991	35.17	1.93	68.00	4.15	9.32	39.48	58.1	1	14.5	7
3141.095	35.13	1.95	68.63	4.14	9.29	39.79	58.0	1	13.8	7
3141.240	35.26	1.93	68.02	4.19	9.28	40.31	59.3	1	14.3	7
3141.300	35.21	1.94	68.37	4.19	9.28	40.52	59.3	1	14.3	7
3141.404	35.29	1.94	68.50	4.19	9.26	40.50	59.1	1	14.3	7
3141.549	34.77	1.96	68.18	4.19	9.25	40.20	59.0	1	14.8	7
3141.609	34.64	1.97	68.23	4.18	9.23	40.08	58.7	1	14.6	7
3141.713	34.77	1.96	68.21	4.18	9.21	39.92	58.5	1	14.3	7
3141.858	34.96	1.94	67.86	4.20	9.27	40.03	59.0	1	14.3	7
3141.918	35.12	1.94	68.03	4.19	9.27	40.38	59.4	1	14.3	7
3142.022	34.98	1.95	68.23	4.18	9.28	40.50	59.3	1	14.3	7
3142.167	34.75	1.97	68.61	4.18	9.27	40.72	59.3	1	14.4	7
3142.227	34.69	1.98	68.63	4.16	9.29	40.08	58.4	1	14.5	7
3142.331	34.80	1.97	68.43	4.15	9.33	40.17	58.7	1	14.3	7
3142.476	34.52	1.98	68.26	4.12	9.26	39.82	58.3	1	14.4	7
3142.536	34.69	1.98	68.58	4.14	9.28	40.24	58.7	1	14.2	7
3142.640	34.43	1.99	68.51	4.13	9.31	39.95	58.3	1	14.4	7
3142.785	34.55	1.98	68.51	4.12	9.33	39.98	58.4	1	14.3	7
3142.845	34.37	1.98	67.93	4.11	9.32	39.76	58.5	1	14.4	7
3142.949	34.45	1.98	68.25	4.10	9.33	39.61	58.0	1	14.5	7
3143.094	34.84	1.96	68.22	4.14	9.33	39.65	58.1	1	14.2	7
3143.154	34.95	1.96	68.47	4.15	9.29	39.65	57.9	1	14.3	7
3143.258	34.93	1.97	68.74	4.13	9.32	39.79	57.9	1	14.5	7
3143.403	34.71	1.97	68.33	4.11	9.34	39.75	58.2	1	14.3	7
3143.463	34.77	1.97	68.45	4.10	9.35	40.10	58.6	1	14.5	7
3143.567	34.42	1.97	67.84	4.11	9.34	39.35	58.0	1	14.4	7
3143.712	34.42	1.98	68.31	4.09	9.33	39.61	58.0	1	14.5	7
3143.772	34.52	1.98	68.41	4.11	9.34	39.98	58.4	1	14.4	7
3143.876	35.02	1.96	68.49	4.12	9.34	39.67	57.9	1	14.1	7
3144.021	35.28	1.93	68.07	4.15	9.30	40.01	58.8	1	14.0	7
3144.081	35.48	1.93	68.33	4.13	9.25	39.31	57.5	1	14.1	7
3144.185	35.39	1.93	68.35	4.14	9.25	40.21	58.8	1	13.9	7
3144.330	35.49	1.91	67.86	4.15	9.26	39.82	58.7	1	14.1	7
3144.390	35.80	1.91	68.31	4.13	9.23	40.26	58.9	1	14.0	7
3144.494	35.64	1.93	68.71	4.13	9.24	39.98	58.2	1	14.2	7
3144.639	34.87	1.96	68.22	4.15	9.32	40.01	58.6	1	14.7	7
3144.699	34.61	1.99	68.76	4.13	9.31	40.08	58.3	1	14.7	7
3144.803	34.41	1.98	68.12	4.12	9.33	39.52	58.0	1	14.3	7
3144.948	34.80	1.96	68.20	4.12	9.31	39.53	58.0	1	14.3	7
3145.008	34.97	1.96	68.45	4.15	9.32	40.22	58.8	1	14.1	7
3145.112	35.09	1.95	68.55	4.16	9.31	40.52	59.1	1	14.4	7
3145.257	34.77	1.95	67.98	4.13	9.33	39.75	58.5	1	14.4	7
3145.317	34.59	1.97	67.99	4.10	9.33	39.48	58.1	1	14.3	7
3145.421	34.23	1.99	68.21	4.08	9.28	39.34	57.7	1	14.4	7
3145.566	34.38	1.98	68.23	4.12	9.29	39.79	58.3	1	14.6	7
3145.626	34.30	1.99	68.32	4.11	9.26	39.80	58.2	1	14.6	7
3145.730	34.48	1.98	68.14	4.14	9.32	39.88	58.5	1	14.2	7
3145.875	35.15	1.95	68.49	4.11	9.35	39.70	58.0	1	14.1	7
3145.935	35.29	1.94	68.32	4.12	9.34	39.90	58.4	1	14.2	7
3146.039	35.14	1.94	68.19	4.12	9.33	40.10	58.8	1	14.0	7
3146.184	35.30	1.94	68.57	4.12	9.34	39.85	58.1	1	14.2	7
3146.244	35.22	1.94	68.27	4.13	9.32	39.87	58.4	1	14.0	7
3146.348	34.93	1.95	67.98	4.13	9.31	39.57	58.2	1	14.4	7
3146.493	34.64	1.98	68.53	4.18	9.28	40.26	58.7	1	14.3	7
3146.553	34.58	1.98	68.54	4.18	9.27	40.05	58.4	1	14.3	7
3146.657	34.77	1.96	68.30	4.18	9.24	40.16	58.8	1	14.5	7
3146.802	34.71	1.97	68.49	4.21	9.26	40.38	59.0	1	14.2	7
3146.862	34.69	1.96	67.98	4.19	9.25	39.85	58.6	1	14.4	7
3146.966	34.80	1.96	68.12	4.21	9.25	40.27	59.1	1	14.4	7
3147.111	34.50	1.99	68.50	4.18	9.25	40.42	59.0	1	14.3	7
3147.171	34.62	1.97	68.37	4.17	9.28	40.53	59.3	1	14.4	7
3147.275	34.67	1.98	68.49	4.18	9.30	40.44	59.1	1	14.3	7
3147.420	34.91	1.96	68.27	4.18	9.28	40.37	59.1	1	14.3	7
3147.480	34.85	1.97	68.49	4.18	9.24	40.73	59.5	1	14.4	7
3147.584	35.13	1.95	68.51	4.20	9.21	40.66	59.4	1	14.4	7
3147.729	35.40	1.94	68.50	4.20	9.20	40.39	59.0	1	14.1	7
3147.789	35.19	1.94	68.15	4.18	9.22	40.38	59.2	1	14.1	7
3147.893	35.06	1.96	68.61	4.15	9.28	40.24	58.6	1	14.4	7
3148.038	34.44	1.97	67.90	4.15	9.31	40.19	59.2	1	14.3	7
3148.098	34.58	1.97	67.95	4.13	9.31	39.88	58.7	1	14.3	7
3148.202	34.87	1.96	68.27	4.13	9.34	39.76	58.2	1	14.2	7
3148.347	35.04	1.95	68.44	4.13	9.34	39.73	58.1	1	14.4	7
3148.407	34.76	1.97	68.44	4.13	9.32	40.01	58.5	1	14.3	7
3148.511	34.90	1.97	68.64	4.14	9.31	40.56	59.1	1	14.1	7
3148.656	34.87	1.96	68.22	4.13	9.31	39.90	58.5	1	14.4	7
3148.716	34.52	1.98	68.25	4.16	9.31	40.14	58.8	1	14.6	7
3148.820	34.32	1.99	68.20	4.15	9.27	39.87	58.5	1	14.5	7
3148.965	34.78	1.97	68.67	4.15	9.30	40.33	58.7	1	14.3	7
3149.025	34.94	1.95	68.10	4.14	9.30	39.71	58.3	1	14.2	7
3149.129	35.11	1.96	68.65	4.12	9.33	40.55	59.1	1	14.1	7
3149.274	34.95	1.96	68.33	4.14	9.32	39.93	58.4	1	14.3	7
3149.334	34.99	1.96	68.65	4.13	9.32	40.07	58.4	1	14.6	7
3149.438	34.54	1.99	68.69	4.12	9.26	39.63	57.7	1	14.4	7
3149.583	34.54	1.96	67.71	4.15	9.27	39.64	58.5	1	14.4	7
3149.643	34.78	1.95	67.78	4.14	9.29	39.63	58.5	1	14.2	7
3149.747	34.98	1.96	68.39	4.15	9.26	39.83	58.2	1	14.3	7
3149.892	34.93	1.96	68.59	4.15	9.31	39.93	58.2	1	14.4	7
3149.952	34.44	1.98	68.09	4.13	9.31	39.66	58.2	1	14.7	7
3150.056	34.40	1.98	68.26	4.14	9.29	39.87	58.4	1	14.4	7
3150.201	34.68	1.97	68.20	4.14	9.31	39.10	57.3	1	14.2	7
3150.261	35.00	1.96	68.56	4.13	9.31	39.62	57.8	1	14.1	7
3150.365	35.21	1.95	68.80	4.14	9.31	40.07	58.2	1	14.3	7
3150.510	35.09	1.94	68.22	4.17	9.33	39.61	58.1	1	14.3	7
3150.570	34.96	1.96	68.44	4.15	9.33	39.67	58.0	1	14.1	7
3150.674	34.79	1.96	68.34	4.16	9.31	40.10	58.7	1	14.4	7
3150.819	35.06	1.94	68.10	4.13	9.30	39.88	58.6	1	14.2	7
3150.879	35.03	1.95	68.36	4.14	9.29	40.03	58.6	1	14.2	7
3150.983	35.15	1.95	68.54	4.15	9.30	40.39	58.9	1	14.4	7
3151.128	34.94	1.96	68.34	4.17	9.32	40.34	59.0	1	14.4	7
3151.188	34.79	1.96	68.15	4.15	9.31	40.07	58.8	1	14.4	7
3151.292	34.81	1.95	68.05	4.15	9.33	40.09	58.9	1	14.1	7
3151.437	35.34	1.94	68.52	4.15	9.38	40.49	59.1	1	14.0	7
3151.497	35.24	1.94	68.30	4.13	9.38	39.99	58.6	1	14.2	7
3151.601	35.31	1.94	68.42	4.14	9.37	40.51	59.2	1	14.3	7
3151.746	34.89	1.96	68.35	4.11	9.38	40.11	58.7	1	14.5	7
3151.806	34.67	1.96	68.11	4.12	9.36	39.82	58.5	1	14.5	7
3151.910	35.02	1.95	68.22	4.16	9.35	40.15	58.9	1	14.1	7
3152.055	34.84	1.95	68.10	4.12	9.36	39.84	58.5	1	14.5	7
3152.115	34.84	1.96	68.40	4.13	9.36	39.84	58.3	1	14.3	7
3152.219	35.00	1.96	68.47	4.14	9.37	39.85	58.2	1	14.5	7
3152.364	34.83	1.96	68.28	4.16	9.36	40.51	59.3	1	14.3	7
3152.424	35.00	1.96	68.63	4.16	9.36	40.54	59.1	1	14.4	7
3152.528	35.06	1.95	68.33	4.16	9.34	40.34	59.0	1	14.0	7
3152.673	34.98	1.95	68.33	4.18	9.32	40.22	58.9	1	14.4	7
3152.733	34.68	1.96	68.00	4.18	9.33	40.43	59.5	1	14.5	7
3152.837	34.92	1.96	68.29	4.17	9.31	40.51	59.3	1	14.0	7
3152.982	34.97	1.94	67.83	4.15	9.34	40.09	59.1	1	14.3	7
3153.042	34.98	1.94	67.94	4.16	9.33	39.65	58.4	1	14.3	7
3153.146	34.71	1.97	68.24	4.16	9.31	40.08	58.7	1	14.6	7
3153.291	34.88	1.97	68.67	4.18	9.32	40.55	59.1	1	14.2	7
3153.351	34.96	1.95	68.20	4.15	9.32	39.96	58.6	1	14.1	7
3153.455	35.01	1.94	67.91	4.15	9.32	39.78	58.6	1	14.4	7
3153.600	35.10	1.94	68.16	4.18	9.36	40.22	59.0	1	14.4	7
3153.660	35.01	1.95	68.38	4.19	9.34	40.59	59.4	1	14.3	7
3153.764	34.94	1.95	68.23	4.19	9.33	39.93	58.5	1	14.0	7
3153.909	35.33	1.93	68.20	4.18	9.29	40.12	58.8	1	14.0	7
3153.969	35.15	1.93	67.80	4.20	9.29	40.05	59.1	1	14.3	7
3154.073	35.10	1.94	68.12	4.19	9.32	39.71	58.3	1	14.2	7
3154.218	35.00	1.95	68.32	4.19	9.34	40.35	59.1	1	14.3	7
3154.278	35.15	1.95	68.46	4.21	9.32	40.36	59.0	1	14.2	7
3154.382	34.92	1.95	68.23	4.19	9.32	40.32	59.1	1	14.4	7
3154.527	34.74	1.96	68.20	4.21	9.31	40.43	59.3	1	14.4	7
3154.587	34.61	1.97	68.27	4.20	9.30	40.25	59.0	1	14.3	7
3154.691	34.59	1.97	68.02	4.19	9.29	40.31	59.3	1	14.2	7
3154.836	35.30	1.93	68.09	4.18	9.32	39.50	58.0	1	14.2	7
3154.896	35.26	1.93	68.10	4.19	9.32	40.32	59.2	1	14.2	7
3155.000	35.01	1.95	68.26	4.21	9.32	40.79	59.8	1	14.3	7
3155.145	34.97	1.96	68.44	4.19	9.37	40.91	59.8	1	14.3	7
3155.205	34.97	1.95	68.20	4.20	9.37	40.50	59.4	1	14.3	7
3155.309	35.30	1.94	68.33	4.17	9.33	40.11	58.7	1	14.4	7
3155.454	34.96	1.95	68.21	4.21	9.32	40.18	58.9	1	14.3	7
3155.514	34.87	1.96	68.34	4.19	9.31	40.12	58.7	1	14.5	7
3155.618	34.45	1.97	68.04	4.19	9.26	40.04	58.9	1	14.5	7
3155.763	34.76	1.96	68.00	4.19	9.28	40.42	59.4	1	14.2	7
3155.823	34.83	1.95	68.06	4.20	9.30	39.84	58.5	1	14.3	7
3155.927	35.26	1.94	68.24	4.19	9.30	39.83	58.4	1	14.1	7
3156.072	35.46	1.92	67.95	4.18	9.33	39.74	58.5	1	14.2	7
3156.132	35.35	1.93	68.10	4.17	9.34	40.00	58.7	1	14.2	7
3156.236	35.49	1.91	67.81	4.17	9.29	39.81	58.7	1	14.2	7
3156.381	35.98	1.91	68.64	4.16	9.25	40.07	58.4	1	14.0	7
3156.441	35.84	1.89	67.89	4.16	9.24	39.74	58.5	1	13.9	7
3156.545	35.86	1.91	68.39	4.15	9.23	39.64	58.0	1	14.0	7
3156.690	35.15	1.94	68.09	4.17	9.30	39.93	58.6	1	14.5	7
3156.750	35.08	1.96	68.65	4.19	9.27	40.32	58.7	1	14.2	7
3156.854	35.05	1.94	68.04	4.18	9.29	40.32	59.3	1	14.3	7
3156.999	35.14	1.94	68.30	4.19	9.31	40.16	58.8	1	14.2	7
3157.059	34.90	1.95	67.89	4.18	9.33	40.20	59.2	1	14.3	7
3157.163	35.12	1.94	68.18	4.19	9.33	40.35	59.2	1	14.1	7
3157.308	35.02	1.96	68.64	4.20	9.31	40.53	59.0	1	14.6	7
3157.368	34.74	1.95	67.88	4.19	9.32	40.30	59.4	1	14.4	7
3157.472	34.90	1.94	67.86	4.21	9.29	39.98	58.9	1	14.1	7
3157.617	35.55	1.93	68.47	4.23	9.29	40.64	59.4	1	14.1	7
3157.677	35.46	1.93	68.50	4.21	9.30	39.95	58.3	1	14.4	7
3157.781	34.73	1.95	67.73	4.23	9.25	39.85	58.8	1	14.7	7
3157.926	34.59	1.97	68.15	4.21	9.31	40.52	59.5	1	14.6	7
3157.986	34.70	1.97	68.43	4.23	9.29	40.89	59.8	1	14.4	7
3158.090	34.96	1.95	68.07	4.23	9.27	40.54	59.6	1	14.1	7
3158.235	35.05	1.94	67.88	4.23	9.26	40.15	59.2	1	14.1	7
3158.295	35.13	1.93	67.93	4.23	9.24	40.26	59.3	1	14.3	7
3158.399	34.98	1.95	68.18	4.22	9.28	40.20	59.0	1	14.2	7
3158.544	34.59	1.97	68.23	4.19	9.30	40.32	59.1	1	14.4	7
3158.604	34.75	1.96	68.17	4.22	9.29	39.88	58.5	1	14.1	7
3158.708	35.23	1.93	67.91	4.21	9.28	39.92	58.8	1	14.3	7
3158.853	35.33	1.92	67.83	4.23	9.29	40.11	59.1	1	14.1	7
3158.913	35.50	1.91	67.94	4.20	9.27	40.16	59.1	1	14.0	7
3159.017	35.39	1.92	68.11	4.23	9.26	40.28	59.1	1	14.1	7
3159.162	35.30	1.93	67.98	4.21	9.29	40.25	59.2	1	14.5	7
3159.222	35.25	1.93	67.97	4.25	9.31	40.95	60.3	1	14.4	7
3159.326	35.00	1.94	68.04	4.22	9.31	40.27	59.2	1	14.5	7
3159.471	34.35	1.97	67.77	3.95	8.65	40.30	59.5	1	14.5	7
3159.531	33.55	2.03	67.98	3.75	8.10	40.40	59.4	1	14.3	7
3159.635	24.37	2.82	68.63	3.29	6.90	35.57	51.8	1	34.4	7
3159.780	9.59	7.13	68.34	2.12	3.85	22.72	33.2	1	55.0	7
3159.840	7.97	8.54	68.04	2.17	3.87	26.24	38.6	1	39.9	7
3159.943	9.06	7.51	68.00	2.60	5.09	33.78	49.7	1	30.1	7
3160.088	19.46	3.50	68.09	2.95	5.99	30.17	44.3	1	10.0	7
3160.148	29.08	2.35	68.48	2.95	6.02	28.54	41.7	1	9.9	7
3160.252	34.03	2.00	67.95	2.40	4.70	31.40	46.2	1	10.1	7
3160.397	29.01	2.35	68.04	2.29	4.25	35.53	52.2	1	18.0	7
3160.457	26.62	2.55	67.93	2.47	4.59	36.77	54.1	1	15.6	7
3160.561	38.16	1.79	68.16	2.94	5.72	36.50	53.5	1	12.7	7
3160.706	18.19	3.72	67.67	2.41	4.63	26.44	39.1	1	47.5	7
3160.766	12.19	5.57	67.90	1.85	3.25	21.17	31.2	1	55.2	7
3160.869	8.15	8.35	68.04	1.64	2.65	24.70	36.3	1	39.9	7
3161.013	12.25	5.53	67.73	2.41	4.48	34.25	50.6	1	24.9	7
3161.073	15.77	4.33	68.24	2.67	5.10	34.69	50.8	1	15.0	7
3161.177	32.26	2.10	67.86	2.97	5.91	30.26	44.6	1	9.9	7
3161.322	40.81	1.67	68.35	3.25	6.62	37.22	54.5	1	13.9	7
3161.382	37.77	1.81	68.41	3.53	7.29	38.10	55.7	1	16.6	7
3161.486	31.07	2.18	67.67	3.54	7.43	37.59	55.5	1	14.1	7
3161.631	35.09	1.93	67.79	4.06	8.71	39.42	58.2	1	14.1	7
3161.691	35.34	1.92	67.71	4.14	8.88	39.31	58.1	1	14.2	7
3161.795	35.17	1.93	67.89	4.21	9.09	39.97	58.9	1	14.3	7
3161.940	34.47	1.98	68.09	4.21	9.17	40.35	59.3	1	14.7	7
3162.000	34.45	1.97	67.79	4.21	9.16	39.73	58.6	1	14.4	7
3162.104	34.40	1.97	67.93	4.21	9.13	40.15	59.1	1	14.7	7
3162.249	34.08	1.98	67.55	4.15	9.03	40.02	59.2	1	14.7	7
3162.309	34.16	1.99	68.05	4.11	8.98	40.31	59.2	1	14.7	7
3162.413	33.97	2.00	68.01	4.06	8.88	39.80	58.5	1	14.8	7
3162.558	34.56	1.97	68.24	4.18	9.12	40.71	59.7	1	14.3	7
3162.618	35.04	1.94	68.00	4.19	9.19	40.11	59.0	1	14.0	7
3162.722	35.67	1.92	68.64	4.18	9.20	40.21	58.6	1	14.1	7
3162.867	35.97	1.89	68.10	4.15	9.18	40.07	58.8	1	14.0	7
3162.927	35.84	1.90	68.09	4.15	9.17	39.79	58.4	1	13.9	7
3163.031	35.91	1.89	67.87	4.16	9.16	40.07	59.0	1	14.2	7
3163.176	35.96	1.90	68.19	4.15	9.17	40.26	59.0	1	13.9	7
3163.236	36.00	1.89	68.20	4.15	9.16	39.92	58.5	1	14.1	7
3163.340	35.73	1.90	68.04	4.20	9.20	40.32	59.3	1	14.0	7
3163.485	35.52	1.92	68.02	4.21	9.22	40.55	59.6	1	14.1	7
3163.545	35.40	1.92	68.12	4.19	9.25	40.65	59.7	1	14.1	7
3163.649	35.24	1.93	67.85	4.21	9.24	40.07	59.1	1	14.3	7
3163.794	34.59	1.96	67.96	4.18	9.21	39.92	58.7	1	14.5	7
3163.854	34.67	1.96	68.13	4.18	9.22	40.24	59.1	1	14.8	7
3163.958	34.48	1.97	67.81	4.18	9.21	40.07	59.1	1	14.4	7
3164.103	34.76	1.95	67.93	4.21	9.27	40.35	59.4	1	14.4	7
3164.163	34.89	1.94	67.68	4.17	9.25	40.04	59.2	1	14.1	7
3164.267	35.10	1.94	68.07	4.16	9.21	40.20	59.1	1	14.3	7
3164.412	34.70	1.95	67.73	4.13	9.19	39.38	58.1	1	14.2	7
3164.472	34.93	1.95	68.25	4.14	9.17	40.16	58.8	1	14.3	7
3164.576	34.67	1.96	67.87	4.12	9.13	39.91	58.8	1	14.4	7
3164.721	34.98	1.93	67.35	4.10	9.10	39.58	58.8	1	13.9	7
3164.781	34.85	1.94	67.76	4.01	8.91	39.40	58.2	1	14.3	7
3164.885	34.59	1.96	67.79	3.98	8.81	39.72	58.6	1	14.2	7
3165.030	34.60	1.96	67.90	4.06	9.06	39.85	58.7	1	14.4	7
3165.090	34.23	1.99	67.99	4.06	9.04	39.76	58.5	1	14.6	7
3165.194	34.35	1.98	68.05	4.07	9.06	39.79	58.5	1	14.4	7
3165.339	34.51	1.96	67.71	4.08	9.05	39.96	59.0	1	14.3	7
3165.399	34.29	1.98	67.73	4.06	8.96	39.71	58.6	1	14.3	7
3165.503	34.21	1.98	67.60	4.04	8.92	39.64	58.6	1	14.5	7
3165.648	34.67	1.95	67.72	4.05	8.92	39.46	58.3	1	14.3	7
3165.708	34.85	1.93	67.44	4.04	8.96	39.49	58.6	1	14.1	7
3165.812	35.44	1.91	67.84	4.05	8.95	40.00	59.0	1	13.9	7
3165.957	36.10	1.89	68.10	4.12	9.02	40.23	59.1	1	13.7	7
3166.017	36.36	1.88	68.49	4.08	9.01	39.99	58.4	1	13.5	7
3166.121	36.86	1.85	68.27	4.05	8.99	39.82	58.3	1	13.7	7
3166.266	36.41	1.86	67.75	4.10	9.11	40.06	59.1	1	13.8	7
3166.326	36.14	1.88	68.11	4.11	9.14	40.13	58.9	1	14.1	7
3166.430	35.60	1.90	67.51	4.17	9.24	39.47	58.5	1	14.2	7
3166.575	34.97	1.93	67.62	4.16	9.27	39.60	58.6	1	14.2	7
3166.635	34.97	1.95	68.32	4.14	9.23	40.06	58.6	1	14.3	7
3166.739	35.09	1.94	68.10	4.15	9.25	39.73	58.3	1	14.1	7
3166.884	35.51	1.92	68.08	4.18	9.28	39.78	58.4	1	14.1	7
3166.944	35.59	1.92	68.38	4.17	9.26	40.03	58.5	1	14.2	7
3167.048	35.52	1.91	67.93	4.18	9.26	39.96	58.8	1	14.1	7
3167.193	35.20	1.92	67.46	4.21	9.31	39.52	58.6	1	14.4	7
3167.253	35.04	1.94	67.99	4.20	9.29	40.09	59.0	1	14.6	7
3167.357	34.91	1.95	67.99	4.20	9.28	39.72	58.4	1	14.4	7
3167.502	34.95	1.96	68.60	4.18	9.30	40.19	58.6	1	14.6	7
3167.562	34.74	1.97	68.28	4.16	9.25	39.86	58.4	1	14.3	7
3167.666	34.47	1.97	67.91	4.17	9.28	39.80	58.6	1	14.5	7
3167.811	34.71	1.96	68.19	4.14	9.29	39.47	57.9	1	14.4	7
3167.871	34.94	1.93	67.50	4.16	9.31	39.74	58.9	1	14.2	7
3167.975	34.98	1.94	67.90	4.18	9.31	39.94	58.8	1	14.2	7
3168.120	35.04	1.94	67.97	4.17	9.29	40.03	58.9	1	14.1	7
3168.180	35.32	1.93	68.03	4.17	9.28	40.46	59.5	1	14.1	7
3168.284	35.05	1.94	67.96	4.15	9.30	40.11	59.0	1	14.5	7
3168.429	34.64	1.97	68.19	4.17	9.29	40.13	58.9	1	14.7	7
3168.489	34.55	1.99	68.63	4.16	9.28	40.45	58.9	1	14.3	7
3168.593	34.48	1.98	68.15	4.18	9.28	40.43	59.3	1	14.5	7
3168.738	34.87	1.95	68.01	4.23	9.30	40.16	59.1	1	14.4	7
3168.798	34.96	1.95	68.12	4.21	9.29	40.37	59.3	1	14.3	7
3168.902	35.28	1.93	68.25	4.23	9.30	40.25	59.0	1	14.4	7
3169.047	35.63	1.92	68.39	4.22	9.28	40.18	58.8	1	14.3	7
3169.107	35.59	1.91	68.03	4.21	9.25	40.01	58.8	1	14.1	7
3169.211	35.65	1.91	68.10	4.18	9.23	40.16	59.0	1	13.9	7
3169.356	35.62	1.93	68.59	4.19	9.25	39.92	58.2	1	14.3	7
3169.416	35.20	1.95	68.52	4.20	9.27	40.70	59.4	1	14.5	7
3169.520	35.20	1.95	68.74	4.21	9.27	40.73	59.3	1	14.0	7
3169.665	35.51	1.92	68.23	4.20	9.22	40.29	59.0	1	14.1	7
3169.725	35.43	1.93	68.50	4.22	9.22	40.53	59.2	1	14.3	7
3169.829	35.57	1.93	68.73	4.20	9.22	40.53	59.0	1	14.4	7
3169.974	35.52	1.92	68.15	4.19	9.22	39.94	58.6	1	14.1	7
3170.034	35.71	1.91	68.20	4.20	9.23	39.73	58.3	1	14.0	7
3170.138	35.70	1.91	68.18	4.22	9.21	40.57	59.5	1	13.9	7
3170.283	35.77	1.91	68.30	4.18	9.19	40.03	58.6	1	14.3	7
3170.343	35.31	1.92	67.77	4.21	9.22	40.48	59.7	1	14.3	7
3170.447	35.37	1.92	67.94	4.22	9.23	40.47	59.6	1	14.2	7
3170.592	35.54	1.91	68.04	4.22	9.21	40.71	59.8	1	14.0	7
3170.652	35.35	1.93	68.11	4.21	9.22	40.49	59.4	1	14.2	7
3170.756	35.28	1.93	68.09	4.21	9.25	40.20	59.0	1	14.3	7
3170.901	34.94	1.96	68.52	4.20	9.28	40.10	58.5	1	14.3	7
3170.961	34.70	1.97	68.29	4.20	9.26	40.44	59.2	1	14.8	7
3171.065	34.64	1.97	68.24	4.21	9.24	39.93	58.5	1	14.4	7
3171.210	35.42	1.92	68.16	4.20	9.26	40.22	59.0	1	14.0	7
3171.270	35.46	1.92	68.04	4.21	9.25	40.24	59.1	1	14.1	7
3171.374	35.49	1.93	68.35	4.21	9.27	40.63	59.4	1	14.4	7
3171.519	34.84	1.97	68.59	4.21	9.27	40.62	59.2	1	14.5	7
3171.579	34.69	1.98	68.66	4.21	9.24	40.40	58.8	1	14.5	7
3171.683	34.40	1.98	68.26	4.18	9.21	40.13	58.8	1	14.8	7
3171.828	34.88	1.96	68.48	4.22	9.26	40.46	59.1	1	14.4	7
3171.888	35.05	1.94	68.12	4.21	9.29	40.23	59.1	1	14.2	7
3171.992	34.90	1.95	68.17	4.22	9.28	40.30	59.1	1	14.4	7
3172.137	34.65	1.98	68.48	4.15	9.28	40.06	58.5	1	14.4	7
3172.197	34.62	1.98	68.40	4.15	9.28	39.88	58.3	1	14.6	7
3172.301	34.57	1.98	68.50	4.16	9.30	40.43	59.0	1	14.4	7
3172.446	34.58	1.98	68.35	4.17	9.28	40.71	59.6	1	14.4	7
3172.506	34.45	1.99	68.41	4.16	9.26	40.60	59.4	1	14.5	7
3172.610	33.96	2.01	68.39	4.14	9.20	40.14	58.7	1	14.7	7
3172.755	34.16	1.99	68.13	4.16	9.23	40.31	59.2	1	14.4	7
3172.815	34.53	1.99	68.85	4.17	9.25	40.24	58.4	1	14.3	7
3172.919	35.04	1.95	68.30	4.18	9.32	40.55	59.4	1	14.2	7
3173.064	35.29	1.93	68.06	4.17	9.31	40.05	58.8	1	14.1	7
3173.124	35.25	1.93	67.92	4.17	9.31	40.03	58.9	1	14.1	7
3173.228	35.48	1.93	68.35	4.18	9.31	40.53	59.3	1	14.1	7
3173.373	35.44	1.93	68.26	4.22	9.35	40.25	59.0	1	14.3	7
3173.433	35.31	1.93	68.17	4.21	9.34	40.32	59.1	1	14.1	7
3173.537	34.83	1.96	68.24	4.20	9.34	39.85	58.4	1	14.4	7
3173.682	34.95	1.94	67.92	4.17	9.32	39.28	57.8	1	14.0	7
3173.742	35.12	1.94	68.31	4.18	9.31	40.14	58.8	1	14.2	7
3173.846	35.05	1.94	67.85	4.18	9.33	39.76	58.6	1	14.2	7
3173.991	34.93	1.94	67.79	4.20	9.37	39.86	58.8	1	14.4	7
3174.051	34.34	1.98	67.91	4.16	9.32	39.45	58.1	1	14.7	7
3174.155	34.43	1.99	68.42	4.14	9.32	39.75	58.1	1	14.6	7
3174.300	34.39	1.99	68.30	4.13	9.34	39.75	58.2	1	14.2	7
3174.360	34.66	1.97	68.26	4.13	9.34	39.09	57.3	1	14.3	7
3174.464	34.94	1.95	68.04	4.19	9.35	40.02	58.8	1	14.2	7
3174.609	34.64	1.96	67.96	4.18	9.38	40.38	59.4	1	14.3	7
3174.669	34.84	1.97	68.53	4.17	9.38	40.80	59.5	1	14.4	7
3174.773	34.68	1.96	67.81	4.17	9.39	39.88	58.8	1	14.3	7
3174.918	34.99	1.93	67.70	4.15	9.39	39.68	58.6	1	14.1	7
3174.978	35.26	1.94	68.48	4.15	9.38	40.30	58.8	1	14.2	7
3175.082	35.30	1.95	68.66	4.16	9.41	40.37	58.8	1	14.1	7
3175.227	35.43	1.93	68.40	4.15	9.40	39.76	58.1	1	14.0	7
3175.287	35.63	1.92	68.55	4.14	9.37	40.54	59.1	1	13.9	7
3175.391	35.45	1.92	67.97	4.16	9.37	39.88	58.7	1	13.9	7
3175.536	34.95	1.96	68.50	4.15	9.37	40.38	59.0	1	14.4	7
3175.596	34.91	1.95	68.15	4.15	9.40	40.06	58.8	1	14.4	7
3175.700	35.10	1.95	68.32	4.16	9.37	39.69	58.1	1	14.3	7
3175.845	34.74	1.97	68.38	4.15	9.40	40.04	58.6	1	14.4	7
3175.905	34.87	1.96	68.44	4.14	9.42	39.98	58.4	1	14.5	7
3176.009	34.68	1.97	68.34	4.14	9.39	39.65	58.0	1	14.4	7
3176.154	34.40	1.99	68.29	4.15	9.38	39.67	58.1	1	14.3	7
3176.214	34.36	1.98	68.15	4.15	9.37	40.08	58.8	1	14.3	7
3176.318	34.95	1.97	68.73	4.16	9.38	40.36	58.7	1	14.3	7
3176.463	34.98	1.95	68.37	4.17	9.38	40.05	58.6	1	14.0	7
3176.523	34.95	1.94	67.96	4.16	9.39	39.81	58.6	1	14.2	7
3176.627	35.09	1.94	68.04	4.14	9.39	39.98	58.8	1	14.3	7
3176.772	34.95	1.96	68.43	4.13	9.38	39.83	58.2	1	14.4	7
3176.832	34.78	1.96	68.35	4.15	9.40	40.15	58.7	1	13.9	7
3176.936	34.64	1.98	68.66	4.15	9.37	40.23	58.6	1	14.4	7
3177.081	34.79	1.96	68.28	4.15	9.39	39.81	58.3	1	14.1	7
3177.141	34.90	1.96	68.39	4.16	9.39	40.24	58.8	1	14.1	7
3177.245	34.88	1.96	68.21	4.16	9.40	40.10	58.8	1	14.3	7
3177.390	34.98	1.95	68.38	4.17	9.41	39.95	58.4	1	14.2	7
3177.450	34.88	1.94	67.83	4.18	9.40	39.99	59.0	1	14.3	7
3177.554	34.89	1.96	68.30	4.15	9.39	39.88	58.4	1	14.4	7
3177.699	34.97	1.95	68.24	4.17	9.40	40.31	59.1	1	14.2	7
3177.759	35.09	1.95	68.48	4.20	9.39	40.84	59.6	1	14.2	7
3177.863	35.27	1.94	68.58	4.19	9.40	40.22	58.6	1	14.1	7
3178.008	35.49	1.93	68.47	4.18	9.36	40.05	58.5	1	13.8	7
3178.068	35.45	1.93	68.56	4.15	9.36	40.19	58.6	1	13.9	7
3178.172	35.17	1.95	68.58	4.16	9.37	39.97	58.3	1	14.4	7
3178.317	34.69	1.97	68.50	4.16	9.36	40.28	58.8	1	14.4	7
3178.377	34.32	1.98	68.01	4.17	9.35	39.67	58.3	1	14.7	7
3178.481	34.42	1.99	68.46	4.15	9.34	40.42	59.0	1	14.2	7
3178.626	35.17	1.94	68.31	4.18	9.37	40.31	59.0	1	13.9	7
3178.686	35.27	1.93	68.14	4.18	9.36	40.23	59.0	1	13.9	7
3178.790	35.43	1.93	68.32	4.15	9.37	40.79	59.7	1	13.9	7
3178.935	35.65	1.92	68.41	4.14	9.33	40.05	58.5	1	14.0	7
3178.995	35.69	1.91	68.18	4.13	9.33	39.64	58.1	1	13.8	7
3179.099	35.60	1.91	67.84	4.14	9.33	39.50	58.2	1	14.0	7
3179.244	35.75	1.91	68.34	4.14	9.33	39.53	57.8	1	14.0	7
3179.304	35.65	1.93	68.67	4.15	9.34	39.96	58.2	1	14.1	7
3179.408	35.21	1.94	68.16	4.16	9.36	39.91	58.6	1	14.0	7
3179.553	35.49	1.92	68.11	4.16	9.38	39.88	58.5	1	14.0	7
3179.613	35.68	1.93	68.71	4.16	9.36	40.32	58.7	1	14.0	7
3179.717	35.36	1.92	67.78	4.15	9.34	39.75	58.6	1	14.1	7
3179.862	35.13	1.94	68.06	4.19	9.36	40.20	59.1	1	14.4	7
3179.922	34.92	1.96	68.33	4.17	9.34	40.11	58.7	1	14.5	7
3180.026	34.89	1.96	68.33	4.18	9.35	40.25	58.9	1	14.4	7
3180.171	35.06	1.95	68.24	4.17	9.35	40.25	59.0	1	14.1	7
3180.231	35.13	1.96	68.72	4.16	9.38	40.83	59.4	1	14.0	7
3180.335	35.22	1.95	68.53	4.14	9.38	40.17	58.6	1	14.3	7
3180.480	34.84	1.96	68.46	4.17	9.35	40.28	58.8	1	14.5	7
3180.540	34.89	1.96	68.32	4.18	9.34	40.68	59.5	1	14.3	7
3180.644	34.57	1.98	68.44	4.15	9.35	40.25	58.8	1	14.4	7
3180.789	35.06	1.95	68.44	4.19	9.35	40.55	59.2	1	13.9	7
3180.849	35.30	1.93	68.22	4.18	9.34	40.33	59.1	1	14.0	7
3180.953	35.38	1.94	68.57	4.19	9.36	40.45	59.0	1	14.4	7
3181.098	34.86	1.96	68.24	4.18	9.35	39.86	58.4	1	14.5	7
3181.158	34.76	1.97	68.51	4.17	9.32	40.14	58.6	1	14.4	7
3181.262	34.67	1.99	68.85	4.20	9.33	40.37	58.6	1	14.4	7
3181.407	35.21	1.95	68.49	4.19	9.34	40.03	58.4	1	14.1	7
3181.467	35.31	1.92	67.85	4.18	9.33	39.85	58.7	1	13.9	7
3181.571	35.31	1.93	68.24	4.17	9.30	39.73	58.2	1	13.9	7
3181.716	35.39	1.94	68.54	4.22	9.34	40.43	59.0	1	14.5	7
3181.776	35.17	1.94	68.17	4.21	9.36	40.18	58.9	1	14.2	7
3181.880	35.09	1.96	68.88	4.22	9.30	40.75	59.2	1	14.3	7
3182.025	34.71	1.97	68.29	4.21	9.33	39.97	58.5	1	14.3	7
3182.085	35.03	1.96	68.61	4.23	9.28	40.52	59.1	1	14.2	7
3182.189	34.90	1.96	68.42	4.19	9.34	40.59	59.3	1	14.2	7
3182.334	34.92	1.95	68.21	4.20	9.38	40.83	59.9	1	14.2	7
3182.394	35.20	1.94	68.34	4.21	9.37	40.58	59.4	1	14.2	7
3182.498	35.07	1.96	68.75	4.20	9.37	40.78	59.3	1	14.4	7
3182.643	34.88	1.97	68.84	4.18	9.34	40.22	58.4	1	14.2	7
3182.703	34.90	1.96	68.47	4.19	9.36	40.20	58.7	1	14.2	7
3182.807	35.16	1.96	68.78	4.18	9.35	40.00	58.2	1	14.0	7
3182.952	34.84	1.97	68.48	4.19	9.35	40.24	58.8	1	14.2	7
3183.012	34.67	1.97	68.41	4.18	9.34	40.40	59.0	1	14.3	7
3183.116	34.70	1.96	67.90	4.17	9.36	40.11	59.1	1	14.1	7
3183.261	35.22	1.94	68.46	4.19	9.35	40.09	58.6	1	14.0	7
3183.321	35.42	1.93	68.44	4.19	9.31	39.70	58.0	1	14.1	7
3183.425	35.45	1.93	68.40	4.18	9.31	40.14	58.7	1	14.2	7
3183.570	35.53	1.92	68.09	4.17	9.25	39.96	58.7	1	14.1	7
3183.630	35.55	1.92	68.40	4.17	9.25	40.46	59.1	1	14.2	7
3183.734	35.18	1.94	68.18	4.19	9.29	40.08	58.8	1	14.4	7
3183.879	34.65	1.96	68.09	4.20	9.32	40.12	58.9	1	14.4	7
3183.939	34.56	1.98	68.49	4.17	9.28	40.55	59.2	1	14.3	7
3184.043	34.46	1.99	68.41	4.18	9.30	40.46	59.1	1	14.5	7
3184.188	35.01	1.94	67.97	4.20	9.32	40.24	59.2	1	14.1	7
3184.248	35.31	1.93	68.25	4.22	9.31	40.37	59.1	1	14.1	7
3184.352	35.46	1.93	68.56	4.21	9.28	40.53	59.1	1	14.0	7
