0.000	39.75	0.00	0.00	0.03	0.00	0.00	0.00	2	10.00
0.060	39.02	0.37	14.51	1.55	2.57	3.99	27.50	2	12.50
0.163	36.94	1.50	55.24	3.89	7.32	28.46	51.50	2	18.00
0.307	32.42	2.73	88.50	6.09	9.26	56.39	63.70	2	25.00
0.367	29.27	3.04	89.00	6.66	8.94	59.58	66.90	2	28.00
0.470	23.62	3.29	77.63	7.11	7.71	54.78	70.60	2	33.00
0.614	16.87	3.68	62.03	7.28	6.13	44.63	72.00	2	40.50
0.674	14.91	3.97	59.25	7.33	5.84	42.82	72.30	2	43.50
0.777	12.01	4.31	51.79	7.28	5.11	37.21	71.80	2	48.50
0.921	8.16	4.50	36.70	6.37	4.07	25.97	70.80	2	56.00
0.981	6.66	4.51	30.06	5.78	3.74	21.61	71.90	2	59.00
1.084	4.66	4.54	21.14	4.73	2.92	13.80	65.30	2	64.00
1.228	2.51	4.56	11.45	3.00	2.12	6.36	55.50	2	71.00
1.288	1.91	4.56	8.70	2.27	1.82	4.13	47.40	2	74.00
1.391	1.39	4.57	6.34	1.54	1.31	2.01	31.70	2	79.50
1.535	0.90	4.58	4.10	1.08	0.81	0.88	21.30	2	86.50
1.595	0.73	4.58	3.34	0.95	0.60	0.57	17.10	2	89.50
1.698	0.46	4.58	2.11	0.80	0.29	0.23	11.10	2	94.50
1.842	16.09	3.73	60.07	4.69	6.21	29.16	48.50	2	27.40
1.902	19.38	3.58	69.43	5.72	7.12	40.73	58.70	2	27.40
2.005	24.24	3.43	83.07	7.09	8.16	57.85	69.60	2	26.50
2.149	28.77	3.26	93.72	8.76	7.77	68.07	72.60	2	27.00
2.209	30.25	3.15	95.45	9.16	7.82	71.68	75.10	2	26.20
2.312	25.04	3.48	87.23	9.37	6.42	60.11	68.90	2	46.00
2.456	25.76	3.44	88.55	9.70	6.42	62.26	70.30	2	27.10
2.516	27.34	3.28	89.67	10.00	6.59	65.93	73.50	2	34.00
2.620	25.70	3.26	83.87	10.27	6.10	62.62	74.70	2	26.20
2.765	32.87	2.67	87.76	10.65	6.23	66.33	75.60	2	25.70
2.825	33.78	2.53	85.40	10.76	6.10	65.62	76.80	2	25.70
2.929	36.38	1.60	58.06	9.69	4.62	44.78	77.10	2	20.60
3.073	16.89	3.53	59.63	7.59	3.31	25.10	42.10	2	26.20
3.133	24.22	3.27	79.25	8.64	5.19	44.84	56.60	2	26.20
3.236	32.97	1.70	55.97	7.40	3.31	24.52	43.80	2	10.00
3.380	23.65	2.60	61.52	7.03	4.72	33.18	53.90	2	34.60
3.440	18.60	3.32	61.75	7.04	4.84	34.03	55.10	2	46.80
3.543	19.64	3.69	72.53	7.70	5.69	43.79	60.40	2	26.20
3.687	31.63	2.35	74.21	8.26	6.05	49.95	67.30	2	18.80
3.747	32.64	2.05	66.91	8.05	5.82	46.86	70.00	2	33.90
3.850	24.23	2.95	71.53	8.36	6.05	50.55	70.70	2	10.00
3.994	35.06	1.18	41.20	5.76	3.48	20.04	48.60	2	10.50
4.054	36.73	0.84	30.84	5.33	3.22	17.15	55.60	2	13.50
4.157	37.28	1.14	42.64	5.95	4.75	28.25	66.20	2	18.50
4.301	34.38	2.31	79.32	7.92	7.08	56.13	70.80	2	26.00
4.361	31.77	2.76	87.75	8.39	7.68	64.44	73.40	2	29.00
4.464	26.05	3.19	83.03	8.79	6.74	59.20	71.30	2	34.00
4.608	17.72	3.63	64.33	8.02	5.76	46.17	71.80	2	41.00
4.668	15.36	3.96	60.85	7.78	5.51	42.87	70.50	2	44.00
4.771	11.35	4.36	49.46	6.95	5.07	35.20	71.20	2	49.50
4.915	7.10	4.52	32.11	5.49	4.03	22.11	68.90	2	56.50
4.975	5.56	4.54	25.27	4.74	3.50	16.59	65.60	2	59.50
5.078	3.64	4.56	16.57	3.38	2.79	9.45	57.00	2	64.50
5.222	1.75	4.58	8.03	1.58	2.00	3.15	39.20	2	72.00
5.282	1.28	4.57	5.87	1.25	1.71	2.13	36.30	2	75.00
5.385	0.87	4.57	3.97	0.88	1.28	1.12	28.30	2	80.00
5.529	0.56	4.58	2.55	0.56	0.80	0.45	17.50	2	87.00
5.589	0.46	4.57	2.09	0.46	0.61	0.28	13.30	2	90.00
5.692	0.38	4.57	1.75	0.30	0.27	0.08	4.70	2	95.00
5.836	12.81	3.75	48.08	4.04	5.59	22.61	47.00	2	28.80
5.896	15.35	3.60	55.23	4.80	6.60	31.68	57.40	2	28.80
5.999	16.87	3.50	59.03	5.79	6.75	39.10	66.20	2	31.80
6.143	18.88	3.44	65.04	6.64	6.98	46.35	71.30	2	19.70
6.203	26.95	2.76	74.46	7.07	6.88	48.63	65.30	2	19.70
6.306	27.60	2.82	77.72	7.59	7.11	53.96	69.40	2	29.50
6.450	24.60	3.28	80.75	8.37	7.05	58.97	73.00	2	30.60
6.510	25.64	3.31	84.85	8.68	7.42	64.41	75.90	2	28.00
6.613	30.03	2.89	86.86	9.11	7.08	64.46	74.20	2	22.30
6.757	35.84	1.51	54.09	7.20	4.32	31.09	57.50	2	10.00
6.817	37.44	0.93	34.95	5.77	3.34	19.28	55.20	2	10.00
6.920	38.37	0.62	23.98	4.52	3.53	15.95	66.50	2	10.00
7.064	29.46	2.58	75.94	6.65	7.14	47.48	62.50	2	21.60
7.124	32.03	2.50	79.99	7.31	7.49	54.78	68.50	2	21.60
7.227	22.16	3.47	76.95	7.41	6.40	47.41	61.60	2	42.20
7.371	19.85	3.54	70.27	7.68	6.37	48.92	69.60	2	28.00
7.431	23.52	3.45	81.12	8.27	6.93	57.33	70.70	2	28.00
7.534	26.79	3.32	88.87	8.84	7.08	62.61	70.50	2	28.10
7.678	15.73	3.97	62.46	7.52	4.64	34.87	55.80	2	62.10
7.738	13.49	4.04	54.43	6.85	4.74	32.49	59.70	2	30.80
7.841	19.93	3.60	71.82	7.67	6.32	48.48	67.50	2	28.00
7.985	25.73	3.40	87.58	8.74	7.20	62.91	71.80	2	28.10
8.045	27.98	3.29	92.01	9.07	7.23	65.61	71.30	2	25.10
8.148	32.07	2.84	91.23	9.34	7.29	68.11	74.70	2	24.60
8.292	31.20	3.01	94.07	9.80	7.19	70.46	74.90	2	29.10
8.352	29.60	3.16	93.60	9.78	7.29	71.35	76.20	2	29.60
8.455	28.55	3.27	93.34	9.86	7.23	71.26	76.40	2	27.60
8.599	32.18	2.91	93.72	9.90	7.23	71.60	76.40	2	24.60
8.659	32.74	2.87	93.94	9.98	7.14	71.28	75.90	2	26.10
8.762	32.34	2.94	95.20	10.01	7.22	72.30	75.90	2	28.60
8.907	30.01	3.20	96.05	10.04	7.25	72.84	75.80	2	28.10
8.967	30.72	3.14	96.55	10.03	7.43	74.54	77.20	2	26.60
9.071	31.55	3.06	96.60	10.03	7.43	74.51	77.10	2	28.10
9.216	31.18	3.12	97.17	10.12	7.35	74.44	76.60	2	28.10
9.276	31.41	3.07	96.41	10.09	7.27	73.44	76.20	2	27.10
9.380	30.98	3.13	96.87	10.04	7.40	74.28	76.70	2	28.60
9.525	30.23	3.20	96.89	10.10	7.37	74.42	76.80	2	28.10
9.585	30.79	3.15	96.97	10.15	7.26	73.70	76.00	2	26.60
9.689	31.85	3.05	97.00	10.08	7.42	74.81	77.10	2	27.10
9.834	31.10	3.14	97.64	10.11	7.31	73.91	75.70	2	28.10
9.894	30.92	3.15	97.51	10.09	7.37	74.38	76.30	2	27.10
9.998	31.50	3.10	97.62	10.09	7.39	74.59	76.40	2	28.10
