0.000	30.02	3.50	104.95	10.64	6.48	68.93	65.70	1	42.50
0.061	20.86	4.04	84.17	9.57	5.36	51.33	61.00	1	55.00
0.164	12.97	4.45	57.76	8.03	4.48	35.98	62.30	1	40.00
0.309	21.62	4.22	91.27	8.74	6.89	60.26	66.00	1	25.00
0.369	28.08	3.56	100.04	9.15	7.33	67.09	67.10	1	20.00
0.473	35.64	1.42	50.60	6.60	3.31	21.82	43.10	1	10.00
0.618	35.33	2.44	86.29	8.07	6.62	53.40	61.90	1	21.00
0.678	36.09	2.23	80.36	8.22	6.59	54.21	67.50	1	23.50
0.782	33.27	3.29	109.50	9.73	7.73	75.23	68.70	1	31.50
0.927	28.05	4.27	119.68	10.76	8.05	86.56	72.30	1	33.00
0.988	27.61	4.37	120.78	11.07	7.83	86.69	71.80	1	33.00
1.092	27.68	4.42	122.38	11.39	7.91	90.07	73.60	1	33.30
1.237	27.60	4.46	123.18	11.57	7.85	90.80	73.70	1	33.60
1.298	27.28	4.49	122.38	11.54	7.79	89.84	73.40	1	33.60
1.402	27.23	4.48	121.90	11.62	7.75	90.01	73.80	1	33.50
1.547	27.24	4.48	122.14	11.63	7.71	89.66	73.40	1	33.60
1.608	27.09	4.49	121.55	11.63	7.66	89.03	73.20	1	33.80
1.712	27.04	4.49	121.30	11.61	7.66	88.92	73.30	1	33.80
1.857	27.25	4.48	122.06	11.55	7.67	88.64	72.60	1	33.50
1.918	27.47	4.47	122.91	11.65	7.63	88.96	72.40	1	33.30
2.022	27.66	4.46	123.27	11.61	7.82	90.83	73.70	1	33.10
2.167	28.28	4.40	124.28	11.68	7.99	93.33	75.10	1	32.80
2.228	28.40	4.39	124.78	11.72	7.82	91.67	73.50	1	32.70
2.332	28.90	4.35	125.74	11.84	7.95	94.09	74.80	1	32.40
2.477	29.10	4.32	125.60	11.88	7.83	93.08	74.10	1	32.50
2.538	29.10	4.32	125.72	11.89	7.76	92.22	73.40	1	32.70
2.642	29.06	4.32	125.66	11.91	7.65	91.16	72.50	1	32.50
2.787	29.46	4.29	126.50	11.97	7.79	93.21	73.70	1	32.40
2.848	29.52	4.28	126.46	12.00	7.88	94.57	74.80	1	32.20
2.952	29.47	4.30	126.75	11.98	7.82	93.74	74.00	1	32.40
3.097	29.27	4.32	126.35	12.07	7.68	92.74	73.40	1	32.50
3.158	29.18	4.32	126.09	12.00	7.74	92.81	73.60	1	32.50
3.262	29.25	4.31	125.91	12.07	7.72	93.18	74.00	1	32.70
3.407	29.07	4.34	126.30	11.99	7.73	92.71	73.40	1	32.50
3.468	29.36	4.29	126.08	12.06	7.69	92.68	73.50	1	32.40
3.572	29.21	4.31	126.00	12.01	7.82	93.89	74.50	1	32.50
3.717	29.39	4.32	126.88	12.02	7.74	93.02	73.30	1	32.50
3.778	29.46	4.31	126.97	12.00	7.80	93.53	73.70	1	32.40
3.882	29.61	4.29	127.17	11.95	7.87	94.09	74.00	1	32.10
4.027	29.63	4.28	126.68	11.94	7.84	93.67	73.90	1	32.20
4.088	29.63	4.27	126.48	11.95	7.91	94.50	74.70	1	32.10
4.192	29.80	4.24	126.45	12.00	7.73	92.80	73.40	1	31.90
4.337	29.90	4.23	126.44	12.04	7.82	94.17	74.50	1	31.90
4.398	30.04	4.20	126.17	12.03	7.86	94.57	75.00	1	31.80
4.502	30.14	4.19	126.32	12.04	7.85	94.45	74.80	1	31.60
4.647	30.24	4.17	126.23	12.07	7.80	94.20	74.60	1	31.90
4.708	30.10	4.20	126.28	12.00	7.90	94.86	75.10	1	31.90
4.812	30.01	4.22	126.52	12.03	7.93	95.41	75.40	1	32.10
4.957	29.78	4.25	126.62	11.99	7.98	95.71	75.60	1	32.10
5.018	29.91	4.25	127.00	12.03	7.88	94.78	74.60	1	32.20
5.122	29.81	4.26	127.13	12.05	7.72	93.05	73.20	1	32.40
5.267	29.50	4.29	126.41	11.99	7.90	94.70	74.90	1	32.40
5.328	29.59	4.28	126.75	12.06	7.82	94.34	74.40	1	32.40
5.432	29.24	4.31	126.11	11.99	7.75	92.97	73.70	1	32.40
5.577	29.41	4.30	126.34	12.01	7.76	93.27	73.80	1	32.40
5.638	29.33	4.31	126.48	12.01	7.73	92.87	73.40	1	32.20
5.742	29.65	4.28	126.80	11.98	7.84	93.88	74.00	1	32.10
5.887	29.79	4.27	127.06	12.02	7.82	93.97	74.00	1	32.10
5.948	29.71	4.26	126.54	12.00	7.71	92.44	73.00	1	31.90
6.052	29.63	4.25	126.02	11.97	7.78	93.15	73.90	1	31.90
6.197	30.04	4.22	126.90	11.99	7.94	95.14	75.00	1	31.60
6.258	30.22	4.20	126.96	11.95	7.96	95.10	74.90	1	31.60
6.362	30.22	4.19	126.77	11.98	7.86	94.20	74.30	1	31.80
6.507	30.27	4.19	126.78	12.02	7.77	93.43	73.70	1	31.90
6.568	30.07	4.22	126.82	12.03	7.77	93.53	73.70	1	31.90
6.672	29.93	4.22	126.36	11.98	7.80	93.44	73.90	1	31.80
6.817	30.18	4.19	126.49	12.04	7.90	95.11	75.20	1	31.80
6.878	30.14	4.20	126.56	12.01	7.86	94.39	74.60	1	31.90
6.982	30.08	4.22	126.80	12.00	7.89	94.66	74.70	1	31.90
7.127	30.04	4.24	127.52	12.01	7.80	93.74	73.50	1	32.10
7.188	29.92	4.25	127.22	12.06	7.74	93.28	73.30	1	32.20
7.292	29.79	4.26	127.04	12.02	7.75	93.23	73.40	1	32.20
7.437	29.53	4.27	126.11	12.00	7.76	93.14	73.90	1	32.10
7.498	29.65	4.26	126.32	11.97	7.93	94.90	75.10	1	32.10
7.602	29.89	4.24	126.70	12.03	7.83	94.20	74.40	1	31.80
7.747	30.34	4.20	127.47	11.96	7.89	94.31	74.00	1	31.60
7.808	30.48	4.16	126.92	12.01	7.80	93.67	73.80	1	31.50
7.912	30.48	4.16	126.73	12.01	7.83	93.99	74.20	1	31.60
8.057	30.27	4.20	127.02	11.94	7.91	94.50	74.40	1	31.60
8.118	30.28	4.19	126.76	11.99	7.88	94.50	74.60	1	31.60
8.222	30.50	4.16	126.81	11.97	7.94	95.02	74.90	1	31.50
8.367	30.42	4.17	126.90	12.02	7.91	95.11	74.90	1	31.60
8.428	30.32	4.17	126.55	12.02	7.94	95.49	75.50	1	31.50
8.532	30.65	4.14	126.83	12.05	7.84	94.44	74.50	1	31.50
8.677	30.79	4.12	127.02	11.97	7.92	94.82	74.70	1	31.30
8.738	30.82	4.10	126.26	12.02	7.86	94.55	74.90	1	31.30
8.842	30.75	4.11	126.49	12.07	7.76	93.67	74.10	1	31.50
8.987	30.58	4.15	126.98	11.98	7.80	93.45	73.60	1	31.60
9.048	30.58	4.15	126.86	12.05	7.83	94.37	74.40	1	31.50
9.152	30.60	4.13	126.32	12.01	7.79	93.48	74.00	1	31.30
9.297	30.69	4.12	126.43	12.00	7.93	95.13	75.20	1	31.50
9.358	30.62	4.12	126.23	12.05	7.82	94.22	74.60	1	31.60
9.462	30.43	4.15	126.28	11.95	7.94	94.94	75.20	1	31.50
9.607	30.94	4.10	126.75	12.04	7.90	95.08	75.00	1	31.20
9.668	31.03	4.08	126.52	12.06	7.77	93.73	74.10	1	31.20
9.772	30.87	4.10	126.53	11.99	7.87	94.32	74.50	1	31.20
9.917	31.09	4.06	126.30	12.02	7.78	93.57	74.10	1	30.90
9.978	31.12	4.06	126.23	11.95	7.90	94.43	74.80	1	31.00
